804721653 801234567
804723156 801234567
804723561 801234567
804723615 801234567
804725163 801234567
804725316 801234567
804725631 801234567
804726135 801234567
804726351 801234567
804726513 801234567
804731256 801234567
804731562 801234567
804731625 801234567
804732165 801234567
804732516 801234567
804732651 801234567
804735126 801234567
804735261 801234567
804735612 801234567
804736152 801234567
804736215 801234567
804736521 801234567
804751263 801234567
804751326 801234567
804751632 801234567
804752136 801234567
804752361 801234567
804752613 801234567
804753162 801234567
804753216 801234567
804753621 801234567
804756123 801234567
804756231 801234567
804756312 801234567
804761235 801234567
804761352 801234567
804761523 801234567
804762153 801234567
804762315 801234567
804762531 801234567
804763125 801234567
804763251 801234567
804763512 801234567
804765132 801234567
804765213 801234567
804765321 801234567
805123467 801234567
805123674 801234567
805123746 801234567
805124376 801234567
805124637 801234567
805124763 801234567
805126347 801234567
805126473 801234567
805126734 801234567
805127364 801234567
805127436 801234567
805127643 801234567
805132476 801234567
805132647 801234567
805132764 801234567
805134267 801234567
805134672 801234567
805134726 801234567
805136274 801234567
805136427 801234567
805136742 801234567
805137246 801234567
805137462 801234567
805137624 801234567
805142367 801234567
805142673 801234567
805142736 801234567
805143276 801234567
805143627 801234567
805143762 801234567
805146237 801234567
805146372 801234567
805146723 801234567
805147263 801234567
805147326 801234567
805147632 801234567
805162374 801234567
805162437 801234567
805162743 801234567
805163247 801234567
805163472 801234567
805163724 801234567
805164273 801234567
805164327 801234567
805164732 801234567
805167234 801234567
805167342 801234567
805167423 801234567
805172346 801234567
805172463 801234567
805172634 801234567
805173264 801234567
805173426 801234567
805173642 801234567
805174236 801234567
805174362 801234567
805174623 801234567
805176243 801234567
805176324 801234567
805176432 801234567
805213476 801234567
805213647 801234567
805213764 801234567
805214367 801234567
805214673 801234567
805214736 801234567
805216374 801234567
805216437 801234567
805216743 801234567
805217346 801234567
805217463 801234567
805217634 801234567
805231467 801234567
805231674 801234567
805231746 801234567
805234176 801234567
805234617 801234567
805234761 801234567
805236147 801234567
805236471 801234567
805236714 801234567
805237164 801234567
805237416 801234567
805237641 801234567
805241376 801234567
805241637 801234567
805241763 801234567
805243167 801234567
805243671 801234567
805243716 801234567
805246173 801234567
805246317 801234567
805246731 801234567
805247136 801234567
805247361 801234567
805247613 801234567
805261347 801234567
805261473 801234567
805261734 801234567
805263174 801234567
805263417 801234567
805263741 801234567
805264137 801234567
805264371 801234567
805264713 801234567
805267143 801234567
805267314 801234567
805267431 801234567
805271364 801234567
805271436 801234567
805271643 801234567
805273146 801234567
805273461 801234567
805273614 801234567
805274163 801234567
805274316 801234567
805274631 801234567
805276134 801234567
805276341 801234567
805276413 801234567
805312467 801234567
805312674 801234567
805312746 801234567
805314276 801234567
805314627 801234567
805314762 801234567
805316247 801234567
805316472 801234567
805316724 801234567
805317264 801234567
805317426 801234567
805317642 801234567
805321476 801234567
805321647 801234567
805321764 801234567
805324167 801234567
805324671 801234567
805324716 801234567
805326174 801234567
805326417 801234567
805326741 801234567
805327146 801234567
805327461 801234567
805327614 801234567
805341267 801234567
805341672 801234567
805341726 801234567
805342176 801234567
805342617 801234567
805342761 801234567
805346127 801234567
805346271 801234567
805346712 801234567
805347162 801234567
805347216 801234567
805347621 801234567
805361274 801234567
805361427 801234567
805361742 801234567
805362147 801234567
805362471 801234567
805362714 801234567
805364172 801234567
805364217 801234567
805364721 801234567
805367124 801234567
805367241 801234567
805367412 801234567
805371246 801234567
805371462 801234567
805371624 801234567
805372164 801234567
805372416 801234567
805372641 801234567
805374126 801234567
805374261 801234567
805374612 801234567
805376142 801234567
805376214 801234567
805376421 801234567
805412376 801234567
805412637 801234567
805412763 801234567
805413267 801234567
805413672 801234567
805413726 801234567
805416273 801234567
805416327 801234567
805416732 801234567
805417236 801234567
805417362 801234567
805417623 801234567
805421367 801234567
805421673 801234567
805421736 801234567
805423176 801234567
805423617 801234567
805423761 801234567
805426137 801234567
805426371 801234567
805426713 801234567
805427163 801234567
805427316 801234567
805427631 801234567
805431276 801234567
805431627 801234567
805431762 801234567
805432167 801234567
805432671 801234567
805432716 801234567
805436172 801234567
805436217 801234567
805436721 801234567
805437126 801234567
805437261 801234567
805437612 801234567
805461237 801234567
805461372 801234567
805461723 801234567
805462173 801234567
805462317 801234567
805462731 801234567
805463127 801234567
805463271 801234567
805463712 801234567
805467132 801234567
805467213 801234567
805467321 801234567
805471263 801234567
805471326 801234567
805471632 801234567
805472136 801234567
805472361 801234567
805472613 801234567
805473162 801234567
805473216 801234567
805473621 801234567
805476123 801234567
805476231 801234567
805476312 801234567
805612347 801234567
805612473 801234567
805612734 801234567
805613274 801234567
805613427 801234567
805613742 801234567
805614237 801234567
805614372 801234567
805614723 801234567
805617243 801234567
805617324 801234567
805617432 801234567
805621374 801234567
805621437 801234567
805621743 801234567
805623147 801234567
805623471 801234567
805623714 801234567
805624173 801234567
805624317 801234567
805624731 801234567
805627134 801234567
805627341 801234567
805627413 801234567
805631247 801234567
805631472 801234567
805631724 801234567
805632174 801234567
805632417 801234567
805632741 801234567
805634127 801234567
805634271 801234567
805634712 801234567
805637142 801234567
805637214 801234567
805637421 801234567
805641273 801234567
805641327 801234567
805641732 801234567
805642137 801234567
805642371 801234567
805642713 801234567
805643172 801234567
805643217 801234567
805643721 801234567
805647123 801234567
805647231 801234567
805647312 801234567
805671234 801234567
805671342 801234567
805671423 801234567
805672143 801234567
805672314 801234567
805672431 801234567
805673124 801234567
805673241 801234567
805673412 801234567
805674132 801234567
805674213 801234567
805674321 801234567
805712364 801234567
805712436 801234567
805712643 801234567
805713246 801234567
805713462 801234567
805713624 801234567
805714263 801234567
805714326 801234567
805714632 801234567
805716234 801234567
805716342 801234567
805716423 801234567
805721346 801234567
805721463 801234567
805721634 801234567
805723164 801234567
805723416 801234567
805723641 801234567
805724136 801234567
805724361 801234567
805724613 801234567
805726143 801234567
805726314 801234567
805726431 801234567
805731264 801234567
805731426 801234567
805731642 801234567
805732146 801234567
805732461 801234567
805732614 801234567
805734162 801234567
805734216 801234567
805734621 801234567
805736124 801234567
805736241 801234567
805736412 801234567
805741236 801234567
805741362 801234567
805741623 801234567
805742163 801234567
805742316 801234567
805742631 801234567
805743126 801234567
805743261 801234567
805743612 801234567
805746132 801234567
805746213 801234567
805746321 801234567
805761243 801234567
805761324 801234567
805761432 801234567
805762134 801234567
805762341 801234567
805762413 801234567
805763142 801234567
805763214 801234567
805763421 801234567
805764123 801234567
805764231 801234567
805764312 801234567
806123475 801234567
806123547 801234567
806123754 801234567
806124357 801234567
806124573 801234567
806124735 801234567
806125374 801234567
806125437 801234567
806125743 801234567
806127345 801234567
806127453 801234567
806127534 801234567
806132457 801234567
806132574 801234567
806132745 801234567
806134275 801234567
806134527 801234567
806134752 801234567
806135247 801234567
806135472 801234567
806135724 801234567
806137254 801234567
806137425 801234567
806137542 801234567
806142375 801234567
806142537 801234567
806142753 801234567
806143257 801234567
806143572 801234567
806143725 801234567
806145273 801234567
806145327 801234567
806145732 801234567
806147235 801234567
806147352 801234567
806147523 801234567
806152347 801234567
806152473 801234567
806152734 801234567
806153274 801234567
806153427 801234567
806153742 801234567
806154237 801234567
806154372 801234567
806154723 801234567
806157243 801234567
806157324 801234567
806157432 801234567
806172354 801234567
806172435 801234567
806172543 801234567
806173245 801234567
806173452 801234567
806173524 801234567
806174253 801234567
806174325 801234567
806174532 801234567
806175234 801234567
806175342 801234567
806175423 801234567
806213457 801234567
806213574 801234567
806213745 801234567
806214375 801234567
806214537 801234567
806214753 801234567
806215347 801234567
806215473 801234567
806215734 801234567
806217354 801234567
806217435 801234567
806217543 801234567
806231475 801234567
806231547 801234567
806231754 801234567
806234157 801234567
806234571 801234567
806234715 801234567
806235174 801234567
806235417 801234567
806235741 801234567
806237145 801234567
806237451 801234567
806237514 801234567
806241357 801234567
806241573 801234567
806241735 801234567
806243175 801234567
806243517 801234567
806243751 801234567
806245137 801234567
806245371 801234567
806245713 801234567
