508736124 801234567
508736241 801234567
508736412 801234567
508741236 801234567
508741362 801234567
508741623 801234567
508742163 801234567
508742316 801234567
508742631 801234567
508743126 801234567
508743261 801234567
508743612 801234567
508746132 801234567
508746213 801234567
508746321 801234567
508761243 801234567
508761324 801234567
508761432 801234567
508762134 801234567
508762341 801234567
508762413 801234567
508763142 801234567
508763214 801234567
508763421 801234567
508764123 801234567
508764231 801234567
508764312 801234567
510234687 801234567
510234768 801234567
510234876 801234567
510236478 801234567
510236784 801234567
510236847 801234567
510237486 801234567
510237648 801234567
510237864 801234567
510238467 801234567
510238674 801234567
510238746 801234567
510243678 801234567
510243786 801234567
510243867 801234567
510246387 801234567
510246738 801234567
510246873 801234567
510247368 801234567
510247683 801234567
510247836 801234567
510248376 801234567
510248637 801234567
510248763 801234567
510263487 801234567
510263748 801234567
510263874 801234567
510264378 801234567
510264783 801234567
510264837 801234567
510267384 801234567
510267438 801234567
510267843 801234567
510268347 801234567
510268473 801234567
510268734 801234567
510273468 801234567
510273684 801234567
510273846 801234567
510274386 801234567
510274638 801234567
510274863 801234567
510276348 801234567
510276483 801234567
510276834 801234567
510278364 801234567
510278436 801234567
510278643 801234567
510283476 801234567
510283647 801234567
510283764 801234567
510284367 801234567
510284673 801234567
510284736 801234567
510286374 801234567
510286437 801234567
510286743 801234567
510287346 801234567
510287463 801234567
510287634 801234567
510324678 801234567
510324786 801234567
510324867 801234567
510326487 801234567
510326748 801234567
510326874 801234567
510327468 801234567
510327684 801234567
510327846 801234567
510328476 801234567
510328647 801234567
510328764 801234567
510342687 801234567
510342768 801234567
510342876 801234567
510346278 801234567
510346782 801234567
510346827 801234567
510347286 801234567
510347628 801234567
510347862 801234567
510348267 801234567
510348672 801234567
510348726 801234567
510362478 801234567
510362784 801234567
510362847 801234567
510364287 801234567
510364728 801234567
510364872 801234567
510367248 801234567
510367482 801234567
510367824 801234567
510368274 801234567
510368427 801234567
510368742 801234567
510372486 801234567
510372648 801234567
510372864 801234567
510374268 801234567
510374682 801234567
510374826 801234567
510376284 801234567
510376428 801234567
510376842 801234567
510378246 801234567
510378462 801234567
510378624 801234567
510382467 801234567
510382674 801234567
510382746 801234567
510384276 801234567
510384627 801234567
510384762 801234567
510386247 801234567
510386472 801234567
510386724 801234567
510387264 801234567
510387426 801234567
510387642 801234567
510423687 801234567
510423768 801234567
510423876 801234567
510426378 801234567
510426783 801234567
510426837 801234567
510427386 801234567
510427638 801234567
510427863 801234567
510428367 801234567
510428673 801234567
510428736 801234567
510432678 801234567
510432786 801234567
510432867 801234567
510436287 801234567
510436728 801234567
510436872 801234567
510437268 801234567
510437682 801234567
510437826 801234567
510438276 801234567
510438627 801234567
510438762 801234567
510462387 801234567
510462738 801234567
510462873 801234567
510463278 801234567
510463782 801234567
510463827 801234567
510467283 801234567
510467328 801234567
510467832 801234567
510468237 801234567
510468372 801234567
510468723 801234567
510472368 801234567
510472683 801234567
510472836 801234567
510473286 801234567
510473628 801234567
510473862 801234567
510476238 801234567
510476382 801234567
510476823 801234567
510478263 801234567
510478326 801234567
510478632 801234567
510482376 801234567
510482637 801234567
510482763 801234567
510483267 801234567
510483672 801234567
510483726 801234567
510486273 801234567
510486327 801234567
510486732 801234567
510487236 801234567
510487362 801234567
510487623 801234567
510623478 801234567
510623784 801234567
510623847 801234567
510624387 801234567
510624738 801234567
510624873 801234567
510627348 801234567
510627483 801234567
510627834 801234567
510628374 801234567
510628437 801234567
510628743 801234567
510632487 801234567
510632748 801234567
510632874 801234567
510634278 801234567
510634782 801234567
510634827 801234567
510637284 801234567
510637428 801234567
510637842 801234567
510638247 801234567
510638472 801234567
510638724 801234567
510642378 801234567
510642783 801234567
510642837 801234567
510643287 801234567
510643728 801234567
510643872 801234567
510647238 801234567
510647382 801234567
510647823 801234567
510648273 801234567
510648327 801234567
510648732 801234567
510672384 801234567
510672438 801234567
510672843 801234567
510673248 801234567
510673482 801234567
510673824 801234567
510674283 801234567
510674328 801234567
510674832 801234567
510678234 801234567
510678342 801234567
510678423 801234567
510682347 801234567
510682473 801234567
510682734 801234567
510683274 801234567
510683427 801234567
510683742 801234567
510684237 801234567
510684372 801234567
510684723 801234567
510687243 801234567
510687324 801234567
510687432 801234567
510723486 801234567
510723648 801234567
510723864 801234567
510724368 801234567
510724683 801234567
510724836 801234567
510726384 801234567
510726438 801234567
510726843 801234567
510728346 801234567
510728463 801234567
510728634 801234567
510732468 801234567
510732684 801234567
510732846 801234567
510734286 801234567
510734628 801234567
510734862 801234567
510736248 801234567
510736482 801234567
510736824 801234567
510738264 801234567
510738426 801234567
510738642 801234567
510742386 801234567
510742638 801234567
510742863 801234567
510743268 801234567
510743682 801234567
510743826 801234567
510746283 801234567
510746328 801234567
510746832 801234567
510748236 801234567
510748362 801234567
510748623 801234567
510762348 801234567
510762483 801234567
510762834 801234567
510763284 801234567
510763428 801234567
510763842 801234567
510764238 801234567
510764382 801234567
510764823 801234567
510768243 801234567
510768324 801234567
510768432 801234567
510782364 801234567
510782436 801234567
510782643 801234567
510783246 801234567
510783462 801234567
510783624 801234567
510784263 801234567
510784326 801234567
510784632 801234567
510786234 801234567
510786342 801234567
510786423 801234567
510823467 801234567
510823674 801234567
510823746 801234567
510824376 801234567
510824637 801234567
510824763 801234567
510826347 801234567
510826473 801234567
510826734 801234567
510827364 801234567
510827436 801234567
510827643 801234567
510832476 801234567
510832647 801234567
510832764 801234567
510834267 801234567
510834672 801234567
510834726 801234567
510836274 801234567
510836427 801234567
510836742 801234567
510837246 801234567
510837462 801234567
510837624 801234567
510842367 801234567
510842673 801234567
510842736 801234567
510843276 801234567
510843627 801234567
510843762 801234567
510846237 801234567
510846372 801234567
510846723 801234567
510847263 801234567
510847326 801234567
510847632 801234567
510862374 801234567
510862437 801234567
510862743 801234567
510863247 801234567
510863472 801234567
510863724 801234567
510864273 801234567
510864327 801234567
510864732 801234567
510867234 801234567
510867342 801234567
510867423 801234567
510872346 801234567
510872463 801234567
510872634 801234567
510873264 801234567
510873426 801234567
510873642 801234567
510874236 801234567
510874362 801234567
510874623 801234567
510876243 801234567
510876324 801234567
510876432 801234567
512034678 801234567
512034786 801234567
512034867 801234567
512036487 801234567
512036748 801234567
512036874 801234567
512037468 801234567
512037684 801234567
512037846 801234567
512038476 801234567
512038647 801234567
512038764 801234567
512043687 801234567
512043768 801234567
512043876 801234567
512046378 801234567
512046783 801234567
512046837 801234567
512047386 801234567
512047638 801234567
512047863 801234567
512048367 801234567
512048673 801234567
512048736 801234567
512063478 801234567
512063784 801234567
512063847 801234567
512064387 801234567
512064738 801234567
512064873 801234567
512067348 801234567
512067483 801234567
512067834 801234567
512068374 801234567
512068437 801234567
512068743 801234567
512073486 801234567
512073648 801234567
512073864 801234567
512074368 801234567
512074683 801234567
512074836 801234567
512076384 801234567
512076438 801234567
512076843 801234567
512078346 801234567
512078463 801234567
512078634 801234567
512083467 801234567
512083674 801234567
512083746 801234567
512084376 801234567
512084637 801234567
512084763 801234567
512086347 801234567
512086473 801234567
512086734 801234567
512087364 801234567
512087436 801234567
512087643 801234567
512304687 801234567
512304768 801234567
512304876 801234567
512306478 801234567
512306784 801234567
512306847 801234567
512307486 801234567
512307648 801234567
512307864 801234567
512308467 801234567
512308674 801234567
512308746 801234567
512340678 801234567
512340786 801234567
512340867 801234567
512346087 801234567
512346708 801234567
512346870 801234567
512347068 801234567
512347680 801234567
512347806 801234567
512348076 801234567
512348607 801234567
512348760 801234567
512360487 801234567
512360748 801234567
512360874 801234567
512364078 801234567
512364780 801234567
512364807 801234567
512367084 801234567
512367408 801234567
512367840 801234567
512368047 801234567
512368470 801234567
512368704 801234567
512370468 801234567
512370684 801234567
512370846 801234567
512374086 801234567
512374608 801234567
512374860 801234567
512376048 801234567
512376480 801234567
512376804 801234567
512378064 801234567
512378406 801234567
512378640 801234567
512380476 801234567
512380647 801234567
512380764 801234567
512384067 801234567
