146752830 801234567
146753028 801234567
146753280 801234567
146753802 801234567
146758032 801234567
146758203 801234567
146758320 801234567
146780253 801234567
146780325 801234567
146780532 801234567
146782035 801234567
146782350 801234567
146782503 801234567
146783052 801234567
146783205 801234567
146783520 801234567
146785023 801234567
146785230 801234567
146785302 801234567
146802357 801234567
146802573 801234567
146802735 801234567
146803275 801234567
146803527 801234567
146803752 801234567
146805237 801234567
146805372 801234567
146805723 801234567
146807253 801234567
146807325 801234567
146807532 801234567
146820375 801234567
146820537 801234567
146820753 801234567
146823057 801234567
146823570 801234567
146823705 801234567
146825073 801234567
146825307 801234567
146825730 801234567
146827035 801234567
146827350 801234567
146827503 801234567
146830257 801234567
146830572 801234567
146830725 801234567
146832075 801234567
146832507 801234567
146832750 801234567
146835027 801234567
146835270 801234567
146835702 801234567
146837052 801234567
146837205 801234567
146837520 801234567
146850273 801234567
146850327 801234567
146850732 801234567
146852037 801234567
146852370 801234567
146852703 801234567
146853072 801234567
146853207 801234567
146853720 801234567
146857023 801234567
146857230 801234567
146857302 801234567
146870235 801234567
146870352 801234567
146870523 801234567
146872053 801234567
146872305 801234567
146872530 801234567
146873025 801234567
146873250 801234567
146873502 801234567
146875032 801234567
146875203 801234567
146875320 801234567
147023568 801234567
147023685 801234567
147023856 801234567
147025386 801234567
147025638 801234567
147025863 801234567
147026358 801234567
147026583 801234567
147026835 801234567
147028365 801234567
147028536 801234567
147028653 801234567
147032586 801234567
147032658 801234567
147032865 801234567
147035268 801234567
147035682 801234567
147035826 801234567
147036285 801234567
147036528 801234567
147036852 801234567
147038256 801234567
147038562 801234567
147038625 801234567
147052368 801234567
147052683 801234567
147052836 801234567
147053286 801234567
147053628 801234567
147053862 801234567
147056238 801234567
147056382 801234567
147056823 801234567
147058263 801234567
147058326 801234567
147058632 801234567
147062385 801234567
147062538 801234567
147062853 801234567
147063258 801234567
147063582 801234567
147063825 801234567
147065283 801234567
147065328 801234567
147065832 801234567
147068235 801234567
147068352 801234567
147068523 801234567
147082356 801234567
147082563 801234567
147082635 801234567
147083265 801234567
147083526 801234567
147083652 801234567
147085236 801234567
147085362 801234567
147085623 801234567
147086253 801234567
147086325 801234567
147086532 801234567
147203586 801234567
147203658 801234567
147203865 801234567
147205368 801234567
147205683 801234567
147205836 801234567
147206385 801234567
147206538 801234567
147206853 801234567
147208356 801234567
147208563 801234567
147208635 801234567
147230568 801234567
147230685 801234567
147230856 801234567
147235086 801234567
147235608 801234567
147235860 801234567
147236058 801234567
147236580 801234567
147236805 801234567
147238065 801234567
147238506 801234567
147238650 801234567
147250386 801234567
147250638 801234567
147250863 801234567
147253068 801234567
147253680 801234567
147253806 801234567
147256083 801234567
147256308 801234567
147256830 801234567
147258036 801234567
147258360 801234567
147258603 801234567
147260358 801234567
147260583 801234567
147260835 801234567
147263085 801234567
147263508 801234567
147263850 801234567
147265038 801234567
147265380 801234567
147265803 801234567
147268053 801234567
147268305 801234567
147268530 801234567
147280365 801234567
147280536 801234567
147280653 801234567
147283056 801234567
147283560 801234567
147283605 801234567
147285063 801234567
147285306 801234567
147285630 801234567
147286035 801234567
147286350 801234567
147286503 801234567
147302568 801234567
147302685 801234567
147302856 801234567
147305286 801234567
147305628 801234567
147305862 801234567
147306258 801234567
147306582 801234567
147306825 801234567
147308265 801234567
147308526 801234567
147308652 801234567
147320586 801234567
147320658 801234567
147320865 801234567
147325068 801234567
147325680 801234567
147325806 801234567
147326085 801234567
147326508 801234567
147326850 801234567
147328056 801234567
147328560 801234567
147328605 801234567
147350268 801234567
147350682 801234567
147350826 801234567
147352086 801234567
147352608 801234567
147352860 801234567
147356028 801234567
147356280 801234567
147356802 801234567
147358062 801234567
147358206 801234567
147358620 801234567
147360285 801234567
147360528 801234567
147360852 801234567
147362058 801234567
147362580 801234567
147362805 801234567
147365082 801234567
147365208 801234567
147365820 801234567
147368025 801234567
147368250 801234567
147368502 801234567
147380256 801234567
147380562 801234567
147380625 801234567
147382065 801234567
147382506 801234567
147382650 801234567
147385026 801234567
147385260 801234567
147385602 801234567
147386052 801234567
147386205 801234567
147386520 801234567
147502386 801234567
147502638 801234567
147502863 801234567
147503268 801234567
147503682 801234567
147503826 801234567
147506283 801234567
147506328 801234567
147506832 801234567
147508236 801234567
147508362 801234567
147508623 801234567
147520368 801234567
147520683 801234567
147520836 801234567
147523086 801234567
147523608 801234567
147523860 801234567
147526038 801234567
147526380 801234567
147526803 801234567
147528063 801234567
147528306 801234567
147528630 801234567
147530286 801234567
147530628 801234567
147530862 801234567
147532068 801234567
147532680 801234567
147532806 801234567
147536082 801234567
147536208 801234567
147536820 801234567
147538026 801234567
147538260 801234567
147538602 801234567
147560238 801234567
147560382 801234567
147560823 801234567
147562083 801234567
147562308 801234567
147562830 801234567
147563028 801234567
147563280 801234567
147563802 801234567
147568032 801234567
147568203 801234567
147568320 801234567
147580263 801234567
147580326 801234567
147580632 801234567
147582036 801234567
147582360 801234567
147582603 801234567
147583062 801234567
147583206 801234567
147583620 801234567
147586023 801234567
147586230 801234567
147586302 801234567
147602358 801234567
147602583 801234567
147602835 801234567
147603285 801234567
147603528 801234567
147603852 801234567
147605238 801234567
147605382 801234567
147605823 801234567
147608253 801234567
147608325 801234567
147608532 801234567
147620385 801234567
147620538 801234567
147620853 801234567
147623058 801234567
147623580 801234567
147623805 801234567
147625083 801234567
147625308 801234567
147625830 801234567
147628035 801234567
147628350 801234567
147628503 801234567
147630258 801234567
147630582 801234567
147630825 801234567
147632085 801234567
147632508 801234567
147632850 801234567
147635028 801234567
147635280 801234567
147635802 801234567
147638052 801234567
147638205 801234567
147638520 801234567
147650283 801234567
147650328 801234567
147650832 801234567
147652038 801234567
147652380 801234567
147652803 801234567
147653082 801234567
147653208 801234567
147653820 801234567
147658023 801234567
147658230 801234567
147658302 801234567
147680235 801234567
147680352 801234567
147680523 801234567
147682053 801234567
147682305 801234567
147682530 801234567
147683025 801234567
147683250 801234567
147683502 801234567
147685032 801234567
147685203 801234567
147685320 801234567
147802365 801234567
147802536 801234567
147802653 801234567
147803256 801234567
147803562 801234567
147803625 801234567
147805263 801234567
147805326 801234567
147805632 801234567
147806235 801234567
147806352 801234567
147806523 801234567
147820356 801234567
147820563 801234567
147820635 801234567
147823065 801234567
147823506 801234567
147823650 801234567
147825036 801234567
147825360 801234567
147825603 801234567
147826053 801234567
147826305 801234567
147826530 801234567
147830265 801234567
147830526 801234567
147830652 801234567
147832056 801234567
147832560 801234567
147832605 801234567
147835062 801234567
147835206 801234567
147835620 801234567
147836025 801234567
147836250 801234567
147836502 801234567
147850236 801234567
147850362 801234567
147850623 801234567
147852063 801234567
147852306 801234567
147852630 801234567
147853026 801234567
147853260 801234567
147853602 801234567
147856032 801234567
147856203 801234567
147856320 801234567
147860253 801234567
147860325 801234567
147860532 801234567
147862035 801234567
147862350 801234567
147862503 801234567
147863052 801234567
147863205 801234567
147863520 801234567
147865023 801234567
147865230 801234567
147865302 801234567
148023576 801234567
148023657 801234567
148023765 801234567
148025367 801234567
148025673 801234567
148025736 801234567
148026375 801234567
148026537 801234567
148026753 801234567
148027356 801234567
148027563 801234567
148027635 801234567
148032567 801234567
148032675 801234567
148032756 801234567
148035276 801234567
148035627 801234567
148035762 801234567
148036257 801234567
148036572 801234567
148036725 801234567
148037265 801234567
148037526 801234567
148037652 801234567
148052376 801234567
148052637 801234567
148052763 801234567
148053267 801234567
148053672 801234567
148053726 801234567
148056273 801234567
148056327 801234567
148056732 801234567
148057236 801234567
148057362 801234567
148057623 801234567
148062357 801234567
148062573 801234567
148062735 801234567
148063275 801234567
148063527 801234567
148063752 801234567
148065237 801234567
148065372 801234567
148065723 801234567
148067253 801234567
148067325 801234567
148067532 801234567
148072365 801234567
148072536 801234567
148072653 801234567
148073256 801234567
148073562 801234567
148073625 801234567
148075263 801234567
148075326 801234567
148075632 801234567
148076235 801234567
148076352 801234567
148076523 801234567
