042316785 801234567
042316857 801234567
042317586 801234567
042317658 801234567
042317865 801234567
042318567 801234567
042318675 801234567
042318756 801234567
042351678 801234567
042351786 801234567
042351867 801234567
042356187 801234567
042356718 801234567
042356871 801234567
042357168 801234567
042357681 801234567
042357816 801234567
042358176 801234567
042358617 801234567
042358761 801234567
042361587 801234567
042361758 801234567
042361875 801234567
042365178 801234567
042365781 801234567
042365817 801234567
042367185 801234567
042367518 801234567
042367851 801234567
042368157 801234567
042368571 801234567
042368715 801234567
042371568 801234567
042371685 801234567
042371856 801234567
042375186 801234567
042375618 801234567
042375861 801234567
042376158 801234567
042376581 801234567
042376815 801234567
042378165 801234567
042378516 801234567
042378651 801234567
042381576 801234567
042381657 801234567
042381765 801234567
042385167 801234567
042385671 801234567
042385716 801234567
042386175 801234567
042386517 801234567
042386751 801234567
042387156 801234567
042387561 801234567
042387615 801234567
042513678 801234567
042513786 801234567
042513867 801234567
042516387 801234567
042516738 801234567
042516873 801234567
042517368 801234567
042517683 801234567
042517836 801234567
042518376 801234567
042518637 801234567
042518763 801234567
042531687 801234567
042531768 801234567
042531876 801234567
042536178 801234567
042536781 801234567
042536817 801234567
042537186 801234567
042537618 801234567
042537861 801234567
042538167 801234567
042538671 801234567
042538716 801234567
042561378 801234567
042561783 801234567
042561837 801234567
042563187 801234567
042563718 801234567
042563871 801234567
042567138 801234567
042567381 801234567
042567813 801234567
042568173 801234567
042568317 801234567
042568731 801234567
042571386 801234567
042571638 801234567
042571863 801234567
042573168 801234567
042573681 801234567
042573816 801234567
042576183 801234567
042576318 801234567
042576831 801234567
042578136 801234567
042578361 801234567
042578613 801234567
042581367 801234567
042581673 801234567
042581736 801234567
042583176 801234567
042583617 801234567
042583761 801234567
042586137 801234567
042586371 801234567
042586713 801234567
042587163 801234567
042587316 801234567
042587631 801234567
042613587 801234567
042613758 801234567
042613875 801234567
042615378 801234567
042615783 801234567
042615837 801234567
042617385 801234567
042617538 801234567
042617853 801234567
042618357 801234567
042618573 801234567
042618735 801234567
042631578 801234567
042631785 801234567
042631857 801234567
042635187 801234567
042635718 801234567
042635871 801234567
042637158 801234567
042637581 801234567
042637815 801234567
042638175 801234567
042638517 801234567
042638751 801234567
042651387 801234567
042651738 801234567
042651873 801234567
042653178 801234567
042653781 801234567
042653817 801234567
042657183 801234567
042657318 801234567
042657831 801234567
042658137 801234567
042658371 801234567
042658713 801234567
042671358 801234567
042671583 801234567
042671835 801234567
042673185 801234567
042673518 801234567
042673851 801234567
042675138 801234567
042675381 801234567
042675813 801234567
042678153 801234567
042678315 801234567
042678531 801234567
042681375 801234567
042681537 801234567
042681753 801234567
042683157 801234567
042683571 801234567
042683715 801234567
042685173 801234567
042685317 801234567
042685731 801234567
042687135 801234567
042687351 801234567
042687513 801234567
042713568 801234567
042713685 801234567
042713856 801234567
042715386 801234567
042715638 801234567
042715863 801234567
042716358 801234567
042716583 801234567
042716835 801234567
042718365 801234567
042718536 801234567
042718653 801234567
042731586 801234567
042731658 801234567
042731865 801234567
042735168 801234567
042735681 801234567
042735816 801234567
042736185 801234567
042736518 801234567
042736851 801234567
042738156 801234567
042738561 801234567
042738615 801234567
042751368 801234567
042751683 801234567
042751836 801234567
042753186 801234567
042753618 801234567
042753861 801234567
042756138 801234567
042756381 801234567
042756813 801234567
042758163 801234567
042758316 801234567
042758631 801234567
042761385 801234567
042761538 801234567
042761853 801234567
042763158 801234567
042763581 801234567
042763815 801234567
042765183 801234567
042765318 801234567
042765831 801234567
042768135 801234567
042768351 801234567
042768513 801234567
042781356 801234567
042781563 801234567
042781635 801234567
042783165 801234567
042783516 801234567
042783651 801234567
042785136 801234567
042785361 801234567
042785613 801234567
042786153 801234567
042786315 801234567
042786531 801234567
042813576 801234567
042813657 801234567
042813765 801234567
042815367 801234567
042815673 801234567
042815736 801234567
042816375 801234567
042816537 801234567
042816753 801234567
042817356 801234567
042817563 801234567
042817635 801234567
042831567 801234567
042831675 801234567
042831756 801234567
042835176 801234567
042835617 801234567
042835761 801234567
042836157 801234567
042836571 801234567
042836715 801234567
042837165 801234567
042837516 801234567
042837651 801234567
042851376 801234567
042851637 801234567
042851763 801234567
042853167 801234567
042853671 801234567
042853716 801234567
042856173 801234567
042856317 801234567
042856731 801234567
042857136 801234567
042857361 801234567
042857613 801234567
042861357 801234567
042861573 801234567
042861735 801234567
042863175 801234567
042863517 801234567
042863751 801234567
042865137 801234567
042865371 801234567
042865713 801234567
042867153 801234567
042867315 801234567
042867531 801234567
042871365 801234567
042871536 801234567
042871653 801234567
042873156 801234567
042873561 801234567
042873615 801234567
042875163 801234567
042875316 801234567
042875631 801234567
042876135 801234567
042876351 801234567
042876513 801234567
043125687 801234567
043125768 801234567
043125876 801234567
043126578 801234567
043126785 801234567
043126857 801234567
043127586 801234567
043127658 801234567
043127865 801234567
043128567 801234567
043128675 801234567
043128756 801234567
043152678 801234567
043152786 801234567
043152867 801234567
043156287 801234567
043156728 801234567
043156872 801234567
043157268 801234567
043157682 801234567
043157826 801234567
043158276 801234567
043158627 801234567
043158762 801234567
043162587 801234567
043162758 801234567
043162875 801234567
043165278 801234567
043165782 801234567
043165827 801234567
043167285 801234567
043167528 801234567
043167852 801234567
043168257 801234567
043168572 801234567
043168725 801234567
043172568 801234567
043172685 801234567
043172856 801234567
043175286 801234567
043175628 801234567
043175862 801234567
043176258 801234567
043176582 801234567
043176825 801234567
043178265 801234567
043178526 801234567
043178652 801234567
043182576 801234567
043182657 801234567
043182765 801234567
043185267 801234567
043185672 801234567
043185726 801234567
043186275 801234567
043186527 801234567
043186752 801234567
043187256 801234567
043187562 801234567
043187625 801234567
043215678 801234567
043215786 801234567
043215867 801234567
043216587 801234567
043216758 801234567
043216875 801234567
043217568 801234567
043217685 801234567
043217856 801234567
043218576 801234567
043218657 801234567
043218765 801234567
043251687 801234567
043251768 801234567
043251876 801234567
043256178 801234567
043256781 801234567
043256817 801234567
043257186 801234567
043257618 801234567
043257861 801234567
043258167 801234567
043258671 801234567
043258716 801234567
043261578 801234567
043261785 801234567
043261857 801234567
043265187 801234567
043265718 801234567
043265871 801234567
043267158 801234567
043267581 801234567
043267815 801234567
043268175 801234567
043268517 801234567
043268751 801234567
043271586 801234567
043271658 801234567
043271865 801234567
043275168 801234567
043275681 801234567
043275816 801234567
043276185 801234567
043276518 801234567
043276851 801234567
043278156 801234567
043278561 801234567
043278615 801234567
043281567 801234567
043281675 801234567
043281756 801234567
043285176 801234567
043285617 801234567
043285761 801234567
043286157 801234567
043286571 801234567
043286715 801234567
043287165 801234567
043287516 801234567
043287651 801234567
043512687 801234567
043512768 801234567
043512876 801234567
043516278 801234567
043516782 801234567
043516827 801234567
043517286 801234567
043517628 801234567
043517862 801234567
043518267 801234567
043518672 801234567
043518726 801234567
043521678 801234567
043521786 801234567
043521867 801234567
043526187 801234567
043526718 801234567
043526871 801234567
043527168 801234567
043527681 801234567
043527816 801234567
043528176 801234567
043528617 801234567
043528761 801234567
043561287 801234567
043561728 801234567
043561872 801234567
043562178 801234567
043562781 801234567
043562817 801234567
043567182 801234567
043567218 801234567
043567821 801234567
043568127 801234567
043568271 801234567
043568712 801234567
043571268 801234567
043571682 801234567
043571826 801234567
043572186 801234567
043572618 801234567
043572861 801234567
043576128 801234567
043576281 801234567
043576812 801234567
043578162 801234567
043578216 801234567
043578621 801234567
043581276 801234567
043581627 801234567
043581762 801234567
043582167 801234567
043582671 801234567
043582716 801234567
043586172 801234567
043586217 801234567
043586721 801234567
043587126 801234567
043587261 801234567
043587612 801234567
043612578 801234567
043612785 801234567
043612857 801234567
043615287 801234567
043615728 801234567
043615872 801234567
043617258 801234567
043617582 801234567
043617825 801234567
043618275 801234567
043618527 801234567
043618752 801234567
043621587 801234567
043621758 801234567
043621875 801234567
043625178 801234567
043625781 801234567
043625817 801234567
043627185 801234567
043627518 801234567
043627851 801234567
043628157 801234567
043628571 801234567
