570846321 801234567
570861243 801234567
570861324 801234567
570861432 801234567
570862134 801234567
570862341 801234567
570862413 801234567
570863142 801234567
570863214 801234567
570863421 801234567
570864123 801234567
570864231 801234567
570864312 801234567
571023486 801234567
571023648 801234567
571023864 801234567
571024368 801234567
571024683 801234567
571024836 801234567
571026384 801234567
571026438 801234567
571026843 801234567
571028346 801234567
571028463 801234567
571028634 801234567
571032468 801234567
571032684 801234567
571032846 801234567
571034286 801234567
571034628 801234567
571034862 801234567
571036248 801234567
571036482 801234567
571036824 801234567
571038264 801234567
571038426 801234567
571038642 801234567
571042386 801234567
571042638 801234567
571042863 801234567
571043268 801234567
571043682 801234567
571043826 801234567
571046283 801234567
571046328 801234567
571046832 801234567
571048236 801234567
571048362 801234567
571048623 801234567
571062348 801234567
571062483 801234567
571062834 801234567
571063284 801234567
571063428 801234567
571063842 801234567
571064238 801234567
571064382 801234567
571064823 801234567
571068243 801234567
571068324 801234567
571068432 801234567
571082364 801234567
571082436 801234567
571082643 801234567
571083246 801234567
571083462 801234567
571083624 801234567
571084263 801234567
571084326 801234567
571084632 801234567
571086234 801234567
571086342 801234567
571086423 801234567
571203468 801234567
571203684 801234567
571203846 801234567
571204386 801234567
571204638 801234567
571204863 801234567
571206348 801234567
571206483 801234567
571206834 801234567
571208364 801234567
571208436 801234567
571208643 801234567
571230486 801234567
571230648 801234567
571230864 801234567
571234068 801234567
571234680 801234567
571234806 801234567
571236084 801234567
571236408 801234567
571236840 801234567
571238046 801234567
571238460 801234567
571238604 801234567
571240368 801234567
571240683 801234567
571240836 801234567
571243086 801234567
571243608 801234567
571243860 801234567
571246038 801234567
571246380 801234567
571246803 801234567
571248063 801234567
571248306 801234567
571248630 801234567
571260384 801234567
571260438 801234567
571260843 801234567
571263048 801234567
571263480 801234567
571263804 801234567
571264083 801234567
571264308 801234567
571264830 801234567
571268034 801234567
571268340 801234567
571268403 801234567
571280346 801234567
571280463 801234567
571280634 801234567
571283064 801234567
571283406 801234567
571283640 801234567
571284036 801234567
571284360 801234567
571284603 801234567
571286043 801234567
571286304 801234567
571286430 801234567
571302486 801234567
571302648 801234567
571302864 801234567
571304268 801234567
571304682 801234567
571304826 801234567
571306284 801234567
571306428 801234567
571306842 801234567
571308246 801234567
571308462 801234567
571308624 801234567
571320468 801234567
571320684 801234567
571320846 801234567
571324086 801234567
571324608 801234567
571324860 801234567
571326048 801234567
571326480 801234567
571326804 801234567
571328064 801234567
571328406 801234567
571328640 801234567
571340286 801234567
571340628 801234567
571340862 801234567
571342068 801234567
571342680 801234567
571342806 801234567
571346082 801234567
571346208 801234567
571346820 801234567
571348026 801234567
571348260 801234567
571348602 801234567
571360248 801234567
571360482 801234567
571360824 801234567
571362084 801234567
571362408 801234567
571362840 801234567
571364028 801234567
571364280 801234567
571364802 801234567
571368042 801234567
571368204 801234567
571368420 801234567
571380264 801234567
571380426 801234567
571380642 801234567
571382046 801234567
571382460 801234567
571382604 801234567
571384062 801234567
571384206 801234567
571384620 801234567
571386024 801234567
571386240 801234567
571386402 801234567
571402368 801234567
571402683 801234567
571402836 801234567
571403286 801234567
571403628 801234567
571403862 801234567
571406238 801234567
571406382 801234567
571406823 801234567
571408263 801234567
571408326 801234567
571408632 801234567
571420386 801234567
571420638 801234567
571420863 801234567
571423068 801234567
571423680 801234567
571423806 801234567
571426083 801234567
571426308 801234567
571426830 801234567
571428036 801234567
571428360 801234567
571428603 801234567
571430268 801234567
571430682 801234567
571430826 801234567
571432086 801234567
571432608 801234567
571432860 801234567
571436028 801234567
571436280 801234567
571436802 801234567
571438062 801234567
571438206 801234567
571438620 801234567
571460283 801234567
571460328 801234567
571460832 801234567
571462038 801234567
571462380 801234567
571462803 801234567
571463082 801234567
571463208 801234567
571463820 801234567
571468023 801234567
571468230 801234567
571468302 801234567
571480236 801234567
571480362 801234567
571480623 801234567
571482063 801234567
571482306 801234567
571482630 801234567
571483026 801234567
571483260 801234567
571483602 801234567
571486032 801234567
571486203 801234567
571486320 801234567
571602384 801234567
571602438 801234567
571602843 801234567
571603248 801234567
571603482 801234567
571603824 801234567
571604283 801234567
571604328 801234567
571604832 801234567
571608234 801234567
571608342 801234567
571608423 801234567
571620348 801234567
571620483 801234567
571620834 801234567
571623084 801234567
571623408 801234567
571623840 801234567
571624038 801234567
571624380 801234567
571624803 801234567
571628043 801234567
571628304 801234567
571628430 801234567
571630284 801234567
571630428 801234567
571630842 801234567
571632048 801234567
571632480 801234567
571632804 801234567
571634082 801234567
571634208 801234567
571634820 801234567
571638024 801234567
571638240 801234567
571638402 801234567
571640238 801234567
571640382 801234567
571640823 801234567
571642083 801234567
571642308 801234567
571642830 801234567
571643028 801234567
571643280 801234567
571643802 801234567
571648032 801234567
571648203 801234567
571648320 801234567
571680243 801234567
571680324 801234567
571680432 801234567
571682034 801234567
571682340 801234567
571682403 801234567
571683042 801234567
571683204 801234567
571683420 801234567
571684023 801234567
571684230 801234567
571684302 801234567
571802346 801234567
571802463 801234567
571802634 801234567
571803264 801234567
571803426 801234567
571803642 801234567
571804236 801234567
571804362 801234567
571804623 801234567
571806243 801234567
571806324 801234567
571806432 801234567
571820364 801234567
571820436 801234567
571820643 801234567
571823046 801234567
571823460 801234567
571823604 801234567
571824063 801234567
571824306 801234567
571824630 801234567
571826034 801234567
571826340 801234567
571826403 801234567
571830246 801234567
571830462 801234567
571830624 801234567
571832064 801234567
571832406 801234567
571832640 801234567
571834026 801234567
571834260 801234567
571834602 801234567
571836042 801234567
571836204 801234567
571836420 801234567
571840263 801234567
571840326 801234567
571840632 801234567
571842036 801234567
571842360 801234567
571842603 801234567
571843062 801234567
571843206 801234567
571843620 801234567
571846023 801234567
571846230 801234567
571846302 801234567
571860234 801234567
571860342 801234567
571860423 801234567
571862043 801234567
571862304 801234567
571862430 801234567
571863024 801234567
571863240 801234567
571863402 801234567
571864032 801234567
571864203 801234567
571864320 801234567
572013468 801234567
572013684 801234567
572013846 801234567
572014386 801234567
572014638 801234567
572014863 801234567
572016348 801234567
572016483 801234567
572016834 801234567
572018364 801234567
572018436 801234567
572018643 801234567
572031486 801234567
572031648 801234567
572031864 801234567
572034168 801234567
572034681 801234567
572034816 801234567
572036184 801234567
572036418 801234567
572036841 801234567
572038146 801234567
572038461 801234567
572038614 801234567
572041368 801234567
572041683 801234567
572041836 801234567
572043186 801234567
572043618 801234567
572043861 801234567
572046138 801234567
572046381 801234567
572046813 801234567
572048163 801234567
572048316 801234567
572048631 801234567
572061384 801234567
572061438 801234567
572061843 801234567
572063148 801234567
572063481 801234567
572063814 801234567
572064183 801234567
572064318 801234567
572064831 801234567
572068134 801234567
572068341 801234567
572068413 801234567
572081346 801234567
572081463 801234567
572081634 801234567
572083164 801234567
572083416 801234567
572083641 801234567
572084136 801234567
572084361 801234567
572084613 801234567
572086143 801234567
572086314 801234567
572086431 801234567
572103486 801234567
572103648 801234567
572103864 801234567
572104368 801234567
572104683 801234567
572104836 801234567
572106384 801234567
572106438 801234567
572106843 801234567
572108346 801234567
572108463 801234567
572108634 801234567
572130468 801234567
572130684 801234567
572130846 801234567
572134086 801234567
572134608 801234567
572134860 801234567
572136048 801234567
572136480 801234567
572136804 801234567
572138064 801234567
572138406 801234567
572138640 801234567
572140386 801234567
572140638 801234567
572140863 801234567
572143068 801234567
572143680 801234567
572143806 801234567
572146083 801234567
572146308 801234567
572146830 801234567
572148036 801234567
572148360 801234567
572148603 801234567
572160348 801234567
572160483 801234567
572160834 801234567
572163084 801234567
572163408 801234567
572163840 801234567
572164038 801234567
572164380 801234567
572164803 801234567
572168043 801234567
572168304 801234567
572168430 801234567
572180364 801234567
572180436 801234567
572180643 801234567
572183046 801234567
572183460 801234567
572183604 801234567
572184063 801234567
572184306 801234567
572184630 801234567
572186034 801234567
572186340 801234567
572186403 801234567
572301468 801234567
572301684 801234567
572301846 801234567
572304186 801234567
572304618 801234567
572304861 801234567
