036127584 801234567
036127845 801234567
036128475 801234567
036128547 801234567
036128754 801234567
036142587 801234567
036142758 801234567
036142875 801234567
036145278 801234567
036145782 801234567
036145827 801234567
036147285 801234567
036147528 801234567
036147852 801234567
036148257 801234567
036148572 801234567
036148725 801234567
036152478 801234567
036152784 801234567
036152847 801234567
036154287 801234567
036154728 801234567
036154872 801234567
036157248 801234567
036157482 801234567
036157824 801234567
036158274 801234567
036158427 801234567
036158742 801234567
036172485 801234567
036172548 801234567
036172854 801234567
036174258 801234567
036174582 801234567
036174825 801234567
036175284 801234567
036175428 801234567
036175842 801234567
036178245 801234567
036178452 801234567
036178524 801234567
036182457 801234567
036182574 801234567
036182745 801234567
036184275 801234567
036184527 801234567
036184752 801234567
036185247 801234567
036185472 801234567
036185724 801234567
036187254 801234567
036187425 801234567
036187542 801234567
036214587 801234567
036214758 801234567
036214875 801234567
036215478 801234567
036215784 801234567
036215847 801234567
036217485 801234567
036217548 801234567
036217854 801234567
036218457 801234567
036218574 801234567
036218745 801234567
036241578 801234567
036241785 801234567
036241857 801234567
036245187 801234567
036245718 801234567
036245871 801234567
036247158 801234567
036247581 801234567
036247815 801234567
036248175 801234567
036248517 801234567
036248751 801234567
036251487 801234567
036251748 801234567
036251874 801234567
036254178 801234567
036254781 801234567
036254817 801234567
036257184 801234567
036257418 801234567
036257841 801234567
036258147 801234567
036258471 801234567
036258714 801234567
036271458 801234567
036271584 801234567
036271845 801234567
036274185 801234567
036274518 801234567
036274851 801234567
036275148 801234567
036275481 801234567
036275814 801234567
036278154 801234567
036278415 801234567
036278541 801234567
036281475 801234567
036281547 801234567
036281754 801234567
036284157 801234567
036284571 801234567
036284715 801234567
036285174 801234567
036285417 801234567
036285741 801234567
036287145 801234567
036287451 801234567
036287514 801234567
036412578 801234567
036412785 801234567
036412857 801234567
036415287 801234567
036415728 801234567
036415872 801234567
036417258 801234567
036417582 801234567
036417825 801234567
036418275 801234567
036418527 801234567
036418752 801234567
036421587 801234567
036421758 801234567
036421875 801234567
036425178 801234567
036425781 801234567
036425817 801234567
036427185 801234567
036427518 801234567
036427851 801234567
036428157 801234567
036428571 801234567
036428715 801234567
036451278 801234567
036451782 801234567
036451827 801234567
036452187 801234567
036452718 801234567
036452871 801234567
036457128 801234567
036457281 801234567
036457812 801234567
036458172 801234567
036458217 801234567
036458721 801234567
036471285 801234567
036471528 801234567
036471852 801234567
036472158 801234567
036472581 801234567
036472815 801234567
036475182 801234567
036475218 801234567
036475821 801234567
036478125 801234567
036478251 801234567
036478512 801234567
036481257 801234567
036481572 801234567
036481725 801234567
036482175 801234567
036482517 801234567
036482751 801234567
036485127 801234567
036485271 801234567
036485712 801234567
036487152 801234567
036487215 801234567
036487521 801234567
036512487 801234567
036512748 801234567
036512874 801234567
036514278 801234567
036514782 801234567
036514827 801234567
036517284 801234567
036517428 801234567
036517842 801234567
036518247 801234567
036518472 801234567
036518724 801234567
036521478 801234567
036521784 801234567
036521847 801234567
036524187 801234567
036524718 801234567
036524871 801234567
036527148 801234567
036527481 801234567
036527814 801234567
036528174 801234567
036528417 801234567
036528741 801234567
036541287 801234567
036541728 801234567
036541872 801234567
036542178 801234567
036542781 801234567
036542817 801234567
036547182 801234567
036547218 801234567
036547821 801234567
036548127 801234567
036548271 801234567
036548712 801234567
036571248 801234567
036571482 801234567
036571824 801234567
036572184 801234567
036572418 801234567
036572841 801234567
036574128 801234567
036574281 801234567
036574812 801234567
036578142 801234567
036578214 801234567
036578421 801234567
036581274 801234567
036581427 801234567
036581742 801234567
036582147 801234567
036582471 801234567
036582714 801234567
036584172 801234567
036584217 801234567
036584721 801234567
036587124 801234567
036587241 801234567
036587412 801234567
036712458 801234567
036712584 801234567
036712845 801234567
036714285 801234567
036714528 801234567
036714852 801234567
036715248 801234567
036715482 801234567
036715824 801234567
036718254 801234567
036718425 801234567
036718542 801234567
036721485 801234567
036721548 801234567
036721854 801234567
036724158 801234567
036724581 801234567
036724815 801234567
036725184 801234567
036725418 801234567
036725841 801234567
036728145 801234567
036728451 801234567
036728514 801234567
036741258 801234567
036741582 801234567
036741825 801234567
036742185 801234567
036742518 801234567
036742851 801234567
036745128 801234567
036745281 801234567
036745812 801234567
036748152 801234567
036748215 801234567
036748521 801234567
036751284 801234567
036751428 801234567
036751842 801234567
036752148 801234567
036752481 801234567
036752814 801234567
036754182 801234567
036754218 801234567
036754821 801234567
036758124 801234567
036758241 801234567
036758412 801234567
036781245 801234567
036781452 801234567
036781524 801234567
036782154 801234567
036782415 801234567
036782541 801234567
036784125 801234567
036784251 801234567
036784512 801234567
036785142 801234567
036785214 801234567
036785421 801234567
036812475 801234567
036812547 801234567
036812754 801234567
036814257 801234567
036814572 801234567
036814725 801234567
036815274 801234567
036815427 801234567
036815742 801234567
036817245 801234567
036817452 801234567
036817524 801234567
036821457 801234567
036821574 801234567
036821745 801234567
036824175 801234567
036824517 801234567
036824751 801234567
036825147 801234567
036825471 801234567
036825714 801234567
036827154 801234567
036827415 801234567
036827541 801234567
036841275 801234567
036841527 801234567
036841752 801234567
036842157 801234567
036842571 801234567
036842715 801234567
036845172 801234567
036845217 801234567
036845721 801234567
036847125 801234567
036847251 801234567
036847512 801234567
036851247 801234567
036851472 801234567
036851724 801234567
036852174 801234567
036852417 801234567
036852741 801234567
036854127 801234567
036854271 801234567
036854712 801234567
036857142 801234567
036857214 801234567
036857421 801234567
036871254 801234567
036871425 801234567
036871542 801234567
036872145 801234567
036872451 801234567
036872514 801234567
036874152 801234567
036874215 801234567
036874521 801234567
036875124 801234567
036875241 801234567
036875412 801234567
037124586 801234567
037124658 801234567
037124865 801234567
037125468 801234567
037125684 801234567
037125846 801234567
037126485 801234567
037126548 801234567
037126854 801234567
037128456 801234567
037128564 801234567
037128645 801234567
037142568 801234567
037142685 801234567
037142856 801234567
037145286 801234567
037145628 801234567
037145862 801234567
037146258 801234567
037146582 801234567
037146825 801234567
037148265 801234567
037148526 801234567
037148652 801234567
037152486 801234567
037152648 801234567
037152864 801234567
037154268 801234567
037154682 801234567
037154826 801234567
037156284 801234567
037156428 801234567
037156842 801234567
037158246 801234567
037158462 801234567
037158624 801234567
037162458 801234567
037162584 801234567
037162845 801234567
037164285 801234567
037164528 801234567
037164852 801234567
037165248 801234567
037165482 801234567
037165824 801234567
037168254 801234567
037168425 801234567
037168542 801234567
037182465 801234567
037182546 801234567
037182654 801234567
037184256 801234567
037184562 801234567
037184625 801234567
037185264 801234567
037185426 801234567
037185642 801234567
037186245 801234567
037186452 801234567
037186524 801234567
037214568 801234567
037214685 801234567
037214856 801234567
037215486 801234567
037215648 801234567
037215864 801234567
037216458 801234567
037216584 801234567
037216845 801234567
037218465 801234567
037218546 801234567
037218654 801234567
037241586 801234567
037241658 801234567
037241865 801234567
037245168 801234567
037245681 801234567
037245816 801234567
037246185 801234567
037246518 801234567
037246851 801234567
037248156 801234567
037248561 801234567
037248615 801234567
037251468 801234567
037251684 801234567
037251846 801234567
037254186 801234567
037254618 801234567
037254861 801234567
037256148 801234567
037256481 801234567
037256814 801234567
037258164 801234567
037258416 801234567
037258641 801234567
037261485 801234567
037261548 801234567
037261854 801234567
037264158 801234567
037264581 801234567
037264815 801234567
037265184 801234567
037265418 801234567
037265841 801234567
037268145 801234567
037268451 801234567
037268514 801234567
037281456 801234567
037281564 801234567
037281645 801234567
037284165 801234567
037284516 801234567
037284651 801234567
037285146 801234567
037285461 801234567
037285614 801234567
037286154 801234567
037286415 801234567
037286541 801234567
037412586 801234567
037412658 801234567
037412865 801234567
037415268 801234567
037415682 801234567
037415826 801234567
037416285 801234567
037416528 801234567
037416852 801234567
037418256 801234567
037418562 801234567
037418625 801234567
037421568 801234567
037421685 801234567
037421856 801234567
037425186 801234567
037425618 801234567
037425861 801234567
037426158 801234567
037426581 801234567
037426815 801234567
037428165 801234567
037428516 801234567
037428651 801234567
037451286 801234567
037451628 801234567
