726503148 801234567
726503481 801234567
726503814 801234567
726504183 801234567
726504318 801234567
726504831 801234567
726508134 801234567
726508341 801234567
726508413 801234567
726510348 801234567
726510483 801234567
726510834 801234567
726513084 801234567
726513408 801234567
726513840 801234567
726514038 801234567
726514380 801234567
726514803 801234567
726518043 801234567
726518304 801234567
726518430 801234567
726530184 801234567
726530418 801234567
726530841 801234567
726531048 801234567
726531480 801234567
726531804 801234567
726534081 801234567
726534108 801234567
726534810 801234567
726538014 801234567
726538140 801234567
726538401 801234567
726540138 801234567
726540381 801234567
726540813 801234567
726541083 801234567
726541308 801234567
726541830 801234567
726543018 801234567
726543180 801234567
726543801 801234567
726548031 801234567
726548103 801234567
726548310 801234567
726580143 801234567
726580314 801234567
726580431 801234567
726581034 801234567
726581340 801234567
726581403 801234567
726583041 801234567
726583104 801234567
726583410 801234567
726584013 801234567
726584130 801234567
726584301 801234567
726801345 801234567
726801453 801234567
726801534 801234567
726803154 801234567
726803415 801234567
726803541 801234567
726804135 801234567
726804351 801234567
726804513 801234567
726805143 801234567
726805314 801234567
726805431 801234567
726810354 801234567
726810435 801234567
726810543 801234567
726813045 801234567
726813450 801234567
726813504 801234567
726814053 801234567
726814305 801234567
726814530 801234567
726815034 801234567
726815340 801234567
726815403 801234567
726830145 801234567
726830451 801234567
726830514 801234567
726831054 801234567
726831405 801234567
726831540 801234567
726834015 801234567
726834150 801234567
726834501 801234567
726835041 801234567
726835104 801234567
726835410 801234567
726840153 801234567
726840315 801234567
726840531 801234567
726841035 801234567
726841350 801234567
726841503 801234567
726843051 801234567
726843105 801234567
726843510 801234567
726845013 801234567
726845130 801234567
726845301 801234567
726850134 801234567
726850341 801234567
726850413 801234567
726851043 801234567
726851304 801234567
726851430 801234567
726853014 801234567
726853140 801234567
726853401 801234567
726854031 801234567
726854103 801234567
726854310 801234567
728013456 801234567
728013564 801234567
728013645 801234567
728014365 801234567
728014536 801234567
728014653 801234567
728015346 801234567
728015463 801234567
728015634 801234567
728016354 801234567
728016435 801234567
728016543 801234567
728031465 801234567
728031546 801234567
728031654 801234567
728034156 801234567
728034561 801234567
728034615 801234567
728035164 801234567
728035416 801234567
728035641 801234567
728036145 801234567
728036451 801234567
728036514 801234567
728041356 801234567
728041563 801234567
728041635 801234567
728043165 801234567
728043516 801234567
728043651 801234567
728045136 801234567
728045361 801234567
728045613 801234567
728046153 801234567
728046315 801234567
728046531 801234567
728051364 801234567
728051436 801234567
728051643 801234567
728053146 801234567
728053461 801234567
728053614 801234567
728054163 801234567
728054316 801234567
728054631 801234567
728056134 801234567
728056341 801234567
728056413 801234567
728061345 801234567
728061453 801234567
728061534 801234567
728063154 801234567
728063415 801234567
728063541 801234567
728064135 801234567
728064351 801234567
728064513 801234567
728065143 801234567
728065314 801234567
728065431 801234567
728103465 801234567
728103546 801234567
728103654 801234567
728104356 801234567
728104563 801234567
728104635 801234567
728105364 801234567
728105436 801234567
728105643 801234567
728106345 801234567
728106453 801234567
728106534 801234567
728130456 801234567
728130564 801234567
728130645 801234567
728134065 801234567
728134506 801234567
728134650 801234567
728135046 801234567
728135460 801234567
728135604 801234567
728136054 801234567
728136405 801234567
728136540 801234567
728140365 801234567
728140536 801234567
728140653 801234567
728143056 801234567
728143560 801234567
728143605 801234567
728145063 801234567
728145306 801234567
728145630 801234567
728146035 801234567
728146350 801234567
728146503 801234567
728150346 801234567
728150463 801234567
728150634 801234567
728153064 801234567
728153406 801234567
728153640 801234567
728154036 801234567
728154360 801234567
728154603 801234567
728156043 801234567
728156304 801234567
728156430 801234567
728160354 801234567
728160435 801234567
728160543 801234567
728163045 801234567
728163450 801234567
728163504 801234567
728164053 801234567
728164305 801234567
728164530 801234567
728165034 801234567
728165340 801234567
728165403 801234567
728301456 801234567
728301564 801234567
728301645 801234567
728304165 801234567
728304516 801234567
728304651 801234567
728305146 801234567
728305461 801234567
728305614 801234567
728306154 801234567
728306415 801234567
728306541 801234567
728310465 801234567
728310546 801234567
728310654 801234567
728314056 801234567
728314560 801234567
728314605 801234567
728315064 801234567
728315406 801234567
728315640 801234567
728316045 801234567
728316450 801234567
728316504 801234567
728340156 801234567
728340561 801234567
728340615 801234567
728341065 801234567
728341506 801234567
728341650 801234567
728345016 801234567
728345160 801234567
728345601 801234567
728346051 801234567
728346105 801234567
728346510 801234567
728350164 801234567
728350416 801234567
728350641 801234567
728351046 801234567
728351460 801234567
728351604 801234567
728354061 801234567
728354106 801234567
728354610 801234567
728356014 801234567
728356140 801234567
728356401 801234567
728360145 801234567
728360451 801234567
728360514 801234567
728361054 801234567
728361405 801234567
728361540 801234567
728364015 801234567
728364150 801234567
728364501 801234567
728365041 801234567
728365104 801234567
728365410 801234567
728401365 801234567
728401536 801234567
728401653 801234567
728403156 801234567
728403561 801234567
728403615 801234567
728405163 801234567
728405316 801234567
728405631 801234567
728406135 801234567
728406351 801234567
728406513 801234567
728410356 801234567
728410563 801234567
728410635 801234567
728413065 801234567
728413506 801234567
728413650 801234567
728415036 801234567
728415360 801234567
728415603 801234567
728416053 801234567
728416305 801234567
728416530 801234567
728430165 801234567
728430516 801234567
728430651 801234567
728431056 801234567
728431560 801234567
728431605 801234567
728435061 801234567
728435106 801234567
728435610 801234567
728436015 801234567
728436150 801234567
728436501 801234567
728450136 801234567
728450361 801234567
728450613 801234567
728451063 801234567
728451306 801234567
728451630 801234567
728453016 801234567
728453160 801234567
728453601 801234567
728456031 801234567
728456103 801234567
728456310 801234567
728460153 801234567
728460315 801234567
728460531 801234567
728461035 801234567
728461350 801234567
728461503 801234567
728463051 801234567
728463105 801234567
728463510 801234567
728465013 801234567
728465130 801234567
728465301 801234567
728501346 801234567
728501463 801234567
728501634 801234567
728503164 801234567
728503416 801234567
728503641 801234567
728504136 801234567
728504361 801234567
728504613 801234567
728506143 801234567
728506314 801234567
728506431 801234567
728510364 801234567
728510436 801234567
728510643 801234567
728513046 801234567
728513460 801234567
728513604 801234567
728514063 801234567
728514306 801234567
728514630 801234567
728516034 801234567
728516340 801234567
728516403 801234567
728530146 801234567
728530461 801234567
728530614 801234567
728531064 801234567
728531406 801234567
728531640 801234567
728534016 801234567
728534160 801234567
728534601 801234567
728536041 801234567
728536104 801234567
728536410 801234567
728540163 801234567
728540316 801234567
728540631 801234567
728541036 801234567
728541360 801234567
728541603 801234567
728543061 801234567
728543106 801234567
728543610 801234567
728546013 801234567
728546130 801234567
728546301 801234567
728560134 801234567
728560341 801234567
728560413 801234567
728561043 801234567
728561304 801234567
728561430 801234567
728563014 801234567
728563140 801234567
728563401 801234567
728564031 801234567
728564103 801234567
728564310 801234567
728601354 801234567
728601435 801234567
728601543 801234567
728603145 801234567
728603451 801234567
728603514 801234567
728604153 801234567
728604315 801234567
728604531 801234567
728605134 801234567
728605341 801234567
728605413 801234567
728610345 801234567
728610453 801234567
728610534 801234567
728613054 801234567
728613405 801234567
728613540 801234567
728614035 801234567
728614350 801234567
728614503 801234567
728615043 801234567
728615304 801234567
728615430 801234567
728630154 801234567
728630415 801234567
728630541 801234567
728631045 801234567
728631450 801234567
728631504 801234567
728634051 801234567
728634105 801234567
728634510 801234567
728635014 801234567
728635140 801234567
728635401 801234567
728640135 801234567
728640351 801234567
728640513 801234567
728641053 801234567
728641305 801234567
728641530 801234567
728643015 801234567
728643150 801234567
728643501 801234567
728645031 801234567
728645103 801234567
728645310 801234567
728650143 801234567
728650314 801234567
728650431 801234567
728651034 801234567
728651340 801234567
728651403 801234567
728653041 801234567
728653104 801234567
728653410 801234567
728654013 801234567
728654130 801234567
728654301 801234567
730124586 801234567
730124658 801234567
730124865 801234567
730125468 801234567
730125684 801234567
730125846 801234567
730126485 801234567
730126548 801234567
730126854 801234567
730128456 801234567
730128564 801234567
730128645 801234567
730142568 801234567
730142685 801234567
730142856 801234567
730145286 801234567
730145628 801234567
730145862 801234567
730146258 801234567
730146582 801234567
730146825 801234567
730148265 801234567
