364508712 801234567
364510278 801234567
364510782 801234567
364510827 801234567
364512087 801234567
364512708 801234567
364512870 801234567
364517028 801234567
364517280 801234567
364517802 801234567
364518072 801234567
364518207 801234567
364518720 801234567
364520187 801234567
364520718 801234567
364520871 801234567
364521078 801234567
364521780 801234567
364521807 801234567
364527081 801234567
364527108 801234567
364527810 801234567
364528017 801234567
364528170 801234567
364528701 801234567
364570128 801234567
364570281 801234567
364570812 801234567
364571082 801234567
364571208 801234567
364571820 801234567
364572018 801234567
364572180 801234567
364572801 801234567
364578021 801234567
364578102 801234567
364578210 801234567
364580172 801234567
364580217 801234567
364580721 801234567
364581027 801234567
364581270 801234567
364581702 801234567
364582071 801234567
364582107 801234567
364582710 801234567
364587012 801234567
364587120 801234567
364587201 801234567
364701258 801234567
364701582 801234567
364701825 801234567
364702185 801234567
364702518 801234567
364702851 801234567
364705128 801234567
364705281 801234567
364705812 801234567
364708152 801234567
364708215 801234567
364708521 801234567
364710285 801234567
364710528 801234567
364710852 801234567
364712058 801234567
364712580 801234567
364712805 801234567
364715082 801234567
364715208 801234567
364715820 801234567
364718025 801234567
364718250 801234567
364718502 801234567
364720158 801234567
364720581 801234567
364720815 801234567
364721085 801234567
364721508 801234567
364721850 801234567
364725018 801234567
364725180 801234567
364725801 801234567
364728051 801234567
364728105 801234567
364728510 801234567
364750182 801234567
364750218 801234567
364750821 801234567
364751028 801234567
364751280 801234567
364751802 801234567
364752081 801234567
364752108 801234567
364752810 801234567
364758012 801234567
364758120 801234567
364758201 801234567
364780125 801234567
364780251 801234567
364780512 801234567
364781052 801234567
364781205 801234567
364781520 801234567
364782015 801234567
364782150 801234567
364782501 801234567
364785021 801234567
364785102 801234567
364785210 801234567
364801275 801234567
364801527 801234567
364801752 801234567
364802157 801234567
364802571 801234567
364802715 801234567
364805172 801234567
364805217 801234567
364805721 801234567
364807125 801234567
364807251 801234567
364807512 801234567
364810257 801234567
364810572 801234567
364810725 801234567
364812075 801234567
364812507 801234567
364812750 801234567
364815027 801234567
364815270 801234567
364815702 801234567
364817052 801234567
364817205 801234567
364817520 801234567
364820175 801234567
364820517 801234567
364820751 801234567
364821057 801234567
364821570 801234567
364821705 801234567
364825071 801234567
364825107 801234567
364825710 801234567
364827015 801234567
364827150 801234567
364827501 801234567
364850127 801234567
364850271 801234567
364850712 801234567
364851072 801234567
364851207 801234567
364851720 801234567
364852017 801234567
364852170 801234567
364852701 801234567
364857021 801234567
364857102 801234567
364857210 801234567
364870152 801234567
364870215 801234567
364870521 801234567
364871025 801234567
364871250 801234567
364871502 801234567
364872051 801234567
364872105 801234567
364872510 801234567
364875012 801234567
364875120 801234567
364875201 801234567
365012487 801234567
365012748 801234567
365012874 801234567
365014278 801234567
365014782 801234567
365014827 801234567
365017284 801234567
365017428 801234567
365017842 801234567
365018247 801234567
365018472 801234567
365018724 801234567
365021478 801234567
365021784 801234567
365021847 801234567
365024187 801234567
365024718 801234567
365024871 801234567
365027148 801234567
365027481 801234567
365027814 801234567
365028174 801234567
365028417 801234567
365028741 801234567
365041287 801234567
365041728 801234567
365041872 801234567
365042178 801234567
365042781 801234567
365042817 801234567
365047182 801234567
365047218 801234567
365047821 801234567
365048127 801234567
365048271 801234567
365048712 801234567
365071248 801234567
365071482 801234567
365071824 801234567
365072184 801234567
365072418 801234567
365072841 801234567
365074128 801234567
365074281 801234567
365074812 801234567
365078142 801234567
365078214 801234567
365078421 801234567
365081274 801234567
365081427 801234567
365081742 801234567
365082147 801234567
365082471 801234567
365082714 801234567
365084172 801234567
365084217 801234567
365084721 801234567
365087124 801234567
365087241 801234567
365087412 801234567
365102478 801234567
365102784 801234567
365102847 801234567
365104287 801234567
365104728 801234567
365104872 801234567
365107248 801234567
365107482 801234567
365107824 801234567
365108274 801234567
365108427 801234567
365108742 801234567
365120487 801234567
365120748 801234567
365120874 801234567
365124078 801234567
365124780 801234567
365124807 801234567
365127084 801234567
365127408 801234567
365127840 801234567
365128047 801234567
365128470 801234567
365128704 801234567
365140278 801234567
365140782 801234567
365140827 801234567
365142087 801234567
365142708 801234567
365142870 801234567
365147028 801234567
365147280 801234567
365147802 801234567
365148072 801234567
365148207 801234567
365148720 801234567
365170284 801234567
365170428 801234567
365170842 801234567
365172048 801234567
365172480 801234567
365172804 801234567
365174082 801234567
365174208 801234567
365174820 801234567
365178024 801234567
365178240 801234567
365178402 801234567
365180247 801234567
365180472 801234567
365180724 801234567
365182074 801234567
365182407 801234567
365182740 801234567
365184027 801234567
365184270 801234567
365184702 801234567
365187042 801234567
365187204 801234567
365187420 801234567
365201487 801234567
365201748 801234567
365201874 801234567
365204178 801234567
365204781 801234567
365204817 801234567
365207184 801234567
365207418 801234567
365207841 801234567
365208147 801234567
365208471 801234567
365208714 801234567
365210478 801234567
365210784 801234567
365210847 801234567
365214087 801234567
365214708 801234567
365214870 801234567
365217048 801234567
365217480 801234567
365217804 801234567
365218074 801234567
365218407 801234567
365218740 801234567
365240187 801234567
365240718 801234567
365240871 801234567
365241078 801234567
365241780 801234567
365241807 801234567
365247081 801234567
365247108 801234567
365247810 801234567
365248017 801234567
365248170 801234567
365248701 801234567
365270148 801234567
365270481 801234567
365270814 801234567
365271084 801234567
365271408 801234567
365271840 801234567
365274018 801234567
365274180 801234567
365274801 801234567
365278041 801234567
365278104 801234567
365278410 801234567
365280174 801234567
365280417 801234567
365280741 801234567
365281047 801234567
365281470 801234567
365281704 801234567
365284071 801234567
365284107 801234567
365284710 801234567
365287014 801234567
365287140 801234567
365287401 801234567
365401278 801234567
365401782 801234567
365401827 801234567
365402187 801234567
365402718 801234567
365402871 801234567
365407128 801234567
365407281 801234567
365407812 801234567
365408172 801234567
365408217 801234567
365408721 801234567
365410287 801234567
365410728 801234567
365410872 801234567
365412078 801234567
365412780 801234567
365412807 801234567
365417082 801234567
365417208 801234567
365417820 801234567
365418027 801234567
365418270 801234567
365418702 801234567
365420178 801234567
365420781 801234567
365420817 801234567
365421087 801234567
365421708 801234567
365421870 801234567
365427018 801234567
365427180 801234567
365427801 801234567
365428071 801234567
365428107 801234567
365428710 801234567
365470182 801234567
365470218 801234567
365470821 801234567
365471028 801234567
365471280 801234567
365471802 801234567
365472081 801234567
365472108 801234567
365472810 801234567
365478012 801234567
365478120 801234567
365478201 801234567
365480127 801234567
365480271 801234567
365480712 801234567
365481072 801234567
365481207 801234567
365481720 801234567
365482017 801234567
365482170 801234567
365482701 801234567
365487021 801234567
365487102 801234567
365487210 801234567
365701284 801234567
365701428 801234567
365701842 801234567
365702148 801234567
365702481 801234567
365702814 801234567
365704182 801234567
365704218 801234567
365704821 801234567
365708124 801234567
365708241 801234567
365708412 801234567
365710248 801234567
365710482 801234567
365710824 801234567
365712084 801234567
365712408 801234567
365712840 801234567
365714028 801234567
365714280 801234567
365714802 801234567
365718042 801234567
365718204 801234567
365718420 801234567
365720184 801234567
365720418 801234567
365720841 801234567
365721048 801234567
365721480 801234567
365721804 801234567
365724081 801234567
365724108 801234567
365724810 801234567
365728014 801234567
365728140 801234567
365728401 801234567
365740128 801234567
365740281 801234567
365740812 801234567
365741082 801234567
365741208 801234567
365741820 801234567
365742018 801234567
365742180 801234567
365742801 801234567
365748021 801234567
365748102 801234567
365748210 801234567
365780142 801234567
365780214 801234567
365780421 801234567
365781024 801234567
365781240 801234567
365781402 801234567
365782041 801234567
365782104 801234567
365782410 801234567
365784012 801234567
365784120 801234567
365784201 801234567
365801247 801234567
365801472 801234567
365801724 801234567
365802174 801234567
365802417 801234567
365802741 801234567
365804127 801234567
365804271 801234567
365804712 801234567
365807142 801234567
365807214 801234567
365807421 801234567
365810274 801234567
365810427 801234567
365810742 801234567
365812047 801234567
365812470 801234567
365812704 801234567
365814072 801234567
365814207 801234567
365814720 801234567
365817024 801234567
365817240 801234567
365817402 801234567
365820147 801234567
365820471 801234567
365820714 801234567
365821074 801234567
365821407 801234567
365821740 801234567
