671548203 801234567
671548320 801234567
671580243 801234567
671580324 801234567
671580432 801234567
671582034 801234567
671582340 801234567
671582403 801234567
671583042 801234567
671583204 801234567
671583420 801234567
671584023 801234567
671584230 801234567
671584302 801234567
671802345 801234567
671802453 801234567
671802534 801234567
671803254 801234567
671803425 801234567
671803542 801234567
671804235 801234567
671804352 801234567
671804523 801234567
671805243 801234567
671805324 801234567
671805432 801234567
671820354 801234567
671820435 801234567
671820543 801234567
671823045 801234567
671823450 801234567
671823504 801234567
671824053 801234567
671824305 801234567
671824530 801234567
671825034 801234567
671825340 801234567
671825403 801234567
671830245 801234567
671830452 801234567
671830524 801234567
671832054 801234567
671832405 801234567
671832540 801234567
671834025 801234567
671834250 801234567
671834502 801234567
671835042 801234567
671835204 801234567
671835420 801234567
671840253 801234567
671840325 801234567
671840532 801234567
671842035 801234567
671842350 801234567
671842503 801234567
671843052 801234567
671843205 801234567
671843520 801234567
671845023 801234567
671845230 801234567
671845302 801234567
671850234 801234567
671850342 801234567
671850423 801234567
671852043 801234567
671852304 801234567
671852430 801234567
671853024 801234567
671853240 801234567
671853402 801234567
671854032 801234567
671854203 801234567
671854320 801234567
672013458 801234567
672013584 801234567
672013845 801234567
672014385 801234567
672014538 801234567
672014853 801234567
672015348 801234567
672015483 801234567
672015834 801234567
672018354 801234567
672018435 801234567
672018543 801234567
672031485 801234567
672031548 801234567
672031854 801234567
672034158 801234567
672034581 801234567
672034815 801234567
672035184 801234567
672035418 801234567
672035841 801234567
672038145 801234567
672038451 801234567
672038514 801234567
672041358 801234567
672041583 801234567
672041835 801234567
672043185 801234567
672043518 801234567
672043851 801234567
672045138 801234567
672045381 801234567
672045813 801234567
672048153 801234567
672048315 801234567
672048531 801234567
672051384 801234567
672051438 801234567
672051843 801234567
672053148 801234567
672053481 801234567
672053814 801234567
672054183 801234567
672054318 801234567
672054831 801234567
672058134 801234567
672058341 801234567
672058413 801234567
672081345 801234567
672081453 801234567
672081534 801234567
672083154 801234567
672083415 801234567
672083541 801234567
672084135 801234567
672084351 801234567
672084513 801234567
672085143 801234567
672085314 801234567
672085431 801234567
672103485 801234567
672103548 801234567
672103854 801234567
672104358 801234567
672104583 801234567
672104835 801234567
672105384 801234567
672105438 801234567
672105843 801234567
672108345 801234567
672108453 801234567
672108534 801234567
672130458 801234567
672130584 801234567
672130845 801234567
672134085 801234567
672134508 801234567
672134850 801234567
672135048 801234567
672135480 801234567
672135804 801234567
672138054 801234567
672138405 801234567
672138540 801234567
672140385 801234567
672140538 801234567
672140853 801234567
672143058 801234567
672143580 801234567
672143805 801234567
672145083 801234567
672145308 801234567
672145830 801234567
672148035 801234567
672148350 801234567
672148503 801234567
672150348 801234567
672150483 801234567
672150834 801234567
672153084 801234567
672153408 801234567
672153840 801234567
672154038 801234567
672154380 801234567
672154803 801234567
672158043 801234567
672158304 801234567
672158430 801234567
672180354 801234567
672180435 801234567
672180543 801234567
672183045 801234567
672183450 801234567
672183504 801234567
672184053 801234567
672184305 801234567
672184530 801234567
672185034 801234567
672185340 801234567
672185403 801234567
672301458 801234567
672301584 801234567
672301845 801234567
672304185 801234567
672304518 801234567
672304851 801234567
672305148 801234567
672305481 801234567
672305814 801234567
672308154 801234567
672308415 801234567
672308541 801234567
672310485 801234567
672310548 801234567
672310854 801234567
672314058 801234567
672314580 801234567
672314805 801234567
672315084 801234567
672315408 801234567
672315840 801234567
672318045 801234567
672318450 801234567
672318504 801234567
672340158 801234567
672340581 801234567
672340815 801234567
672341085 801234567
672341508 801234567
672341850 801234567
672345018 801234567
672345180 801234567
672345801 801234567
672348051 801234567
672348105 801234567
672348510 801234567
672350184 801234567
672350418 801234567
672350841 801234567
672351048 801234567
672351480 801234567
672351804 801234567
672354081 801234567
672354108 801234567
672354810 801234567
672358014 801234567
672358140 801234567
672358401 801234567
672380145 801234567
672380451 801234567
672380514 801234567
672381054 801234567
672381405 801234567
672381540 801234567
672384015 801234567
672384150 801234567
672384501 801234567
672385041 801234567
672385104 801234567
672385410 801234567
672401385 801234567
672401538 801234567
672401853 801234567
672403158 801234567
672403581 801234567
672403815 801234567
672405183 801234567
672405318 801234567
672405831 801234567
672408135 801234567
672408351 801234567
672408513 801234567
672410358 801234567
672410583 801234567
672410835 801234567
672413085 801234567
672413508 801234567
672413850 801234567
672415038 801234567
672415380 801234567
672415803 801234567
672418053 801234567
672418305 801234567
672418530 801234567
672430185 801234567
672430518 801234567
672430851 801234567
672431058 801234567
672431580 801234567
672431805 801234567
672435081 801234567
672435108 801234567
672435810 801234567
672438015 801234567
672438150 801234567
672438501 801234567
672450138 801234567
672450381 801234567
672450813 801234567
672451083 801234567
672451308 801234567
672451830 801234567
672453018 801234567
672453180 801234567
672453801 801234567
672458031 801234567
672458103 801234567
672458310 801234567
672480153 801234567
672480315 801234567
672480531 801234567
672481035 801234567
672481350 801234567
672481503 801234567
672483051 801234567
672483105 801234567
672483510 801234567
672485013 801234567
672485130 801234567
672485301 801234567
672501348 801234567
672501483 801234567
672501834 801234567
672503184 801234567
672503418 801234567
672503841 801234567
672504138 801234567
672504381 801234567
672504813 801234567
672508143 801234567
672508314 801234567
672508431 801234567
672510384 801234567
672510438 801234567
672510843 801234567
672513048 801234567
672513480 801234567
672513804 801234567
672514083 801234567
672514308 801234567
672514830 801234567
672518034 801234567
672518340 801234567
672518403 801234567
672530148 801234567
672530481 801234567
672530814 801234567
672531084 801234567
672531408 801234567
672531840 801234567
672534018 801234567
672534180 801234567
672534801 801234567
672538041 801234567
672538104 801234567
672538410 801234567
672540183 801234567
672540318 801234567
672540831 801234567
672541038 801234567
672541380 801234567
672541803 801234567
672543081 801234567
672543108 801234567
672543810 801234567
672548013 801234567
672548130 801234567
672548301 801234567
672580134 801234567
672580341 801234567
672580413 801234567
672581043 801234567
672581304 801234567
672581430 801234567
672583014 801234567
672583140 801234567
672583401 801234567
672584031 801234567
672584103 801234567
672584310 801234567
672801354 801234567
672801435 801234567
672801543 801234567
672803145 801234567
672803451 801234567
672803514 801234567
672804153 801234567
672804315 801234567
672804531 801234567
672805134 801234567
672805341 801234567
672805413 801234567
672810345 801234567
672810453 801234567
672810534 801234567
672813054 801234567
672813405 801234567
672813540 801234567
672814035 801234567
672814350 801234567
672814503 801234567
672815043 801234567
672815304 801234567
672815430 801234567
672830154 801234567
672830415 801234567
672830541 801234567
672831045 801234567
672831450 801234567
672831504 801234567
672834051 801234567
672834105 801234567
672834510 801234567
672835014 801234567
672835140 801234567
672835401 801234567
672840135 801234567
672840351 801234567
672840513 801234567
672841053 801234567
672841305 801234567
672841530 801234567
672843015 801234567
672843150 801234567
672843501 801234567
672845031 801234567
672845103 801234567
672845310 801234567
672850143 801234567
672850314 801234567
672850431 801234567
672851034 801234567
672851340 801234567
672851403 801234567
672853041 801234567
672853104 801234567
672853410 801234567
672854013 801234567
672854130 801234567
672854301 801234567
673012485 801234567
673012548 801234567
673012854 801234567
673014258 801234567
673014582 801234567
673014825 801234567
673015284 801234567
673015428 801234567
673015842 801234567
673018245 801234567
673018452 801234567
673018524 801234567
673021458 801234567
673021584 801234567
673021845 801234567
673024185 801234567
673024518 801234567
673024851 801234567
673025148 801234567
673025481 801234567
673025814 801234567
673028154 801234567
673028415 801234567
673028541 801234567
673041285 801234567
673041528 801234567
673041852 801234567
673042158 801234567
673042581 801234567
673042815 801234567
673045182 801234567
673045218 801234567
673045821 801234567
673048125 801234567
673048251 801234567
673048512 801234567
673051248 801234567
673051482 801234567
673051824 801234567
673052184 801234567
673052418 801234567
673052841 801234567
673054128 801234567
673054281 801234567
673054812 801234567
673058142 801234567
673058214 801234567
673058421 801234567
673081254 801234567
673081425 801234567
673081542 801234567
673082145 801234567
673082451 801234567
673082514 801234567
673084152 801234567
673084215 801234567
673084521 801234567
673085124 801234567
673085241 801234567
673085412 801234567
673102458 801234567
673102584 801234567
673102845 801234567
673104285 801234567
673104528 801234567
