741325608 801234567
741325860 801234567
741326058 801234567
741326580 801234567
741326805 801234567
741328065 801234567
741328506 801234567
741328650 801234567
741350286 801234567
741350628 801234567
741350862 801234567
741352068 801234567
741352680 801234567
741352806 801234567
741356082 801234567
741356208 801234567
741356820 801234567
741358026 801234567
741358260 801234567
741358602 801234567
741360258 801234567
741360582 801234567
741360825 801234567
741362085 801234567
741362508 801234567
741362850 801234567
741365028 801234567
741365280 801234567
741365802 801234567
741368052 801234567
741368205 801234567
741368520 801234567
741380265 801234567
741380526 801234567
741380652 801234567
741382056 801234567
741382560 801234567
741382605 801234567
741385062 801234567
741385206 801234567
741385620 801234567
741386025 801234567
741386250 801234567
741386502 801234567
741502368 801234567
741502683 801234567
741502836 801234567
741503286 801234567
741503628 801234567
741503862 801234567
741506238 801234567
741506382 801234567
741506823 801234567
741508263 801234567
741508326 801234567
741508632 801234567
741520386 801234567
741520638 801234567
741520863 801234567
741523068 801234567
741523680 801234567
741523806 801234567
741526083 801234567
741526308 801234567
741526830 801234567
741528036 801234567
741528360 801234567
741528603 801234567
741530268 801234567
741530682 801234567
741530826 801234567
741532086 801234567
741532608 801234567
741532860 801234567
741536028 801234567
741536280 801234567
741536802 801234567
741538062 801234567
741538206 801234567
741538620 801234567
741560283 801234567
741560328 801234567
741560832 801234567
741562038 801234567
741562380 801234567
741562803 801234567
741563082 801234567
741563208 801234567
741563820 801234567
741568023 801234567
741568230 801234567
741568302 801234567
741580236 801234567
741580362 801234567
741580623 801234567
741582063 801234567
741582306 801234567
741582630 801234567
741583026 801234567
741583260 801234567
741583602 801234567
741586032 801234567
741586203 801234567
741586320 801234567
741602385 801234567
741602538 801234567
741602853 801234567
741603258 801234567
741603582 801234567
741603825 801234567
741605283 801234567
741605328 801234567
741605832 801234567
741608235 801234567
741608352 801234567
741608523 801234567
741620358 801234567
741620583 801234567
741620835 801234567
741623085 801234567
741623508 801234567
741623850 801234567
741625038 801234567
741625380 801234567
741625803 801234567
741628053 801234567
741628305 801234567
741628530 801234567
741630285 801234567
741630528 801234567
741630852 801234567
741632058 801234567
741632580 801234567
741632805 801234567
741635082 801234567
741635208 801234567
741635820 801234567
741638025 801234567
741638250 801234567
741638502 801234567
741650238 801234567
741650382 801234567
741650823 801234567
741652083 801234567
741652308 801234567
741652830 801234567
741653028 801234567
741653280 801234567
741653802 801234567
741658032 801234567
741658203 801234567
741658320 801234567
741680253 801234567
741680325 801234567
741680532 801234567
741682035 801234567
741682350 801234567
741682503 801234567
741683052 801234567
741683205 801234567
741683520 801234567
741685023 801234567
741685230 801234567
741685302 801234567
741802356 801234567
741802563 801234567
741802635 801234567
741803265 801234567
741803526 801234567
741803652 801234567
741805236 801234567
741805362 801234567
741805623 801234567
741806253 801234567
741806325 801234567
741806532 801234567
741820365 801234567
741820536 801234567
741820653 801234567
741823056 801234567
741823560 801234567
741823605 801234567
741825063 801234567
741825306 801234567
741825630 801234567
741826035 801234567
741826350 801234567
741826503 801234567
741830256 801234567
741830562 801234567
741830625 801234567
741832065 801234567
741832506 801234567
741832650 801234567
741835026 801234567
741835260 801234567
741835602 801234567
741836052 801234567
741836205 801234567
741836520 801234567
741850263 801234567
741850326 801234567
741850632 801234567
741852036 801234567
741852360 801234567
741852603 801234567
741853062 801234567
741853206 801234567
741853620 801234567
741856023 801234567
741856230 801234567
741856302 801234567
741860235 801234567
741860352 801234567
741860523 801234567
741862053 801234567
741862305 801234567
741862530 801234567
741863025 801234567
741863250 801234567
741863502 801234567
741865032 801234567
741865203 801234567
741865320 801234567
742013568 801234567
742013685 801234567
742013856 801234567
742015386 801234567
742015638 801234567
742015863 801234567
742016358 801234567
742016583 801234567
742016835 801234567
742018365 801234567
742018536 801234567
742018653 801234567
742031586 801234567
742031658 801234567
742031865 801234567
742035168 801234567
742035681 801234567
742035816 801234567
742036185 801234567
742036518 801234567
742036851 801234567
742038156 801234567
742038561 801234567
742038615 801234567
742051368 801234567
742051683 801234567
742051836 801234567
742053186 801234567
742053618 801234567
742053861 801234567
742056138 801234567
742056381 801234567
742056813 801234567
742058163 801234567
742058316 801234567
742058631 801234567
742061385 801234567
742061538 801234567
742061853 801234567
742063158 801234567
742063581 801234567
742063815 801234567
742065183 801234567
742065318 801234567
742065831 801234567
742068135 801234567
742068351 801234567
742068513 801234567
742081356 801234567
742081563 801234567
742081635 801234567
742083165 801234567
742083516 801234567
742083651 801234567
742085136 801234567
742085361 801234567
742085613 801234567
742086153 801234567
742086315 801234567
742086531 801234567
742103586 801234567
742103658 801234567
742103865 801234567
742105368 801234567
742105683 801234567
742105836 801234567
742106385 801234567
742106538 801234567
742106853 801234567
742108356 801234567
742108563 801234567
742108635 801234567
742130568 801234567
742130685 801234567
742130856 801234567
742135086 801234567
742135608 801234567
742135860 801234567
742136058 801234567
742136580 801234567
742136805 801234567
742138065 801234567
742138506 801234567
742138650 801234567
742150386 801234567
742150638 801234567
742150863 801234567
742153068 801234567
742153680 801234567
742153806 801234567
742156083 801234567
742156308 801234567
742156830 801234567
742158036 801234567
742158360 801234567
742158603 801234567
742160358 801234567
742160583 801234567
742160835 801234567
742163085 801234567
742163508 801234567
742163850 801234567
742165038 801234567
742165380 801234567
742165803 801234567
742168053 801234567
742168305 801234567
742168530 801234567
742180365 801234567
742180536 801234567
742180653 801234567
742183056 801234567
742183560 801234567
742183605 801234567
742185063 801234567
742185306 801234567
742185630 801234567
742186035 801234567
742186350 801234567
742186503 801234567
742301568 801234567
742301685 801234567
742301856 801234567
742305186 801234567
742305618 801234567
742305861 801234567
742306158 801234567
742306581 801234567
742306815 801234567
742308165 801234567
742308516 801234567
742308651 801234567
742310586 801234567
742310658 801234567
742310865 801234567
742315068 801234567
742315680 801234567
742315806 801234567
742316085 801234567
742316508 801234567
742316850 801234567
742318056 801234567
742318560 801234567
742318605 801234567
742350168 801234567
742350681 801234567
742350816 801234567
742351086 801234567
742351608 801234567
742351860 801234567
742356018 801234567
742356180 801234567
742356801 801234567
742358061 801234567
742358106 801234567
742358610 801234567
742360185 801234567
742360518 801234567
742360851 801234567
742361058 801234567
742361580 801234567
742361805 801234567
742365081 801234567
742365108 801234567
742365810 801234567
742368015 801234567
742368150 801234567
742368501 801234567
742380156 801234567
742380561 801234567
742380615 801234567
742381065 801234567
742381506 801234567
742381650 801234567
742385016 801234567
742385160 801234567
742385601 801234567
742386051 801234567
742386105 801234567
742386510 801234567
742501386 801234567
742501638 801234567
742501863 801234567
742503168 801234567
742503681 801234567
742503816 801234567
742506183 801234567
742506318 801234567
742506831 801234567
742508136 801234567
742508361 801234567
742508613 801234567
742510368 801234567
742510683 801234567
742510836 801234567
742513086 801234567
742513608 801234567
742513860 801234567
742516038 801234567
742516380 801234567
742516803 801234567
742518063 801234567
742518306 801234567
742518630 801234567
742530186 801234567
742530618 801234567
742530861 801234567
742531068 801234567
742531680 801234567
742531806 801234567
742536081 801234567
742536108 801234567
742536810 801234567
742538016 801234567
742538160 801234567
742538601 801234567
742560138 801234567
742560381 801234567
742560813 801234567
742561083 801234567
742561308 801234567
742561830 801234567
742563018 801234567
742563180 801234567
742563801 801234567
742568031 801234567
742568103 801234567
742568310 801234567
742580163 801234567
742580316 801234567
742580631 801234567
742581036 801234567
742581360 801234567
742581603 801234567
742583061 801234567
742583106 801234567
742583610 801234567
742586013 801234567
742586130 801234567
742586301 801234567
742601358 801234567
742601583 801234567
742601835 801234567
742603185 801234567
742603518 801234567
742603851 801234567
742605138 801234567
742605381 801234567
742605813 801234567
742608153 801234567
742608315 801234567
742608531 801234567
742610385 801234567
742610538 801234567
742610853 801234567
742613058 801234567
742613580 801234567
742613805 801234567
742615083 801234567
742615308 801234567
742615830 801234567
742618035 801234567
742618350 801234567
742618503 801234567
742630158 801234567
742630581 801234567
742630815 801234567
742631085 801234567
742631508 801234567
742631850 801234567
742635018 801234567
742635180 801234567
742635801 801234567
742638051 801234567
742638105 801234567
