018746523 801234567
018752346 801234567
018752463 801234567
018752634 801234567
018753264 801234567
018753426 801234567
018753642 801234567
018754236 801234567
018754362 801234567
018754623 801234567
018756243 801234567
018756324 801234567
018756432 801234567
018762354 801234567
018762435 801234567
018762543 801234567
018763245 801234567
018763452 801234567
018763524 801234567
018764253 801234567
018764325 801234567
018764532 801234567
018765234 801234567
018765342 801234567
018765423 801234567
021345687 801234567
021345768 801234567
021345876 801234567
021346578 801234567
021346785 801234567
021346857 801234567
021347586 801234567
021347658 801234567
021347865 801234567
021348567 801234567
021348675 801234567
021348756 801234567
021354678 801234567
021354786 801234567
021354867 801234567
021356487 801234567
021356748 801234567
021356874 801234567
021357468 801234567
021357684 801234567
021357846 801234567
021358476 801234567
021358647 801234567
021358764 801234567
021364587 801234567
021364758 801234567
021364875 801234567
021365478 801234567
021365784 801234567
021365847 801234567
021367485 801234567
021367548 801234567
021367854 801234567
021368457 801234567
021368574 801234567
021368745 801234567
021374568 801234567
021374685 801234567
021374856 801234567
021375486 801234567
021375648 801234567
021375864 801234567
021376458 801234567
021376584 801234567
021376845 801234567
021378465 801234567
021378546 801234567
021378654 801234567
021384576 801234567
021384657 801234567
021384765 801234567
021385467 801234567
021385674 801234567
021385746 801234567
021386475 801234567
021386547 801234567
021386754 801234567
021387456 801234567
021387564 801234567
021387645 801234567
021435678 801234567
021435786 801234567
021435867 801234567
021436587 801234567
021436758 801234567
021436875 801234567
021437568 801234567
021437685 801234567
021437856 801234567
021438576 801234567
021438657 801234567
021438765 801234567
021453687 801234567
021453768 801234567
021453876 801234567
021456378 801234567
021456783 801234567
021456837 801234567
021457386 801234567
021457638 801234567
021457863 801234567
021458367 801234567
021458673 801234567
021458736 801234567
021463578 801234567
021463785 801234567
021463857 801234567
021465387 801234567
021465738 801234567
021465873 801234567
021467358 801234567
021467583 801234567
021467835 801234567
021468375 801234567
021468537 801234567
021468753 801234567
021473586 801234567
021473658 801234567
021473865 801234567
021475368 801234567
021475683 801234567
021475836 801234567
021476385 801234567
021476538 801234567
021476853 801234567
021478356 801234567
021478563 801234567
021478635 801234567
021483567 801234567
021483675 801234567
021483756 801234567
021485376 801234567
021485637 801234567
021485763 801234567
021486357 801234567
021486573 801234567
021486735 801234567
021487365 801234567
021487536 801234567
021487653 801234567
021534687 801234567
021534768 801234567
021534876 801234567
021536478 801234567
021536784 801234567
021536847 801234567
021537486 801234567
021537648 801234567
021537864 801234567
021538467 801234567
021538674 801234567
021538746 801234567
021543678 801234567
021543786 801234567
021543867 801234567
021546387 801234567
021546738 801234567
021546873 801234567
021547368 801234567
021547683 801234567
021547836 801234567
021548376 801234567
021548637 801234567
021548763 801234567
021563487 801234567
021563748 801234567
021563874 801234567
021564378 801234567
021564783 801234567
021564837 801234567
021567384 801234567
021567438 801234567
021567843 801234567
021568347 801234567
021568473 801234567
021568734 801234567
021573468 801234567
021573684 801234567
021573846 801234567
021574386 801234567
021574638 801234567
021574863 801234567
021576348 801234567
021576483 801234567
021576834 801234567
021578364 801234567
021578436 801234567
021578643 801234567
021583476 801234567
021583647 801234567
021583764 801234567
021584367 801234567
021584673 801234567
021584736 801234567
021586374 801234567
021586437 801234567
021586743 801234567
021587346 801234567
021587463 801234567
021587634 801234567
021634578 801234567
021634785 801234567
021634857 801234567
021635487 801234567
021635748 801234567
021635874 801234567
021637458 801234567
021637584 801234567
021637845 801234567
021638475 801234567
021638547 801234567
021638754 801234567
021643587 801234567
021643758 801234567
021643875 801234567
021645378 801234567
021645783 801234567
021645837 801234567
021647385 801234567
021647538 801234567
021647853 801234567
021648357 801234567
021648573 801234567
021648735 801234567
021653478 801234567
021653784 801234567
021653847 801234567
021654387 801234567
021654738 801234567
021654873 801234567
021657348 801234567
021657483 801234567
021657834 801234567
021658374 801234567
021658437 801234567
021658743 801234567
021673485 801234567
021673548 801234567
021673854 801234567
021674358 801234567
021674583 801234567
021674835 801234567
021675384 801234567
021675438 801234567
021675843 801234567
021678345 801234567
021678453 801234567
021678534 801234567
021683457 801234567
021683574 801234567
021683745 801234567
021684375 801234567
021684537 801234567
021684753 801234567
021685347 801234567
021685473 801234567
021685734 801234567
021687354 801234567
021687435 801234567
021687543 801234567
021734586 801234567
021734658 801234567
021734865 801234567
021735468 801234567
021735684 801234567
021735846 801234567
021736485 801234567
021736548 801234567
021736854 801234567
021738456 801234567
021738564 801234567
021738645 801234567
021743568 801234567
021743685 801234567
021743856 801234567
021745386 801234567
021745638 801234567
021745863 801234567
021746358 801234567
021746583 801234567
021746835 801234567
021748365 801234567
021748536 801234567
021748653 801234567
021753486 801234567
021753648 801234567
021753864 801234567
021754368 801234567
021754683 801234567
021754836 801234567
021756384 801234567
021756438 801234567
021756843 801234567
021758346 801234567
021758463 801234567
021758634 801234567
021763458 801234567
021763584 801234567
021763845 801234567
021764385 801234567
021764538 801234567
021764853 801234567
021765348 801234567
021765483 801234567
021765834 801234567
021768354 801234567
021768435 801234567
021768543 801234567
021783465 801234567
021783546 801234567
021783654 801234567
021784356 801234567
021784563 801234567
021784635 801234567
021785364 801234567
021785436 801234567
021785643 801234567
021786345 801234567
021786453 801234567
021786534 801234567
021834567 801234567
021834675 801234567
021834756 801234567
021835476 801234567
021835647 801234567
021835764 801234567
021836457 801234567
021836574 801234567
021836745 801234567
021837465 801234567
021837546 801234567
021837654 801234567
021843576 801234567
021843657 801234567
021843765 801234567
021845367 801234567
021845673 801234567
021845736 801234567
021846375 801234567
021846537 801234567
021846753 801234567
021847356 801234567
021847563 801234567
021847635 801234567
021853467 801234567
021853674 801234567
021853746 801234567
021854376 801234567
021854637 801234567
021854763 801234567
021856347 801234567
021856473 801234567
021856734 801234567
021857364 801234567
021857436 801234567
021857643 801234567
021863475 801234567
021863547 801234567
021863754 801234567
021864357 801234567
021864573 801234567
021864735 801234567
021865374 801234567
021865437 801234567
021865743 801234567
021867345 801234567
021867453 801234567
021867534 801234567
021873456 801234567
021873564 801234567
021873645 801234567
021874365 801234567
021874536 801234567
021874653 801234567
021875346 801234567
021875463 801234567
021875634 801234567
021876354 801234567
021876435 801234567
021876543 801234567
023145678 801234567
023145786 801234567
023145867 801234567
023146587 801234567
023146758 801234567
023146875 801234567
023147568 801234567
023147685 801234567
023147856 801234567
023148576 801234567
023148657 801234567
023148765 801234567
023154687 801234567
023154768 801234567
023154876 801234567
023156478 801234567
023156784 801234567
023156847 801234567
023157486 801234567
023157648 801234567
023157864 801234567
023158467 801234567
023158674 801234567
023158746 801234567
023164578 801234567
023164785 801234567
023164857 801234567
023165487 801234567
023165748 801234567
023165874 801234567
023167458 801234567
023167584 801234567
023167845 801234567
023168475 801234567
023168547 801234567
023168754 801234567
023174586 801234567
023174658 801234567
023174865 801234567
023175468 801234567
023175684 801234567
023175846 801234567
023176485 801234567
023176548 801234567
023176854 801234567
023178456 801234567
023178564 801234567
023178645 801234567
023184567 801234567
023184675 801234567
023184756 801234567
023185476 801234567
023185647 801234567
023185764 801234567
023186457 801234567
023186574 801234567
023186745 801234567
023187465 801234567
023187546 801234567
023187654 801234567
023415687 801234567
023415768 801234567
023415876 801234567
023416578 801234567
023416785 801234567
023416857 801234567
023417586 801234567
023417658 801234567
023417865 801234567
023418567 801234567
023418675 801234567
023418756 801234567
023451678 801234567
023451786 801234567
023451867 801234567
023456187 801234567
023456718 801234567
023456871 801234567
023457168 801234567
023457681 801234567
023457816 801234567
023458176 801234567
023458617 801234567
023458761 801234567
023461587 801234567
023461758 801234567
023461875 801234567
023465178 801234567
023465781 801234567
023465817 801234567
023467185 801234567
023467518 801234567
023467851 801234567
023468157 801234567
023468571 801234567
023468715 801234567
023471568 801234567
023471685 801234567
023471856 801234567
023475186 801234567
023475618 801234567
023475861 801234567
023476158 801234567
023476581 801234567
023476815 801234567
023478165 801234567
023478516 801234567
023478651 801234567
023481576 801234567
023481657 801234567
023481765 801234567
023485167 801234567
023485671 801234567
023485716 801234567
