713860524 801234567
713862054 801234567
713862405 801234567
713862540 801234567
713864025 801234567
713864250 801234567
713864502 801234567
713865042 801234567
713865204 801234567
713865420 801234567
714023568 801234567
714023685 801234567
714023856 801234567
714025386 801234567
714025638 801234567
714025863 801234567
714026358 801234567
714026583 801234567
714026835 801234567
714028365 801234567
714028536 801234567
714028653 801234567
714032586 801234567
714032658 801234567
714032865 801234567
714035268 801234567
714035682 801234567
714035826 801234567
714036285 801234567
714036528 801234567
714036852 801234567
714038256 801234567
714038562 801234567
714038625 801234567
714052368 801234567
714052683 801234567
714052836 801234567
714053286 801234567
714053628 801234567
714053862 801234567
714056238 801234567
714056382 801234567
714056823 801234567
714058263 801234567
714058326 801234567
714058632 801234567
714062385 801234567
714062538 801234567
714062853 801234567
714063258 801234567
714063582 801234567
714063825 801234567
714065283 801234567
714065328 801234567
714065832 801234567
714068235 801234567
714068352 801234567
714068523 801234567
714082356 801234567
714082563 801234567
714082635 801234567
714083265 801234567
714083526 801234567
714083652 801234567
714085236 801234567
714085362 801234567
714085623 801234567
714086253 801234567
714086325 801234567
714086532 801234567
714203586 801234567
714203658 801234567
714203865 801234567
714205368 801234567
714205683 801234567
714205836 801234567
714206385 801234567
714206538 801234567
714206853 801234567
714208356 801234567
714208563 801234567
714208635 801234567
714230568 801234567
714230685 801234567
714230856 801234567
714235086 801234567
714235608 801234567
714235860 801234567
714236058 801234567
714236580 801234567
714236805 801234567
714238065 801234567
714238506 801234567
714238650 801234567
714250386 801234567
714250638 801234567
714250863 801234567
714253068 801234567
714253680 801234567
714253806 801234567
714256083 801234567
714256308 801234567
714256830 801234567
714258036 801234567
714258360 801234567
714258603 801234567
714260358 801234567
714260583 801234567
714260835 801234567
714263085 801234567
714263508 801234567
714263850 801234567
714265038 801234567
714265380 801234567
714265803 801234567
714268053 801234567
714268305 801234567
714268530 801234567
714280365 801234567
714280536 801234567
714280653 801234567
714283056 801234567
714283560 801234567
714283605 801234567
714285063 801234567
714285306 801234567
714285630 801234567
714286035 801234567
714286350 801234567
714286503 801234567
714302568 801234567
714302685 801234567
714302856 801234567
714305286 801234567
714305628 801234567
714305862 801234567
714306258 801234567
714306582 801234567
714306825 801234567
714308265 801234567
714308526 801234567
714308652 801234567
714320586 801234567
714320658 801234567
714320865 801234567
714325068 801234567
714325680 801234567
714325806 801234567
714326085 801234567
714326508 801234567
714326850 801234567
714328056 801234567
714328560 801234567
714328605 801234567
714350268 801234567
714350682 801234567
714350826 801234567
714352086 801234567
714352608 801234567
714352860 801234567
714356028 801234567
714356280 801234567
714356802 801234567
714358062 801234567
714358206 801234567
714358620 801234567
714360285 801234567
714360528 801234567
714360852 801234567
714362058 801234567
714362580 801234567
714362805 801234567
714365082 801234567
714365208 801234567
714365820 801234567
714368025 801234567
714368250 801234567
714368502 801234567
714380256 801234567
714380562 801234567
714380625 801234567
714382065 801234567
714382506 801234567
714382650 801234567
714385026 801234567
714385260 801234567
714385602 801234567
714386052 801234567
714386205 801234567
714386520 801234567
714502386 801234567
714502638 801234567
714502863 801234567
714503268 801234567
714503682 801234567
714503826 801234567
714506283 801234567
714506328 801234567
714506832 801234567
714508236 801234567
714508362 801234567
714508623 801234567
714520368 801234567
714520683 801234567
714520836 801234567
714523086 801234567
714523608 801234567
714523860 801234567
714526038 801234567
714526380 801234567
714526803 801234567
714528063 801234567
714528306 801234567
714528630 801234567
714530286 801234567
714530628 801234567
714530862 801234567
714532068 801234567
714532680 801234567
714532806 801234567
714536082 801234567
714536208 801234567
714536820 801234567
714538026 801234567
714538260 801234567
714538602 801234567
714560238 801234567
714560382 801234567
714560823 801234567
714562083 801234567
714562308 801234567
714562830 801234567
714563028 801234567
714563280 801234567
714563802 801234567
714568032 801234567
714568203 801234567
714568320 801234567
714580263 801234567
714580326 801234567
714580632 801234567
714582036 801234567
714582360 801234567
714582603 801234567
714583062 801234567
714583206 801234567
714583620 801234567
714586023 801234567
714586230 801234567
714586302 801234567
714602358 801234567
714602583 801234567
714602835 801234567
714603285 801234567
714603528 801234567
714603852 801234567
714605238 801234567
714605382 801234567
714605823 801234567
714608253 801234567
714608325 801234567
714608532 801234567
714620385 801234567
714620538 801234567
714620853 801234567
714623058 801234567
714623580 801234567
714623805 801234567
714625083 801234567
714625308 801234567
714625830 801234567
714628035 801234567
714628350 801234567
714628503 801234567
714630258 801234567
714630582 801234567
714630825 801234567
714632085 801234567
714632508 801234567
714632850 801234567
714635028 801234567
714635280 801234567
714635802 801234567
714638052 801234567
714638205 801234567
714638520 801234567
714650283 801234567
714650328 801234567
714650832 801234567
714652038 801234567
714652380 801234567
714652803 801234567
714653082 801234567
714653208 801234567
714653820 801234567
714658023 801234567
714658230 801234567
714658302 801234567
714680235 801234567
714680352 801234567
714680523 801234567
714682053 801234567
714682305 801234567
714682530 801234567
714683025 801234567
714683250 801234567
714683502 801234567
714685032 801234567
714685203 801234567
714685320 801234567
714802365 801234567
714802536 801234567
714802653 801234567
714803256 801234567
714803562 801234567
714803625 801234567
714805263 801234567
714805326 801234567
714805632 801234567
714806235 801234567
714806352 801234567
714806523 801234567
714820356 801234567
714820563 801234567
714820635 801234567
714823065 801234567
714823506 801234567
714823650 801234567
714825036 801234567
714825360 801234567
714825603 801234567
714826053 801234567
714826305 801234567
714826530 801234567
714830265 801234567
714830526 801234567
714830652 801234567
714832056 801234567
714832560 801234567
714832605 801234567
714835062 801234567
714835206 801234567
714835620 801234567
714836025 801234567
714836250 801234567
714836502 801234567
714850236 801234567
714850362 801234567
714850623 801234567
714852063 801234567
714852306 801234567
714852630 801234567
714853026 801234567
714853260 801234567
714853602 801234567
714856032 801234567
714856203 801234567
714856320 801234567
714860253 801234567
714860325 801234567
714860532 801234567
714862035 801234567
714862350 801234567
714862503 801234567
714863052 801234567
714863205 801234567
714863520 801234567
714865023 801234567
714865230 801234567
714865302 801234567
715023486 801234567
715023648 801234567
715023864 801234567
715024368 801234567
715024683 801234567
715024836 801234567
715026384 801234567
715026438 801234567
715026843 801234567
715028346 801234567
715028463 801234567
715028634 801234567
715032468 801234567
715032684 801234567
715032846 801234567
715034286 801234567
715034628 801234567
715034862 801234567
715036248 801234567
715036482 801234567
715036824 801234567
715038264 801234567
715038426 801234567
715038642 801234567
715042386 801234567
715042638 801234567
715042863 801234567
715043268 801234567
715043682 801234567
715043826 801234567
715046283 801234567
715046328 801234567
715046832 801234567
715048236 801234567
715048362 801234567
715048623 801234567
715062348 801234567
715062483 801234567
715062834 801234567
715063284 801234567
715063428 801234567
715063842 801234567
715064238 801234567
715064382 801234567
715064823 801234567
715068243 801234567
715068324 801234567
715068432 801234567
715082364 801234567
715082436 801234567
715082643 801234567
715083246 801234567
715083462 801234567
715083624 801234567
715084263 801234567
715084326 801234567
715084632 801234567
715086234 801234567
715086342 801234567
715086423 801234567
715203468 801234567
715203684 801234567
715203846 801234567
715204386 801234567
715204638 801234567
715204863 801234567
715206348 801234567
715206483 801234567
715206834 801234567
715208364 801234567
715208436 801234567
715208643 801234567
715230486 801234567
715230648 801234567
715230864 801234567
715234068 801234567
715234680 801234567
715234806 801234567
715236084 801234567
715236408 801234567
715236840 801234567
715238046 801234567
715238460 801234567
715238604 801234567
715240368 801234567
715240683 801234567
715240836 801234567
715243086 801234567
715243608 801234567
715243860 801234567
715246038 801234567
715246380 801234567
715246803 801234567
715248063 801234567
715248306 801234567
715248630 801234567
715260384 801234567
715260438 801234567
715260843 801234567
715263048 801234567
715263480 801234567
715263804 801234567
715264083 801234567
715264308 801234567
715264830 801234567
715268034 801234567
715268340 801234567
715268403 801234567
715280346 801234567
715280463 801234567
715280634 801234567
715283064 801234567
715283406 801234567
715283640 801234567
715284036 801234567
715284360 801234567
715284603 801234567
715286043 801234567
715286304 801234567
715286430 801234567
715302486 801234567
715302648 801234567
715302864 801234567
715304268 801234567
715304682 801234567
715304826 801234567
715306284 801234567
715306428 801234567
715306842 801234567
