654380271 801234567
654380712 801234567
654381072 801234567
654381207 801234567
654381720 801234567
654382017 801234567
654382170 801234567
654382701 801234567
654387021 801234567
654387102 801234567
654387210 801234567
654701283 801234567
654701328 801234567
654701832 801234567
654702138 801234567
654702381 801234567
654702813 801234567
654703182 801234567
654703218 801234567
654703821 801234567
654708123 801234567
654708231 801234567
654708312 801234567
654710238 801234567
654710382 801234567
654710823 801234567
654712083 801234567
654712308 801234567
654712830 801234567
654713028 801234567
654713280 801234567
654713802 801234567
654718032 801234567
654718203 801234567
654718320 801234567
654720183 801234567
654720318 801234567
654720831 801234567
654721038 801234567
654721380 801234567
654721803 801234567
654723081 801234567
654723108 801234567
654723810 801234567
654728013 801234567
654728130 801234567
654728301 801234567
654730128 801234567
654730281 801234567
654730812 801234567
654731082 801234567
654731208 801234567
654731820 801234567
654732018 801234567
654732180 801234567
654732801 801234567
654738021 801234567
654738102 801234567
654738210 801234567
654780132 801234567
654780213 801234567
654780321 801234567
654781023 801234567
654781230 801234567
654781302 801234567
654782031 801234567
654782103 801234567
654782310 801234567
654783012 801234567
654783120 801234567
654783201 801234567
654801237 801234567
654801372 801234567
654801723 801234567
654802173 801234567
654802317 801234567
654802731 801234567
654803127 801234567
654803271 801234567
654803712 801234567
654807132 801234567
654807213 801234567
654807321 801234567
654810273 801234567
654810327 801234567
654810732 801234567
654812037 801234567
654812370 801234567
654812703 801234567
654813072 801234567
654813207 801234567
654813720 801234567
654817023 801234567
654817230 801234567
654817302 801234567
654820137 801234567
654820371 801234567
654820713 801234567
654821073 801234567
654821307 801234567
654821730 801234567
654823017 801234567
654823170 801234567
654823701 801234567
654827031 801234567
654827103 801234567
654827310 801234567
654830172 801234567
654830217 801234567
654830721 801234567
654831027 801234567
654831270 801234567
654831702 801234567
654832071 801234567
654832107 801234567
654832710 801234567
654837012 801234567
654837120 801234567
654837201 801234567
654870123 801234567
654870231 801234567
654870312 801234567
654871032 801234567
654871203 801234567
654871320 801234567
654872013 801234567
654872130 801234567
654872301 801234567
654873021 801234567
654873102 801234567
654873210 801234567
657012348 801234567
657012483 801234567
657012834 801234567
657013284 801234567
657013428 801234567
657013842 801234567
657014238 801234567
657014382 801234567
657014823 801234567
657018243 801234567
657018324 801234567
657018432 801234567
657021384 801234567
657021438 801234567
657021843 801234567
657023148 801234567
657023481 801234567
657023814 801234567
657024183 801234567
657024318 801234567
657024831 801234567
657028134 801234567
657028341 801234567
657028413 801234567
657031248 801234567
657031482 801234567
657031824 801234567
657032184 801234567
657032418 801234567
657032841 801234567
657034128 801234567
657034281 801234567
657034812 801234567
657038142 801234567
657038214 801234567
657038421 801234567
657041283 801234567
657041328 801234567
657041832 801234567
657042138 801234567
657042381 801234567
657042813 801234567
657043182 801234567
657043218 801234567
657043821 801234567
657048123 801234567
657048231 801234567
657048312 801234567
657081234 801234567
657081342 801234567
657081423 801234567
657082143 801234567
657082314 801234567
657082431 801234567
657083124 801234567
657083241 801234567
657083412 801234567
657084132 801234567
657084213 801234567
657084321 801234567
657102384 801234567
657102438 801234567
657102843 801234567
657103248 801234567
657103482 801234567
657103824 801234567
657104283 801234567
657104328 801234567
657104832 801234567
657108234 801234567
657108342 801234567
657108423 801234567
657120348 801234567
657120483 801234567
657120834 801234567
657123084 801234567
657123408 801234567
657123840 801234567
657124038 801234567
657124380 801234567
657124803 801234567
657128043 801234567
657128304 801234567
657128430 801234567
657130284 801234567
657130428 801234567
657130842 801234567
657132048 801234567
657132480 801234567
657132804 801234567
657134082 801234567
657134208 801234567
657134820 801234567
657138024 801234567
657138240 801234567
657138402 801234567
657140238 801234567
657140382 801234567
657140823 801234567
657142083 801234567
657142308 801234567
657142830 801234567
657143028 801234567
657143280 801234567
657143802 801234567
657148032 801234567
657148203 801234567
657148320 801234567
657180243 801234567
657180324 801234567
657180432 801234567
657182034 801234567
657182340 801234567
657182403 801234567
657183042 801234567
657183204 801234567
657183420 801234567
657184023 801234567
657184230 801234567
657184302 801234567
657201348 801234567
657201483 801234567
657201834 801234567
657203184 801234567
657203418 801234567
657203841 801234567
657204138 801234567
657204381 801234567
657204813 801234567
657208143 801234567
657208314 801234567
657208431 801234567
657210384 801234567
657210438 801234567
657210843 801234567
657213048 801234567
657213480 801234567
657213804 801234567
657214083 801234567
657214308 801234567
657214830 801234567
657218034 801234567
657218340 801234567
657218403 801234567
657230148 801234567
657230481 801234567
657230814 801234567
657231084 801234567
657231408 801234567
657231840 801234567
657234018 801234567
657234180 801234567
657234801 801234567
657238041 801234567
657238104 801234567
657238410 801234567
657240183 801234567
657240318 801234567
657240831 801234567
657241038 801234567
657241380 801234567
657241803 801234567
657243081 801234567
657243108 801234567
657243810 801234567
657248013 801234567
657248130 801234567
657248301 801234567
657280134 801234567
657280341 801234567
657280413 801234567
657281043 801234567
657281304 801234567
657281430 801234567
657283014 801234567
657283140 801234567
657283401 801234567
657284031 801234567
657284103 801234567
657284310 801234567
657301284 801234567
657301428 801234567
657301842 801234567
657302148 801234567
657302481 801234567
657302814 801234567
657304182 801234567
657304218 801234567
657304821 801234567
657308124 801234567
657308241 801234567
657308412 801234567
657310248 801234567
657310482 801234567
657310824 801234567
657312084 801234567
657312408 801234567
657312840 801234567
657314028 801234567
657314280 801234567
657314802 801234567
657318042 801234567
657318204 801234567
657318420 801234567
657320184 801234567
657320418 801234567
657320841 801234567
657321048 801234567
657321480 801234567
657321804 801234567
657324081 801234567
657324108 801234567
657324810 801234567
657328014 801234567
657328140 801234567
657328401 801234567
657340128 801234567
657340281 801234567
657340812 801234567
657341082 801234567
657341208 801234567
657341820 801234567
657342018 801234567
657342180 801234567
657342801 801234567
657348021 801234567
657348102 801234567
657348210 801234567
657380142 801234567
657380214 801234567
657380421 801234567
657381024 801234567
657381240 801234567
657381402 801234567
657382041 801234567
657382104 801234567
657382410 801234567
657384012 801234567
657384120 801234567
657384201 801234567
657401238 801234567
657401382 801234567
657401823 801234567
657402183 801234567
657402318 801234567
657402831 801234567
657403128 801234567
657403281 801234567
657403812 801234567
657408132 801234567
657408213 801234567
657408321 801234567
657410283 801234567
657410328 801234567
657410832 801234567
657412038 801234567
657412380 801234567
657412803 801234567
657413082 801234567
657413208 801234567
657413820 801234567
657418023 801234567
657418230 801234567
657418302 801234567
657420138 801234567
657420381 801234567
657420813 801234567
657421083 801234567
657421308 801234567
657421830 801234567
657423018 801234567
657423180 801234567
657423801 801234567
657428031 801234567
657428103 801234567
657428310 801234567
657430182 801234567
657430218 801234567
657430821 801234567
657431028 801234567
657431280 801234567
657431802 801234567
657432081 801234567
657432108 801234567
657432810 801234567
657438012 801234567
657438120 801234567
657438201 801234567
657480123 801234567
657480231 801234567
657480312 801234567
657481032 801234567
657481203 801234567
657481320 801234567
657482013 801234567
657482130 801234567
657482301 801234567
657483021 801234567
657483102 801234567
657483210 801234567
657801243 801234567
657801324 801234567
657801432 801234567
657802134 801234567
657802341 801234567
657802413 801234567
657803142 801234567
657803214 801234567
657803421 801234567
657804123 801234567
657804231 801234567
657804312 801234567
657810234 801234567
657810342 801234567
657810423 801234567
657812043 801234567
657812304 801234567
657812430 801234567
657813024 801234567
657813240 801234567
657813402 801234567
657814032 801234567
657814203 801234567
657814320 801234567
657820143 801234567
657820314 801234567
657820431 801234567
657821034 801234567
657821340 801234567
657821403 801234567
657823041 801234567
657823104 801234567
657823410 801234567
657824013 801234567
657824130 801234567
657824301 801234567
657830124 801234567
657830241 801234567
657830412 801234567
657831042 801234567
657831204 801234567
657831420 801234567
657832014 801234567
657832140 801234567
657832401 801234567
657834021 801234567
657834102 801234567
657834210 801234567
657840132 801234567
657840213 801234567
657840321 801234567
657841023 801234567
657841230 801234567
657841302 801234567
657842031 801234567
657842103 801234567
657842310 801234567
657843012 801234567
657843120 801234567
657843201 801234567
658012374 801234567
658012437 801234567
658012743 801234567
658013247 801234567
658013472 801234567
658013724 801234567
658014273 801234567
658014327 801234567
