758603241 801234567
758603412 801234567
758604132 801234567
758604213 801234567
758604321 801234567
758610243 801234567
758610324 801234567
758610432 801234567
758612034 801234567
758612340 801234567
758612403 801234567
758613042 801234567
758613204 801234567
758613420 801234567
758614023 801234567
758614230 801234567
758614302 801234567
758620134 801234567
758620341 801234567
758620413 801234567
758621043 801234567
758621304 801234567
758621430 801234567
758623014 801234567
758623140 801234567
758623401 801234567
758624031 801234567
758624103 801234567
758624310 801234567
758630142 801234567
758630214 801234567
758630421 801234567
758631024 801234567
758631240 801234567
758631402 801234567
758632041 801234567
758632104 801234567
758632410 801234567
758634012 801234567
758634120 801234567
758634201 801234567
758640123 801234567
758640231 801234567
758640312 801234567
758641032 801234567
758641203 801234567
758641320 801234567
758642013 801234567
758642130 801234567
758642301 801234567
758643021 801234567
758643102 801234567
758643210 801234567
760123458 801234567
760123584 801234567
760123845 801234567
760124385 801234567
760124538 801234567
760124853 801234567
760125348 801234567
760125483 801234567
760125834 801234567
760128354 801234567
760128435 801234567
760128543 801234567
760132485 801234567
760132548 801234567
760132854 801234567
760134258 801234567
760134582 801234567
760134825 801234567
760135284 801234567
760135428 801234567
760135842 801234567
760138245 801234567
760138452 801234567
760138524 801234567
760142358 801234567
760142583 801234567
760142835 801234567
760143285 801234567
760143528 801234567
760143852 801234567
760145238 801234567
760145382 801234567
760145823 801234567
760148253 801234567
760148325 801234567
760148532 801234567
760152384 801234567
760152438 801234567
760152843 801234567
760153248 801234567
760153482 801234567
760153824 801234567
760154283 801234567
760154328 801234567
760154832 801234567
760158234 801234567
760158342 801234567
760158423 801234567
760182345 801234567
760182453 801234567
760182534 801234567
760183254 801234567
760183425 801234567
760183542 801234567
760184235 801234567
760184352 801234567
760184523 801234567
760185243 801234567
760185324 801234567
760185432 801234567
760213485 801234567
760213548 801234567
760213854 801234567
760214358 801234567
760214583 801234567
760214835 801234567
760215384 801234567
760215438 801234567
760215843 801234567
760218345 801234567
760218453 801234567
760218534 801234567
760231458 801234567
760231584 801234567
760231845 801234567
760234185 801234567
760234518 801234567
760234851 801234567
760235148 801234567
760235481 801234567
760235814 801234567
760238154 801234567
760238415 801234567
760238541 801234567
760241385 801234567
760241538 801234567
760241853 801234567
760243158 801234567
760243581 801234567
760243815 801234567
760245183 801234567
760245318 801234567
760245831 801234567
760248135 801234567
760248351 801234567
760248513 801234567
760251348 801234567
760251483 801234567
760251834 801234567
760253184 801234567
760253418 801234567
760253841 801234567
760254138 801234567
760254381 801234567
760254813 801234567
760258143 801234567
760258314 801234567
760258431 801234567
760281354 801234567
760281435 801234567
760281543 801234567
760283145 801234567
760283451 801234567
760283514 801234567
760284153 801234567
760284315 801234567
760284531 801234567
760285134 801234567
760285341 801234567
760285413 801234567
760312458 801234567
760312584 801234567
760312845 801234567
760314285 801234567
760314528 801234567
760314852 801234567
760315248 801234567
760315482 801234567
760315824 801234567
760318254 801234567
760318425 801234567
760318542 801234567
760321485 801234567
760321548 801234567
760321854 801234567
760324158 801234567
760324581 801234567
760324815 801234567
760325184 801234567
760325418 801234567
760325841 801234567
760328145 801234567
760328451 801234567
760328514 801234567
760341258 801234567
760341582 801234567
760341825 801234567
760342185 801234567
760342518 801234567
760342851 801234567
760345128 801234567
760345281 801234567
760345812 801234567
760348152 801234567
760348215 801234567
760348521 801234567
760351284 801234567
760351428 801234567
760351842 801234567
760352148 801234567
760352481 801234567
760352814 801234567
760354182 801234567
760354218 801234567
760354821 801234567
760358124 801234567
760358241 801234567
760358412 801234567
760381245 801234567
760381452 801234567
760381524 801234567
760382154 801234567
760382415 801234567
760382541 801234567
760384125 801234567
760384251 801234567
760384512 801234567
760385142 801234567
760385214 801234567
760385421 801234567
760412385 801234567
760412538 801234567
760412853 801234567
760413258 801234567
760413582 801234567
760413825 801234567
760415283 801234567
760415328 801234567
760415832 801234567
760418235 801234567
760418352 801234567
760418523 801234567
760421358 801234567
760421583 801234567
760421835 801234567
760423185 801234567
760423518 801234567
760423851 801234567
760425138 801234567
760425381 801234567
760425813 801234567
760428153 801234567
760428315 801234567
760428531 801234567
760431285 801234567
760431528 801234567
760431852 801234567
760432158 801234567
760432581 801234567
760432815 801234567
760435182 801234567
760435218 801234567
760435821 801234567
760438125 801234567
760438251 801234567
760438512 801234567
760451238 801234567
760451382 801234567
760451823 801234567
760452183 801234567
760452318 801234567
760452831 801234567
760453128 801234567
760453281 801234567
760453812 801234567
760458132 801234567
760458213 801234567
760458321 801234567
760481253 801234567
760481325 801234567
760481532 801234567
760482135 801234567
760482351 801234567
760482513 801234567
760483152 801234567
760483215 801234567
760483521 801234567
760485123 801234567
760485231 801234567
760485312 801234567
760512348 801234567
760512483 801234567
760512834 801234567
760513284 801234567
760513428 801234567
760513842 801234567
760514238 801234567
760514382 801234567
760514823 801234567
760518243 801234567
760518324 801234567
760518432 801234567
760521384 801234567
760521438 801234567
760521843 801234567
760523148 801234567
760523481 801234567
760523814 801234567
760524183 801234567
760524318 801234567
760524831 801234567
760528134 801234567
760528341 801234567
760528413 801234567
760531248 801234567
760531482 801234567
760531824 801234567
760532184 801234567
760532418 801234567
760532841 801234567
760534128 801234567
760534281 801234567
760534812 801234567
760538142 801234567
760538214 801234567
760538421 801234567
760541283 801234567
760541328 801234567
760541832 801234567
760542138 801234567
760542381 801234567
760542813 801234567
760543182 801234567
760543218 801234567
760543821 801234567
760548123 801234567
760548231 801234567
760548312 801234567
760581234 801234567
760581342 801234567
760581423 801234567
760582143 801234567
760582314 801234567
760582431 801234567
760583124 801234567
760583241 801234567
760583412 801234567
760584132 801234567
760584213 801234567
760584321 801234567
760812354 801234567
760812435 801234567
760812543 801234567
760813245 801234567
760813452 801234567
760813524 801234567
760814253 801234567
760814325 801234567
760814532 801234567
760815234 801234567
760815342 801234567
760815423 801234567
760821345 801234567
760821453 801234567
760821534 801234567
760823154 801234567
760823415 801234567
760823541 801234567
760824135 801234567
760824351 801234567
760824513 801234567
760825143 801234567
760825314 801234567
760825431 801234567
760831254 801234567
760831425 801234567
760831542 801234567
760832145 801234567
760832451 801234567
760832514 801234567
760834152 801234567
760834215 801234567
760834521 801234567
760835124 801234567
760835241 801234567
760835412 801234567
760841235 801234567
760841352 801234567
760841523 801234567
760842153 801234567
760842315 801234567
760842531 801234567
760843125 801234567
760843251 801234567
760843512 801234567
760845132 801234567
760845213 801234567
760845321 801234567
760851243 801234567
760851324 801234567
760851432 801234567
760852134 801234567
760852341 801234567
760852413 801234567
760853142 801234567
760853214 801234567
760853421 801234567
760854123 801234567
760854231 801234567
760854312 801234567
761023485 801234567
761023548 801234567
761023854 801234567
761024358 801234567
761024583 801234567
761024835 801234567
761025384 801234567
761025438 801234567
761025843 801234567
761028345 801234567
761028453 801234567
761028534 801234567
761032458 801234567
761032584 801234567
761032845 801234567
761034285 801234567
761034528 801234567
761034852 801234567
761035248 801234567
761035482 801234567
761035824 801234567
761038254 801234567
761038425 801234567
761038542 801234567
761042385 801234567
761042538 801234567
761042853 801234567
761043258 801234567
761043582 801234567
761043825 801234567
761045283 801234567
761045328 801234567
761045832 801234567
761048235 801234567
761048352 801234567
761048523 801234567
761052348 801234567
761052483 801234567
761052834 801234567
761053284 801234567
761053428 801234567
761053842 801234567
761054238 801234567
761054382 801234567
761054823 801234567
761058243 801234567
761058324 801234567
761058432 801234567
761082354 801234567
761082435 801234567
761082543 801234567
761083245 801234567
761083452 801234567
761083524 801234567
761084253 801234567
761084325 801234567
761084532 801234567
761085234 801234567
761085342 801234567
761085423 801234567
761203458 801234567
761203584 801234567
761203845 801234567
761204385 801234567
761204538 801234567
761204853 801234567
761205348 801234567
761205483 801234567
761205834 801234567
761208354 801234567
761208435 801234567
761208543 801234567
761230485 801234567
761230548 801234567
761230854 801234567
761234058 801234567
761234580 801234567
761234805 801234567
761235084 801234567
761235408 801234567
761235840 801234567
761238045 801234567
761238450 801234567
761238504 801234567
761240358 801234567
761240583 801234567
