348261075 801234567
348261507 801234567
348261750 801234567
348265017 801234567
348265170 801234567
348265701 801234567
348267051 801234567
348267105 801234567
348267510 801234567
348270165 801234567
348270516 801234567
348270651 801234567
348271056 801234567
348271560 801234567
348271605 801234567
348275061 801234567
348275106 801234567
348275610 801234567
348276015 801234567
348276150 801234567
348276501 801234567
348501267 801234567
348501672 801234567
348501726 801234567
348502176 801234567
348502617 801234567
348502761 801234567
348506127 801234567
348506271 801234567
348506712 801234567
348507162 801234567
348507216 801234567
348507621 801234567
348510276 801234567
348510627 801234567
348510762 801234567
348512067 801234567
348512670 801234567
348512706 801234567
348516072 801234567
348516207 801234567
348516720 801234567
348517026 801234567
348517260 801234567
348517602 801234567
348520167 801234567
348520671 801234567
348520716 801234567
348521076 801234567
348521607 801234567
348521760 801234567
348526017 801234567
348526170 801234567
348526701 801234567
348527061 801234567
348527106 801234567
348527610 801234567
348560172 801234567
348560217 801234567
348560721 801234567
348561027 801234567
348561270 801234567
348561702 801234567
348562071 801234567
348562107 801234567
348562710 801234567
348567012 801234567
348567120 801234567
348567201 801234567
348570126 801234567
348570261 801234567
348570612 801234567
348571062 801234567
348571206 801234567
348571620 801234567
348572016 801234567
348572160 801234567
348572601 801234567
348576021 801234567
348576102 801234567
348576210 801234567
348601275 801234567
348601527 801234567
348601752 801234567
348602157 801234567
348602571 801234567
348602715 801234567
348605172 801234567
348605217 801234567
348605721 801234567
348607125 801234567
348607251 801234567
348607512 801234567
348610257 801234567
348610572 801234567
348610725 801234567
348612075 801234567
348612507 801234567
348612750 801234567
348615027 801234567
348615270 801234567
348615702 801234567
348617052 801234567
348617205 801234567
348617520 801234567
348620175 801234567
348620517 801234567
348620751 801234567
348621057 801234567
348621570 801234567
348621705 801234567
348625071 801234567
348625107 801234567
348625710 801234567
348627015 801234567
348627150 801234567
348627501 801234567
348650127 801234567
348650271 801234567
348650712 801234567
348651072 801234567
348651207 801234567
348651720 801234567
348652017 801234567
348652170 801234567
348652701 801234567
348657021 801234567
348657102 801234567
348657210 801234567
348670152 801234567
348670215 801234567
348670521 801234567
348671025 801234567
348671250 801234567
348671502 801234567
348672051 801234567
348672105 801234567
348672510 801234567
348675012 801234567
348675120 801234567
348675201 801234567
348701256 801234567
348701562 801234567
348701625 801234567
348702165 801234567
348702516 801234567
348702651 801234567
348705126 801234567
348705261 801234567
348705612 801234567
348706152 801234567
348706215 801234567
348706521 801234567
348710265 801234567
348710526 801234567
348710652 801234567
348712056 801234567
348712560 801234567
348712605 801234567
348715062 801234567
348715206 801234567
348715620 801234567
348716025 801234567
348716250 801234567
348716502 801234567
348720156 801234567
348720561 801234567
348720615 801234567
348721065 801234567
348721506 801234567
348721650 801234567
348725016 801234567
348725160 801234567
348725601 801234567
348726051 801234567
348726105 801234567
348726510 801234567
348750162 801234567
348750216 801234567
348750621 801234567
348751026 801234567
348751260 801234567
348751602 801234567
348752061 801234567
348752106 801234567
348752610 801234567
348756012 801234567
348756120 801234567
348756201 801234567
348760125 801234567
348760251 801234567
348760512 801234567
348761052 801234567
348761205 801234567
348761520 801234567
348762015 801234567
348762150 801234567
348762501 801234567
348765021 801234567
348765102 801234567
348765210 801234567
350124678 801234567
350124786 801234567
350124867 801234567
350126487 801234567
350126748 801234567
350126874 801234567
350127468 801234567
350127684 801234567
350127846 801234567
350128476 801234567
350128647 801234567
350128764 801234567
350142687 801234567
350142768 801234567
350142876 801234567
350146278 801234567
350146782 801234567
350146827 801234567
350147286 801234567
350147628 801234567
350147862 801234567
350148267 801234567
350148672 801234567
350148726 801234567
350162478 801234567
350162784 801234567
350162847 801234567
350164287 801234567
350164728 801234567
350164872 801234567
350167248 801234567
350167482 801234567
350167824 801234567
350168274 801234567
350168427 801234567
350168742 801234567
350172486 801234567
350172648 801234567
350172864 801234567
350174268 801234567
350174682 801234567
350174826 801234567
350176284 801234567
350176428 801234567
350176842 801234567
350178246 801234567
350178462 801234567
350178624 801234567
350182467 801234567
350182674 801234567
350182746 801234567
350184276 801234567
350184627 801234567
350184762 801234567
350186247 801234567
350186472 801234567
350186724 801234567
350187264 801234567
350187426 801234567
350187642 801234567
350214687 801234567
350214768 801234567
350214876 801234567
350216478 801234567
350216784 801234567
350216847 801234567
350217486 801234567
350217648 801234567
350217864 801234567
350218467 801234567
350218674 801234567
350218746 801234567
350241678 801234567
350241786 801234567
350241867 801234567
350246187 801234567
350246718 801234567
350246871 801234567
350247168 801234567
350247681 801234567
350247816 801234567
350248176 801234567
350248617 801234567
350248761 801234567
350261487 801234567
350261748 801234567
350261874 801234567
350264178 801234567
350264781 801234567
350264817 801234567
350267184 801234567
350267418 801234567
350267841 801234567
350268147 801234567
350268471 801234567
350268714 801234567
350271468 801234567
350271684 801234567
350271846 801234567
350274186 801234567
350274618 801234567
350274861 801234567
350276148 801234567
350276481 801234567
350276814 801234567
350278164 801234567
350278416 801234567
350278641 801234567
350281476 801234567
350281647 801234567
350281764 801234567
350284167 801234567
350284671 801234567
350284716 801234567
350286174 801234567
350286417 801234567
350286741 801234567
350287146 801234567
350287461 801234567
350287614 801234567
350412678 801234567
350412786 801234567
350412867 801234567
350416287 801234567
350416728 801234567
350416872 801234567
350417268 801234567
350417682 801234567
350417826 801234567
350418276 801234567
350418627 801234567
350418762 801234567
350421687 801234567
350421768 801234567
350421876 801234567
350426178 801234567
350426781 801234567
350426817 801234567
350427186 801234567
350427618 801234567
350427861 801234567
350428167 801234567
350428671 801234567
350428716 801234567
350461278 801234567
350461782 801234567
350461827 801234567
350462187 801234567
350462718 801234567
350462871 801234567
350467128 801234567
350467281 801234567
350467812 801234567
350468172 801234567
350468217 801234567
350468721 801234567
350471286 801234567
350471628 801234567
350471862 801234567
350472168 801234567
350472681 801234567
350472816 801234567
350476182 801234567
350476218 801234567
350476821 801234567
350478126 801234567
350478261 801234567
350478612 801234567
350481267 801234567
350481672 801234567
350481726 801234567
350482176 801234567
350482617 801234567
350482761 801234567
350486127 801234567
350486271 801234567
350486712 801234567
350487162 801234567
350487216 801234567
350487621 801234567
350612487 801234567
350612748 801234567
350612874 801234567
350614278 801234567
350614782 801234567
350614827 801234567
350617284 801234567
350617428 801234567
350617842 801234567
350618247 801234567
350618472 801234567
350618724 801234567
350621478 801234567
350621784 801234567
350621847 801234567
350624187 801234567
350624718 801234567
350624871 801234567
350627148 801234567
350627481 801234567
350627814 801234567
350628174 801234567
350628417 801234567
350628741 801234567
350641287 801234567
350641728 801234567
350641872 801234567
350642178 801234567
350642781 801234567
350642817 801234567
350647182 801234567
350647218 801234567
350647821 801234567
350648127 801234567
350648271 801234567
350648712 801234567
350671248 801234567
350671482 801234567
350671824 801234567
350672184 801234567
350672418 801234567
350672841 801234567
350674128 801234567
350674281 801234567
350674812 801234567
350678142 801234567
350678214 801234567
350678421 801234567
350681274 801234567
350681427 801234567
350681742 801234567
350682147 801234567
350682471 801234567
350682714 801234567
350684172 801234567
350684217 801234567
350684721 801234567
350687124 801234567
350687241 801234567
350687412 801234567
350712468 801234567
350712684 801234567
350712846 801234567
350714286 801234567
350714628 801234567
350714862 801234567
350716248 801234567
350716482 801234567
350716824 801234567
350718264 801234567
350718426 801234567
350718642 801234567
350721486 801234567
350721648 801234567
350721864 801234567
350724168 801234567
350724681 801234567
350724816 801234567
350726184 801234567
350726418 801234567
350726841 801234567
350728146 801234567
350728461 801234567
350728614 801234567
350741268 801234567
350741682 801234567
350741826 801234567
350742186 801234567
350742618 801234567
350742861 801234567
350746128 801234567
350746281 801234567
350746812 801234567
350748162 801234567
350748216 801234567
350748621 801234567
350761284 801234567
350761428 801234567
350761842 801234567
350762148 801234567
350762481 801234567
350762814 801234567
350764182 801234567
350764218 801234567
350764821 801234567
350768124 801234567
350768241 801234567
350768412 801234567
350781246 801234567
350781462 801234567
350781624 801234567
350782164 801234567
350782416 801234567
350782641 801234567
350784126 801234567
350784261 801234567
350784612 801234567
350786142 801234567
