217645038 801234567
217645380 801234567
217645803 801234567
217648053 801234567
217648305 801234567
217648530 801234567
217650384 801234567
217650438 801234567
217650843 801234567
217653048 801234567
217653480 801234567
217653804 801234567
217654083 801234567
217654308 801234567
217654830 801234567
217658034 801234567
217658340 801234567
217658403 801234567
217680345 801234567
217680453 801234567
217680534 801234567
217683054 801234567
217683405 801234567
217683540 801234567
217684035 801234567
217684350 801234567
217684503 801234567
217685043 801234567
217685304 801234567
217685430 801234567
217803465 801234567
217803546 801234567
217803654 801234567
217804356 801234567
217804563 801234567
217804635 801234567
217805364 801234567
217805436 801234567
217805643 801234567
217806345 801234567
217806453 801234567
217806534 801234567
217830456 801234567
217830564 801234567
217830645 801234567
217834065 801234567
217834506 801234567
217834650 801234567
217835046 801234567
217835460 801234567
217835604 801234567
217836054 801234567
217836405 801234567
217836540 801234567
217840365 801234567
217840536 801234567
217840653 801234567
217843056 801234567
217843560 801234567
217843605 801234567
217845063 801234567
217845306 801234567
217845630 801234567
217846035 801234567
217846350 801234567
217846503 801234567
217850346 801234567
217850463 801234567
217850634 801234567
217853064 801234567
217853406 801234567
217853640 801234567
217854036 801234567
217854360 801234567
217854603 801234567
217856043 801234567
217856304 801234567
217856430 801234567
217860354 801234567
217860435 801234567
217860543 801234567
217863045 801234567
217863450 801234567
217863504 801234567
217864053 801234567
217864305 801234567
217864530 801234567
217865034 801234567
217865340 801234567
217865403 801234567
218034576 801234567
218034657 801234567
218034765 801234567
218035467 801234567
218035674 801234567
218035746 801234567
218036475 801234567
218036547 801234567
218036754 801234567
218037456 801234567
218037564 801234567
218037645 801234567
218043567 801234567
218043675 801234567
218043756 801234567
218045376 801234567
218045637 801234567
218045763 801234567
218046357 801234567
218046573 801234567
218046735 801234567
218047365 801234567
218047536 801234567
218047653 801234567
218053476 801234567
218053647 801234567
218053764 801234567
218054367 801234567
218054673 801234567
218054736 801234567
218056374 801234567
218056437 801234567
218056743 801234567
218057346 801234567
218057463 801234567
218057634 801234567
218063457 801234567
218063574 801234567
218063745 801234567
218064375 801234567
218064537 801234567
218064753 801234567
218065347 801234567
218065473 801234567
218065734 801234567
218067354 801234567
218067435 801234567
218067543 801234567
218073465 801234567
218073546 801234567
218073654 801234567
218074356 801234567
218074563 801234567
218074635 801234567
218075364 801234567
218075436 801234567
218075643 801234567
218076345 801234567
218076453 801234567
218076534 801234567
218304567 801234567
218304675 801234567
218304756 801234567
218305476 801234567
218305647 801234567
218305764 801234567
218306457 801234567
218306574 801234567
218306745 801234567
218307465 801234567
218307546 801234567
218307654 801234567
218340576 801234567
218340657 801234567
218340765 801234567
218345067 801234567
218345670 801234567
218345706 801234567
218346075 801234567
218346507 801234567
218346750 801234567
218347056 801234567
218347560 801234567
218347605 801234567
218350467 801234567
218350674 801234567
218350746 801234567
218354076 801234567
218354607 801234567
218354760 801234567
218356047 801234567
218356470 801234567
218356704 801234567
218357064 801234567
218357406 801234567
218357640 801234567
218360475 801234567
218360547 801234567
218360754 801234567
218364057 801234567
218364570 801234567
218364705 801234567
218365074 801234567
218365407 801234567
218365740 801234567
218367045 801234567
218367450 801234567
218367504 801234567
218370456 801234567
218370564 801234567
218370645 801234567
218374065 801234567
218374506 801234567
218374650 801234567
218375046 801234567
218375460 801234567
218375604 801234567
218376054 801234567
218376405 801234567
218376540 801234567
218403576 801234567
218403657 801234567
218403765 801234567
218405367 801234567
218405673 801234567
218405736 801234567
218406375 801234567
218406537 801234567
218406753 801234567
218407356 801234567
218407563 801234567
218407635 801234567
218430567 801234567
218430675 801234567
218430756 801234567
218435076 801234567
218435607 801234567
218435760 801234567
218436057 801234567
218436570 801234567
218436705 801234567
218437065 801234567
218437506 801234567
218437650 801234567
218450376 801234567
218450637 801234567
218450763 801234567
218453067 801234567
218453670 801234567
218453706 801234567
218456073 801234567
218456307 801234567
218456730 801234567
218457036 801234567
218457360 801234567
218457603 801234567
218460357 801234567
218460573 801234567
218460735 801234567
218463075 801234567
218463507 801234567
218463750 801234567
218465037 801234567
218465370 801234567
218465703 801234567
218467053 801234567
218467305 801234567
218467530 801234567
218470365 801234567
218470536 801234567
218470653 801234567
218473056 801234567
218473560 801234567
218473605 801234567
218475063 801234567
218475306 801234567
218475630 801234567
218476035 801234567
218476350 801234567
218476503 801234567
218503467 801234567
218503674 801234567
218503746 801234567
218504376 801234567
218504637 801234567
218504763 801234567
218506347 801234567
218506473 801234567
218506734 801234567
218507364 801234567
218507436 801234567
218507643 801234567
218530476 801234567
218530647 801234567
218530764 801234567
218534067 801234567
218534670 801234567
218534706 801234567
218536074 801234567
218536407 801234567
218536740 801234567
218537046 801234567
218537460 801234567
218537604 801234567
218540367 801234567
218540673 801234567
218540736 801234567
218543076 801234567
218543607 801234567
218543760 801234567
218546037 801234567
218546370 801234567
218546703 801234567
218547063 801234567
218547306 801234567
218547630 801234567
218560374 801234567
218560437 801234567
218560743 801234567
218563047 801234567
218563470 801234567
218563704 801234567
218564073 801234567
218564307 801234567
218564730 801234567
218567034 801234567
218567340 801234567
218567403 801234567
218570346 801234567
218570463 801234567
218570634 801234567
218573064 801234567
218573406 801234567
218573640 801234567
218574036 801234567
218574360 801234567
218574603 801234567
218576043 801234567
218576304 801234567
218576430 801234567
218603475 801234567
218603547 801234567
218603754 801234567
218604357 801234567
218604573 801234567
218604735 801234567
218605374 801234567
218605437 801234567
218605743 801234567
218607345 801234567
218607453 801234567
218607534 801234567
218630457 801234567
218630574 801234567
218630745 801234567
218634075 801234567
218634507 801234567
218634750 801234567
218635047 801234567
218635470 801234567
218635704 801234567
218637054 801234567
218637405 801234567
218637540 801234567
218640375 801234567
218640537 801234567
218640753 801234567
218643057 801234567
218643570 801234567
218643705 801234567
218645073 801234567
218645307 801234567
218645730 801234567
218647035 801234567
218647350 801234567
218647503 801234567
218650347 801234567
218650473 801234567
218650734 801234567
218653074 801234567
218653407 801234567
218653740 801234567
218654037 801234567
218654370 801234567
218654703 801234567
218657043 801234567
218657304 801234567
218657430 801234567
218670354 801234567
218670435 801234567
218670543 801234567
218673045 801234567
218673450 801234567
218673504 801234567
218674053 801234567
218674305 801234567
218674530 801234567
218675034 801234567
218675340 801234567
218675403 801234567
218703456 801234567
218703564 801234567
218703645 801234567
218704365 801234567
218704536 801234567
218704653 801234567
218705346 801234567
218705463 801234567
218705634 801234567
218706354 801234567
218706435 801234567
218706543 801234567
218730465 801234567
218730546 801234567
218730654 801234567
218734056 801234567
218734560 801234567
218734605 801234567
218735064 801234567
218735406 801234567
218735640 801234567
218736045 801234567
218736450 801234567
218736504 801234567
218740356 801234567
218740563 801234567
218740635 801234567
218743065 801234567
218743506 801234567
218743650 801234567
218745036 801234567
218745360 801234567
218745603 801234567
218746053 801234567
218746305 801234567
218746530 801234567
218750364 801234567
218750436 801234567
218750643 801234567
218753046 801234567
218753460 801234567
218753604 801234567
218754063 801234567
218754306 801234567
218754630 801234567
218756034 801234567
218756340 801234567
218756403 801234567
218760345 801234567
218760453 801234567
218760534 801234567
218763054 801234567
218763405 801234567
218763540 801234567
218764035 801234567
218764350 801234567
218764503 801234567
218765043 801234567
218765304 801234567
218765430 801234567
230145678 801234567
230145786 801234567
230145867 801234567
230146587 801234567
230146758 801234567
230146875 801234567
230147568 801234567
230147685 801234567
230147856 801234567
230148576 801234567
230148657 801234567
230148765 801234567
230154687 801234567
230154768 801234567
230154876 801234567
230156478 801234567
230156784 801234567
230156847 801234567
230157486 801234567
230157648 801234567
230157864 801234567
230158467 801234567
230158674 801234567
230158746 801234567
230164578 801234567
230164785 801234567
230164857 801234567
230165487 801234567
230165748 801234567
230165874 801234567
230167458 801234567
230167584 801234567
230167845 801234567
230168475 801234567
230168547 801234567
230168754 801234567
230174586 801234567
230174658 801234567
230174865 801234567
230175468 801234567
230175684 801234567
230175846 801234567
230176485 801234567
230176548 801234567
230176854 801234567
230178456 801234567
230178564 801234567
230178645 801234567
230184567 801234567
