174206583 801234567
174206835 801234567
174208365 801234567
174208536 801234567
174208653 801234567
174230586 801234567
174230658 801234567
174230865 801234567
174235068 801234567
174235680 801234567
174235806 801234567
174236085 801234567
174236508 801234567
174236850 801234567
174238056 801234567
174238560 801234567
174238605 801234567
174250368 801234567
174250683 801234567
174250836 801234567
174253086 801234567
174253608 801234567
174253860 801234567
174256038 801234567
174256380 801234567
174256803 801234567
174258063 801234567
174258306 801234567
174258630 801234567
174260385 801234567
174260538 801234567
174260853 801234567
174263058 801234567
174263580 801234567
174263805 801234567
174265083 801234567
174265308 801234567
174265830 801234567
174268035 801234567
174268350 801234567
174268503 801234567
174280356 801234567
174280563 801234567
174280635 801234567
174283065 801234567
174283506 801234567
174283650 801234567
174285036 801234567
174285360 801234567
174285603 801234567
174286053 801234567
174286305 801234567
174286530 801234567
174302586 801234567
174302658 801234567
174302865 801234567
174305268 801234567
174305682 801234567
174305826 801234567
174306285 801234567
174306528 801234567
174306852 801234567
174308256 801234567
174308562 801234567
174308625 801234567
174320568 801234567
174320685 801234567
174320856 801234567
174325086 801234567
174325608 801234567
174325860 801234567
174326058 801234567
174326580 801234567
174326805 801234567
174328065 801234567
174328506 801234567
174328650 801234567
174350286 801234567
174350628 801234567
174350862 801234567
174352068 801234567
174352680 801234567
174352806 801234567
174356082 801234567
174356208 801234567
174356820 801234567
174358026 801234567
174358260 801234567
174358602 801234567
174360258 801234567
174360582 801234567
174360825 801234567
174362085 801234567
174362508 801234567
174362850 801234567
174365028 801234567
174365280 801234567
174365802 801234567
174368052 801234567
174368205 801234567
174368520 801234567
174380265 801234567
174380526 801234567
174380652 801234567
174382056 801234567
174382560 801234567
174382605 801234567
174385062 801234567
174385206 801234567
174385620 801234567
174386025 801234567
174386250 801234567
174386502 801234567
174502368 801234567
174502683 801234567
174502836 801234567
174503286 801234567
174503628 801234567
174503862 801234567
174506238 801234567
174506382 801234567
174506823 801234567
174508263 801234567
174508326 801234567
174508632 801234567
174520386 801234567
174520638 801234567
174520863 801234567
174523068 801234567
174523680 801234567
174523806 801234567
174526083 801234567
174526308 801234567
174526830 801234567
174528036 801234567
174528360 801234567
174528603 801234567
174530268 801234567
174530682 801234567
174530826 801234567
174532086 801234567
174532608 801234567
174532860 801234567
174536028 801234567
174536280 801234567
174536802 801234567
174538062 801234567
174538206 801234567
174538620 801234567
174560283 801234567
174560328 801234567
174560832 801234567
174562038 801234567
174562380 801234567
174562803 801234567
174563082 801234567
174563208 801234567
174563820 801234567
174568023 801234567
174568230 801234567
174568302 801234567
174580236 801234567
174580362 801234567
174580623 801234567
174582063 801234567
174582306 801234567
174582630 801234567
174583026 801234567
174583260 801234567
174583602 801234567
174586032 801234567
174586203 801234567
174586320 801234567
174602385 801234567
174602538 801234567
174602853 801234567
174603258 801234567
174603582 801234567
174603825 801234567
174605283 801234567
174605328 801234567
174605832 801234567
174608235 801234567
174608352 801234567
174608523 801234567
174620358 801234567
174620583 801234567
174620835 801234567
174623085 801234567
174623508 801234567
174623850 801234567
174625038 801234567
174625380 801234567
174625803 801234567
174628053 801234567
174628305 801234567
174628530 801234567
174630285 801234567
174630528 801234567
174630852 801234567
174632058 801234567
174632580 801234567
174632805 801234567
174635082 801234567
174635208 801234567
174635820 801234567
174638025 801234567
174638250 801234567
174638502 801234567
174650238 801234567
174650382 801234567
174650823 801234567
174652083 801234567
174652308 801234567
174652830 801234567
174653028 801234567
174653280 801234567
174653802 801234567
174658032 801234567
174658203 801234567
174658320 801234567
174680253 801234567
174680325 801234567
174680532 801234567
174682035 801234567
174682350 801234567
174682503 801234567
174683052 801234567
174683205 801234567
174683520 801234567
174685023 801234567
174685230 801234567
174685302 801234567
174802356 801234567
174802563 801234567
174802635 801234567
174803265 801234567
174803526 801234567
174803652 801234567
174805236 801234567
174805362 801234567
174805623 801234567
174806253 801234567
174806325 801234567
174806532 801234567
174820365 801234567
174820536 801234567
174820653 801234567
174823056 801234567
174823560 801234567
174823605 801234567
174825063 801234567
174825306 801234567
174825630 801234567
174826035 801234567
174826350 801234567
174826503 801234567
174830256 801234567
174830562 801234567
174830625 801234567
174832065 801234567
174832506 801234567
174832650 801234567
174835026 801234567
174835260 801234567
174835602 801234567
174836052 801234567
174836205 801234567
174836520 801234567
174850263 801234567
174850326 801234567
174850632 801234567
174852036 801234567
174852360 801234567
174852603 801234567
174853062 801234567
174853206 801234567
174853620 801234567
174856023 801234567
174856230 801234567
174856302 801234567
174860235 801234567
174860352 801234567
174860523 801234567
174862053 801234567
174862305 801234567
174862530 801234567
174863025 801234567
174863250 801234567
174863502 801234567
174865032 801234567
174865203 801234567
174865320 801234567
175023468 801234567
175023684 801234567
175023846 801234567
175024386 801234567
175024638 801234567
175024863 801234567
175026348 801234567
175026483 801234567
175026834 801234567
175028364 801234567
175028436 801234567
175028643 801234567
175032486 801234567
175032648 801234567
175032864 801234567
175034268 801234567
175034682 801234567
175034826 801234567
175036284 801234567
175036428 801234567
175036842 801234567
175038246 801234567
175038462 801234567
175038624 801234567
175042368 801234567
175042683 801234567
175042836 801234567
175043286 801234567
175043628 801234567
175043862 801234567
175046238 801234567
175046382 801234567
175046823 801234567
175048263 801234567
175048326 801234567
175048632 801234567
175062384 801234567
175062438 801234567
175062843 801234567
175063248 801234567
175063482 801234567
175063824 801234567
175064283 801234567
175064328 801234567
175064832 801234567
175068234 801234567
175068342 801234567
175068423 801234567
175082346 801234567
175082463 801234567
175082634 801234567
175083264 801234567
175083426 801234567
175083642 801234567
175084236 801234567
175084362 801234567
175084623 801234567
175086243 801234567
175086324 801234567
175086432 801234567
175203486 801234567
175203648 801234567
175203864 801234567
175204368 801234567
175204683 801234567
175204836 801234567
175206384 801234567
175206438 801234567
175206843 801234567
175208346 801234567
175208463 801234567
175208634 801234567
175230468 801234567
175230684 801234567
175230846 801234567
175234086 801234567
175234608 801234567
175234860 801234567
175236048 801234567
175236480 801234567
175236804 801234567
175238064 801234567
175238406 801234567
175238640 801234567
175240386 801234567
175240638 801234567
175240863 801234567
175243068 801234567
175243680 801234567
175243806 801234567
175246083 801234567
175246308 801234567
175246830 801234567
175248036 801234567
175248360 801234567
175248603 801234567
175260348 801234567
175260483 801234567
175260834 801234567
175263084 801234567
175263408 801234567
175263840 801234567
175264038 801234567
175264380 801234567
175264803 801234567
175268043 801234567
175268304 801234567
175268430 801234567
175280364 801234567
175280436 801234567
175280643 801234567
175283046 801234567
175283460 801234567
175283604 801234567
175284063 801234567
175284306 801234567
175284630 801234567
175286034 801234567
175286340 801234567
175286403 801234567
175302468 801234567
175302684 801234567
175302846 801234567
175304286 801234567
175304628 801234567
175304862 801234567
175306248 801234567
175306482 801234567
175306824 801234567
175308264 801234567
175308426 801234567
175308642 801234567
175320486 801234567
175320648 801234567
175320864 801234567
175324068 801234567
175324680 801234567
175324806 801234567
175326084 801234567
175326408 801234567
175326840 801234567
175328046 801234567
175328460 801234567
175328604 801234567
175340268 801234567
175340682 801234567
175340826 801234567
175342086 801234567
175342608 801234567
175342860 801234567
175346028 801234567
175346280 801234567
175346802 801234567
175348062 801234567
175348206 801234567
175348620 801234567
175360284 801234567
175360428 801234567
175360842 801234567
175362048 801234567
175362480 801234567
175362804 801234567
175364082 801234567
175364208 801234567
175364820 801234567
175368024 801234567
175368240 801234567
175368402 801234567
175380246 801234567
175380462 801234567
175380624 801234567
175382064 801234567
175382406 801234567
175382640 801234567
175384026 801234567
175384260 801234567
175384602 801234567
175386042 801234567
175386204 801234567
175386420 801234567
175402386 801234567
175402638 801234567
175402863 801234567
175403268 801234567
175403682 801234567
175403826 801234567
175406283 801234567
175406328 801234567
175406832 801234567
175408236 801234567
175408362 801234567
175408623 801234567
175420368 801234567
175420683 801234567
175420836 801234567
175423086 801234567
175423608 801234567
175423860 801234567
175426038 801234567
175426380 801234567
175426803 801234567
175428063 801234567
175428306 801234567
175428630 801234567
175430286 801234567
175430628 801234567
