324507681 801234567
324507816 801234567
324508176 801234567
324508617 801234567
324508761 801234567
324510687 801234567
324510768 801234567
324510876 801234567
324516078 801234567
324516780 801234567
324516807 801234567
324517086 801234567
324517608 801234567
324517860 801234567
324518067 801234567
324518670 801234567
324518706 801234567
324560178 801234567
324560781 801234567
324560817 801234567
324561087 801234567
324561708 801234567
324561870 801234567
324567018 801234567
324567180 801234567
324567801 801234567
324568071 801234567
324568107 801234567
324568710 801234567
324570186 801234567
324570618 801234567
324570861 801234567
324571068 801234567
324571680 801234567
324571806 801234567
324576081 801234567
324576108 801234567
324576810 801234567
324578016 801234567
324578160 801234567
324578601 801234567
324580167 801234567
324580671 801234567
324580716 801234567
324581076 801234567
324581607 801234567
324581760 801234567
324586017 801234567
324586170 801234567
324586701 801234567
324587061 801234567
324587106 801234567
324587610 801234567
324601587 801234567
324601758 801234567
324601875 801234567
324605178 801234567
324605781 801234567
324605817 801234567
324607185 801234567
324607518 801234567
324607851 801234567
324608157 801234567
324608571 801234567
324608715 801234567
324610578 801234567
324610785 801234567
324610857 801234567
324615087 801234567
324615708 801234567
324615870 801234567
324617058 801234567
324617580 801234567
324617805 801234567
324618075 801234567
324618507 801234567
324618750 801234567
324650187 801234567
324650718 801234567
324650871 801234567
324651078 801234567
324651780 801234567
324651807 801234567
324657081 801234567
324657108 801234567
324657810 801234567
324658017 801234567
324658170 801234567
324658701 801234567
324670158 801234567
324670581 801234567
324670815 801234567
324671085 801234567
324671508 801234567
324671850 801234567
324675018 801234567
324675180 801234567
324675801 801234567
324678051 801234567
324678105 801234567
324678510 801234567
324680175 801234567
324680517 801234567
324680751 801234567
324681057 801234567
324681570 801234567
324681705 801234567
324685071 801234567
324685107 801234567
324685710 801234567
324687015 801234567
324687150 801234567
324687501 801234567
324701568 801234567
324701685 801234567
324701856 801234567
324705186 801234567
324705618 801234567
324705861 801234567
324706158 801234567
324706581 801234567
324706815 801234567
324708165 801234567
324708516 801234567
324708651 801234567
324710586 801234567
324710658 801234567
324710865 801234567
324715068 801234567
324715680 801234567
324715806 801234567
324716085 801234567
324716508 801234567
324716850 801234567
324718056 801234567
324718560 801234567
324718605 801234567
324750168 801234567
324750681 801234567
324750816 801234567
324751086 801234567
324751608 801234567
324751860 801234567
324756018 801234567
324756180 801234567
324756801 801234567
324758061 801234567
324758106 801234567
324758610 801234567
324760185 801234567
324760518 801234567
324760851 801234567
324761058 801234567
324761580 801234567
324761805 801234567
324765081 801234567
324765108 801234567
324765810 801234567
324768015 801234567
324768150 801234567
324768501 801234567
324780156 801234567
324780561 801234567
324780615 801234567
324781065 801234567
324781506 801234567
324781650 801234567
324785016 801234567
324785160 801234567
324785601 801234567
324786051 801234567
324786105 801234567
324786510 801234567
324801576 801234567
324801657 801234567
324801765 801234567
324805167 801234567
324805671 801234567
324805716 801234567
324806175 801234567
324806517 801234567
324806751 801234567
324807156 801234567
324807561 801234567
324807615 801234567
324810567 801234567
324810675 801234567
324810756 801234567
324815076 801234567
324815607 801234567
324815760 801234567
324816057 801234567
324816570 801234567
324816705 801234567
324817065 801234567
324817506 801234567
324817650 801234567
324850176 801234567
324850617 801234567
324850761 801234567
324851067 801234567
324851670 801234567
324851706 801234567
324856071 801234567
324856107 801234567
324856710 801234567
324857016 801234567
324857160 801234567
324857601 801234567
324860157 801234567
324860571 801234567
324860715 801234567
324861075 801234567
324861507 801234567
324861750 801234567
324865017 801234567
324865170 801234567
324865701 801234567
324867051 801234567
324867105 801234567
324867510 801234567
324870165 801234567
324870516 801234567
324870651 801234567
324871056 801234567
324871560 801234567
324871605 801234567
324875061 801234567
324875106 801234567
324875610 801234567
324876015 801234567
324876150 801234567
324876501 801234567
325014687 801234567
325014768 801234567
325014876 801234567
325016478 801234567
325016784 801234567
325016847 801234567
325017486 801234567
325017648 801234567
325017864 801234567
325018467 801234567
325018674 801234567
325018746 801234567
325041678 801234567
325041786 801234567
325041867 801234567
325046187 801234567
325046718 801234567
325046871 801234567
325047168 801234567
325047681 801234567
325047816 801234567
325048176 801234567
325048617 801234567
325048761 801234567
325061487 801234567
325061748 801234567
325061874 801234567
325064178 801234567
325064781 801234567
325064817 801234567
325067184 801234567
325067418 801234567
325067841 801234567
325068147 801234567
325068471 801234567
325068714 801234567
325071468 801234567
325071684 801234567
325071846 801234567
325074186 801234567
325074618 801234567
325074861 801234567
325076148 801234567
325076481 801234567
325076814 801234567
325078164 801234567
325078416 801234567
325078641 801234567
325081476 801234567
325081647 801234567
325081764 801234567
325084167 801234567
325084671 801234567
325084716 801234567
325086174 801234567
325086417 801234567
325086741 801234567
325087146 801234567
325087461 801234567
325087614 801234567
325104678 801234567
325104786 801234567
325104867 801234567
325106487 801234567
325106748 801234567
325106874 801234567
325107468 801234567
325107684 801234567
325107846 801234567
325108476 801234567
325108647 801234567
325108764 801234567
325140687 801234567
325140768 801234567
325140876 801234567
325146078 801234567
325146780 801234567
325146807 801234567
325147086 801234567
325147608 801234567
325147860 801234567
325148067 801234567
325148670 801234567
325148706 801234567
325160478 801234567
325160784 801234567
325160847 801234567
325164087 801234567
325164708 801234567
325164870 801234567
325167048 801234567
325167480 801234567
325167804 801234567
325168074 801234567
325168407 801234567
325168740 801234567
325170486 801234567
325170648 801234567
325170864 801234567
325174068 801234567
325174680 801234567
325174806 801234567
325176084 801234567
325176408 801234567
325176840 801234567
325178046 801234567
325178460 801234567
325178604 801234567
325180467 801234567
325180674 801234567
325180746 801234567
325184076 801234567
325184607 801234567
325184760 801234567
325186047 801234567
325186470 801234567
325186704 801234567
325187064 801234567
325187406 801234567
325187640 801234567
325401687 801234567
325401768 801234567
325401876 801234567
325406178 801234567
325406781 801234567
325406817 801234567
325407186 801234567
325407618 801234567
325407861 801234567
325408167 801234567
325408671 801234567
325408716 801234567
325410678 801234567
325410786 801234567
325410867 801234567
325416087 801234567
325416708 801234567
325416870 801234567
325417068 801234567
325417680 801234567
325417806 801234567
325418076 801234567
325418607 801234567
325418760 801234567
325460187 801234567
325460718 801234567
325460871 801234567
325461078 801234567
325461780 801234567
325461807 801234567
325467081 801234567
325467108 801234567
325467810 801234567
325468017 801234567
325468170 801234567
325468701 801234567
325470168 801234567
325470681 801234567
325470816 801234567
325471086 801234567
325471608 801234567
325471860 801234567
325476018 801234567
325476180 801234567
325476801 801234567
325478061 801234567
325478106 801234567
325478610 801234567
325480176 801234567
325480617 801234567
325480761 801234567
325481067 801234567
325481670 801234567
325481706 801234567
325486071 801234567
325486107 801234567
325486710 801234567
325487016 801234567
325487160 801234567
325487601 801234567
325601478 801234567
325601784 801234567
325601847 801234567
325604187 801234567
325604718 801234567
325604871 801234567
325607148 801234567
325607481 801234567
325607814 801234567
325608174 801234567
325608417 801234567
325608741 801234567
325610487 801234567
325610748 801234567
325610874 801234567
325614078 801234567
325614780 801234567
325614807 801234567
325617084 801234567
325617408 801234567
325617840 801234567
325618047 801234567
325618470 801234567
325618704 801234567
325640178 801234567
325640781 801234567
325640817 801234567
325641087 801234567
325641708 801234567
325641870 801234567
325647018 801234567
325647180 801234567
325647801 801234567
325648071 801234567
325648107 801234567
325648710 801234567
325670184 801234567
325670418 801234567
325670841 801234567
325671048 801234567
325671480 801234567
325671804 801234567
325674081 801234567
325674108 801234567
325674810 801234567
325678014 801234567
325678140 801234567
325678401 801234567
325680147 801234567
325680471 801234567
325680714 801234567
325681074 801234567
325681407 801234567
325681740 801234567
325684017 801234567
325684170 801234567
325684701 801234567
325687041 801234567
325687104 801234567
325687410 801234567
325701486 801234567
325701648 801234567
325701864 801234567
325704168 801234567
325704681 801234567
325704816 801234567
325706184 801234567
325706418 801234567
325706841 801234567
325708146 801234567
325708461 801234567
325708614 801234567
325710468 801234567
325710684 801234567
325710846 801234567
325714086 801234567
325714608 801234567
325714860 801234567
325716048 801234567
325716480 801234567
325716804 801234567
325718064 801234567
325718406 801234567
325718640 801234567
325740186 801234567
325740618 801234567
