185402673 801234567
185402736 801234567
185403276 801234567
185403627 801234567
185403762 801234567
185406237 801234567
185406372 801234567
185406723 801234567
185407263 801234567
185407326 801234567
185407632 801234567
185420376 801234567
185420637 801234567
185420763 801234567
185423067 801234567
185423670 801234567
185423706 801234567
185426073 801234567
185426307 801234567
185426730 801234567
185427036 801234567
185427360 801234567
185427603 801234567
185430267 801234567
185430672 801234567
185430726 801234567
185432076 801234567
185432607 801234567
185432760 801234567
185436027 801234567
185436270 801234567
185436702 801234567
185437062 801234567
185437206 801234567
185437620 801234567
185460273 801234567
185460327 801234567
185460732 801234567
185462037 801234567
185462370 801234567
185462703 801234567
185463072 801234567
185463207 801234567
185463720 801234567
185467023 801234567
185467230 801234567
185467302 801234567
185470236 801234567
185470362 801234567
185470623 801234567
185472063 801234567
185472306 801234567
185472630 801234567
185473026 801234567
185473260 801234567
185473602 801234567
185476032 801234567
185476203 801234567
185476320 801234567
185602374 801234567
185602437 801234567
185602743 801234567
185603247 801234567
185603472 801234567
185603724 801234567
185604273 801234567
185604327 801234567
185604732 801234567
185607234 801234567
185607342 801234567
185607423 801234567
185620347 801234567
185620473 801234567
185620734 801234567
185623074 801234567
185623407 801234567
185623740 801234567
185624037 801234567
185624370 801234567
185624703 801234567
185627043 801234567
185627304 801234567
185627430 801234567
185630274 801234567
185630427 801234567
185630742 801234567
185632047 801234567
185632470 801234567
185632704 801234567
185634072 801234567
185634207 801234567
185634720 801234567
185637024 801234567
185637240 801234567
185637402 801234567
185640237 801234567
185640372 801234567
185640723 801234567
185642073 801234567
185642307 801234567
185642730 801234567
185643027 801234567
185643270 801234567
185643702 801234567
185647032 801234567
185647203 801234567
185647320 801234567
185670243 801234567
185670324 801234567
185670432 801234567
185672034 801234567
185672340 801234567
185672403 801234567
185673042 801234567
185673204 801234567
185673420 801234567
185674023 801234567
185674230 801234567
185674302 801234567
185702346 801234567
185702463 801234567
185702634 801234567
185703264 801234567
185703426 801234567
185703642 801234567
185704236 801234567
185704362 801234567
185704623 801234567
185706243 801234567
185706324 801234567
185706432 801234567
185720364 801234567
185720436 801234567
185720643 801234567
185723046 801234567
185723460 801234567
185723604 801234567
185724063 801234567
185724306 801234567
185724630 801234567
185726034 801234567
185726340 801234567
185726403 801234567
185730246 801234567
185730462 801234567
185730624 801234567
185732064 801234567
185732406 801234567
185732640 801234567
185734026 801234567
185734260 801234567
185734602 801234567
185736042 801234567
185736204 801234567
185736420 801234567
185740263 801234567
185740326 801234567
185740632 801234567
185742036 801234567
185742360 801234567
185742603 801234567
185743062 801234567
185743206 801234567
185743620 801234567
185746023 801234567
185746230 801234567
185746302 801234567
185760234 801234567
185760342 801234567
185760423 801234567
185762043 801234567
185762304 801234567
185762430 801234567
185763024 801234567
185763240 801234567
185763402 801234567
185764032 801234567
185764203 801234567
185764320 801234567
186023457 801234567
186023574 801234567
186023745 801234567
186024375 801234567
186024537 801234567
186024753 801234567
186025347 801234567
186025473 801234567
186025734 801234567
186027354 801234567
186027435 801234567
186027543 801234567
186032475 801234567
186032547 801234567
186032754 801234567
186034257 801234567
186034572 801234567
186034725 801234567
186035274 801234567
186035427 801234567
186035742 801234567
186037245 801234567
186037452 801234567
186037524 801234567
186042357 801234567
186042573 801234567
186042735 801234567
186043275 801234567
186043527 801234567
186043752 801234567
186045237 801234567
186045372 801234567
186045723 801234567
186047253 801234567
186047325 801234567
186047532 801234567
186052374 801234567
186052437 801234567
186052743 801234567
186053247 801234567
186053472 801234567
186053724 801234567
186054273 801234567
186054327 801234567
186054732 801234567
186057234 801234567
186057342 801234567
186057423 801234567
186072345 801234567
186072453 801234567
186072534 801234567
186073254 801234567
186073425 801234567
186073542 801234567
186074235 801234567
186074352 801234567
186074523 801234567
186075243 801234567
186075324 801234567
186075432 801234567
186203475 801234567
186203547 801234567
186203754 801234567
186204357 801234567
186204573 801234567
186204735 801234567
186205374 801234567
186205437 801234567
186205743 801234567
186207345 801234567
186207453 801234567
186207534 801234567
186230457 801234567
186230574 801234567
186230745 801234567
186234075 801234567
186234507 801234567
186234750 801234567
186235047 801234567
186235470 801234567
186235704 801234567
186237054 801234567
186237405 801234567
186237540 801234567
186240375 801234567
186240537 801234567
186240753 801234567
186243057 801234567
186243570 801234567
186243705 801234567
186245073 801234567
186245307 801234567
186245730 801234567
186247035 801234567
186247350 801234567
186247503 801234567
186250347 801234567
186250473 801234567
186250734 801234567
186253074 801234567
186253407 801234567
186253740 801234567
186254037 801234567
186254370 801234567
186254703 801234567
186257043 801234567
186257304 801234567
186257430 801234567
186270354 801234567
186270435 801234567
186270543 801234567
186273045 801234567
186273450 801234567
186273504 801234567
186274053 801234567
186274305 801234567
186274530 801234567
186275034 801234567
186275340 801234567
186275403 801234567
186302457 801234567
186302574 801234567
186302745 801234567
186304275 801234567
186304527 801234567
186304752 801234567
186305247 801234567
186305472 801234567
186305724 801234567
186307254 801234567
186307425 801234567
186307542 801234567
186320475 801234567
186320547 801234567
186320754 801234567
186324057 801234567
186324570 801234567
186324705 801234567
186325074 801234567
186325407 801234567
186325740 801234567
186327045 801234567
186327450 801234567
186327504 801234567
186340257 801234567
186340572 801234567
186340725 801234567
186342075 801234567
186342507 801234567
186342750 801234567
186345027 801234567
186345270 801234567
186345702 801234567
186347052 801234567
186347205 801234567
186347520 801234567
186350274 801234567
186350427 801234567
186350742 801234567
186352047 801234567
186352470 801234567
186352704 801234567
186354072 801234567
186354207 801234567
186354720 801234567
186357024 801234567
186357240 801234567
186357402 801234567
186370245 801234567
186370452 801234567
186370524 801234567
186372054 801234567
186372405 801234567
186372540 801234567
186374025 801234567
186374250 801234567
186374502 801234567
186375042 801234567
186375204 801234567
186375420 801234567
186402375 801234567
186402537 801234567
186402753 801234567
186403257 801234567
186403572 801234567
186403725 801234567
186405273 801234567
186405327 801234567
186405732 801234567
186407235 801234567
186407352 801234567
186407523 801234567
186420357 801234567
186420573 801234567
186420735 801234567
186423075 801234567
186423507 801234567
186423750 801234567
186425037 801234567
186425370 801234567
186425703 801234567
186427053 801234567
186427305 801234567
186427530 801234567
186430275 801234567
186430527 801234567
186430752 801234567
186432057 801234567
186432570 801234567
186432705 801234567
186435072 801234567
186435207 801234567
186435720 801234567
186437025 801234567
186437250 801234567
186437502 801234567
186450237 801234567
186450372 801234567
186450723 801234567
186452073 801234567
186452307 801234567
186452730 801234567
186453027 801234567
186453270 801234567
186453702 801234567
186457032 801234567
186457203 801234567
186457320 801234567
186470253 801234567
186470325 801234567
186470532 801234567
186472035 801234567
186472350 801234567
186472503 801234567
186473052 801234567
186473205 801234567
186473520 801234567
186475023 801234567
186475230 801234567
186475302 801234567
186502347 801234567
186502473 801234567
186502734 801234567
186503274 801234567
186503427 801234567
186503742 801234567
186504237 801234567
186504372 801234567
186504723 801234567
186507243 801234567
186507324 801234567
186507432 801234567
186520374 801234567
186520437 801234567
186520743 801234567
186523047 801234567
186523470 801234567
186523704 801234567
186524073 801234567
186524307 801234567
186524730 801234567
186527034 801234567
186527340 801234567
186527403 801234567
186530247 801234567
186530472 801234567
186530724 801234567
186532074 801234567
186532407 801234567
186532740 801234567
186534027 801234567
186534270 801234567
186534702 801234567
186537042 801234567
186537204 801234567
186537420 801234567
186540273 801234567
186540327 801234567
186540732 801234567
186542037 801234567
186542370 801234567
186542703 801234567
186543072 801234567
186543207 801234567
186543720 801234567
186547023 801234567
186547230 801234567
186547302 801234567
186570234 801234567
186570342 801234567
186570423 801234567
186572043 801234567
186572304 801234567
186572430 801234567
186573024 801234567
186573240 801234567
186573402 801234567
186574032 801234567
186574203 801234567
186574320 801234567
186702354 801234567
186702435 801234567
186702543 801234567
186703245 801234567
186703452 801234567
186703524 801234567
186704253 801234567
186704325 801234567
186704532 801234567
186705234 801234567
186705342 801234567
186705423 801234567
186720345 801234567
186720453 801234567
186720534 801234567
186723054 801234567
186723405 801234567
186723540 801234567
186724035 801234567
186724350 801234567
