130728465 801234567
130728546 801234567
130728654 801234567
130742586 801234567
130742658 801234567
130742865 801234567
130745268 801234567
130745682 801234567
130745826 801234567
130746285 801234567
130746528 801234567
130746852 801234567
130748256 801234567
130748562 801234567
130748625 801234567
130752468 801234567
130752684 801234567
130752846 801234567
130754286 801234567
130754628 801234567
130754862 801234567
130756248 801234567
130756482 801234567
130756824 801234567
130758264 801234567
130758426 801234567
130758642 801234567
130762485 801234567
130762548 801234567
130762854 801234567
130764258 801234567
130764582 801234567
130764825 801234567
130765284 801234567
130765428 801234567
130765842 801234567
130768245 801234567
130768452 801234567
130768524 801234567
130782456 801234567
130782564 801234567
130782645 801234567
130784265 801234567
130784526 801234567
130784652 801234567
130785246 801234567
130785462 801234567
130785624 801234567
130786254 801234567
130786425 801234567
130786542 801234567
130824576 801234567
130824657 801234567
130824765 801234567
130825467 801234567
130825674 801234567
130825746 801234567
130826475 801234567
130826547 801234567
130826754 801234567
130827456 801234567
130827564 801234567
130827645 801234567
130842567 801234567
130842675 801234567
130842756 801234567
130845276 801234567
130845627 801234567
130845762 801234567
130846257 801234567
130846572 801234567
130846725 801234567
130847265 801234567
130847526 801234567
130847652 801234567
130852476 801234567
130852647 801234567
130852764 801234567
130854267 801234567
130854672 801234567
130854726 801234567
130856274 801234567
130856427 801234567
130856742 801234567
130857246 801234567
130857462 801234567
130857624 801234567
130862457 801234567
130862574 801234567
130862745 801234567
130864275 801234567
130864527 801234567
130864752 801234567
130865247 801234567
130865472 801234567
130865724 801234567
130867254 801234567
130867425 801234567
130867542 801234567
130872465 801234567
130872546 801234567
130872654 801234567
130874256 801234567
130874562 801234567
130874625 801234567
130875264 801234567
130875426 801234567
130875642 801234567
130876245 801234567
130876452 801234567
130876524 801234567
132045687 801234567
132045768 801234567
132045876 801234567
132046578 801234567
132046785 801234567
132046857 801234567
132047586 801234567
132047658 801234567
132047865 801234567
132048567 801234567
132048675 801234567
132048756 801234567
132054678 801234567
132054786 801234567
132054867 801234567
132056487 801234567
132056748 801234567
132056874 801234567
132057468 801234567
132057684 801234567
132057846 801234567
132058476 801234567
132058647 801234567
132058764 801234567
132064587 801234567
132064758 801234567
132064875 801234567
132065478 801234567
132065784 801234567
132065847 801234567
132067485 801234567
132067548 801234567
132067854 801234567
132068457 801234567
132068574 801234567
132068745 801234567
132074568 801234567
132074685 801234567
132074856 801234567
132075486 801234567
132075648 801234567
132075864 801234567
132076458 801234567
132076584 801234567
132076845 801234567
132078465 801234567
132078546 801234567
132078654 801234567
132084576 801234567
132084657 801234567
132084765 801234567
132085467 801234567
132085674 801234567
132085746 801234567
132086475 801234567
132086547 801234567
132086754 801234567
132087456 801234567
132087564 801234567
132087645 801234567
132405678 801234567
132405786 801234567
132405867 801234567
132406587 801234567
132406758 801234567
132406875 801234567
132407568 801234567
132407685 801234567
132407856 801234567
132408576 801234567
132408657 801234567
132408765 801234567
132450687 801234567
132450768 801234567
132450876 801234567
132456078 801234567
132456780 801234567
132456807 801234567
132457086 801234567
132457608 801234567
132457860 801234567
132458067 801234567
132458670 801234567
132458706 801234567
132460578 801234567
132460785 801234567
132460857 801234567
132465087 801234567
132465708 801234567
132465870 801234567
132467058 801234567
132467580 801234567
132467805 801234567
132468075 801234567
132468507 801234567
132468750 801234567
132470586 801234567
132470658 801234567
132470865 801234567
132475068 801234567
132475680 801234567
132475806 801234567
132476085 801234567
132476508 801234567
132476850 801234567
132478056 801234567
132478560 801234567
132478605 801234567
132480567 801234567
132480675 801234567
132480756 801234567
132485076 801234567
132485607 801234567
132485760 801234567
132486057 801234567
132486570 801234567
132486705 801234567
132487065 801234567
132487506 801234567
132487650 801234567
132504687 801234567
132504768 801234567
132504876 801234567
132506478 801234567
132506784 801234567
132506847 801234567
132507486 801234567
132507648 801234567
132507864 801234567
132508467 801234567
132508674 801234567
132508746 801234567
132540678 801234567
132540786 801234567
132540867 801234567
132546087 801234567
132546708 801234567
132546870 801234567
132547068 801234567
132547680 801234567
132547806 801234567
132548076 801234567
132548607 801234567
132548760 801234567
132560487 801234567
132560748 801234567
132560874 801234567
132564078 801234567
132564780 801234567
132564807 801234567
132567084 801234567
132567408 801234567
132567840 801234567
132568047 801234567
132568470 801234567
132568704 801234567
132570468 801234567
132570684 801234567
132570846 801234567
132574086 801234567
132574608 801234567
132574860 801234567
132576048 801234567
132576480 801234567
132576804 801234567
132578064 801234567
132578406 801234567
132578640 801234567
132580476 801234567
132580647 801234567
132580764 801234567
132584067 801234567
132584670 801234567
132584706 801234567
132586074 801234567
132586407 801234567
132586740 801234567
132587046 801234567
132587460 801234567
132587604 801234567
132604578 801234567
132604785 801234567
132604857 801234567
132605487 801234567
132605748 801234567
132605874 801234567
132607458 801234567
132607584 801234567
132607845 801234567
132608475 801234567
132608547 801234567
132608754 801234567
132640587 801234567
132640758 801234567
132640875 801234567
132645078 801234567
132645780 801234567
132645807 801234567
132647085 801234567
132647508 801234567
132647850 801234567
132648057 801234567
132648570 801234567
132648705 801234567
132650478 801234567
132650784 801234567
132650847 801234567
132654087 801234567
132654708 801234567
132654870 801234567
132657048 801234567
132657480 801234567
132657804 801234567
132658074 801234567
132658407 801234567
132658740 801234567
132670485 801234567
132670548 801234567
132670854 801234567
132674058 801234567
132674580 801234567
132674805 801234567
132675084 801234567
132675408 801234567
132675840 801234567
132678045 801234567
132678450 801234567
132678504 801234567
132680457 801234567
132680574 801234567
132680745 801234567
132684075 801234567
132684507 801234567
132684750 801234567
132685047 801234567
132685470 801234567
132685704 801234567
132687054 801234567
132687405 801234567
132687540 801234567
132704586 801234567
132704658 801234567
132704865 801234567
132705468 801234567
132705684 801234567
132705846 801234567
132706485 801234567
132706548 801234567
132706854 801234567
132708456 801234567
132708564 801234567
132708645 801234567
132740568 801234567
132740685 801234567
132740856 801234567
132745086 801234567
132745608 801234567
132745860 801234567
132746058 801234567
132746580 801234567
132746805 801234567
132748065 801234567
132748506 801234567
132748650 801234567
132750486 801234567
132750648 801234567
132750864 801234567
132754068 801234567
132754680 801234567
132754806 801234567
132756084 801234567
132756408 801234567
132756840 801234567
132758046 801234567
132758460 801234567
132758604 801234567
132760458 801234567
132760584 801234567
132760845 801234567
132764085 801234567
132764508 801234567
132764850 801234567
132765048 801234567
132765480 801234567
132765804 801234567
132768054 801234567
132768405 801234567
132768540 801234567
132780465 801234567
132780546 801234567
132780654 801234567
132784056 801234567
132784560 801234567
132784605 801234567
132785064 801234567
132785406 801234567
132785640 801234567
132786045 801234567
132786450 801234567
132786504 801234567
132804567 801234567
132804675 801234567
132804756 801234567
132805476 801234567
132805647 801234567
132805764 801234567
132806457 801234567
132806574 801234567
132806745 801234567
132807465 801234567
132807546 801234567
132807654 801234567
132840576 801234567
132840657 801234567
132840765 801234567
132845067 801234567
132845670 801234567
132845706 801234567
132846075 801234567
132846507 801234567
132846750 801234567
132847056 801234567
132847560 801234567
132847605 801234567
132850467 801234567
132850674 801234567
132850746 801234567
132854076 801234567
132854607 801234567
132854760 801234567
132856047 801234567
132856470 801234567
132856704 801234567
132857064 801234567
132857406 801234567
132857640 801234567
132860475 801234567
132860547 801234567
132860754 801234567
132864057 801234567
132864570 801234567
132864705 801234567
132865074 801234567
132865407 801234567
132865740 801234567
132867045 801234567
132867450 801234567
132867504 801234567
132870456 801234567
132870564 801234567
132870645 801234567
132874065 801234567
132874506 801234567
132874650 801234567
132875046 801234567
132875460 801234567
132875604 801234567
132876054 801234567
132876405 801234567
132876540 801234567
134025678 801234567
134025786 801234567
134025867 801234567
134026587 801234567
134026758 801234567
134026875 801234567
134027568 801234567
134027685 801234567
134027856 801234567
134028576 801234567
134028657 801234567
134028765 801234567
134052687 801234567
134052768 801234567
134052876 801234567
134056278 801234567
134056782 801234567
134056827 801234567
134057286 801234567
134057628 801234567
134057862 801234567
134058267 801234567
134058672 801234567
134058726 801234567
134062578 801234567
134062785 801234567
134062857 801234567
134065287 801234567
