256084713 801234567
256087143 801234567
256087314 801234567
256087431 801234567
256103487 801234567
256103748 801234567
256103874 801234567
256104378 801234567
256104783 801234567
256104837 801234567
256107384 801234567
256107438 801234567
256107843 801234567
256108347 801234567
256108473 801234567
256108734 801234567
256130478 801234567
256130784 801234567
256130847 801234567
256134087 801234567
256134708 801234567
256134870 801234567
256137048 801234567
256137480 801234567
256137804 801234567
256138074 801234567
256138407 801234567
256138740 801234567
256140387 801234567
256140738 801234567
256140873 801234567
256143078 801234567
256143780 801234567
256143807 801234567
256147083 801234567
256147308 801234567
256147830 801234567
256148037 801234567
256148370 801234567
256148703 801234567
256170348 801234567
256170483 801234567
256170834 801234567
256173084 801234567
256173408 801234567
256173840 801234567
256174038 801234567
256174380 801234567
256174803 801234567
256178043 801234567
256178304 801234567
256178430 801234567
256180374 801234567
256180437 801234567
256180743 801234567
256183047 801234567
256183470 801234567
256183704 801234567
256184073 801234567
256184307 801234567
256184730 801234567
256187034 801234567
256187340 801234567
256187403 801234567
256301478 801234567
256301784 801234567
256301847 801234567
256304187 801234567
256304718 801234567
256304871 801234567
256307148 801234567
256307481 801234567
256307814 801234567
256308174 801234567
256308417 801234567
256308741 801234567
256310487 801234567
256310748 801234567
256310874 801234567
256314078 801234567
256314780 801234567
256314807 801234567
256317084 801234567
256317408 801234567
256317840 801234567
256318047 801234567
256318470 801234567
256318704 801234567
256340178 801234567
256340781 801234567
256340817 801234567
256341087 801234567
256341708 801234567
256341870 801234567
256347018 801234567
256347180 801234567
256347801 801234567
256348071 801234567
256348107 801234567
256348710 801234567
256370184 801234567
256370418 801234567
256370841 801234567
256371048 801234567
256371480 801234567
256371804 801234567
256374081 801234567
256374108 801234567
256374810 801234567
256378014 801234567
256378140 801234567
256378401 801234567
256380147 801234567
256380471 801234567
256380714 801234567
256381074 801234567
256381407 801234567
256381740 801234567
256384017 801234567
256384170 801234567
256384701 801234567
256387041 801234567
256387104 801234567
256387410 801234567
256401387 801234567
256401738 801234567
256401873 801234567
256403178 801234567
256403781 801234567
256403817 801234567
256407183 801234567
256407318 801234567
256407831 801234567
256408137 801234567
256408371 801234567
256408713 801234567
256410378 801234567
256410783 801234567
256410837 801234567
256413087 801234567
256413708 801234567
256413870 801234567
256417038 801234567
256417380 801234567
256417803 801234567
256418073 801234567
256418307 801234567
256418730 801234567
256430187 801234567
256430718 801234567
256430871 801234567
256431078 801234567
256431780 801234567
256431807 801234567
256437081 801234567
256437108 801234567
256437810 801234567
256438017 801234567
256438170 801234567
256438701 801234567
256470138 801234567
256470381 801234567
256470813 801234567
256471083 801234567
256471308 801234567
256471830 801234567
256473018 801234567
256473180 801234567
256473801 801234567
256478031 801234567
256478103 801234567
256478310 801234567
256480173 801234567
256480317 801234567
256480731 801234567
256481037 801234567
256481370 801234567
256481703 801234567
256483071 801234567
256483107 801234567
256483710 801234567
256487013 801234567
256487130 801234567
256487301 801234567
256701348 801234567
256701483 801234567
256701834 801234567
256703184 801234567
256703418 801234567
256703841 801234567
256704138 801234567
256704381 801234567
256704813 801234567
256708143 801234567
256708314 801234567
256708431 801234567
256710384 801234567
256710438 801234567
256710843 801234567
256713048 801234567
256713480 801234567
256713804 801234567
256714083 801234567
256714308 801234567
256714830 801234567
256718034 801234567
256718340 801234567
256718403 801234567
256730148 801234567
256730481 801234567
256730814 801234567
256731084 801234567
256731408 801234567
256731840 801234567
256734018 801234567
256734180 801234567
256734801 801234567
256738041 801234567
256738104 801234567
256738410 801234567
256740183 801234567
256740318 801234567
256740831 801234567
256741038 801234567
256741380 801234567
256741803 801234567
256743081 801234567
256743108 801234567
256743810 801234567
256748013 801234567
256748130 801234567
256748301 801234567
256780134 801234567
256780341 801234567
256780413 801234567
256781043 801234567
256781304 801234567
256781430 801234567
256783014 801234567
256783140 801234567
256783401 801234567
256784031 801234567
256784103 801234567
256784310 801234567
256801374 801234567
256801437 801234567
256801743 801234567
256803147 801234567
256803471 801234567
256803714 801234567
256804173 801234567
256804317 801234567
256804731 801234567
256807134 801234567
256807341 801234567
256807413 801234567
256810347 801234567
256810473 801234567
256810734 801234567
256813074 801234567
256813407 801234567
256813740 801234567
256814037 801234567
256814370 801234567
256814703 801234567
256817043 801234567
256817304 801234567
256817430 801234567
256830174 801234567
256830417 801234567
256830741 801234567
256831047 801234567
256831470 801234567
256831704 801234567
256834071 801234567
256834107 801234567
256834710 801234567
256837014 801234567
256837140 801234567
256837401 801234567
256840137 801234567
256840371 801234567
256840713 801234567
256841073 801234567
256841307 801234567
256841730 801234567
256843017 801234567
256843170 801234567
256843701 801234567
256847031 801234567
256847103 801234567
256847310 801234567
256870143 801234567
256870314 801234567
256870431 801234567
256871034 801234567
256871340 801234567
256871403 801234567
256873041 801234567
256873104 801234567
256873410 801234567
256874013 801234567
256874130 801234567
256874301 801234567
257013486 801234567
257013648 801234567
257013864 801234567
257014368 801234567
257014683 801234567
257014836 801234567
257016384 801234567
257016438 801234567
257016843 801234567
257018346 801234567
257018463 801234567
257018634 801234567
257031468 801234567
257031684 801234567
257031846 801234567
257034186 801234567
257034618 801234567
257034861 801234567
257036148 801234567
257036481 801234567
257036814 801234567
257038164 801234567
257038416 801234567
257038641 801234567
257041386 801234567
257041638 801234567
257041863 801234567
257043168 801234567
257043681 801234567
257043816 801234567
257046183 801234567
257046318 801234567
257046831 801234567
257048136 801234567
257048361 801234567
257048613 801234567
257061348 801234567
257061483 801234567
257061834 801234567
257063184 801234567
257063418 801234567
257063841 801234567
257064138 801234567
257064381 801234567
257064813 801234567
257068143 801234567
257068314 801234567
257068431 801234567
257081364 801234567
257081436 801234567
257081643 801234567
257083146 801234567
257083461 801234567
257083614 801234567
257084163 801234567
257084316 801234567
257084631 801234567
257086134 801234567
257086341 801234567
257086413 801234567
257103468 801234567
257103684 801234567
257103846 801234567
257104386 801234567
257104638 801234567
257104863 801234567
257106348 801234567
257106483 801234567
257106834 801234567
257108364 801234567
257108436 801234567
257108643 801234567
257130486 801234567
257130648 801234567
257130864 801234567
257134068 801234567
257134680 801234567
257134806 801234567
257136084 801234567
257136408 801234567
257136840 801234567
257138046 801234567
257138460 801234567
257138604 801234567
257140368 801234567
257140683 801234567
257140836 801234567
257143086 801234567
257143608 801234567
257143860 801234567
257146038 801234567
257146380 801234567
257146803 801234567
257148063 801234567
257148306 801234567
257148630 801234567
257160384 801234567
257160438 801234567
257160843 801234567
257163048 801234567
257163480 801234567
257163804 801234567
257164083 801234567
257164308 801234567
257164830 801234567
257168034 801234567
257168340 801234567
257168403 801234567
257180346 801234567
257180463 801234567
257180634 801234567
257183064 801234567
257183406 801234567
257183640 801234567
257184036 801234567
257184360 801234567
257184603 801234567
257186043 801234567
257186304 801234567
257186430 801234567
257301486 801234567
257301648 801234567
257301864 801234567
257304168 801234567
257304681 801234567
257304816 801234567
257306184 801234567
257306418 801234567
257306841 801234567
257308146 801234567
257308461 801234567
257308614 801234567
257310468 801234567
257310684 801234567
257310846 801234567
257314086 801234567
257314608 801234567
257314860 801234567
257316048 801234567
257316480 801234567
257316804 801234567
257318064 801234567
257318406 801234567
257318640 801234567
257340186 801234567
257340618 801234567
257340861 801234567
257341068 801234567
257341680 801234567
257341806 801234567
257346081 801234567
257346108 801234567
257346810 801234567
257348016 801234567
257348160 801234567
257348601 801234567
257360148 801234567
257360481 801234567
257360814 801234567
257361084 801234567
257361408 801234567
257361840 801234567
257364018 801234567
257364180 801234567
257364801 801234567
257368041 801234567
257368104 801234567
257368410 801234567
257380164 801234567
257380416 801234567
257380641 801234567
257381046 801234567
257381460 801234567
257381604 801234567
257384061 801234567
257384106 801234567
257384610 801234567
257386014 801234567
257386140 801234567
257386401 801234567
257401368 801234567
257401683 801234567
257401836 801234567
257403186 801234567
257403618 801234567
257403861 801234567
257406138 801234567
257406381 801234567
257406813 801234567
257408163 801234567
257408316 801234567
257408631 801234567
257410386 801234567
257410638 801234567
257410863 801234567
