756280134 801234567
756280341 801234567
756280413 801234567
756281043 801234567
756281304 801234567
756281430 801234567
756283014 801234567
756283140 801234567
756283401 801234567
756284031 801234567
756284103 801234567
756284310 801234567
756301284 801234567
756301428 801234567
756301842 801234567
756302148 801234567
756302481 801234567
756302814 801234567
756304182 801234567
756304218 801234567
756304821 801234567
756308124 801234567
756308241 801234567
756308412 801234567
756310248 801234567
756310482 801234567
756310824 801234567
756312084 801234567
756312408 801234567
756312840 801234567
756314028 801234567
756314280 801234567
756314802 801234567
756318042 801234567
756318204 801234567
756318420 801234567
756320184 801234567
756320418 801234567
756320841 801234567
756321048 801234567
756321480 801234567
756321804 801234567
756324081 801234567
756324108 801234567
756324810 801234567
756328014 801234567
756328140 801234567
756328401 801234567
756340128 801234567
756340281 801234567
756340812 801234567
756341082 801234567
756341208 801234567
756341820 801234567
756342018 801234567
756342180 801234567
756342801 801234567
756348021 801234567
756348102 801234567
756348210 801234567
756380142 801234567
756380214 801234567
756380421 801234567
756381024 801234567
756381240 801234567
756381402 801234567
756382041 801234567
756382104 801234567
756382410 801234567
756384012 801234567
756384120 801234567
756384201 801234567
756401238 801234567
756401382 801234567
756401823 801234567
756402183 801234567
756402318 801234567
756402831 801234567
756403128 801234567
756403281 801234567
756403812 801234567
756408132 801234567
756408213 801234567
756408321 801234567
756410283 801234567
756410328 801234567
756410832 801234567
756412038 801234567
756412380 801234567
756412803 801234567
756413082 801234567
756413208 801234567
756413820 801234567
756418023 801234567
756418230 801234567
756418302 801234567
756420138 801234567
756420381 801234567
756420813 801234567
756421083 801234567
756421308 801234567
756421830 801234567
756423018 801234567
756423180 801234567
756423801 801234567
756428031 801234567
756428103 801234567
756428310 801234567
756430182 801234567
756430218 801234567
756430821 801234567
756431028 801234567
756431280 801234567
756431802 801234567
756432081 801234567
756432108 801234567
756432810 801234567
756438012 801234567
756438120 801234567
756438201 801234567
756480123 801234567
756480231 801234567
756480312 801234567
756481032 801234567
756481203 801234567
756481320 801234567
756482013 801234567
756482130 801234567
756482301 801234567
756483021 801234567
756483102 801234567
756483210 801234567
756801243 801234567
756801324 801234567
756801432 801234567
756802134 801234567
756802341 801234567
756802413 801234567
756803142 801234567
756803214 801234567
756803421 801234567
756804123 801234567
756804231 801234567
756804312 801234567
756810234 801234567
756810342 801234567
756810423 801234567
756812043 801234567
756812304 801234567
756812430 801234567
756813024 801234567
756813240 801234567
756813402 801234567
756814032 801234567
756814203 801234567
756814320 801234567
756820143 801234567
756820314 801234567
756820431 801234567
756821034 801234567
756821340 801234567
756821403 801234567
756823041 801234567
756823104 801234567
756823410 801234567
756824013 801234567
756824130 801234567
756824301 801234567
756830124 801234567
756830241 801234567
756830412 801234567
756831042 801234567
756831204 801234567
756831420 801234567
756832014 801234567
756832140 801234567
756832401 801234567
756834021 801234567
756834102 801234567
756834210 801234567
756840132 801234567
756840213 801234567
756840321 801234567
756841023 801234567
756841230 801234567
756841302 801234567
756842031 801234567
756842103 801234567
756842310 801234567
756843012 801234567
756843120 801234567
756843201 801234567
758012364 801234567
758012436 801234567
758012643 801234567
758013246 801234567
758013462 801234567
758013624 801234567
758014263 801234567
758014326 801234567
758014632 801234567
758016234 801234567
758016342 801234567
758016423 801234567
758021346 801234567
758021463 801234567
758021634 801234567
758023164 801234567
758023416 801234567
758023641 801234567
758024136 801234567
758024361 801234567
758024613 801234567
758026143 801234567
758026314 801234567
758026431 801234567
758031264 801234567
758031426 801234567
758031642 801234567
758032146 801234567
758032461 801234567
758032614 801234567
758034162 801234567
758034216 801234567
758034621 801234567
758036124 801234567
758036241 801234567
758036412 801234567
758041236 801234567
758041362 801234567
758041623 801234567
758042163 801234567
758042316 801234567
758042631 801234567
758043126 801234567
758043261 801234567
758043612 801234567
758046132 801234567
758046213 801234567
758046321 801234567
758061243 801234567
758061324 801234567
758061432 801234567
758062134 801234567
758062341 801234567
758062413 801234567
758063142 801234567
758063214 801234567
758063421 801234567
758064123 801234567
758064231 801234567
758064312 801234567
758102346 801234567
758102463 801234567
758102634 801234567
758103264 801234567
758103426 801234567
758103642 801234567
758104236 801234567
758104362 801234567
758104623 801234567
758106243 801234567
758106324 801234567
758106432 801234567
758120364 801234567
758120436 801234567
758120643 801234567
758123046 801234567
758123460 801234567
758123604 801234567
758124063 801234567
758124306 801234567
758124630 801234567
758126034 801234567
758126340 801234567
758126403 801234567
758130246 801234567
758130462 801234567
758130624 801234567
758132064 801234567
758132406 801234567
758132640 801234567
758134026 801234567
758134260 801234567
758134602 801234567
758136042 801234567
758136204 801234567
758136420 801234567
758140263 801234567
758140326 801234567
758140632 801234567
758142036 801234567
758142360 801234567
758142603 801234567
758143062 801234567
758143206 801234567
758143620 801234567
758146023 801234567
758146230 801234567
758146302 801234567
758160234 801234567
758160342 801234567
758160423 801234567
758162043 801234567
758162304 801234567
758162430 801234567
758163024 801234567
758163240 801234567
758163402 801234567
758164032 801234567
758164203 801234567
758164320 801234567
758201364 801234567
758201436 801234567
758201643 801234567
758203146 801234567
758203461 801234567
758203614 801234567
758204163 801234567
758204316 801234567
758204631 801234567
758206134 801234567
758206341 801234567
758206413 801234567
758210346 801234567
758210463 801234567
758210634 801234567
758213064 801234567
758213406 801234567
758213640 801234567
758214036 801234567
758214360 801234567
758214603 801234567
758216043 801234567
758216304 801234567
758216430 801234567
758230164 801234567
758230416 801234567
758230641 801234567
758231046 801234567
758231460 801234567
758231604 801234567
758234061 801234567
758234106 801234567
758234610 801234567
758236014 801234567
758236140 801234567
758236401 801234567
758240136 801234567
758240361 801234567
758240613 801234567
758241063 801234567
758241306 801234567
758241630 801234567
758243016 801234567
758243160 801234567
758243601 801234567
758246031 801234567
758246103 801234567
758246310 801234567
758260143 801234567
758260314 801234567
758260431 801234567
758261034 801234567
758261340 801234567
758261403 801234567
758263041 801234567
758263104 801234567
758263410 801234567
758264013 801234567
758264130 801234567
758264301 801234567
758301246 801234567
758301462 801234567
758301624 801234567
758302164 801234567
758302416 801234567
758302641 801234567
758304126 801234567
758304261 801234567
758304612 801234567
758306142 801234567
758306214 801234567
758306421 801234567
758310264 801234567
758310426 801234567
758310642 801234567
758312046 801234567
758312460 801234567
758312604 801234567
758314062 801234567
758314206 801234567
758314620 801234567
758316024 801234567
758316240 801234567
758316402 801234567
758320146 801234567
758320461 801234567
758320614 801234567
758321064 801234567
758321406 801234567
758321640 801234567
758324016 801234567
758324160 801234567
758324601 801234567
758326041 801234567
758326104 801234567
758326410 801234567
758340162 801234567
758340216 801234567
758340621 801234567
758341026 801234567
758341260 801234567
758341602 801234567
758342061 801234567
758342106 801234567
758342610 801234567
758346012 801234567
758346120 801234567
758346201 801234567
758360124 801234567
758360241 801234567
758360412 801234567
758361042 801234567
758361204 801234567
758361420 801234567
758362014 801234567
758362140 801234567
758362401 801234567
758364021 801234567
758364102 801234567
758364210 801234567
758401263 801234567
758401326 801234567
758401632 801234567
758402136 801234567
758402361 801234567
758402613 801234567
758403162 801234567
758403216 801234567
758403621 801234567
758406123 801234567
758406231 801234567
758406312 801234567
758410236 801234567
758410362 801234567
758410623 801234567
758412063 801234567
758412306 801234567
758412630 801234567
758413026 801234567
758413260 801234567
758413602 801234567
758416032 801234567
758416203 801234567
758416320 801234567
758420163 801234567
758420316 801234567
758420631 801234567
758421036 801234567
758421360 801234567
758421603 801234567
758423061 801234567
758423106 801234567
758423610 801234567
758426013 801234567
758426130 801234567
758426301 801234567
758430126 801234567
758430261 801234567
758430612 801234567
758431062 801234567
758431206 801234567
758431620 801234567
758432016 801234567
758432160 801234567
758432601 801234567
758436021 801234567
758436102 801234567
758436210 801234567
758460132 801234567
758460213 801234567
758460321 801234567
758461023 801234567
758461230 801234567
758461302 801234567
758462031 801234567
758462103 801234567
758462310 801234567
758463012 801234567
758463120 801234567
758463201 801234567
758601234 801234567
758601342 801234567
758601423 801234567
758602143 801234567
758602314 801234567
758602431 801234567
758603124 801234567
