486351072 801234567
486351207 801234567
486351720 801234567
486352017 801234567
486352170 801234567
486352701 801234567
486357021 801234567
486357102 801234567
486357210 801234567
486370152 801234567
486370215 801234567
486370521 801234567
486371025 801234567
486371250 801234567
486371502 801234567
486372051 801234567
486372105 801234567
486372510 801234567
486375012 801234567
486375120 801234567
486375201 801234567
486501237 801234567
486501372 801234567
486501723 801234567
486502173 801234567
486502317 801234567
486502731 801234567
486503127 801234567
486503271 801234567
486503712 801234567
486507132 801234567
486507213 801234567
486507321 801234567
486510273 801234567
486510327 801234567
486510732 801234567
486512037 801234567
486512370 801234567
486512703 801234567
486513072 801234567
486513207 801234567
486513720 801234567
486517023 801234567
486517230 801234567
486517302 801234567
486520137 801234567
486520371 801234567
486520713 801234567
486521073 801234567
486521307 801234567
486521730 801234567
486523017 801234567
486523170 801234567
486523701 801234567
486527031 801234567
486527103 801234567
486527310 801234567
486530172 801234567
486530217 801234567
486530721 801234567
486531027 801234567
486531270 801234567
486531702 801234567
486532071 801234567
486532107 801234567
486532710 801234567
486537012 801234567
486537120 801234567
486537201 801234567
486570123 801234567
486570231 801234567
486570312 801234567
486571032 801234567
486571203 801234567
486571320 801234567
486572013 801234567
486572130 801234567
486572301 801234567
486573021 801234567
486573102 801234567
486573210 801234567
486701253 801234567
486701325 801234567
486701532 801234567
486702135 801234567
486702351 801234567
486702513 801234567
486703152 801234567
486703215 801234567
486703521 801234567
486705123 801234567
486705231 801234567
486705312 801234567
486710235 801234567
486710352 801234567
486710523 801234567
486712053 801234567
486712305 801234567
486712530 801234567
486713025 801234567
486713250 801234567
486713502 801234567
486715032 801234567
486715203 801234567
486715320 801234567
486720153 801234567
486720315 801234567
486720531 801234567
486721035 801234567
486721350 801234567
486721503 801234567
486723051 801234567
486723105 801234567
486723510 801234567
486725013 801234567
486725130 801234567
486725301 801234567
486730125 801234567
486730251 801234567
486730512 801234567
486731052 801234567
486731205 801234567
486731520 801234567
486732015 801234567
486732150 801234567
486732501 801234567
486735021 801234567
486735102 801234567
486735210 801234567
486750132 801234567
486750213 801234567
486750321 801234567
486751023 801234567
486751230 801234567
486751302 801234567
486752031 801234567
486752103 801234567
486752310 801234567
486753012 801234567
486753120 801234567
486753201 801234567
487012365 801234567
487012536 801234567
487012653 801234567
487013256 801234567
487013562 801234567
487013625 801234567
487015263 801234567
487015326 801234567
487015632 801234567
487016235 801234567
487016352 801234567
487016523 801234567
487021356 801234567
487021563 801234567
487021635 801234567
487023165 801234567
487023516 801234567
487023651 801234567
487025136 801234567
487025361 801234567
487025613 801234567
487026153 801234567
487026315 801234567
487026531 801234567
487031265 801234567
487031526 801234567
487031652 801234567
487032156 801234567
487032561 801234567
487032615 801234567
487035162 801234567
487035216 801234567
487035621 801234567
487036125 801234567
487036251 801234567
487036512 801234567
487051236 801234567
487051362 801234567
487051623 801234567
487052163 801234567
487052316 801234567
487052631 801234567
487053126 801234567
487053261 801234567
487053612 801234567
487056132 801234567
487056213 801234567
487056321 801234567
487061253 801234567
487061325 801234567
487061532 801234567
487062135 801234567
487062351 801234567
487062513 801234567
487063152 801234567
487063215 801234567
487063521 801234567
487065123 801234567
487065231 801234567
487065312 801234567
487102356 801234567
487102563 801234567
487102635 801234567
487103265 801234567
487103526 801234567
487103652 801234567
487105236 801234567
487105362 801234567
487105623 801234567
487106253 801234567
487106325 801234567
487106532 801234567
487120365 801234567
487120536 801234567
487120653 801234567
487123056 801234567
487123560 801234567
487123605 801234567
487125063 801234567
487125306 801234567
487125630 801234567
487126035 801234567
487126350 801234567
487126503 801234567
487130256 801234567
487130562 801234567
487130625 801234567
487132065 801234567
487132506 801234567
487132650 801234567
487135026 801234567
487135260 801234567
487135602 801234567
487136052 801234567
487136205 801234567
487136520 801234567
487150263 801234567
487150326 801234567
487150632 801234567
487152036 801234567
487152360 801234567
487152603 801234567
487153062 801234567
487153206 801234567
487153620 801234567
487156023 801234567
487156230 801234567
487156302 801234567
487160235 801234567
487160352 801234567
487160523 801234567
487162053 801234567
487162305 801234567
487162530 801234567
487163025 801234567
487163250 801234567
487163502 801234567
487165032 801234567
487165203 801234567
487165320 801234567
487201365 801234567
487201536 801234567
487201653 801234567
487203156 801234567
487203561 801234567
487203615 801234567
487205163 801234567
487205316 801234567
487205631 801234567
487206135 801234567
487206351 801234567
487206513 801234567
487210356 801234567
487210563 801234567
487210635 801234567
487213065 801234567
487213506 801234567
487213650 801234567
487215036 801234567
487215360 801234567
487215603 801234567
487216053 801234567
487216305 801234567
487216530 801234567
487230165 801234567
487230516 801234567
487230651 801234567
487231056 801234567
487231560 801234567
487231605 801234567
487235061 801234567
487235106 801234567
487235610 801234567
487236015 801234567
487236150 801234567
487236501 801234567
487250136 801234567
487250361 801234567
487250613 801234567
487251063 801234567
487251306 801234567
487251630 801234567
487253016 801234567
487253160 801234567
487253601 801234567
487256031 801234567
487256103 801234567
487256310 801234567
487260153 801234567
487260315 801234567
487260531 801234567
487261035 801234567
487261350 801234567
487261503 801234567
487263051 801234567
487263105 801234567
487263510 801234567
487265013 801234567
487265130 801234567
487265301 801234567
487301256 801234567
487301562 801234567
487301625 801234567
487302165 801234567
487302516 801234567
487302651 801234567
487305126 801234567
487305261 801234567
487305612 801234567
487306152 801234567
487306215 801234567
487306521 801234567
487310265 801234567
487310526 801234567
487310652 801234567
487312056 801234567
487312560 801234567
487312605 801234567
487315062 801234567
487315206 801234567
487315620 801234567
487316025 801234567
487316250 801234567
487316502 801234567
487320156 801234567
487320561 801234567
487320615 801234567
487321065 801234567
487321506 801234567
487321650 801234567
487325016 801234567
487325160 801234567
487325601 801234567
487326051 801234567
487326105 801234567
487326510 801234567
487350162 801234567
487350216 801234567
487350621 801234567
487351026 801234567
487351260 801234567
487351602 801234567
487352061 801234567
487352106 801234567
487352610 801234567
487356012 801234567
487356120 801234567
487356201 801234567
487360125 801234567
487360251 801234567
487360512 801234567
487361052 801234567
487361205 801234567
487361520 801234567
487362015 801234567
487362150 801234567
487362501 801234567
487365021 801234567
487365102 801234567
487365210 801234567
487501263 801234567
487501326 801234567
487501632 801234567
487502136 801234567
487502361 801234567
487502613 801234567
487503162 801234567
487503216 801234567
487503621 801234567
487506123 801234567
487506231 801234567
487506312 801234567
487510236 801234567
487510362 801234567
487510623 801234567
487512063 801234567
487512306 801234567
487512630 801234567
487513026 801234567
487513260 801234567
487513602 801234567
487516032 801234567
487516203 801234567
487516320 801234567
487520163 801234567
487520316 801234567
487520631 801234567
487521036 801234567
487521360 801234567
487521603 801234567
487523061 801234567
487523106 801234567
487523610 801234567
487526013 801234567
487526130 801234567
487526301 801234567
487530126 801234567
487530261 801234567
487530612 801234567
487531062 801234567
487531206 801234567
487531620 801234567
487532016 801234567
487532160 801234567
487532601 801234567
487536021 801234567
487536102 801234567
487536210 801234567
487560132 801234567
487560213 801234567
487560321 801234567
487561023 801234567
487561230 801234567
487561302 801234567
487562031 801234567
487562103 801234567
487562310 801234567
487563012 801234567
487563120 801234567
487563201 801234567
487601235 801234567
487601352 801234567
487601523 801234567
487602153 801234567
487602315 801234567
487602531 801234567
487603125 801234567
487603251 801234567
487603512 801234567
487605132 801234567
487605213 801234567
487605321 801234567
487610253 801234567
487610325 801234567
487610532 801234567
487612035 801234567
487612350 801234567
487612503 801234567
487613052 801234567
487613205 801234567
487613520 801234567
487615023 801234567
487615230 801234567
487615302 801234567
487620135 801234567
487620351 801234567
487620513 801234567
487621053 801234567
487621305 801234567
487621530 801234567
487623015 801234567
487623150 801234567
487623501 801234567
487625031 801234567
487625103 801234567
487625310 801234567
487630152 801234567
487630215 801234567
487630521 801234567
487631025 801234567
487631250 801234567
487631502 801234567
487632051 801234567
487632105 801234567
487632510 801234567
487635012 801234567
487635120 801234567
487635201 801234567
487650123 801234567
487650231 801234567
487650312 801234567
487651032 801234567
487651203 801234567
487651320 801234567
487652013 801234567
487652130 801234567
487652301 801234567
487653021 801234567
