410583726 801234567
410586273 801234567
410586327 801234567
410586732 801234567
410587236 801234567
410587362 801234567
410587623 801234567
410623578 801234567
410623785 801234567
410623857 801234567
410625387 801234567
410625738 801234567
410625873 801234567
410627358 801234567
410627583 801234567
410627835 801234567
410628375 801234567
410628537 801234567
410628753 801234567
410632587 801234567
410632758 801234567
410632875 801234567
410635278 801234567
410635782 801234567
410635827 801234567
410637285 801234567
410637528 801234567
410637852 801234567
410638257 801234567
410638572 801234567
410638725 801234567
410652378 801234567
410652783 801234567
410652837 801234567
410653287 801234567
410653728 801234567
410653872 801234567
410657238 801234567
410657382 801234567
410657823 801234567
410658273 801234567
410658327 801234567
410658732 801234567
410672385 801234567
410672538 801234567
410672853 801234567
410673258 801234567
410673582 801234567
410673825 801234567
410675283 801234567
410675328 801234567
410675832 801234567
410678235 801234567
410678352 801234567
410678523 801234567
410682357 801234567
410682573 801234567
410682735 801234567
410683275 801234567
410683527 801234567
410683752 801234567
410685237 801234567
410685372 801234567
410685723 801234567
410687253 801234567
410687325 801234567
410687532 801234567
410723586 801234567
410723658 801234567
410723865 801234567
410725368 801234567
410725683 801234567
410725836 801234567
410726385 801234567
410726538 801234567
410726853 801234567
410728356 801234567
410728563 801234567
410728635 801234567
410732568 801234567
410732685 801234567
410732856 801234567
410735286 801234567
410735628 801234567
410735862 801234567
410736258 801234567
410736582 801234567
410736825 801234567
410738265 801234567
410738526 801234567
410738652 801234567
410752386 801234567
410752638 801234567
410752863 801234567
410753268 801234567
410753682 801234567
410753826 801234567
410756283 801234567
410756328 801234567
410756832 801234567
410758236 801234567
410758362 801234567
410758623 801234567
410762358 801234567
410762583 801234567
410762835 801234567
410763285 801234567
410763528 801234567
410763852 801234567
410765238 801234567
410765382 801234567
410765823 801234567
410768253 801234567
410768325 801234567
410768532 801234567
410782365 801234567
410782536 801234567
410782653 801234567
410783256 801234567
410783562 801234567
410783625 801234567
410785263 801234567
410785326 801234567
410785632 801234567
410786235 801234567
410786352 801234567
410786523 801234567
410823567 801234567
410823675 801234567
410823756 801234567
410825376 801234567
410825637 801234567
410825763 801234567
410826357 801234567
410826573 801234567
410826735 801234567
410827365 801234567
410827536 801234567
410827653 801234567
410832576 801234567
410832657 801234567
410832765 801234567
410835267 801234567
410835672 801234567
410835726 801234567
410836275 801234567
410836527 801234567
410836752 801234567
410837256 801234567
410837562 801234567
410837625 801234567
410852367 801234567
410852673 801234567
410852736 801234567
410853276 801234567
410853627 801234567
410853762 801234567
410856237 801234567
410856372 801234567
410856723 801234567
410857263 801234567
410857326 801234567
410857632 801234567
410862375 801234567
410862537 801234567
410862753 801234567
410863257 801234567
410863572 801234567
410863725 801234567
410865273 801234567
410865327 801234567
410865732 801234567
410867235 801234567
410867352 801234567
410867523 801234567
410872356 801234567
410872563 801234567
410872635 801234567
410873265 801234567
410873526 801234567
410873652 801234567
410875236 801234567
410875362 801234567
410875623 801234567
410876253 801234567
410876325 801234567
410876532 801234567
412035678 801234567
412035786 801234567
412035867 801234567
412036587 801234567
412036758 801234567
412036875 801234567
412037568 801234567
412037685 801234567
412037856 801234567
412038576 801234567
412038657 801234567
412038765 801234567
412053687 801234567
412053768 801234567
412053876 801234567
412056378 801234567
412056783 801234567
412056837 801234567
412057386 801234567
412057638 801234567
412057863 801234567
412058367 801234567
412058673 801234567
412058736 801234567
412063578 801234567
412063785 801234567
412063857 801234567
412065387 801234567
412065738 801234567
412065873 801234567
412067358 801234567
412067583 801234567
412067835 801234567
412068375 801234567
412068537 801234567
412068753 801234567
412073586 801234567
412073658 801234567
412073865 801234567
412075368 801234567
412075683 801234567
412075836 801234567
412076385 801234567
412076538 801234567
412076853 801234567
412078356 801234567
412078563 801234567
412078635 801234567
412083567 801234567
412083675 801234567
412083756 801234567
412085376 801234567
412085637 801234567
412085763 801234567
412086357 801234567
412086573 801234567
412086735 801234567
412087365 801234567
412087536 801234567
412087653 801234567
412305687 801234567
412305768 801234567
412305876 801234567
412306578 801234567
412306785 801234567
412306857 801234567
412307586 801234567
412307658 801234567
412307865 801234567
412308567 801234567
412308675 801234567
412308756 801234567
412350678 801234567
412350786 801234567
412350867 801234567
412356087 801234567
412356708 801234567
412356870 801234567
412357068 801234567
412357680 801234567
412357806 801234567
412358076 801234567
412358607 801234567
412358760 801234567
412360587 801234567
412360758 801234567
412360875 801234567
412365078 801234567
412365780 801234567
412365807 801234567
412367085 801234567
412367508 801234567
412367850 801234567
412368057 801234567
412368570 801234567
412368705 801234567
412370568 801234567
412370685 801234567
412370856 801234567
412375086 801234567
412375608 801234567
412375860 801234567
412376058 801234567
412376580 801234567
412376805 801234567
412378065 801234567
412378506 801234567
412378650 801234567
412380576 801234567
412380657 801234567
412380765 801234567
412385067 801234567
412385670 801234567
412385706 801234567
412386075 801234567
412386507 801234567
412386750 801234567
412387056 801234567
412387560 801234567
412387605 801234567
412503678 801234567
412503786 801234567
412503867 801234567
412506387 801234567
412506738 801234567
412506873 801234567
412507368 801234567
412507683 801234567
412507836 801234567
412508376 801234567
412508637 801234567
412508763 801234567
412530687 801234567
412530768 801234567
412530876 801234567
412536078 801234567
412536780 801234567
412536807 801234567
412537086 801234567
412537608 801234567
412537860 801234567
412538067 801234567
412538670 801234567
412538706 801234567
412560378 801234567
412560783 801234567
412560837 801234567
412563087 801234567
412563708 801234567
412563870 801234567
412567038 801234567
412567380 801234567
412567803 801234567
412568073 801234567
412568307 801234567
412568730 801234567
412570386 801234567
412570638 801234567
412570863 801234567
412573068 801234567
412573680 801234567
412573806 801234567
412576083 801234567
412576308 801234567
412576830 801234567
412578036 801234567
412578360 801234567
412578603 801234567
412580367 801234567
412580673 801234567
412580736 801234567
412583076 801234567
412583607 801234567
412583760 801234567
412586037 801234567
412586370 801234567
412586703 801234567
412587063 801234567
412587306 801234567
412587630 801234567
412603587 801234567
412603758 801234567
412603875 801234567
412605378 801234567
412605783 801234567
412605837 801234567
412607385 801234567
412607538 801234567
412607853 801234567
412608357 801234567
412608573 801234567
412608735 801234567
412630578 801234567
412630785 801234567
412630857 801234567
412635087 801234567
412635708 801234567
412635870 801234567
412637058 801234567
412637580 801234567
412637805 801234567
412638075 801234567
412638507 801234567
412638750 801234567
412650387 801234567
412650738 801234567
412650873 801234567
412653078 801234567
412653780 801234567
412653807 801234567
412657083 801234567
412657308 801234567
412657830 801234567
412658037 801234567
412658370 801234567
412658703 801234567
412670358 801234567
412670583 801234567
412670835 801234567
412673085 801234567
412673508 801234567
412673850 801234567
412675038 801234567
412675380 801234567
412675803 801234567
412678053 801234567
412678305 801234567
412678530 801234567
412680375 801234567
412680537 801234567
412680753 801234567
412683057 801234567
412683570 801234567
412683705 801234567
412685073 801234567
412685307 801234567
412685730 801234567
412687035 801234567
412687350 801234567
412687503 801234567
412703568 801234567
412703685 801234567
412703856 801234567
412705386 801234567
412705638 801234567
412705863 801234567
412706358 801234567
412706583 801234567
412706835 801234567
412708365 801234567
412708536 801234567
412708653 801234567
412730586 801234567
412730658 801234567
412730865 801234567
412735068 801234567
412735680 801234567
412735806 801234567
412736085 801234567
412736508 801234567
412736850 801234567
412738056 801234567
412738560 801234567
412738605 801234567
412750368 801234567
412750683 801234567
412750836 801234567
412753086 801234567
412753608 801234567
412753860 801234567
412756038 801234567
412756380 801234567
412756803 801234567
412758063 801234567
412758306 801234567
412758630 801234567
412760385 801234567
412760538 801234567
412760853 801234567
412763058 801234567
412763580 801234567
412763805 801234567
412765083 801234567
412765308 801234567
412765830 801234567
412768035 801234567
412768350 801234567
412768503 801234567
412780356 801234567
412780563 801234567
412780635 801234567
412783065 801234567
412783506 801234567
412783650 801234567
412785036 801234567
412785360 801234567
412785603 801234567
412786053 801234567
412786305 801234567
412786530 801234567
412803576 801234567
412803657 801234567
412803765 801234567
412805367 801234567
412805673 801234567
412805736 801234567
412806375 801234567
412806537 801234567
412806753 801234567
412807356 801234567
412807563 801234567
412807635 801234567
