418027356 801234567
418027563 801234567
418027635 801234567
418032567 801234567
418032675 801234567
418032756 801234567
418035276 801234567
418035627 801234567
418035762 801234567
418036257 801234567
418036572 801234567
418036725 801234567
418037265 801234567
418037526 801234567
418037652 801234567
418052376 801234567
418052637 801234567
418052763 801234567
418053267 801234567
418053672 801234567
418053726 801234567
418056273 801234567
418056327 801234567
418056732 801234567
418057236 801234567
418057362 801234567
418057623 801234567
418062357 801234567
418062573 801234567
418062735 801234567
418063275 801234567
418063527 801234567
418063752 801234567
418065237 801234567
418065372 801234567
418065723 801234567
418067253 801234567
418067325 801234567
418067532 801234567
418072365 801234567
418072536 801234567
418072653 801234567
418073256 801234567
418073562 801234567
418073625 801234567
418075263 801234567
418075326 801234567
418075632 801234567
418076235 801234567
418076352 801234567
418076523 801234567
418203567 801234567
418203675 801234567
418203756 801234567
418205376 801234567
418205637 801234567
418205763 801234567
418206357 801234567
418206573 801234567
418206735 801234567
418207365 801234567
418207536 801234567
418207653 801234567
418230576 801234567
418230657 801234567
418230765 801234567
418235067 801234567
418235670 801234567
418235706 801234567
418236075 801234567
418236507 801234567
418236750 801234567
418237056 801234567
418237560 801234567
418237605 801234567
418250367 801234567
418250673 801234567
418250736 801234567
418253076 801234567
418253607 801234567
418253760 801234567
418256037 801234567
418256370 801234567
418256703 801234567
418257063 801234567
418257306 801234567
418257630 801234567
418260375 801234567
418260537 801234567
418260753 801234567
418263057 801234567
418263570 801234567
418263705 801234567
418265073 801234567
418265307 801234567
418265730 801234567
418267035 801234567
418267350 801234567
418267503 801234567
418270356 801234567
418270563 801234567
418270635 801234567
418273065 801234567
418273506 801234567
418273650 801234567
418275036 801234567
418275360 801234567
418275603 801234567
418276053 801234567
418276305 801234567
418276530 801234567
418302576 801234567
418302657 801234567
418302765 801234567
418305267 801234567
418305672 801234567
418305726 801234567
418306275 801234567
418306527 801234567
418306752 801234567
418307256 801234567
418307562 801234567
418307625 801234567
418320567 801234567
418320675 801234567
418320756 801234567
418325076 801234567
418325607 801234567
418325760 801234567
418326057 801234567
418326570 801234567
418326705 801234567
418327065 801234567
418327506 801234567
418327650 801234567
418350276 801234567
418350627 801234567
418350762 801234567
418352067 801234567
418352670 801234567
418352706 801234567
418356072 801234567
418356207 801234567
418356720 801234567
418357026 801234567
418357260 801234567
418357602 801234567
418360257 801234567
418360572 801234567
418360725 801234567
418362075 801234567
418362507 801234567
418362750 801234567
418365027 801234567
418365270 801234567
418365702 801234567
418367052 801234567
418367205 801234567
418367520 801234567
418370265 801234567
418370526 801234567
418370652 801234567
418372056 801234567
418372560 801234567
418372605 801234567
418375062 801234567
418375206 801234567
418375620 801234567
418376025 801234567
418376250 801234567
418376502 801234567
418502367 801234567
418502673 801234567
418502736 801234567
418503276 801234567
418503627 801234567
418503762 801234567
418506237 801234567
418506372 801234567
418506723 801234567
418507263 801234567
418507326 801234567
418507632 801234567
418520376 801234567
418520637 801234567
418520763 801234567
418523067 801234567
418523670 801234567
418523706 801234567
418526073 801234567
418526307 801234567
418526730 801234567
418527036 801234567
418527360 801234567
418527603 801234567
418530267 801234567
418530672 801234567
418530726 801234567
418532076 801234567
418532607 801234567
418532760 801234567
418536027 801234567
418536270 801234567
418536702 801234567
418537062 801234567
418537206 801234567
418537620 801234567
418560273 801234567
418560327 801234567
418560732 801234567
418562037 801234567
418562370 801234567
418562703 801234567
418563072 801234567
418563207 801234567
418563720 801234567
418567023 801234567
418567230 801234567
418567302 801234567
418570236 801234567
418570362 801234567
418570623 801234567
418572063 801234567
418572306 801234567
418572630 801234567
418573026 801234567
418573260 801234567
418573602 801234567
418576032 801234567
418576203 801234567
418576320 801234567
418602375 801234567
418602537 801234567
418602753 801234567
418603257 801234567
418603572 801234567
418603725 801234567
418605273 801234567
418605327 801234567
418605732 801234567
418607235 801234567
418607352 801234567
418607523 801234567
418620357 801234567
418620573 801234567
418620735 801234567
418623075 801234567
418623507 801234567
418623750 801234567
418625037 801234567
418625370 801234567
418625703 801234567
418627053 801234567
418627305 801234567
418627530 801234567
418630275 801234567
418630527 801234567
418630752 801234567
418632057 801234567
418632570 801234567
418632705 801234567
418635072 801234567
418635207 801234567
418635720 801234567
418637025 801234567
418637250 801234567
418637502 801234567
418650237 801234567
418650372 801234567
418650723 801234567
418652073 801234567
418652307 801234567
418652730 801234567
418653027 801234567
418653270 801234567
418653702 801234567
418657032 801234567
418657203 801234567
418657320 801234567
418670253 801234567
418670325 801234567
418670532 801234567
418672035 801234567
418672350 801234567
418672503 801234567
418673052 801234567
418673205 801234567
418673520 801234567
418675023 801234567
418675230 801234567
418675302 801234567
418702356 801234567
418702563 801234567
418702635 801234567
418703265 801234567
418703526 801234567
418703652 801234567
418705236 801234567
418705362 801234567
418705623 801234567
418706253 801234567
418706325 801234567
418706532 801234567
418720365 801234567
418720536 801234567
418720653 801234567
418723056 801234567
418723560 801234567
418723605 801234567
418725063 801234567
418725306 801234567
418725630 801234567
418726035 801234567
418726350 801234567
418726503 801234567
418730256 801234567
418730562 801234567
418730625 801234567
418732065 801234567
418732506 801234567
418732650 801234567
418735026 801234567
418735260 801234567
418735602 801234567
418736052 801234567
418736205 801234567
418736520 801234567
418750263 801234567
418750326 801234567
418750632 801234567
418752036 801234567
418752360 801234567
418752603 801234567
418753062 801234567
418753206 801234567
418753620 801234567
418756023 801234567
418756230 801234567
418756302 801234567
418760235 801234567
418760352 801234567
418760523 801234567
418762053 801234567
418762305 801234567
418762530 801234567
418763025 801234567
418763250 801234567
418763502 801234567
418765032 801234567
418765203 801234567
418765320 801234567
420135678 801234567
420135786 801234567
420135867 801234567
420136587 801234567
420136758 801234567
420136875 801234567
420137568 801234567
420137685 801234567
420137856 801234567
420138576 801234567
420138657 801234567
420138765 801234567
420153687 801234567
420153768 801234567
420153876 801234567
420156378 801234567
420156783 801234567
420156837 801234567
420157386 801234567
420157638 801234567
420157863 801234567
420158367 801234567
420158673 801234567
420158736 801234567
420163578 801234567
420163785 801234567
420163857 801234567
420165387 801234567
420165738 801234567
420165873 801234567
420167358 801234567
420167583 801234567
420167835 801234567
420168375 801234567
420168537 801234567
420168753 801234567
420173586 801234567
420173658 801234567
420173865 801234567
420175368 801234567
420175683 801234567
420175836 801234567
420176385 801234567
420176538 801234567
420176853 801234567
420178356 801234567
420178563 801234567
420178635 801234567
420183567 801234567
420183675 801234567
420183756 801234567
420185376 801234567
420185637 801234567
420185763 801234567
420186357 801234567
420186573 801234567
420186735 801234567
420187365 801234567
420187536 801234567
420187653 801234567
420315687 801234567
420315768 801234567
420315876 801234567
420316578 801234567
420316785 801234567
420316857 801234567
420317586 801234567
420317658 801234567
420317865 801234567
420318567 801234567
420318675 801234567
420318756 801234567
420351678 801234567
420351786 801234567
420351867 801234567
420356187 801234567
420356718 801234567
420356871 801234567
420357168 801234567
420357681 801234567
420357816 801234567
420358176 801234567
420358617 801234567
420358761 801234567
420361587 801234567
420361758 801234567
420361875 801234567
420365178 801234567
420365781 801234567
420365817 801234567
420367185 801234567
420367518 801234567
420367851 801234567
420368157 801234567
420368571 801234567
420368715 801234567
420371568 801234567
420371685 801234567
420371856 801234567
420375186 801234567
420375618 801234567
420375861 801234567
420376158 801234567
420376581 801234567
420376815 801234567
420378165 801234567
420378516 801234567
420378651 801234567
420381576 801234567
420381657 801234567
420381765 801234567
420385167 801234567
420385671 801234567
420385716 801234567
420386175 801234567
420386517 801234567
420386751 801234567
420387156 801234567
420387561 801234567
420387615 801234567
420513678 801234567
420513786 801234567
420513867 801234567
420516387 801234567
420516738 801234567
420516873 801234567
420517368 801234567
420517683 801234567
420517836 801234567
420518376 801234567
420518637 801234567
420518763 801234567
420531687 801234567
420531768 801234567
420531876 801234567
420536178 801234567
420536781 801234567
420536817 801234567
420537186 801234567
420537618 801234567
420537861 801234567
420538167 801234567
420538671 801234567
420538716 801234567
420561378 801234567
420561783 801234567
420561837 801234567
420563187 801234567
