814670352 801234567
814670523 801234567
814672053 801234567
814672305 801234567
814672530 801234567
814673025 801234567
814673250 801234567
814673502 801234567
814675032 801234567
814675203 801234567
814675320 801234567
814702365 801234567
814702536 801234567
814702653 801234567
814703256 801234567
814703562 801234567
814703625 801234567
814705263 801234567
814705326 801234567
814705632 801234567
814706235 801234567
814706352 801234567
814706523 801234567
814720356 801234567
814720563 801234567
814720635 801234567
814723065 801234567
814723506 801234567
814723650 801234567
814725036 801234567
814725360 801234567
814725603 801234567
814726053 801234567
814726305 801234567
814726530 801234567
814730265 801234567
814730526 801234567
814730652 801234567
814732056 801234567
814732560 801234567
814732605 801234567
814735062 801234567
814735206 801234567
814735620 801234567
814736025 801234567
814736250 801234567
814736502 801234567
814750236 801234567
814750362 801234567
814750623 801234567
814752063 801234567
814752306 801234567
814752630 801234567
814753026 801234567
814753260 801234567
814753602 801234567
814756032 801234567
814756203 801234567
814756320 801234567
814760253 801234567
814760325 801234567
814760532 801234567
814762035 801234567
814762350 801234567
814762503 801234567
814763052 801234567
814763205 801234567
814763520 801234567
814765023 801234567
814765230 801234567
814765302 801234567
815023476 801234567
815023647 801234567
815023764 801234567
815024367 801234567
815024673 801234567
815024736 801234567
815026374 801234567
815026437 801234567
815026743 801234567
815027346 801234567
815027463 801234567
815027634 801234567
815032467 801234567
815032674 801234567
815032746 801234567
815034276 801234567
815034627 801234567
815034762 801234567
815036247 801234567
815036472 801234567
815036724 801234567
815037264 801234567
815037426 801234567
815037642 801234567
815042376 801234567
815042637 801234567
815042763 801234567
815043267 801234567
815043672 801234567
815043726 801234567
815046273 801234567
815046327 801234567
815046732 801234567
815047236 801234567
815047362 801234567
815047623 801234567
815062347 801234567
815062473 801234567
815062734 801234567
815063274 801234567
815063427 801234567
815063742 801234567
815064237 801234567
815064372 801234567
815064723 801234567
815067243 801234567
815067324 801234567
815067432 801234567
815072364 801234567
815072436 801234567
815072643 801234567
815073246 801234567
815073462 801234567
815073624 801234567
815074263 801234567
815074326 801234567
815074632 801234567
815076234 801234567
815076342 801234567
815076423 801234567
815203467 801234567
815203674 801234567
815203746 801234567
815204376 801234567
815204637 801234567
815204763 801234567
815206347 801234567
815206473 801234567
815206734 801234567
815207364 801234567
815207436 801234567
815207643 801234567
815230476 801234567
815230647 801234567
815230764 801234567
815234067 801234567
815234670 801234567
815234706 801234567
815236074 801234567
815236407 801234567
815236740 801234567
815237046 801234567
815237460 801234567
815237604 801234567
815240367 801234567
815240673 801234567
815240736 801234567
815243076 801234567
815243607 801234567
815243760 801234567
815246037 801234567
815246370 801234567
815246703 801234567
815247063 801234567
815247306 801234567
815247630 801234567
815260374 801234567
815260437 801234567
815260743 801234567
815263047 801234567
815263470 801234567
815263704 801234567
815264073 801234567
815264307 801234567
815264730 801234567
815267034 801234567
815267340 801234567
815267403 801234567
815270346 801234567
815270463 801234567
815270634 801234567
815273064 801234567
815273406 801234567
815273640 801234567
815274036 801234567
815274360 801234567
815274603 801234567
815276043 801234567
815276304 801234567
815276430 801234567
815302476 801234567
815302647 801234567
815302764 801234567
815304267 801234567
815304672 801234567
815304726 801234567
815306274 801234567
815306427 801234567
815306742 801234567
815307246 801234567
815307462 801234567
815307624 801234567
815320467 801234567
815320674 801234567
815320746 801234567
815324076 801234567
815324607 801234567
815324760 801234567
815326047 801234567
815326470 801234567
815326704 801234567
815327064 801234567
815327406 801234567
815327640 801234567
815340276 801234567
815340627 801234567
815340762 801234567
815342067 801234567
815342670 801234567
815342706 801234567
815346072 801234567
815346207 801234567
815346720 801234567
815347026 801234567
815347260 801234567
815347602 801234567
815360247 801234567
815360472 801234567
815360724 801234567
815362074 801234567
815362407 801234567
815362740 801234567
815364027 801234567
815364270 801234567
815364702 801234567
815367042 801234567
815367204 801234567
815367420 801234567
815370264 801234567
815370426 801234567
815370642 801234567
815372046 801234567
815372460 801234567
815372604 801234567
815374062 801234567
815374206 801234567
815374620 801234567
815376024 801234567
815376240 801234567
815376402 801234567
815402367 801234567
815402673 801234567
815402736 801234567
815403276 801234567
815403627 801234567
815403762 801234567
815406237 801234567
815406372 801234567
815406723 801234567
815407263 801234567
815407326 801234567
815407632 801234567
815420376 801234567
815420637 801234567
815420763 801234567
815423067 801234567
815423670 801234567
815423706 801234567
815426073 801234567
815426307 801234567
815426730 801234567
815427036 801234567
815427360 801234567
815427603 801234567
815430267 801234567
815430672 801234567
815430726 801234567
815432076 801234567
815432607 801234567
815432760 801234567
815436027 801234567
815436270 801234567
815436702 801234567
815437062 801234567
815437206 801234567
815437620 801234567
815460273 801234567
815460327 801234567
815460732 801234567
815462037 801234567
815462370 801234567
815462703 801234567
815463072 801234567
815463207 801234567
815463720 801234567
815467023 801234567
815467230 801234567
815467302 801234567
815470236 801234567
815470362 801234567
815470623 801234567
815472063 801234567
815472306 801234567
815472630 801234567
815473026 801234567
815473260 801234567
815473602 801234567
815476032 801234567
815476203 801234567
815476320 801234567
815602374 801234567
815602437 801234567
815602743 801234567
815603247 801234567
815603472 801234567
815603724 801234567
815604273 801234567
815604327 801234567
815604732 801234567
815607234 801234567
815607342 801234567
815607423 801234567
815620347 801234567
815620473 801234567
815620734 801234567
815623074 801234567
815623407 801234567
815623740 801234567
815624037 801234567
815624370 801234567
815624703 801234567
815627043 801234567
815627304 801234567
815627430 801234567
815630274 801234567
815630427 801234567
815630742 801234567
815632047 801234567
815632470 801234567
815632704 801234567
815634072 801234567
815634207 801234567
815634720 801234567
815637024 801234567
815637240 801234567
815637402 801234567
815640237 801234567
815640372 801234567
815640723 801234567
815642073 801234567
815642307 801234567
815642730 801234567
815643027 801234567
815643270 801234567
815643702 801234567
815647032 801234567
815647203 801234567
815647320 801234567
815670243 801234567
815670324 801234567
815670432 801234567
815672034 801234567
815672340 801234567
815672403 801234567
815673042 801234567
815673204 801234567
815673420 801234567
815674023 801234567
815674230 801234567
815674302 801234567
815702346 801234567
815702463 801234567
815702634 801234567
815703264 801234567
815703426 801234567
815703642 801234567
815704236 801234567
815704362 801234567
815704623 801234567
815706243 801234567
815706324 801234567
815706432 801234567
815720364 801234567
815720436 801234567
815720643 801234567
815723046 801234567
815723460 801234567
815723604 801234567
815724063 801234567
815724306 801234567
815724630 801234567
815726034 801234567
815726340 801234567
815726403 801234567
815730246 801234567
815730462 801234567
815730624 801234567
815732064 801234567
815732406 801234567
815732640 801234567
815734026 801234567
815734260 801234567
815734602 801234567
815736042 801234567
815736204 801234567
815736420 801234567
815740263 801234567
815740326 801234567
815740632 801234567
815742036 801234567
815742360 801234567
815742603 801234567
815743062 801234567
815743206 801234567
815743620 801234567
815746023 801234567
815746230 801234567
815746302 801234567
815760234 801234567
815760342 801234567
815760423 801234567
815762043 801234567
815762304 801234567
815762430 801234567
815763024 801234567
815763240 801234567
815763402 801234567
815764032 801234567
815764203 801234567
815764320 801234567
816023457 801234567
816023574 801234567
816023745 801234567
816024375 801234567
816024537 801234567
816024753 801234567
816025347 801234567
816025473 801234567
816025734 801234567
816027354 801234567
816027435 801234567
816027543 801234567
816032475 801234567
816032547 801234567
816032754 801234567
816034257 801234567
816034572 801234567
816034725 801234567
816035274 801234567
816035427 801234567
816035742 801234567
816037245 801234567
816037452 801234567
816037524 801234567
816042357 801234567
816042573 801234567
816042735 801234567
816043275 801234567
816043527 801234567
816043752 801234567
816045237 801234567
816045372 801234567
816045723 801234567
816047253 801234567
816047325 801234567
816047532 801234567
816052374 801234567
816052437 801234567
816052743 801234567
816053247 801234567
816053472 801234567
816053724 801234567
816054273 801234567
816054327 801234567
816054732 801234567
816057234 801234567
816057342 801234567
816057423 801234567
816072345 801234567
816072453 801234567
816072534 801234567
816073254 801234567
816073425 801234567
816073542 801234567
816074235 801234567
816074352 801234567
816074523 801234567
816075243 801234567
816075324 801234567
816075432 801234567
816203475 801234567
816203547 801234567
816203754 801234567
816204357 801234567
816204573 801234567
816204735 801234567
816205374 801234567
816205437 801234567
