658014732 801234567
658017234 801234567
658017342 801234567
658017423 801234567
658021347 801234567
658021473 801234567
658021734 801234567
658023174 801234567
658023417 801234567
658023741 801234567
658024137 801234567
658024371 801234567
658024713 801234567
658027143 801234567
658027314 801234567
658027431 801234567
658031274 801234567
658031427 801234567
658031742 801234567
658032147 801234567
658032471 801234567
658032714 801234567
658034172 801234567
658034217 801234567
658034721 801234567
658037124 801234567
658037241 801234567
658037412 801234567
658041237 801234567
658041372 801234567
658041723 801234567
658042173 801234567
658042317 801234567
658042731 801234567
658043127 801234567
658043271 801234567
658043712 801234567
658047132 801234567
658047213 801234567
658047321 801234567
658071243 801234567
658071324 801234567
658071432 801234567
658072134 801234567
658072341 801234567
658072413 801234567
658073142 801234567
658073214 801234567
658073421 801234567
658074123 801234567
658074231 801234567
658074312 801234567
658102347 801234567
658102473 801234567
658102734 801234567
658103274 801234567
658103427 801234567
658103742 801234567
658104237 801234567
658104372 801234567
658104723 801234567
658107243 801234567
658107324 801234567
658107432 801234567
658120374 801234567
658120437 801234567
658120743 801234567
658123047 801234567
658123470 801234567
658123704 801234567
658124073 801234567
658124307 801234567
658124730 801234567
658127034 801234567
658127340 801234567
658127403 801234567
658130247 801234567
658130472 801234567
658130724 801234567
658132074 801234567
658132407 801234567
658132740 801234567
658134027 801234567
658134270 801234567
658134702 801234567
658137042 801234567
658137204 801234567
658137420 801234567
658140273 801234567
658140327 801234567
658140732 801234567
658142037 801234567
658142370 801234567
658142703 801234567
658143072 801234567
658143207 801234567
658143720 801234567
658147023 801234567
658147230 801234567
658147302 801234567
658170234 801234567
658170342 801234567
658170423 801234567
658172043 801234567
658172304 801234567
658172430 801234567
658173024 801234567
658173240 801234567
658173402 801234567
658174032 801234567
658174203 801234567
658174320 801234567
658201374 801234567
658201437 801234567
658201743 801234567
658203147 801234567
658203471 801234567
658203714 801234567
658204173 801234567
658204317 801234567
658204731 801234567
658207134 801234567
658207341 801234567
658207413 801234567
658210347 801234567
658210473 801234567
658210734 801234567
658213074 801234567
658213407 801234567
658213740 801234567
658214037 801234567
658214370 801234567
658214703 801234567
658217043 801234567
658217304 801234567
658217430 801234567
658230174 801234567
658230417 801234567
658230741 801234567
658231047 801234567
658231470 801234567
658231704 801234567
658234071 801234567
658234107 801234567
658234710 801234567
658237014 801234567
658237140 801234567
658237401 801234567
658240137 801234567
658240371 801234567
658240713 801234567
658241073 801234567
658241307 801234567
658241730 801234567
658243017 801234567
658243170 801234567
658243701 801234567
658247031 801234567
658247103 801234567
658247310 801234567
658270143 801234567
658270314 801234567
658270431 801234567
658271034 801234567
658271340 801234567
658271403 801234567
658273041 801234567
658273104 801234567
658273410 801234567
658274013 801234567
658274130 801234567
658274301 801234567
658301247 801234567
658301472 801234567
658301724 801234567
658302174 801234567
658302417 801234567
658302741 801234567
658304127 801234567
658304271 801234567
658304712 801234567
658307142 801234567
658307214 801234567
658307421 801234567
658310274 801234567
658310427 801234567
658310742 801234567
658312047 801234567
658312470 801234567
658312704 801234567
658314072 801234567
658314207 801234567
658314720 801234567
658317024 801234567
658317240 801234567
658317402 801234567
658320147 801234567
658320471 801234567
658320714 801234567
658321074 801234567
658321407 801234567
658321740 801234567
658324017 801234567
658324170 801234567
658324701 801234567
658327041 801234567
658327104 801234567
658327410 801234567
658340172 801234567
658340217 801234567
658340721 801234567
658341027 801234567
658341270 801234567
658341702 801234567
658342071 801234567
658342107 801234567
658342710 801234567
658347012 801234567
658347120 801234567
658347201 801234567
658370124 801234567
658370241 801234567
658370412 801234567
658371042 801234567
658371204 801234567
658371420 801234567
658372014 801234567
658372140 801234567
658372401 801234567
658374021 801234567
658374102 801234567
658374210 801234567
658401273 801234567
658401327 801234567
658401732 801234567
658402137 801234567
658402371 801234567
658402713 801234567
658403172 801234567
658403217 801234567
658403721 801234567
658407123 801234567
658407231 801234567
658407312 801234567
658410237 801234567
658410372 801234567
658410723 801234567
658412073 801234567
658412307 801234567
658412730 801234567
658413027 801234567
658413270 801234567
658413702 801234567
658417032 801234567
658417203 801234567
658417320 801234567
658420173 801234567
658420317 801234567
658420731 801234567
658421037 801234567
658421370 801234567
658421703 801234567
658423071 801234567
658423107 801234567
658423710 801234567
658427013 801234567
658427130 801234567
658427301 801234567
658430127 801234567
658430271 801234567
658430712 801234567
658431072 801234567
658431207 801234567
658431720 801234567
658432017 801234567
658432170 801234567
658432701 801234567
658437021 801234567
658437102 801234567
658437210 801234567
658470132 801234567
658470213 801234567
658470321 801234567
658471023 801234567
658471230 801234567
658471302 801234567
658472031 801234567
658472103 801234567
658472310 801234567
658473012 801234567
658473120 801234567
658473201 801234567
658701234 801234567
658701342 801234567
658701423 801234567
658702143 801234567
658702314 801234567
658702431 801234567
658703124 801234567
658703241 801234567
658703412 801234567
658704132 801234567
658704213 801234567
658704321 801234567
658710243 801234567
658710324 801234567
658710432 801234567
658712034 801234567
658712340 801234567
658712403 801234567
658713042 801234567
658713204 801234567
658713420 801234567
658714023 801234567
658714230 801234567
658714302 801234567
658720134 801234567
658720341 801234567
658720413 801234567
658721043 801234567
658721304 801234567
658721430 801234567
658723014 801234567
658723140 801234567
658723401 801234567
658724031 801234567
658724103 801234567
658724310 801234567
658730142 801234567
658730214 801234567
658730421 801234567
658731024 801234567
658731240 801234567
658731402 801234567
658732041 801234567
658732104 801234567
658732410 801234567
658734012 801234567
658734120 801234567
658734201 801234567
658740123 801234567
658740231 801234567
658740312 801234567
658741032 801234567
658741203 801234567
658741320 801234567
658742013 801234567
658742130 801234567
658742301 801234567
658743021 801234567
658743102 801234567
658743210 801234567
670123458 801234567
670123584 801234567
670123845 801234567
670124385 801234567
670124538 801234567
670124853 801234567
670125348 801234567
670125483 801234567
670125834 801234567
670128354 801234567
670128435 801234567
670128543 801234567
670132485 801234567
670132548 801234567
670132854 801234567
670134258 801234567
670134582 801234567
670134825 801234567
670135284 801234567
670135428 801234567
670135842 801234567
670138245 801234567
670138452 801234567
670138524 801234567
670142358 801234567
670142583 801234567
670142835 801234567
670143285 801234567
670143528 801234567
670143852 801234567
670145238 801234567
670145382 801234567
670145823 801234567
670148253 801234567
670148325 801234567
670148532 801234567
670152384 801234567
670152438 801234567
670152843 801234567
670153248 801234567
670153482 801234567
670153824 801234567
670154283 801234567
670154328 801234567
670154832 801234567
670158234 801234567
670158342 801234567
670158423 801234567
670182345 801234567
670182453 801234567
670182534 801234567
670183254 801234567
670183425 801234567
670183542 801234567
670184235 801234567
670184352 801234567
670184523 801234567
670185243 801234567
670185324 801234567
670185432 801234567
670213485 801234567
670213548 801234567
670213854 801234567
670214358 801234567
670214583 801234567
670214835 801234567
670215384 801234567
670215438 801234567
670215843 801234567
670218345 801234567
670218453 801234567
670218534 801234567
670231458 801234567
670231584 801234567
670231845 801234567
670234185 801234567
670234518 801234567
670234851 801234567
670235148 801234567
670235481 801234567
670235814 801234567
670238154 801234567
670238415 801234567
670238541 801234567
670241385 801234567
670241538 801234567
670241853 801234567
670243158 801234567
670243581 801234567
670243815 801234567
670245183 801234567
670245318 801234567
670245831 801234567
670248135 801234567
670248351 801234567
670248513 801234567
670251348 801234567
670251483 801234567
670251834 801234567
670253184 801234567
670253418 801234567
670253841 801234567
670254138 801234567
670254381 801234567
670254813 801234567
670258143 801234567
670258314 801234567
670258431 801234567
670281354 801234567
670281435 801234567
670281543 801234567
670283145 801234567
670283451 801234567
670283514 801234567
670284153 801234567
670284315 801234567
670284531 801234567
670285134 801234567
670285341 801234567
670285413 801234567
670312458 801234567
670312584 801234567
670312845 801234567
670314285 801234567
670314528 801234567
670314852 801234567
670315248 801234567
670315482 801234567
670315824 801234567
670318254 801234567
670318425 801234567
670318542 801234567
670321485 801234567
670321548 801234567
670321854 801234567
670324158 801234567
670324581 801234567
670324815 801234567
670325184 801234567
670325418 801234567
670325841 801234567
670328145 801234567
670328451 801234567
670328514 801234567
670341258 801234567
670341582 801234567
670341825 801234567
