275016348 801234567
275016483 801234567
275016834 801234567
275018364 801234567
275018436 801234567
275018643 801234567
275031486 801234567
275031648 801234567
275031864 801234567
275034168 801234567
275034681 801234567
275034816 801234567
275036184 801234567
275036418 801234567
275036841 801234567
275038146 801234567
275038461 801234567
275038614 801234567
275041368 801234567
275041683 801234567
275041836 801234567
275043186 801234567
275043618 801234567
275043861 801234567
275046138 801234567
275046381 801234567
275046813 801234567
275048163 801234567
275048316 801234567
275048631 801234567
275061384 801234567
275061438 801234567
275061843 801234567
275063148 801234567
275063481 801234567
275063814 801234567
275064183 801234567
275064318 801234567
275064831 801234567
275068134 801234567
275068341 801234567
275068413 801234567
275081346 801234567
275081463 801234567
275081634 801234567
275083164 801234567
275083416 801234567
275083641 801234567
275084136 801234567
275084361 801234567
275084613 801234567
275086143 801234567
275086314 801234567
275086431 801234567
275103486 801234567
275103648 801234567
275103864 801234567
275104368 801234567
275104683 801234567
275104836 801234567
275106384 801234567
275106438 801234567
275106843 801234567
275108346 801234567
275108463 801234567
275108634 801234567
275130468 801234567
275130684 801234567
275130846 801234567
275134086 801234567
275134608 801234567
275134860 801234567
275136048 801234567
275136480 801234567
275136804 801234567
275138064 801234567
275138406 801234567
275138640 801234567
275140386 801234567
275140638 801234567
275140863 801234567
275143068 801234567
275143680 801234567
275143806 801234567
275146083 801234567
275146308 801234567
275146830 801234567
275148036 801234567
275148360 801234567
275148603 801234567
275160348 801234567
275160483 801234567
275160834 801234567
275163084 801234567
275163408 801234567
275163840 801234567
275164038 801234567
275164380 801234567
275164803 801234567
275168043 801234567
275168304 801234567
275168430 801234567
275180364 801234567
275180436 801234567
275180643 801234567
275183046 801234567
275183460 801234567
275183604 801234567
275184063 801234567
275184306 801234567
275184630 801234567
275186034 801234567
275186340 801234567
275186403 801234567
275301468 801234567
275301684 801234567
275301846 801234567
275304186 801234567
275304618 801234567
275304861 801234567
275306148 801234567
275306481 801234567
275306814 801234567
275308164 801234567
275308416 801234567
275308641 801234567
275310486 801234567
275310648 801234567
275310864 801234567
275314068 801234567
275314680 801234567
275314806 801234567
275316084 801234567
275316408 801234567
275316840 801234567
275318046 801234567
275318460 801234567
275318604 801234567
275340168 801234567
275340681 801234567
275340816 801234567
275341086 801234567
275341608 801234567
275341860 801234567
275346018 801234567
275346180 801234567
275346801 801234567
275348061 801234567
275348106 801234567
275348610 801234567
275360184 801234567
275360418 801234567
275360841 801234567
275361048 801234567
275361480 801234567
275361804 801234567
275364081 801234567
275364108 801234567
275364810 801234567
275368014 801234567
275368140 801234567
275368401 801234567
275380146 801234567
275380461 801234567
275380614 801234567
275381064 801234567
275381406 801234567
275381640 801234567
275384016 801234567
275384160 801234567
275384601 801234567
275386041 801234567
275386104 801234567
275386410 801234567
275401386 801234567
275401638 801234567
275401863 801234567
275403168 801234567
275403681 801234567
275403816 801234567
275406183 801234567
275406318 801234567
275406831 801234567
275408136 801234567
275408361 801234567
275408613 801234567
275410368 801234567
275410683 801234567
275410836 801234567
275413086 801234567
275413608 801234567
275413860 801234567
275416038 801234567
275416380 801234567
275416803 801234567
275418063 801234567
275418306 801234567
275418630 801234567
275430186 801234567
275430618 801234567
275430861 801234567
275431068 801234567
275431680 801234567
275431806 801234567
275436081 801234567
275436108 801234567
275436810 801234567
275438016 801234567
275438160 801234567
275438601 801234567
275460138 801234567
275460381 801234567
275460813 801234567
275461083 801234567
275461308 801234567
275461830 801234567
275463018 801234567
275463180 801234567
275463801 801234567
275468031 801234567
275468103 801234567
275468310 801234567
275480163 801234567
275480316 801234567
275480631 801234567
275481036 801234567
275481360 801234567
275481603 801234567
275483061 801234567
275483106 801234567
275483610 801234567
275486013 801234567
275486130 801234567
275486301 801234567
275601348 801234567
275601483 801234567
275601834 801234567
275603184 801234567
275603418 801234567
275603841 801234567
275604138 801234567
275604381 801234567
275604813 801234567
275608143 801234567
275608314 801234567
275608431 801234567
275610384 801234567
275610438 801234567
275610843 801234567
275613048 801234567
275613480 801234567
275613804 801234567
275614083 801234567
275614308 801234567
275614830 801234567
275618034 801234567
275618340 801234567
275618403 801234567
275630148 801234567
275630481 801234567
275630814 801234567
275631084 801234567
275631408 801234567
275631840 801234567
275634018 801234567
275634180 801234567
275634801 801234567
275638041 801234567
275638104 801234567
275638410 801234567
275640183 801234567
275640318 801234567
275640831 801234567
275641038 801234567
275641380 801234567
275641803 801234567
275643081 801234567
275643108 801234567
275643810 801234567
275648013 801234567
275648130 801234567
275648301 801234567
275680134 801234567
275680341 801234567
275680413 801234567
275681043 801234567
275681304 801234567
275681430 801234567
275683014 801234567
275683140 801234567
275683401 801234567
275684031 801234567
275684103 801234567
275684310 801234567
275801364 801234567
275801436 801234567
275801643 801234567
275803146 801234567
275803461 801234567
275803614 801234567
275804163 801234567
275804316 801234567
275804631 801234567
275806134 801234567
275806341 801234567
275806413 801234567
275810346 801234567
275810463 801234567
275810634 801234567
275813064 801234567
275813406 801234567
275813640 801234567
275814036 801234567
275814360 801234567
275814603 801234567
275816043 801234567
275816304 801234567
275816430 801234567
275830164 801234567
275830416 801234567
275830641 801234567
275831046 801234567
275831460 801234567
275831604 801234567
275834061 801234567
275834106 801234567
275834610 801234567
275836014 801234567
275836140 801234567
275836401 801234567
275840136 801234567
275840361 801234567
275840613 801234567
275841063 801234567
275841306 801234567
275841630 801234567
275843016 801234567
275843160 801234567
275843601 801234567
275846031 801234567
275846103 801234567
275846310 801234567
275860143 801234567
275860314 801234567
275860431 801234567
275861034 801234567
275861340 801234567
275861403 801234567
275863041 801234567
275863104 801234567
275863410 801234567
275864013 801234567
275864130 801234567
275864301 801234567
276013485 801234567
276013548 801234567
276013854 801234567
276014358 801234567
276014583 801234567
276014835 801234567
276015384 801234567
276015438 801234567
276015843 801234567
276018345 801234567
276018453 801234567
276018534 801234567
276031458 801234567
276031584 801234567
276031845 801234567
276034185 801234567
276034518 801234567
276034851 801234567
276035148 801234567
276035481 801234567
276035814 801234567
276038154 801234567
276038415 801234567
276038541 801234567
276041385 801234567
276041538 801234567
276041853 801234567
276043158 801234567
276043581 801234567
276043815 801234567
276045183 801234567
276045318 801234567
276045831 801234567
276048135 801234567
276048351 801234567
276048513 801234567
276051348 801234567
276051483 801234567
276051834 801234567
276053184 801234567
276053418 801234567
276053841 801234567
276054138 801234567
276054381 801234567
276054813 801234567
276058143 801234567
276058314 801234567
276058431 801234567
276081354 801234567
276081435 801234567
276081543 801234567
276083145 801234567
276083451 801234567
276083514 801234567
276084153 801234567
276084315 801234567
276084531 801234567
276085134 801234567
276085341 801234567
276085413 801234567
276103458 801234567
276103584 801234567
276103845 801234567
276104385 801234567
276104538 801234567
276104853 801234567
276105348 801234567
276105483 801234567
276105834 801234567
276108354 801234567
276108435 801234567
276108543 801234567
276130485 801234567
276130548 801234567
276130854 801234567
276134058 801234567
276134580 801234567
276134805 801234567
276135084 801234567
276135408 801234567
276135840 801234567
276138045 801234567
276138450 801234567
276138504 801234567
276140358 801234567
276140583 801234567
276140835 801234567
276143085 801234567
276143508 801234567
276143850 801234567
276145038 801234567
276145380 801234567
276145803 801234567
276148053 801234567
276148305 801234567
276148530 801234567
276150384 801234567
276150438 801234567
276150843 801234567
276153048 801234567
276153480 801234567
276153804 801234567
276154083 801234567
276154308 801234567
276154830 801234567
276158034 801234567
276158340 801234567
276158403 801234567
276180345 801234567
276180453 801234567
276180534 801234567
276183054 801234567
276183405 801234567
276183540 801234567
276184035 801234567
276184350 801234567
276184503 801234567
276185043 801234567
276185304 801234567
276185430 801234567
276301485 801234567
276301548 801234567
276301854 801234567
276304158 801234567
276304581 801234567
276304815 801234567
276305184 801234567
276305418 801234567
276305841 801234567
276308145 801234567
276308451 801234567
276308514 801234567
276310458 801234567
276310584 801234567
276310845 801234567
276314085 801234567
276314508 801234567
276314850 801234567
276315048 801234567
276315480 801234567
276315804 801234567
276318054 801234567
276318405 801234567
276318540 801234567
276340185 801234567
