528643107 801234567
528643710 801234567
528647013 801234567
528647130 801234567
528647301 801234567
528670134 801234567
528670341 801234567
528670413 801234567
528671043 801234567
528671304 801234567
528671430 801234567
528673014 801234567
528673140 801234567
528673401 801234567
528674031 801234567
528674103 801234567
528674310 801234567
528701364 801234567
528701436 801234567
528701643 801234567
528703146 801234567
528703461 801234567
528703614 801234567
528704163 801234567
528704316 801234567
528704631 801234567
528706134 801234567
528706341 801234567
528706413 801234567
528710346 801234567
528710463 801234567
528710634 801234567
528713064 801234567
528713406 801234567
528713640 801234567
528714036 801234567
528714360 801234567
528714603 801234567
528716043 801234567
528716304 801234567
528716430 801234567
528730164 801234567
528730416 801234567
528730641 801234567
528731046 801234567
528731460 801234567
528731604 801234567
528734061 801234567
528734106 801234567
528734610 801234567
528736014 801234567
528736140 801234567
528736401 801234567
528740136 801234567
528740361 801234567
528740613 801234567
528741063 801234567
528741306 801234567
528741630 801234567
528743016 801234567
528743160 801234567
528743601 801234567
528746031 801234567
528746103 801234567
528746310 801234567
528760143 801234567
528760314 801234567
528760431 801234567
528761034 801234567
528761340 801234567
528761403 801234567
528763041 801234567
528763104 801234567
528763410 801234567
528764013 801234567
528764130 801234567
528764301 801234567
530124687 801234567
530124768 801234567
530124876 801234567
530126478 801234567
530126784 801234567
530126847 801234567
530127486 801234567
530127648 801234567
530127864 801234567
530128467 801234567
530128674 801234567
530128746 801234567
530142678 801234567
530142786 801234567
530142867 801234567
530146287 801234567
530146728 801234567
530146872 801234567
530147268 801234567
530147682 801234567
530147826 801234567
530148276 801234567
530148627 801234567
530148762 801234567
530162487 801234567
530162748 801234567
530162874 801234567
530164278 801234567
530164782 801234567
530164827 801234567
530167284 801234567
530167428 801234567
530167842 801234567
530168247 801234567
530168472 801234567
530168724 801234567
530172468 801234567
530172684 801234567
530172846 801234567
530174286 801234567
530174628 801234567
530174862 801234567
530176248 801234567
530176482 801234567
530176824 801234567
530178264 801234567
530178426 801234567
530178642 801234567
530182476 801234567
530182647 801234567
530182764 801234567
530184267 801234567
530184672 801234567
530184726 801234567
530186274 801234567
530186427 801234567
530186742 801234567
530187246 801234567
530187462 801234567
530187624 801234567
530214678 801234567
530214786 801234567
530214867 801234567
530216487 801234567
530216748 801234567
530216874 801234567
530217468 801234567
530217684 801234567
530217846 801234567
530218476 801234567
530218647 801234567
530218764 801234567
530241687 801234567
530241768 801234567
530241876 801234567
530246178 801234567
530246781 801234567
530246817 801234567
530247186 801234567
530247618 801234567
530247861 801234567
530248167 801234567
530248671 801234567
530248716 801234567
530261478 801234567
530261784 801234567
530261847 801234567
530264187 801234567
530264718 801234567
530264871 801234567
530267148 801234567
530267481 801234567
530267814 801234567
530268174 801234567
530268417 801234567
530268741 801234567
530271486 801234567
530271648 801234567
530271864 801234567
530274168 801234567
530274681 801234567
530274816 801234567
530276184 801234567
530276418 801234567
530276841 801234567
530278146 801234567
530278461 801234567
530278614 801234567
530281467 801234567
530281674 801234567
530281746 801234567
530284176 801234567
530284617 801234567
530284761 801234567
530286147 801234567
530286471 801234567
530286714 801234567
530287164 801234567
530287416 801234567
530287641 801234567
530412687 801234567
530412768 801234567
530412876 801234567
530416278 801234567
530416782 801234567
530416827 801234567
530417286 801234567
530417628 801234567
530417862 801234567
530418267 801234567
530418672 801234567
530418726 801234567
530421678 801234567
530421786 801234567
530421867 801234567
530426187 801234567
530426718 801234567
530426871 801234567
530427168 801234567
530427681 801234567
530427816 801234567
530428176 801234567
530428617 801234567
530428761 801234567
530461287 801234567
530461728 801234567
530461872 801234567
530462178 801234567
530462781 801234567
530462817 801234567
530467182 801234567
530467218 801234567
530467821 801234567
530468127 801234567
530468271 801234567
530468712 801234567
530471268 801234567
530471682 801234567
530471826 801234567
530472186 801234567
530472618 801234567
530472861 801234567
530476128 801234567
530476281 801234567
530476812 801234567
530478162 801234567
530478216 801234567
530478621 801234567
530481276 801234567
530481627 801234567
530481762 801234567
530482167 801234567
530482671 801234567
530482716 801234567
530486172 801234567
530486217 801234567
530486721 801234567
530487126 801234567
530487261 801234567
530487612 801234567
530612478 801234567
530612784 801234567
530612847 801234567
530614287 801234567
530614728 801234567
530614872 801234567
530617248 801234567
530617482 801234567
530617824 801234567
530618274 801234567
530618427 801234567
530618742 801234567
530621487 801234567
530621748 801234567
530621874 801234567
530624178 801234567
530624781 801234567
530624817 801234567
530627184 801234567
530627418 801234567
530627841 801234567
530628147 801234567
530628471 801234567
530628714 801234567
530641278 801234567
530641782 801234567
530641827 801234567
530642187 801234567
530642718 801234567
530642871 801234567
530647128 801234567
530647281 801234567
530647812 801234567
530648172 801234567
530648217 801234567
530648721 801234567
530671284 801234567
530671428 801234567
530671842 801234567
530672148 801234567
530672481 801234567
530672814 801234567
530674182 801234567
530674218 801234567
530674821 801234567
530678124 801234567
530678241 801234567
530678412 801234567
530681247 801234567
530681472 801234567
530681724 801234567
530682174 801234567
530682417 801234567
530682741 801234567
530684127 801234567
530684271 801234567
530684712 801234567
530687142 801234567
530687214 801234567
530687421 801234567
530712486 801234567
530712648 801234567
530712864 801234567
530714268 801234567
530714682 801234567
530714826 801234567
530716284 801234567
530716428 801234567
530716842 801234567
530718246 801234567
530718462 801234567
530718624 801234567
530721468 801234567
530721684 801234567
530721846 801234567
530724186 801234567
530724618 801234567
530724861 801234567
530726148 801234567
530726481 801234567
530726814 801234567
530728164 801234567
530728416 801234567
530728641 801234567
530741286 801234567
530741628 801234567
530741862 801234567
530742168 801234567
530742681 801234567
530742816 801234567
530746182 801234567
530746218 801234567
530746821 801234567
530748126 801234567
530748261 801234567
530748612 801234567
530761248 801234567
530761482 801234567
530761824 801234567
530762184 801234567
530762418 801234567
530762841 801234567
530764128 801234567
530764281 801234567
530764812 801234567
530768142 801234567
530768214 801234567
530768421 801234567
530781264 801234567
530781426 801234567
530781642 801234567
530782146 801234567
530782461 801234567
530782614 801234567
530784162 801234567
530784216 801234567
530784621 801234567
530786124 801234567
530786241 801234567
530786412 801234567
530812467 801234567
530812674 801234567
530812746 801234567
530814276 801234567
530814627 801234567
530814762 801234567
530816247 801234567
530816472 801234567
530816724 801234567
530817264 801234567
530817426 801234567
530817642 801234567
530821476 801234567
530821647 801234567
530821764 801234567
530824167 801234567
530824671 801234567
530824716 801234567
530826174 801234567
530826417 801234567
530826741 801234567
530827146 801234567
530827461 801234567
530827614 801234567
530841267 801234567
530841672 801234567
530841726 801234567
530842176 801234567
530842617 801234567
530842761 801234567
530846127 801234567
530846271 801234567
530846712 801234567
530847162 801234567
530847216 801234567
530847621 801234567
530861274 801234567
530861427 801234567
530861742 801234567
530862147 801234567
530862471 801234567
530862714 801234567
530864172 801234567
530864217 801234567
530864721 801234567
530867124 801234567
530867241 801234567
530867412 801234567
530871246 801234567
530871462 801234567
530871624 801234567
530872164 801234567
530872416 801234567
530872641 801234567
530874126 801234567
530874261 801234567
530874612 801234567
530876142 801234567
530876214 801234567
530876421 801234567
531024678 801234567
531024786 801234567
531024867 801234567
531026487 801234567
531026748 801234567
531026874 801234567
531027468 801234567
531027684 801234567
531027846 801234567
531028476 801234567
531028647 801234567
531028764 801234567
531042687 801234567
531042768 801234567
531042876 801234567
531046278 801234567
531046782 801234567
531046827 801234567
531047286 801234567
531047628 801234567
531047862 801234567
531048267 801234567
531048672 801234567
531048726 801234567
531062478 801234567
531062784 801234567
531062847 801234567
531064287 801234567
531064728 801234567
531064872 801234567
531067248 801234567
531067482 801234567
531067824 801234567
531068274 801234567
531068427 801234567
531068742 801234567
531072486 801234567
531072648 801234567
531072864 801234567
531074268 801234567
531074682 801234567
531074826 801234567
531076284 801234567
531076428 801234567
531076842 801234567
531078246 801234567
531078462 801234567
531078624 801234567
531082467 801234567
531082674 801234567
531082746 801234567
531084276 801234567
531084627 801234567
531084762 801234567
531086247 801234567
531086472 801234567
531086724 801234567
531087264 801234567
531087426 801234567
531087642 801234567
531204687 801234567
531204768 801234567
