140675832 801234567
140678235 801234567
140678352 801234567
140678523 801234567
140682357 801234567
140682573 801234567
140682735 801234567
140683275 801234567
140683527 801234567
140683752 801234567
140685237 801234567
140685372 801234567
140685723 801234567
140687253 801234567
140687325 801234567
140687532 801234567
140723586 801234567
140723658 801234567
140723865 801234567
140725368 801234567
140725683 801234567
140725836 801234567
140726385 801234567
140726538 801234567
140726853 801234567
140728356 801234567
140728563 801234567
140728635 801234567
140732568 801234567
140732685 801234567
140732856 801234567
140735286 801234567
140735628 801234567
140735862 801234567
140736258 801234567
140736582 801234567
140736825 801234567
140738265 801234567
140738526 801234567
140738652 801234567
140752386 801234567
140752638 801234567
140752863 801234567
140753268 801234567
140753682 801234567
140753826 801234567
140756283 801234567
140756328 801234567
140756832 801234567
140758236 801234567
140758362 801234567
140758623 801234567
140762358 801234567
140762583 801234567
140762835 801234567
140763285 801234567
140763528 801234567
140763852 801234567
140765238 801234567
140765382 801234567
140765823 801234567
140768253 801234567
140768325 801234567
140768532 801234567
140782365 801234567
140782536 801234567
140782653 801234567
140783256 801234567
140783562 801234567
140783625 801234567
140785263 801234567
140785326 801234567
140785632 801234567
140786235 801234567
140786352 801234567
140786523 801234567
140823567 801234567
140823675 801234567
140823756 801234567
140825376 801234567
140825637 801234567
140825763 801234567
140826357 801234567
140826573 801234567
140826735 801234567
140827365 801234567
140827536 801234567
140827653 801234567
140832576 801234567
140832657 801234567
140832765 801234567
140835267 801234567
140835672 801234567
140835726 801234567
140836275 801234567
140836527 801234567
140836752 801234567
140837256 801234567
140837562 801234567
140837625 801234567
140852367 801234567
140852673 801234567
140852736 801234567
140853276 801234567
140853627 801234567
140853762 801234567
140856237 801234567
140856372 801234567
140856723 801234567
140857263 801234567
140857326 801234567
140857632 801234567
140862375 801234567
140862537 801234567
140862753 801234567
140863257 801234567
140863572 801234567
140863725 801234567
140865273 801234567
140865327 801234567
140865732 801234567
140867235 801234567
140867352 801234567
140867523 801234567
140872356 801234567
140872563 801234567
140872635 801234567
140873265 801234567
140873526 801234567
140873652 801234567
140875236 801234567
140875362 801234567
140875623 801234567
140876253 801234567
140876325 801234567
140876532 801234567
142035678 801234567
142035786 801234567
142035867 801234567
142036587 801234567
142036758 801234567
142036875 801234567
142037568 801234567
142037685 801234567
142037856 801234567
142038576 801234567
142038657 801234567
142038765 801234567
142053687 801234567
142053768 801234567
142053876 801234567
142056378 801234567
142056783 801234567
142056837 801234567
142057386 801234567
142057638 801234567
142057863 801234567
142058367 801234567
142058673 801234567
142058736 801234567
142063578 801234567
142063785 801234567
142063857 801234567
142065387 801234567
142065738 801234567
142065873 801234567
142067358 801234567
142067583 801234567
142067835 801234567
142068375 801234567
142068537 801234567
142068753 801234567
142073586 801234567
142073658 801234567
142073865 801234567
142075368 801234567
142075683 801234567
142075836 801234567
142076385 801234567
142076538 801234567
142076853 801234567
142078356 801234567
142078563 801234567
142078635 801234567
142083567 801234567
142083675 801234567
142083756 801234567
142085376 801234567
142085637 801234567
142085763 801234567
142086357 801234567
142086573 801234567
142086735 801234567
142087365 801234567
142087536 801234567
142087653 801234567
142305687 801234567
142305768 801234567
142305876 801234567
142306578 801234567
142306785 801234567
142306857 801234567
142307586 801234567
142307658 801234567
142307865 801234567
142308567 801234567
142308675 801234567
142308756 801234567
142350678 801234567
142350786 801234567
142350867 801234567
142356087 801234567
142356708 801234567
142356870 801234567
142357068 801234567
142357680 801234567
142357806 801234567
142358076 801234567
142358607 801234567
142358760 801234567
142360587 801234567
142360758 801234567
142360875 801234567
142365078 801234567
142365780 801234567
142365807 801234567
142367085 801234567
142367508 801234567
142367850 801234567
142368057 801234567
142368570 801234567
142368705 801234567
142370568 801234567
142370685 801234567
142370856 801234567
142375086 801234567
142375608 801234567
142375860 801234567
142376058 801234567
142376580 801234567
142376805 801234567
142378065 801234567
142378506 801234567
142378650 801234567
142380576 801234567
142380657 801234567
142380765 801234567
142385067 801234567
142385670 801234567
142385706 801234567
142386075 801234567
142386507 801234567
142386750 801234567
142387056 801234567
142387560 801234567
142387605 801234567
142503678 801234567
142503786 801234567
142503867 801234567
142506387 801234567
142506738 801234567
142506873 801234567
142507368 801234567
142507683 801234567
142507836 801234567
142508376 801234567
142508637 801234567
142508763 801234567
142530687 801234567
142530768 801234567
142530876 801234567
142536078 801234567
142536780 801234567
142536807 801234567
142537086 801234567
142537608 801234567
142537860 801234567
142538067 801234567
142538670 801234567
142538706 801234567
142560378 801234567
142560783 801234567
142560837 801234567
142563087 801234567
142563708 801234567
142563870 801234567
142567038 801234567
142567380 801234567
142567803 801234567
142568073 801234567
142568307 801234567
142568730 801234567
142570386 801234567
142570638 801234567
142570863 801234567
142573068 801234567
142573680 801234567
142573806 801234567
142576083 801234567
142576308 801234567
142576830 801234567
142578036 801234567
142578360 801234567
142578603 801234567
142580367 801234567
142580673 801234567
142580736 801234567
142583076 801234567
142583607 801234567
142583760 801234567
142586037 801234567
142586370 801234567
142586703 801234567
142587063 801234567
142587306 801234567
142587630 801234567
142603587 801234567
142603758 801234567
142603875 801234567
142605378 801234567
142605783 801234567
142605837 801234567
142607385 801234567
142607538 801234567
142607853 801234567
142608357 801234567
142608573 801234567
142608735 801234567
142630578 801234567
142630785 801234567
142630857 801234567
142635087 801234567
142635708 801234567
142635870 801234567
142637058 801234567
142637580 801234567
142637805 801234567
142638075 801234567
142638507 801234567
142638750 801234567
142650387 801234567
142650738 801234567
142650873 801234567
142653078 801234567
142653780 801234567
142653807 801234567
142657083 801234567
142657308 801234567
142657830 801234567
142658037 801234567
142658370 801234567
142658703 801234567
142670358 801234567
142670583 801234567
142670835 801234567
142673085 801234567
142673508 801234567
142673850 801234567
142675038 801234567
142675380 801234567
142675803 801234567
142678053 801234567
142678305 801234567
142678530 801234567
142680375 801234567
142680537 801234567
142680753 801234567
142683057 801234567
142683570 801234567
142683705 801234567
142685073 801234567
142685307 801234567
142685730 801234567
142687035 801234567
142687350 801234567
142687503 801234567
142703568 801234567
142703685 801234567
142703856 801234567
142705386 801234567
142705638 801234567
142705863 801234567
142706358 801234567
142706583 801234567
142706835 801234567
142708365 801234567
142708536 801234567
142708653 801234567
142730586 801234567
142730658 801234567
142730865 801234567
142735068 801234567
142735680 801234567
142735806 801234567
142736085 801234567
142736508 801234567
142736850 801234567
142738056 801234567
142738560 801234567
142738605 801234567
142750368 801234567
142750683 801234567
142750836 801234567
142753086 801234567
142753608 801234567
142753860 801234567
142756038 801234567
142756380 801234567
142756803 801234567
142758063 801234567
142758306 801234567
142758630 801234567
142760385 801234567
142760538 801234567
142760853 801234567
142763058 801234567
142763580 801234567
142763805 801234567
142765083 801234567
142765308 801234567
142765830 801234567
142768035 801234567
142768350 801234567
142768503 801234567
142780356 801234567
142780563 801234567
142780635 801234567
142783065 801234567
142783506 801234567
142783650 801234567
142785036 801234567
142785360 801234567
142785603 801234567
142786053 801234567
142786305 801234567
142786530 801234567
142803576 801234567
142803657 801234567
142803765 801234567
142805367 801234567
142805673 801234567
142805736 801234567
142806375 801234567
142806537 801234567
142806753 801234567
142807356 801234567
142807563 801234567
142807635 801234567
142830567 801234567
142830675 801234567
142830756 801234567
142835076 801234567
142835607 801234567
142835760 801234567
142836057 801234567
142836570 801234567
142836705 801234567
142837065 801234567
142837506 801234567
142837650 801234567
142850376 801234567
142850637 801234567
142850763 801234567
142853067 801234567
142853670 801234567
142853706 801234567
142856073 801234567
142856307 801234567
142856730 801234567
142857036 801234567
142857360 801234567
142857603 801234567
142860357 801234567
142860573 801234567
142860735 801234567
142863075 801234567
142863507 801234567
142863750 801234567
142865037 801234567
142865370 801234567
142865703 801234567
142867053 801234567
142867305 801234567
142867530 801234567
142870365 801234567
142870536 801234567
142870653 801234567
142873056 801234567
142873560 801234567
142873605 801234567
142875063 801234567
142875306 801234567
142875630 801234567
142876035 801234567
142876350 801234567
142876503 801234567
143025687 801234567
143025768 801234567
143025876 801234567
