108435267 801234567
108435672 801234567
108435726 801234567
108436275 801234567
108436527 801234567
108436752 801234567
108437256 801234567
108437562 801234567
108437625 801234567
108452367 801234567
108452673 801234567
108452736 801234567
108453276 801234567
108453627 801234567
108453762 801234567
108456237 801234567
108456372 801234567
108456723 801234567
108457263 801234567
108457326 801234567
108457632 801234567
108462375 801234567
108462537 801234567
108462753 801234567
108463257 801234567
108463572 801234567
108463725 801234567
108465273 801234567
108465327 801234567
108465732 801234567
108467235 801234567
108467352 801234567
108467523 801234567
108472356 801234567
108472563 801234567
108472635 801234567
108473265 801234567
108473526 801234567
108473652 801234567
108475236 801234567
108475362 801234567
108475623 801234567
108476253 801234567
108476325 801234567
108476532 801234567
108523476 801234567
108523647 801234567
108523764 801234567
108524367 801234567
108524673 801234567
108524736 801234567
108526374 801234567
108526437 801234567
108526743 801234567
108527346 801234567
108527463 801234567
108527634 801234567
108532467 801234567
108532674 801234567
108532746 801234567
108534276 801234567
108534627 801234567
108534762 801234567
108536247 801234567
108536472 801234567
108536724 801234567
108537264 801234567
108537426 801234567
108537642 801234567
108542376 801234567
108542637 801234567
108542763 801234567
108543267 801234567
108543672 801234567
108543726 801234567
108546273 801234567
108546327 801234567
108546732 801234567
108547236 801234567
108547362 801234567
108547623 801234567
108562347 801234567
108562473 801234567
108562734 801234567
108563274 801234567
108563427 801234567
108563742 801234567
108564237 801234567
108564372 801234567
108564723 801234567
108567243 801234567
108567324 801234567
108567432 801234567
108572364 801234567
108572436 801234567
108572643 801234567
108573246 801234567
108573462 801234567
108573624 801234567
108574263 801234567
108574326 801234567
108574632 801234567
108576234 801234567
108576342 801234567
108576423 801234567
108623457 801234567
108623574 801234567
108623745 801234567
108624375 801234567
108624537 801234567
108624753 801234567
108625347 801234567
108625473 801234567
108625734 801234567
108627354 801234567
108627435 801234567
108627543 801234567
108632475 801234567
108632547 801234567
108632754 801234567
108634257 801234567
108634572 801234567
108634725 801234567
108635274 801234567
108635427 801234567
108635742 801234567
108637245 801234567
108637452 801234567
108637524 801234567
108642357 801234567
108642573 801234567
108642735 801234567
108643275 801234567
108643527 801234567
108643752 801234567
108645237 801234567
108645372 801234567
108645723 801234567
108647253 801234567
108647325 801234567
108647532 801234567
108652374 801234567
108652437 801234567
108652743 801234567
108653247 801234567
108653472 801234567
108653724 801234567
108654273 801234567
108654327 801234567
108654732 801234567
108657234 801234567
108657342 801234567
108657423 801234567
108672345 801234567
108672453 801234567
108672534 801234567
108673254 801234567
108673425 801234567
108673542 801234567
108674235 801234567
108674352 801234567
108674523 801234567
108675243 801234567
108675324 801234567
108675432 801234567
108723465 801234567
108723546 801234567
108723654 801234567
108724356 801234567
108724563 801234567
108724635 801234567
108725364 801234567
108725436 801234567
108725643 801234567
108726345 801234567
108726453 801234567
108726534 801234567
108732456 801234567
108732564 801234567
108732645 801234567
108734265 801234567
108734526 801234567
108734652 801234567
108735246 801234567
108735462 801234567
108735624 801234567
108736254 801234567
108736425 801234567
108736542 801234567
108742365 801234567
108742536 801234567
108742653 801234567
108743256 801234567
108743562 801234567
108743625 801234567
108745263 801234567
108745326 801234567
108745632 801234567
108746235 801234567
108746352 801234567
108746523 801234567
108752346 801234567
108752463 801234567
108752634 801234567
108753264 801234567
108753426 801234567
108753642 801234567
108754236 801234567
108754362 801234567
108754623 801234567
108756243 801234567
108756324 801234567
108756432 801234567
108762354 801234567
108762435 801234567
108762543 801234567
108763245 801234567
108763452 801234567
108763524 801234567
108764253 801234567
108764325 801234567
108764532 801234567
108765234 801234567
108765342 801234567
108765423 801234567
120345687 801234567
120345768 801234567
120345876 801234567
120346578 801234567
120346785 801234567
120346857 801234567
120347586 801234567
120347658 801234567
120347865 801234567
120348567 801234567
120348675 801234567
120348756 801234567
120354678 801234567
120354786 801234567
120354867 801234567
120356487 801234567
120356748 801234567
120356874 801234567
120357468 801234567
120357684 801234567
120357846 801234567
120358476 801234567
120358647 801234567
120358764 801234567
120364587 801234567
120364758 801234567
120364875 801234567
120365478 801234567
120365784 801234567
120365847 801234567
120367485 801234567
120367548 801234567
120367854 801234567
120368457 801234567
120368574 801234567
120368745 801234567
120374568 801234567
120374685 801234567
120374856 801234567
120375486 801234567
120375648 801234567
120375864 801234567
120376458 801234567
120376584 801234567
120376845 801234567
120378465 801234567
120378546 801234567
120378654 801234567
120384576 801234567
120384657 801234567
120384765 801234567
120385467 801234567
120385674 801234567
120385746 801234567
120386475 801234567
120386547 801234567
120386754 801234567
120387456 801234567
120387564 801234567
120387645 801234567
120435678 801234567
120435786 801234567
120435867 801234567
120436587 801234567
120436758 801234567
120436875 801234567
120437568 801234567
120437685 801234567
120437856 801234567
120438576 801234567
120438657 801234567
120438765 801234567
120453687 801234567
120453768 801234567
120453876 801234567
120456378 801234567
120456783 801234567
120456837 801234567
120457386 801234567
120457638 801234567
120457863 801234567
120458367 801234567
120458673 801234567
120458736 801234567
120463578 801234567
120463785 801234567
120463857 801234567
120465387 801234567
120465738 801234567
120465873 801234567
120467358 801234567
120467583 801234567
120467835 801234567
120468375 801234567
120468537 801234567
120468753 801234567
120473586 801234567
120473658 801234567
120473865 801234567
120475368 801234567
120475683 801234567
120475836 801234567
120476385 801234567
120476538 801234567
120476853 801234567
120478356 801234567
120478563 801234567
120478635 801234567
120483567 801234567
120483675 801234567
120483756 801234567
120485376 801234567
120485637 801234567
120485763 801234567
120486357 801234567
120486573 801234567
120486735 801234567
120487365 801234567
120487536 801234567
120487653 801234567
120534687 801234567
120534768 801234567
120534876 801234567
120536478 801234567
120536784 801234567
120536847 801234567
120537486 801234567
120537648 801234567
120537864 801234567
120538467 801234567
120538674 801234567
120538746 801234567
120543678 801234567
120543786 801234567
120543867 801234567
120546387 801234567
120546738 801234567
120546873 801234567
120547368 801234567
120547683 801234567
120547836 801234567
120548376 801234567
120548637 801234567
120548763 801234567
120563487 801234567
120563748 801234567
120563874 801234567
120564378 801234567
120564783 801234567
120564837 801234567
120567384 801234567
120567438 801234567
120567843 801234567
120568347 801234567
120568473 801234567
120568734 801234567
120573468 801234567
120573684 801234567
120573846 801234567
120574386 801234567
120574638 801234567
120574863 801234567
120576348 801234567
120576483 801234567
120576834 801234567
120578364 801234567
120578436 801234567
120578643 801234567
120583476 801234567
120583647 801234567
120583764 801234567
120584367 801234567
120584673 801234567
120584736 801234567
120586374 801234567
120586437 801234567
120586743 801234567
120587346 801234567
120587463 801234567
120587634 801234567
120634578 801234567
120634785 801234567
120634857 801234567
120635487 801234567
120635748 801234567
120635874 801234567
120637458 801234567
120637584 801234567
120637845 801234567
120638475 801234567
120638547 801234567
120638754 801234567
120643587 801234567
120643758 801234567
120643875 801234567
120645378 801234567
120645783 801234567
120645837 801234567
120647385 801234567
120647538 801234567
120647853 801234567
120648357 801234567
120648573 801234567
120648735 801234567
120653478 801234567
120653784 801234567
120653847 801234567
120654387 801234567
120654738 801234567
120654873 801234567
120657348 801234567
120657483 801234567
120657834 801234567
120658374 801234567
120658437 801234567
120658743 801234567
120673485 801234567
120673548 801234567
120673854 801234567
120674358 801234567
120674583 801234567
120674835 801234567
120675384 801234567
120675438 801234567
120675843 801234567
120678345 801234567
120678453 801234567
120678534 801234567
120683457 801234567
120683574 801234567
120683745 801234567
120684375 801234567
120684537 801234567
120684753 801234567
120685347 801234567
120685473 801234567
120685734 801234567
120687354 801234567
120687435 801234567
120687543 801234567
120734586 801234567
120734658 801234567
120734865 801234567
120735468 801234567
120735684 801234567
120735846 801234567
120736485 801234567
120736548 801234567
120736854 801234567
120738456 801234567
120738564 801234567
120738645 801234567
120743568 801234567
120743685 801234567
120743856 801234567
120745386 801234567
120745638 801234567
120745863 801234567
120746358 801234567
120746583 801234567
120746835 801234567
120748365 801234567
120748536 801234567
120748653 801234567
120753486 801234567
120753648 801234567
120753864 801234567
120754368 801234567
120754683 801234567
120754836 801234567
120756384 801234567
120756438 801234567
120756843 801234567
120758346 801234567
