170453862 801234567
170456238 801234567
170456382 801234567
170456823 801234567
170458263 801234567
170458326 801234567
170458632 801234567
170462385 801234567
170462538 801234567
170462853 801234567
170463258 801234567
170463582 801234567
170463825 801234567
170465283 801234567
170465328 801234567
170465832 801234567
170468235 801234567
170468352 801234567
170468523 801234567
170482356 801234567
170482563 801234567
170482635 801234567
170483265 801234567
170483526 801234567
170483652 801234567
170485236 801234567
170485362 801234567
170485623 801234567
170486253 801234567
170486325 801234567
170486532 801234567
170523486 801234567
170523648 801234567
170523864 801234567
170524368 801234567
170524683 801234567
170524836 801234567
170526384 801234567
170526438 801234567
170526843 801234567
170528346 801234567
170528463 801234567
170528634 801234567
170532468 801234567
170532684 801234567
170532846 801234567
170534286 801234567
170534628 801234567
170534862 801234567
170536248 801234567
170536482 801234567
170536824 801234567
170538264 801234567
170538426 801234567
170538642 801234567
170542386 801234567
170542638 801234567
170542863 801234567
170543268 801234567
170543682 801234567
170543826 801234567
170546283 801234567
170546328 801234567
170546832 801234567
170548236 801234567
170548362 801234567
170548623 801234567
170562348 801234567
170562483 801234567
170562834 801234567
170563284 801234567
170563428 801234567
170563842 801234567
170564238 801234567
170564382 801234567
170564823 801234567
170568243 801234567
170568324 801234567
170568432 801234567
170582364 801234567
170582436 801234567
170582643 801234567
170583246 801234567
170583462 801234567
170583624 801234567
170584263 801234567
170584326 801234567
170584632 801234567
170586234 801234567
170586342 801234567
170586423 801234567
170623458 801234567
170623584 801234567
170623845 801234567
170624385 801234567
170624538 801234567
170624853 801234567
170625348 801234567
170625483 801234567
170625834 801234567
170628354 801234567
170628435 801234567
170628543 801234567
170632485 801234567
170632548 801234567
170632854 801234567
170634258 801234567
170634582 801234567
170634825 801234567
170635284 801234567
170635428 801234567
170635842 801234567
170638245 801234567
170638452 801234567
170638524 801234567
170642358 801234567
170642583 801234567
170642835 801234567
170643285 801234567
170643528 801234567
170643852 801234567
170645238 801234567
170645382 801234567
170645823 801234567
170648253 801234567
170648325 801234567
170648532 801234567
170652384 801234567
170652438 801234567
170652843 801234567
170653248 801234567
170653482 801234567
170653824 801234567
170654283 801234567
170654328 801234567
170654832 801234567
170658234 801234567
170658342 801234567
170658423 801234567
170682345 801234567
170682453 801234567
170682534 801234567
170683254 801234567
170683425 801234567
170683542 801234567
170684235 801234567
170684352 801234567
170684523 801234567
170685243 801234567
170685324 801234567
170685432 801234567
170823465 801234567
170823546 801234567
170823654 801234567
170824356 801234567
170824563 801234567
170824635 801234567
170825364 801234567
170825436 801234567
170825643 801234567
170826345 801234567
170826453 801234567
170826534 801234567
170832456 801234567
170832564 801234567
170832645 801234567
170834265 801234567
170834526 801234567
170834652 801234567
170835246 801234567
170835462 801234567
170835624 801234567
170836254 801234567
170836425 801234567
170836542 801234567
170842365 801234567
170842536 801234567
170842653 801234567
170843256 801234567
170843562 801234567
170843625 801234567
170845263 801234567
170845326 801234567
170845632 801234567
170846235 801234567
170846352 801234567
170846523 801234567
170852346 801234567
170852463 801234567
170852634 801234567
170853264 801234567
170853426 801234567
170853642 801234567
170854236 801234567
170854362 801234567
170854623 801234567
170856243 801234567
170856324 801234567
170856432 801234567
170862354 801234567
170862435 801234567
170862543 801234567
170863245 801234567
170863452 801234567
170863524 801234567
170864253 801234567
170864325 801234567
170864532 801234567
170865234 801234567
170865342 801234567
170865423 801234567
172034586 801234567
172034658 801234567
172034865 801234567
172035468 801234567
172035684 801234567
172035846 801234567
172036485 801234567
172036548 801234567
172036854 801234567
172038456 801234567
172038564 801234567
172038645 801234567
172043568 801234567
172043685 801234567
172043856 801234567
172045386 801234567
172045638 801234567
172045863 801234567
172046358 801234567
172046583 801234567
172046835 801234567
172048365 801234567
172048536 801234567
172048653 801234567
172053486 801234567
172053648 801234567
172053864 801234567
172054368 801234567
172054683 801234567
172054836 801234567
172056384 801234567
172056438 801234567
172056843 801234567
172058346 801234567
172058463 801234567
172058634 801234567
172063458 801234567
172063584 801234567
172063845 801234567
172064385 801234567
172064538 801234567
172064853 801234567
172065348 801234567
172065483 801234567
172065834 801234567
172068354 801234567
172068435 801234567
172068543 801234567
172083465 801234567
172083546 801234567
172083654 801234567
172084356 801234567
172084563 801234567
172084635 801234567
172085364 801234567
172085436 801234567
172085643 801234567
172086345 801234567
172086453 801234567
172086534 801234567
172304568 801234567
172304685 801234567
172304856 801234567
172305486 801234567
172305648 801234567
172305864 801234567
172306458 801234567
172306584 801234567
172306845 801234567
172308465 801234567
172308546 801234567
172308654 801234567
172340586 801234567
172340658 801234567
172340865 801234567
172345068 801234567
172345680 801234567
172345806 801234567
172346085 801234567
172346508 801234567
172346850 801234567
172348056 801234567
172348560 801234567
172348605 801234567
172350468 801234567
172350684 801234567
172350846 801234567
172354086 801234567
172354608 801234567
172354860 801234567
172356048 801234567
172356480 801234567
172356804 801234567
172358064 801234567
172358406 801234567
172358640 801234567
172360485 801234567
172360548 801234567
172360854 801234567
172364058 801234567
172364580 801234567
172364805 801234567
172365084 801234567
172365408 801234567
172365840 801234567
172368045 801234567
172368450 801234567
172368504 801234567
172380456 801234567
172380564 801234567
172380645 801234567
172384065 801234567
172384506 801234567
172384650 801234567
172385046 801234567
172385460 801234567
172385604 801234567
172386054 801234567
172386405 801234567
172386540 801234567
172403586 801234567
172403658 801234567
172403865 801234567
172405368 801234567
172405683 801234567
172405836 801234567
172406385 801234567
172406538 801234567
172406853 801234567
172408356 801234567
172408563 801234567
172408635 801234567
172430568 801234567
172430685 801234567
172430856 801234567
172435086 801234567
172435608 801234567
172435860 801234567
172436058 801234567
172436580 801234567
172436805 801234567
172438065 801234567
172438506 801234567
172438650 801234567
172450386 801234567
172450638 801234567
172450863 801234567
172453068 801234567
172453680 801234567
172453806 801234567
172456083 801234567
172456308 801234567
172456830 801234567
172458036 801234567
172458360 801234567
172458603 801234567
172460358 801234567
172460583 801234567
172460835 801234567
172463085 801234567
172463508 801234567
172463850 801234567
172465038 801234567
172465380 801234567
172465803 801234567
172468053 801234567
172468305 801234567
172468530 801234567
172480365 801234567
172480536 801234567
172480653 801234567
172483056 801234567
172483560 801234567
172483605 801234567
172485063 801234567
172485306 801234567
172485630 801234567
172486035 801234567
172486350 801234567
172486503 801234567
172503468 801234567
172503684 801234567
172503846 801234567
172504386 801234567
172504638 801234567
172504863 801234567
172506348 801234567
172506483 801234567
172506834 801234567
172508364 801234567
172508436 801234567
172508643 801234567
172530486 801234567
172530648 801234567
172530864 801234567
172534068 801234567
172534680 801234567
172534806 801234567
172536084 801234567
172536408 801234567
172536840 801234567
172538046 801234567
172538460 801234567
172538604 801234567
172540368 801234567
172540683 801234567
172540836 801234567
172543086 801234567
172543608 801234567
172543860 801234567
172546038 801234567
172546380 801234567
172546803 801234567
172548063 801234567
172548306 801234567
172548630 801234567
172560384 801234567
172560438 801234567
172560843 801234567
172563048 801234567
172563480 801234567
172563804 801234567
172564083 801234567
172564308 801234567
172564830 801234567
172568034 801234567
172568340 801234567
172568403 801234567
172580346 801234567
172580463 801234567
172580634 801234567
172583064 801234567
172583406 801234567
172583640 801234567
172584036 801234567
172584360 801234567
172584603 801234567
172586043 801234567
172586304 801234567
172586430 801234567
172603485 801234567
172603548 801234567
172603854 801234567
172604358 801234567
172604583 801234567
172604835 801234567
172605384 801234567
172605438 801234567
172605843 801234567
172608345 801234567
172608453 801234567
172608534 801234567
172630458 801234567
172630584 801234567
172630845 801234567
172634085 801234567
172634508 801234567
172634850 801234567
172635048 801234567
172635480 801234567
172635804 801234567
172638054 801234567
172638405 801234567
172638540 801234567
172640385 801234567
172640538 801234567
172640853 801234567
172643058 801234567
172643580 801234567
172643805 801234567
172645083 801234567
172645308 801234567
172645830 801234567
172648035 801234567
172648350 801234567
172648503 801234567
172650348 801234567
172650483 801234567
172650834 801234567
172653084 801234567
172653408 801234567
172653840 801234567
172654038 801234567
172654380 801234567
172654803 801234567
172658043 801234567
172658304 801234567
172658430 801234567
