284751630 801234567
284753016 801234567
284753160 801234567
284753601 801234567
284756031 801234567
284756103 801234567
284756310 801234567
284760153 801234567
284760315 801234567
284760531 801234567
284761035 801234567
284761350 801234567
284761503 801234567
284763051 801234567
284763105 801234567
284763510 801234567
284765013 801234567
284765130 801234567
284765301 801234567
285013476 801234567
285013647 801234567
285013764 801234567
285014367 801234567
285014673 801234567
285014736 801234567
285016374 801234567
285016437 801234567
285016743 801234567
285017346 801234567
285017463 801234567
285017634 801234567
285031467 801234567
285031674 801234567
285031746 801234567
285034176 801234567
285034617 801234567
285034761 801234567
285036147 801234567
285036471 801234567
285036714 801234567
285037164 801234567
285037416 801234567
285037641 801234567
285041376 801234567
285041637 801234567
285041763 801234567
285043167 801234567
285043671 801234567
285043716 801234567
285046173 801234567
285046317 801234567
285046731 801234567
285047136 801234567
285047361 801234567
285047613 801234567
285061347 801234567
285061473 801234567
285061734 801234567
285063174 801234567
285063417 801234567
285063741 801234567
285064137 801234567
285064371 801234567
285064713 801234567
285067143 801234567
285067314 801234567
285067431 801234567
285071364 801234567
285071436 801234567
285071643 801234567
285073146 801234567
285073461 801234567
285073614 801234567
285074163 801234567
285074316 801234567
285074631 801234567
285076134 801234567
285076341 801234567
285076413 801234567
285103467 801234567
285103674 801234567
285103746 801234567
285104376 801234567
285104637 801234567
285104763 801234567
285106347 801234567
285106473 801234567
285106734 801234567
285107364 801234567
285107436 801234567
285107643 801234567
285130476 801234567
285130647 801234567
285130764 801234567
285134067 801234567
285134670 801234567
285134706 801234567
285136074 801234567
285136407 801234567
285136740 801234567
285137046 801234567
285137460 801234567
285137604 801234567
285140367 801234567
285140673 801234567
285140736 801234567
285143076 801234567
285143607 801234567
285143760 801234567
285146037 801234567
285146370 801234567
285146703 801234567
285147063 801234567
285147306 801234567
285147630 801234567
285160374 801234567
285160437 801234567
285160743 801234567
285163047 801234567
285163470 801234567
285163704 801234567
285164073 801234567
285164307 801234567
285164730 801234567
285167034 801234567
285167340 801234567
285167403 801234567
285170346 801234567
285170463 801234567
285170634 801234567
285173064 801234567
285173406 801234567
285173640 801234567
285174036 801234567
285174360 801234567
285174603 801234567
285176043 801234567
285176304 801234567
285176430 801234567
285301476 801234567
285301647 801234567
285301764 801234567
285304167 801234567
285304671 801234567
285304716 801234567
285306174 801234567
285306417 801234567
285306741 801234567
285307146 801234567
285307461 801234567
285307614 801234567
285310467 801234567
285310674 801234567
285310746 801234567
285314076 801234567
285314607 801234567
285314760 801234567
285316047 801234567
285316470 801234567
285316704 801234567
285317064 801234567
285317406 801234567
285317640 801234567
285340176 801234567
285340617 801234567
285340761 801234567
285341067 801234567
285341670 801234567
285341706 801234567
285346071 801234567
285346107 801234567
285346710 801234567
285347016 801234567
285347160 801234567
285347601 801234567
285360147 801234567
285360471 801234567
285360714 801234567
285361074 801234567
285361407 801234567
285361740 801234567
285364017 801234567
285364170 801234567
285364701 801234567
285367041 801234567
285367104 801234567
285367410 801234567
285370164 801234567
285370416 801234567
285370641 801234567
285371046 801234567
285371460 801234567
285371604 801234567
285374061 801234567
285374106 801234567
285374610 801234567
285376014 801234567
285376140 801234567
285376401 801234567
285401367 801234567
285401673 801234567
285401736 801234567
285403176 801234567
285403617 801234567
285403761 801234567
285406137 801234567
285406371 801234567
285406713 801234567
285407163 801234567
285407316 801234567
285407631 801234567
285410376 801234567
285410637 801234567
285410763 801234567
285413067 801234567
285413670 801234567
285413706 801234567
285416073 801234567
285416307 801234567
285416730 801234567
285417036 801234567
285417360 801234567
285417603 801234567
285430167 801234567
285430671 801234567
285430716 801234567
285431076 801234567
285431607 801234567
285431760 801234567
285436017 801234567
285436170 801234567
285436701 801234567
285437061 801234567
285437106 801234567
285437610 801234567
285460173 801234567
285460317 801234567
285460731 801234567
285461037 801234567
285461370 801234567
285461703 801234567
285463071 801234567
285463107 801234567
285463710 801234567
285467013 801234567
285467130 801234567
285467301 801234567
285470136 801234567
285470361 801234567
285470613 801234567
285471063 801234567
285471306 801234567
285471630 801234567
285473016 801234567
285473160 801234567
285473601 801234567
285476031 801234567
285476103 801234567
285476310 801234567
285601374 801234567
285601437 801234567
285601743 801234567
285603147 801234567
285603471 801234567
285603714 801234567
285604173 801234567
285604317 801234567
285604731 801234567
285607134 801234567
285607341 801234567
285607413 801234567
285610347 801234567
285610473 801234567
285610734 801234567
285613074 801234567
285613407 801234567
285613740 801234567
285614037 801234567
285614370 801234567
285614703 801234567
285617043 801234567
285617304 801234567
285617430 801234567
285630174 801234567
285630417 801234567
285630741 801234567
285631047 801234567
285631470 801234567
285631704 801234567
285634071 801234567
285634107 801234567
285634710 801234567
285637014 801234567
285637140 801234567
285637401 801234567
285640137 801234567
285640371 801234567
285640713 801234567
285641073 801234567
285641307 801234567
285641730 801234567
285643017 801234567
285643170 801234567
285643701 801234567
285647031 801234567
285647103 801234567
285647310 801234567
285670143 801234567
285670314 801234567
285670431 801234567
285671034 801234567
285671340 801234567
285671403 801234567
285673041 801234567
285673104 801234567
285673410 801234567
285674013 801234567
285674130 801234567
285674301 801234567
285701346 801234567
285701463 801234567
285701634 801234567
285703164 801234567
285703416 801234567
285703641 801234567
285704136 801234567
285704361 801234567
285704613 801234567
285706143 801234567
285706314 801234567
285706431 801234567
285710364 801234567
285710436 801234567
285710643 801234567
285713046 801234567
285713460 801234567
285713604 801234567
285714063 801234567
285714306 801234567
285714630 801234567
285716034 801234567
285716340 801234567
285716403 801234567
285730146 801234567
285730461 801234567
285730614 801234567
285731064 801234567
285731406 801234567
285731640 801234567
285734016 801234567
285734160 801234567
285734601 801234567
285736041 801234567
285736104 801234567
285736410 801234567
285740163 801234567
285740316 801234567
285740631 801234567
285741036 801234567
285741360 801234567
285741603 801234567
285743061 801234567
285743106 801234567
285743610 801234567
285746013 801234567
285746130 801234567
285746301 801234567
285760134 801234567
285760341 801234567
285760413 801234567
285761043 801234567
285761304 801234567
285761430 801234567
285763014 801234567
285763140 801234567
285763401 801234567
285764031 801234567
285764103 801234567
285764310 801234567
286013457 801234567
286013574 801234567
286013745 801234567
286014375 801234567
286014537 801234567
286014753 801234567
286015347 801234567
286015473 801234567
286015734 801234567
286017354 801234567
286017435 801234567
286017543 801234567
286031475 801234567
286031547 801234567
286031754 801234567
286034157 801234567
286034571 801234567
286034715 801234567
286035174 801234567
286035417 801234567
286035741 801234567
286037145 801234567
286037451 801234567
286037514 801234567
286041357 801234567
286041573 801234567
286041735 801234567
286043175 801234567
286043517 801234567
286043751 801234567
286045137 801234567
286045371 801234567
286045713 801234567
286047153 801234567
286047315 801234567
286047531 801234567
286051374 801234567
286051437 801234567
286051743 801234567
286053147 801234567
286053471 801234567
286053714 801234567
286054173 801234567
286054317 801234567
286054731 801234567
286057134 801234567
286057341 801234567
286057413 801234567
286071345 801234567
286071453 801234567
286071534 801234567
286073154 801234567
286073415 801234567
286073541 801234567
286074135 801234567
286074351 801234567
286074513 801234567
286075143 801234567
286075314 801234567
286075431 801234567
286103475 801234567
286103547 801234567
286103754 801234567
286104357 801234567
286104573 801234567
286104735 801234567
286105374 801234567
286105437 801234567
286105743 801234567
286107345 801234567
286107453 801234567
286107534 801234567
286130457 801234567
286130574 801234567
286130745 801234567
286134075 801234567
286134507 801234567
286134750 801234567
286135047 801234567
286135470 801234567
286135704 801234567
286137054 801234567
286137405 801234567
286137540 801234567
286140375 801234567
286140537 801234567
286140753 801234567
286143057 801234567
286143570 801234567
286143705 801234567
286145073 801234567
286145307 801234567
286145730 801234567
286147035 801234567
286147350 801234567
286147503 801234567
286150347 801234567
286150473 801234567
286150734 801234567
286153074 801234567
286153407 801234567
286153740 801234567
286154037 801234567
286154370 801234567
286154703 801234567
286157043 801234567
286157304 801234567
286157430 801234567
286170354 801234567
286170435 801234567
286170543 801234567
286173045 801234567
286173450 801234567
286173504 801234567
286174053 801234567
286174305 801234567
286174530 801234567
286175034 801234567
286175340 801234567
286175403 801234567
