527340186 801234567
527340618 801234567
527340861 801234567
527341068 801234567
527341680 801234567
527341806 801234567
527346081 801234567
527346108 801234567
527346810 801234567
527348016 801234567
527348160 801234567
527348601 801234567
527360148 801234567
527360481 801234567
527360814 801234567
527361084 801234567
527361408 801234567
527361840 801234567
527364018 801234567
527364180 801234567
527364801 801234567
527368041 801234567
527368104 801234567
527368410 801234567
527380164 801234567
527380416 801234567
527380641 801234567
527381046 801234567
527381460 801234567
527381604 801234567
527384061 801234567
527384106 801234567
527384610 801234567
527386014 801234567
527386140 801234567
527386401 801234567
527401368 801234567
527401683 801234567
527401836 801234567
527403186 801234567
527403618 801234567
527403861 801234567
527406138 801234567
527406381 801234567
527406813 801234567
527408163 801234567
527408316 801234567
527408631 801234567
527410386 801234567
527410638 801234567
527410863 801234567
527413068 801234567
527413680 801234567
527413806 801234567
527416083 801234567
527416308 801234567
527416830 801234567
527418036 801234567
527418360 801234567
527418603 801234567
527430168 801234567
527430681 801234567
527430816 801234567
527431086 801234567
527431608 801234567
527431860 801234567
527436018 801234567
527436180 801234567
527436801 801234567
527438061 801234567
527438106 801234567
527438610 801234567
527460183 801234567
527460318 801234567
527460831 801234567
527461038 801234567
527461380 801234567
527461803 801234567
527463081 801234567
527463108 801234567
527463810 801234567
527468013 801234567
527468130 801234567
527468301 801234567
527480136 801234567
527480361 801234567
527480613 801234567
527481063 801234567
527481306 801234567
527481630 801234567
527483016 801234567
527483160 801234567
527483601 801234567
527486031 801234567
527486103 801234567
527486310 801234567
527601384 801234567
527601438 801234567
527601843 801234567
527603148 801234567
527603481 801234567
527603814 801234567
527604183 801234567
527604318 801234567
527604831 801234567
527608134 801234567
527608341 801234567
527608413 801234567
527610348 801234567
527610483 801234567
527610834 801234567
527613084 801234567
527613408 801234567
527613840 801234567
527614038 801234567
527614380 801234567
527614803 801234567
527618043 801234567
527618304 801234567
527618430 801234567
527630184 801234567
527630418 801234567
527630841 801234567
527631048 801234567
527631480 801234567
527631804 801234567
527634081 801234567
527634108 801234567
527634810 801234567
527638014 801234567
527638140 801234567
527638401 801234567
527640138 801234567
527640381 801234567
527640813 801234567
527641083 801234567
527641308 801234567
527641830 801234567
527643018 801234567
527643180 801234567
527643801 801234567
527648031 801234567
527648103 801234567
527648310 801234567
527680143 801234567
527680314 801234567
527680431 801234567
527681034 801234567
527681340 801234567
527681403 801234567
527683041 801234567
527683104 801234567
527683410 801234567
527684013 801234567
527684130 801234567
527684301 801234567
527801346 801234567
527801463 801234567
527801634 801234567
527803164 801234567
527803416 801234567
527803641 801234567
527804136 801234567
527804361 801234567
527804613 801234567
527806143 801234567
527806314 801234567
527806431 801234567
527810364 801234567
527810436 801234567
527810643 801234567
527813046 801234567
527813460 801234567
527813604 801234567
527814063 801234567
527814306 801234567
527814630 801234567
527816034 801234567
527816340 801234567
527816403 801234567
527830146 801234567
527830461 801234567
527830614 801234567
527831064 801234567
527831406 801234567
527831640 801234567
527834016 801234567
527834160 801234567
527834601 801234567
527836041 801234567
527836104 801234567
527836410 801234567
527840163 801234567
527840316 801234567
527840631 801234567
527841036 801234567
527841360 801234567
527841603 801234567
527843061 801234567
527843106 801234567
527843610 801234567
527846013 801234567
527846130 801234567
527846301 801234567
527860134 801234567
527860341 801234567
527860413 801234567
527861043 801234567
527861304 801234567
527861430 801234567
527863014 801234567
527863140 801234567
527863401 801234567
527864031 801234567
527864103 801234567
527864310 801234567
528013467 801234567
528013674 801234567
528013746 801234567
528014376 801234567
528014637 801234567
528014763 801234567
528016347 801234567
528016473 801234567
528016734 801234567
528017364 801234567
528017436 801234567
528017643 801234567
528031476 801234567
528031647 801234567
528031764 801234567
528034167 801234567
528034671 801234567
528034716 801234567
528036174 801234567
528036417 801234567
528036741 801234567
528037146 801234567
528037461 801234567
528037614 801234567
528041367 801234567
528041673 801234567
528041736 801234567
528043176 801234567
528043617 801234567
528043761 801234567
528046137 801234567
528046371 801234567
528046713 801234567
528047163 801234567
528047316 801234567
528047631 801234567
528061374 801234567
528061437 801234567
528061743 801234567
528063147 801234567
528063471 801234567
528063714 801234567
528064173 801234567
528064317 801234567
528064731 801234567
528067134 801234567
528067341 801234567
528067413 801234567
528071346 801234567
528071463 801234567
528071634 801234567
528073164 801234567
528073416 801234567
528073641 801234567
528074136 801234567
528074361 801234567
528074613 801234567
528076143 801234567
528076314 801234567
528076431 801234567
528103476 801234567
528103647 801234567
528103764 801234567
528104367 801234567
528104673 801234567
528104736 801234567
528106374 801234567
528106437 801234567
528106743 801234567
528107346 801234567
528107463 801234567
528107634 801234567
528130467 801234567
528130674 801234567
528130746 801234567
528134076 801234567
528134607 801234567
528134760 801234567
528136047 801234567
528136470 801234567
528136704 801234567
528137064 801234567
528137406 801234567
528137640 801234567
528140376 801234567
528140637 801234567
528140763 801234567
528143067 801234567
528143670 801234567
528143706 801234567
528146073 801234567
528146307 801234567
528146730 801234567
528147036 801234567
528147360 801234567
528147603 801234567
528160347 801234567
528160473 801234567
528160734 801234567
528163074 801234567
528163407 801234567
528163740 801234567
528164037 801234567
528164370 801234567
528164703 801234567
528167043 801234567
528167304 801234567
528167430 801234567
528170364 801234567
528170436 801234567
528170643 801234567
528173046 801234567
528173460 801234567
528173604 801234567
528174063 801234567
528174306 801234567
528174630 801234567
528176034 801234567
528176340 801234567
528176403 801234567
528301467 801234567
528301674 801234567
528301746 801234567
528304176 801234567
528304617 801234567
528304761 801234567
528306147 801234567
528306471 801234567
528306714 801234567
528307164 801234567
528307416 801234567
528307641 801234567
528310476 801234567
528310647 801234567
528310764 801234567
528314067 801234567
528314670 801234567
528314706 801234567
528316074 801234567
528316407 801234567
528316740 801234567
528317046 801234567
528317460 801234567
528317604 801234567
528340167 801234567
528340671 801234567
528340716 801234567
528341076 801234567
528341607 801234567
528341760 801234567
528346017 801234567
528346170 801234567
528346701 801234567
528347061 801234567
528347106 801234567
528347610 801234567
528360174 801234567
528360417 801234567
528360741 801234567
528361047 801234567
528361470 801234567
528361704 801234567
528364071 801234567
528364107 801234567
528364710 801234567
528367014 801234567
528367140 801234567
528367401 801234567
528370146 801234567
528370461 801234567
528370614 801234567
528371064 801234567
528371406 801234567
528371640 801234567
528374016 801234567
528374160 801234567
528374601 801234567
528376041 801234567
528376104 801234567
528376410 801234567
528401376 801234567
528401637 801234567
528401763 801234567
528403167 801234567
528403671 801234567
528403716 801234567
528406173 801234567
528406317 801234567
528406731 801234567
528407136 801234567
528407361 801234567
528407613 801234567
528410367 801234567
528410673 801234567
528410736 801234567
528413076 801234567
528413607 801234567
528413760 801234567
528416037 801234567
528416370 801234567
528416703 801234567
528417063 801234567
528417306 801234567
528417630 801234567
528430176 801234567
528430617 801234567
528430761 801234567
528431067 801234567
528431670 801234567
528431706 801234567
528436071 801234567
528436107 801234567
528436710 801234567
528437016 801234567
528437160 801234567
528437601 801234567
528460137 801234567
528460371 801234567
528460713 801234567
528461073 801234567
528461307 801234567
528461730 801234567
528463017 801234567
528463170 801234567
528463701 801234567
528467031 801234567
528467103 801234567
528467310 801234567
528470163 801234567
528470316 801234567
528470631 801234567
528471036 801234567
528471360 801234567
528471603 801234567
528473061 801234567
528473106 801234567
528473610 801234567
528476013 801234567
528476130 801234567
528476301 801234567
528601347 801234567
528601473 801234567
528601734 801234567
528603174 801234567
528603417 801234567
528603741 801234567
528604137 801234567
528604371 801234567
528604713 801234567
528607143 801234567
528607314 801234567
528607431 801234567
528610374 801234567
528610437 801234567
528610743 801234567
528613047 801234567
528613470 801234567
528613704 801234567
528614073 801234567
528614307 801234567
528614730 801234567
528617034 801234567
528617340 801234567
528617403 801234567
528630147 801234567
528630471 801234567
528630714 801234567
528631074 801234567
528631407 801234567
528631740 801234567
528634017 801234567
528634170 801234567
528634701 801234567
528637041 801234567
528637104 801234567
528637410 801234567
528640173 801234567
528640317 801234567
528640731 801234567
528641037 801234567
528641370 801234567
528641703 801234567
528643071 801234567
