471506382 801234567
471506823 801234567
471508263 801234567
471508326 801234567
471508632 801234567
471520386 801234567
471520638 801234567
471520863 801234567
471523068 801234567
471523680 801234567
471523806 801234567
471526083 801234567
471526308 801234567
471526830 801234567
471528036 801234567
471528360 801234567
471528603 801234567
471530268 801234567
471530682 801234567
471530826 801234567
471532086 801234567
471532608 801234567
471532860 801234567
471536028 801234567
471536280 801234567
471536802 801234567
471538062 801234567
471538206 801234567
471538620 801234567
471560283 801234567
471560328 801234567
471560832 801234567
471562038 801234567
471562380 801234567
471562803 801234567
471563082 801234567
471563208 801234567
471563820 801234567
471568023 801234567
471568230 801234567
471568302 801234567
471580236 801234567
471580362 801234567
471580623 801234567
471582063 801234567
471582306 801234567
471582630 801234567
471583026 801234567
471583260 801234567
471583602 801234567
471586032 801234567
471586203 801234567
471586320 801234567
471602385 801234567
471602538 801234567
471602853 801234567
471603258 801234567
471603582 801234567
471603825 801234567
471605283 801234567
471605328 801234567
471605832 801234567
471608235 801234567
471608352 801234567
471608523 801234567
471620358 801234567
471620583 801234567
471620835 801234567
471623085 801234567
471623508 801234567
471623850 801234567
471625038 801234567
471625380 801234567
471625803 801234567
471628053 801234567
471628305 801234567
471628530 801234567
471630285 801234567
471630528 801234567
471630852 801234567
471632058 801234567
471632580 801234567
471632805 801234567
471635082 801234567
471635208 801234567
471635820 801234567
471638025 801234567
471638250 801234567
471638502 801234567
471650238 801234567
471650382 801234567
471650823 801234567
471652083 801234567
471652308 801234567
471652830 801234567
471653028 801234567
471653280 801234567
471653802 801234567
471658032 801234567
471658203 801234567
471658320 801234567
471680253 801234567
471680325 801234567
471680532 801234567
471682035 801234567
471682350 801234567
471682503 801234567
471683052 801234567
471683205 801234567
471683520 801234567
471685023 801234567
471685230 801234567
471685302 801234567
471802356 801234567
471802563 801234567
471802635 801234567
471803265 801234567
471803526 801234567
471803652 801234567
471805236 801234567
471805362 801234567
471805623 801234567
471806253 801234567
471806325 801234567
471806532 801234567
471820365 801234567
471820536 801234567
471820653 801234567
471823056 801234567
471823560 801234567
471823605 801234567
471825063 801234567
471825306 801234567
471825630 801234567
471826035 801234567
471826350 801234567
471826503 801234567
471830256 801234567
471830562 801234567
471830625 801234567
471832065 801234567
471832506 801234567
471832650 801234567
471835026 801234567
471835260 801234567
471835602 801234567
471836052 801234567
471836205 801234567
471836520 801234567
471850263 801234567
471850326 801234567
471850632 801234567
471852036 801234567
471852360 801234567
471852603 801234567
471853062 801234567
471853206 801234567
471853620 801234567
471856023 801234567
471856230 801234567
471856302 801234567
471860235 801234567
471860352 801234567
471860523 801234567
471862053 801234567
471862305 801234567
471862530 801234567
471863025 801234567
471863250 801234567
471863502 801234567
471865032 801234567
471865203 801234567
471865320 801234567
472013568 801234567
472013685 801234567
472013856 801234567
472015386 801234567
472015638 801234567
472015863 801234567
472016358 801234567
472016583 801234567
472016835 801234567
472018365 801234567
472018536 801234567
472018653 801234567
472031586 801234567
472031658 801234567
472031865 801234567
472035168 801234567
472035681 801234567
472035816 801234567
472036185 801234567
472036518 801234567
472036851 801234567
472038156 801234567
472038561 801234567
472038615 801234567
472051368 801234567
472051683 801234567
472051836 801234567
472053186 801234567
472053618 801234567
472053861 801234567
472056138 801234567
472056381 801234567
472056813 801234567
472058163 801234567
472058316 801234567
472058631 801234567
472061385 801234567
472061538 801234567
472061853 801234567
472063158 801234567
472063581 801234567
472063815 801234567
472065183 801234567
472065318 801234567
472065831 801234567
472068135 801234567
472068351 801234567
472068513 801234567
472081356 801234567
472081563 801234567
472081635 801234567
472083165 801234567
472083516 801234567
472083651 801234567
472085136 801234567
472085361 801234567
472085613 801234567
472086153 801234567
472086315 801234567
472086531 801234567
472103586 801234567
472103658 801234567
472103865 801234567
472105368 801234567
472105683 801234567
472105836 801234567
472106385 801234567
472106538 801234567
472106853 801234567
472108356 801234567
472108563 801234567
472108635 801234567
472130568 801234567
472130685 801234567
472130856 801234567
472135086 801234567
472135608 801234567
472135860 801234567
472136058 801234567
472136580 801234567
472136805 801234567
472138065 801234567
472138506 801234567
472138650 801234567
472150386 801234567
472150638 801234567
472150863 801234567
472153068 801234567
472153680 801234567
472153806 801234567
472156083 801234567
472156308 801234567
472156830 801234567
472158036 801234567
472158360 801234567
472158603 801234567
472160358 801234567
472160583 801234567
472160835 801234567
472163085 801234567
472163508 801234567
472163850 801234567
472165038 801234567
472165380 801234567
472165803 801234567
472168053 801234567
472168305 801234567
472168530 801234567
472180365 801234567
472180536 801234567
472180653 801234567
472183056 801234567
472183560 801234567
472183605 801234567
472185063 801234567
472185306 801234567
472185630 801234567
472186035 801234567
472186350 801234567
472186503 801234567
472301568 801234567
472301685 801234567
472301856 801234567
472305186 801234567
472305618 801234567
472305861 801234567
472306158 801234567
472306581 801234567
472306815 801234567
472308165 801234567
472308516 801234567
472308651 801234567
472310586 801234567
472310658 801234567
472310865 801234567
472315068 801234567
472315680 801234567
472315806 801234567
472316085 801234567
472316508 801234567
472316850 801234567
472318056 801234567
472318560 801234567
472318605 801234567
472350168 801234567
472350681 801234567
472350816 801234567
472351086 801234567
472351608 801234567
472351860 801234567
472356018 801234567
472356180 801234567
472356801 801234567
472358061 801234567
472358106 801234567
472358610 801234567
472360185 801234567
472360518 801234567
472360851 801234567
472361058 801234567
472361580 801234567
472361805 801234567
472365081 801234567
472365108 801234567
472365810 801234567
472368015 801234567
472368150 801234567
472368501 801234567
472380156 801234567
472380561 801234567
472380615 801234567
472381065 801234567
472381506 801234567
472381650 801234567
472385016 801234567
472385160 801234567
472385601 801234567
472386051 801234567
472386105 801234567
472386510 801234567
472501386 801234567
472501638 801234567
472501863 801234567
472503168 801234567
472503681 801234567
472503816 801234567
472506183 801234567
472506318 801234567
472506831 801234567
472508136 801234567
472508361 801234567
472508613 801234567
472510368 801234567
472510683 801234567
472510836 801234567
472513086 801234567
472513608 801234567
472513860 801234567
472516038 801234567
472516380 801234567
472516803 801234567
472518063 801234567
472518306 801234567
472518630 801234567
472530186 801234567
472530618 801234567
472530861 801234567
472531068 801234567
472531680 801234567
472531806 801234567
472536081 801234567
472536108 801234567
472536810 801234567
472538016 801234567
472538160 801234567
472538601 801234567
472560138 801234567
472560381 801234567
472560813 801234567
472561083 801234567
472561308 801234567
472561830 801234567
472563018 801234567
472563180 801234567
472563801 801234567
472568031 801234567
472568103 801234567
472568310 801234567
472580163 801234567
472580316 801234567
472580631 801234567
472581036 801234567
472581360 801234567
472581603 801234567
472583061 801234567
472583106 801234567
472583610 801234567
472586013 801234567
472586130 801234567
472586301 801234567
472601358 801234567
472601583 801234567
472601835 801234567
472603185 801234567
472603518 801234567
472603851 801234567
472605138 801234567
472605381 801234567
472605813 801234567
472608153 801234567
472608315 801234567
472608531 801234567
472610385 801234567
472610538 801234567
472610853 801234567
472613058 801234567
472613580 801234567
472613805 801234567
472615083 801234567
472615308 801234567
472615830 801234567
472618035 801234567
472618350 801234567
472618503 801234567
472630158 801234567
472630581 801234567
472630815 801234567
472631085 801234567
472631508 801234567
472631850 801234567
472635018 801234567
472635180 801234567
472635801 801234567
472638051 801234567
472638105 801234567
472638510 801234567
472650183 801234567
472650318 801234567
472650831 801234567
472651038 801234567
472651380 801234567
472651803 801234567
472653081 801234567
472653108 801234567
472653810 801234567
472658013 801234567
472658130 801234567
472658301 801234567
472680135 801234567
472680351 801234567
472680513 801234567
472681053 801234567
472681305 801234567
472681530 801234567
472683015 801234567
472683150 801234567
472683501 801234567
472685031 801234567
472685103 801234567
472685310 801234567
472801365 801234567
472801536 801234567
472801653 801234567
472803156 801234567
472803561 801234567
472803615 801234567
472805163 801234567
472805316 801234567
472805631 801234567
472806135 801234567
472806351 801234567
472806513 801234567
472810356 801234567
472810563 801234567
472810635 801234567
472813065 801234567
472813506 801234567
472813650 801234567
472815036 801234567
472815360 801234567
472815603 801234567
472816053 801234567
472816305 801234567
472816530 801234567
472830165 801234567
472830516 801234567
