735126408 801234567
735126840 801234567
735128046 801234567
735128460 801234567
735128604 801234567
735140268 801234567
735140682 801234567
735140826 801234567
735142086 801234567
735142608 801234567
735142860 801234567
735146028 801234567
735146280 801234567
735146802 801234567
735148062 801234567
735148206 801234567
735148620 801234567
735160284 801234567
735160428 801234567
735160842 801234567
735162048 801234567
735162480 801234567
735162804 801234567
735164082 801234567
735164208 801234567
735164820 801234567
735168024 801234567
735168240 801234567
735168402 801234567
735180246 801234567
735180462 801234567
735180624 801234567
735182064 801234567
735182406 801234567
735182640 801234567
735184026 801234567
735184260 801234567
735184602 801234567
735186042 801234567
735186204 801234567
735186420 801234567
735201486 801234567
735201648 801234567
735201864 801234567
735204168 801234567
735204681 801234567
735204816 801234567
735206184 801234567
735206418 801234567
735206841 801234567
735208146 801234567
735208461 801234567
735208614 801234567
735210468 801234567
735210684 801234567
735210846 801234567
735214086 801234567
735214608 801234567
735214860 801234567
735216048 801234567
735216480 801234567
735216804 801234567
735218064 801234567
735218406 801234567
735218640 801234567
735240186 801234567
735240618 801234567
735240861 801234567
735241068 801234567
735241680 801234567
735241806 801234567
735246081 801234567
735246108 801234567
735246810 801234567
735248016 801234567
735248160 801234567
735248601 801234567
735260148 801234567
735260481 801234567
735260814 801234567
735261084 801234567
735261408 801234567
735261840 801234567
735264018 801234567
735264180 801234567
735264801 801234567
735268041 801234567
735268104 801234567
735268410 801234567
735280164 801234567
735280416 801234567
735280641 801234567
735281046 801234567
735281460 801234567
735281604 801234567
735284061 801234567
735284106 801234567
735284610 801234567
735286014 801234567
735286140 801234567
735286401 801234567
735401268 801234567
735401682 801234567
735401826 801234567
735402186 801234567
735402618 801234567
735402861 801234567
735406128 801234567
735406281 801234567
735406812 801234567
735408162 801234567
735408216 801234567
735408621 801234567
735410286 801234567
735410628 801234567
735410862 801234567
735412068 801234567
735412680 801234567
735412806 801234567
735416082 801234567
735416208 801234567
735416820 801234567
735418026 801234567
735418260 801234567
735418602 801234567
735420168 801234567
735420681 801234567
735420816 801234567
735421086 801234567
735421608 801234567
735421860 801234567
735426018 801234567
735426180 801234567
735426801 801234567
735428061 801234567
735428106 801234567
735428610 801234567
735460182 801234567
735460218 801234567
735460821 801234567
735461028 801234567
735461280 801234567
735461802 801234567
735462081 801234567
735462108 801234567
735462810 801234567
735468012 801234567
735468120 801234567
735468201 801234567
735480126 801234567
735480261 801234567
735480612 801234567
735481062 801234567
735481206 801234567
735481620 801234567
735482016 801234567
735482160 801234567
735482601 801234567
735486021 801234567
735486102 801234567
735486210 801234567
735601284 801234567
735601428 801234567
735601842 801234567
735602148 801234567
735602481 801234567
735602814 801234567
735604182 801234567
735604218 801234567
735604821 801234567
735608124 801234567
735608241 801234567
735608412 801234567
735610248 801234567
735610482 801234567
735610824 801234567
735612084 801234567
735612408 801234567
735612840 801234567
735614028 801234567
735614280 801234567
735614802 801234567
735618042 801234567
735618204 801234567
735618420 801234567
735620184 801234567
735620418 801234567
735620841 801234567
735621048 801234567
735621480 801234567
735621804 801234567
735624081 801234567
735624108 801234567
735624810 801234567
735628014 801234567
735628140 801234567
735628401 801234567
735640128 801234567
735640281 801234567
735640812 801234567
735641082 801234567
735641208 801234567
735641820 801234567
735642018 801234567
735642180 801234567
735642801 801234567
735648021 801234567
735648102 801234567
735648210 801234567
735680142 801234567
735680214 801234567
735680421 801234567
735681024 801234567
735681240 801234567
735681402 801234567
735682041 801234567
735682104 801234567
735682410 801234567
735684012 801234567
735684120 801234567
735684201 801234567
735801246 801234567
735801462 801234567
735801624 801234567
735802164 801234567
735802416 801234567
735802641 801234567
735804126 801234567
735804261 801234567
735804612 801234567
735806142 801234567
735806214 801234567
735806421 801234567
735810264 801234567
735810426 801234567
735810642 801234567
735812046 801234567
735812460 801234567
735812604 801234567
735814062 801234567
735814206 801234567
735814620 801234567
735816024 801234567
735816240 801234567
735816402 801234567
735820146 801234567
735820461 801234567
735820614 801234567
735821064 801234567
735821406 801234567
735821640 801234567
735824016 801234567
735824160 801234567
735824601 801234567
735826041 801234567
735826104 801234567
735826410 801234567
735840162 801234567
735840216 801234567
735840621 801234567
735841026 801234567
735841260 801234567
735841602 801234567
735842061 801234567
735842106 801234567
735842610 801234567
735846012 801234567
735846120 801234567
735846201 801234567
735860124 801234567
735860241 801234567
735860412 801234567
735861042 801234567
735861204 801234567
735861420 801234567
735862014 801234567
735862140 801234567
735862401 801234567
735864021 801234567
735864102 801234567
735864210 801234567
736012458 801234567
736012584 801234567
736012845 801234567
736014285 801234567
736014528 801234567
736014852 801234567
736015248 801234567
736015482 801234567
736015824 801234567
736018254 801234567
736018425 801234567
736018542 801234567
736021485 801234567
736021548 801234567
736021854 801234567
736024158 801234567
736024581 801234567
736024815 801234567
736025184 801234567
736025418 801234567
736025841 801234567
736028145 801234567
736028451 801234567
736028514 801234567
736041258 801234567
736041582 801234567
736041825 801234567
736042185 801234567
736042518 801234567
736042851 801234567
736045128 801234567
736045281 801234567
736045812 801234567
736048152 801234567
736048215 801234567
736048521 801234567
736051284 801234567
736051428 801234567
736051842 801234567
736052148 801234567
736052481 801234567
736052814 801234567
736054182 801234567
736054218 801234567
736054821 801234567
736058124 801234567
736058241 801234567
736058412 801234567
736081245 801234567
736081452 801234567
736081524 801234567
736082154 801234567
736082415 801234567
736082541 801234567
736084125 801234567
736084251 801234567
736084512 801234567
736085142 801234567
736085214 801234567
736085421 801234567
736102485 801234567
736102548 801234567
736102854 801234567
736104258 801234567
736104582 801234567
736104825 801234567
736105284 801234567
736105428 801234567
736105842 801234567
736108245 801234567
736108452 801234567
736108524 801234567
736120458 801234567
736120584 801234567
736120845 801234567
736124085 801234567
736124508 801234567
736124850 801234567
736125048 801234567
736125480 801234567
736125804 801234567
736128054 801234567
736128405 801234567
736128540 801234567
736140285 801234567
736140528 801234567
736140852 801234567
736142058 801234567
736142580 801234567
736142805 801234567
736145082 801234567
736145208 801234567
736145820 801234567
736148025 801234567
736148250 801234567
736148502 801234567
736150248 801234567
736150482 801234567
736150824 801234567
736152084 801234567
736152408 801234567
736152840 801234567
736154028 801234567
736154280 801234567
736154802 801234567
736158042 801234567
736158204 801234567
736158420 801234567
736180254 801234567
736180425 801234567
736180542 801234567
736182045 801234567
736182450 801234567
736182504 801234567
736184052 801234567
736184205 801234567
736184520 801234567
736185024 801234567
736185240 801234567
736185402 801234567
736201458 801234567
736201584 801234567
736201845 801234567
736204185 801234567
736204518 801234567
736204851 801234567
736205148 801234567
736205481 801234567
736205814 801234567
736208154 801234567
736208415 801234567
736208541 801234567
736210485 801234567
736210548 801234567
736210854 801234567
736214058 801234567
736214580 801234567
736214805 801234567
736215084 801234567
736215408 801234567
736215840 801234567
736218045 801234567
736218450 801234567
736218504 801234567
736240158 801234567
736240581 801234567
736240815 801234567
736241085 801234567
736241508 801234567
736241850 801234567
736245018 801234567
736245180 801234567
736245801 801234567
736248051 801234567
736248105 801234567
736248510 801234567
736250184 801234567
736250418 801234567
736250841 801234567
736251048 801234567
736251480 801234567
736251804 801234567
736254081 801234567
736254108 801234567
736254810 801234567
736258014 801234567
736258140 801234567
736258401 801234567
736280145 801234567
736280451 801234567
736280514 801234567
736281054 801234567
736281405 801234567
736281540 801234567
736284015 801234567
736284150 801234567
736284501 801234567
736285041 801234567
736285104 801234567
736285410 801234567
736401285 801234567
736401528 801234567
736401852 801234567
736402158 801234567
736402581 801234567
736402815 801234567
736405182 801234567
736405218 801234567
736405821 801234567
736408125 801234567
736408251 801234567
736408512 801234567
736410258 801234567
736410582 801234567
736410825 801234567
736412085 801234567
736412508 801234567
736412850 801234567
736415028 801234567
736415280 801234567
736415802 801234567
736418052 801234567
736418205 801234567
736418520 801234567
736420185 801234567
736420518 801234567
736420851 801234567
736421058 801234567
736421580 801234567
736421805 801234567
736425081 801234567
736425108 801234567
736425810 801234567
736428015 801234567
736428150 801234567
736428501 801234567
736450128 801234567
736450281 801234567
