582163704 801234567
582164073 801234567
582164307 801234567
582164730 801234567
582167034 801234567
582167340 801234567
582167403 801234567
582170346 801234567
582170463 801234567
582170634 801234567
582173064 801234567
582173406 801234567
582173640 801234567
582174036 801234567
582174360 801234567
582174603 801234567
582176043 801234567
582176304 801234567
582176430 801234567
582301476 801234567
582301647 801234567
582301764 801234567
582304167 801234567
582304671 801234567
582304716 801234567
582306174 801234567
582306417 801234567
582306741 801234567
582307146 801234567
582307461 801234567
582307614 801234567
582310467 801234567
582310674 801234567
582310746 801234567
582314076 801234567
582314607 801234567
582314760 801234567
582316047 801234567
582316470 801234567
582316704 801234567
582317064 801234567
582317406 801234567
582317640 801234567
582340176 801234567
582340617 801234567
582340761 801234567
582341067 801234567
582341670 801234567
582341706 801234567
582346071 801234567
582346107 801234567
582346710 801234567
582347016 801234567
582347160 801234567
582347601 801234567
582360147 801234567
582360471 801234567
582360714 801234567
582361074 801234567
582361407 801234567
582361740 801234567
582364017 801234567
582364170 801234567
582364701 801234567
582367041 801234567
582367104 801234567
582367410 801234567
582370164 801234567
582370416 801234567
582370641 801234567
582371046 801234567
582371460 801234567
582371604 801234567
582374061 801234567
582374106 801234567
582374610 801234567
582376014 801234567
582376140 801234567
582376401 801234567
582401367 801234567
582401673 801234567
582401736 801234567
582403176 801234567
582403617 801234567
582403761 801234567
582406137 801234567
582406371 801234567
582406713 801234567
582407163 801234567
582407316 801234567
582407631 801234567
582410376 801234567
582410637 801234567
582410763 801234567
582413067 801234567
582413670 801234567
582413706 801234567
582416073 801234567
582416307 801234567
582416730 801234567
582417036 801234567
582417360 801234567
582417603 801234567
582430167 801234567
582430671 801234567
582430716 801234567
582431076 801234567
582431607 801234567
582431760 801234567
582436017 801234567
582436170 801234567
582436701 801234567
582437061 801234567
582437106 801234567
582437610 801234567
582460173 801234567
582460317 801234567
582460731 801234567
582461037 801234567
582461370 801234567
582461703 801234567
582463071 801234567
582463107 801234567
582463710 801234567
582467013 801234567
582467130 801234567
582467301 801234567
582470136 801234567
582470361 801234567
582470613 801234567
582471063 801234567
582471306 801234567
582471630 801234567
582473016 801234567
582473160 801234567
582473601 801234567
582476031 801234567
582476103 801234567
582476310 801234567
582601374 801234567
582601437 801234567
582601743 801234567
582603147 801234567
582603471 801234567
582603714 801234567
582604173 801234567
582604317 801234567
582604731 801234567
582607134 801234567
582607341 801234567
582607413 801234567
582610347 801234567
582610473 801234567
582610734 801234567
582613074 801234567
582613407 801234567
582613740 801234567
582614037 801234567
582614370 801234567
582614703 801234567
582617043 801234567
582617304 801234567
582617430 801234567
582630174 801234567
582630417 801234567
582630741 801234567
582631047 801234567
582631470 801234567
582631704 801234567
582634071 801234567
582634107 801234567
582634710 801234567
582637014 801234567
582637140 801234567
582637401 801234567
582640137 801234567
582640371 801234567
582640713 801234567
582641073 801234567
582641307 801234567
582641730 801234567
582643017 801234567
582643170 801234567
582643701 801234567
582647031 801234567
582647103 801234567
582647310 801234567
582670143 801234567
582670314 801234567
582670431 801234567
582671034 801234567
582671340 801234567
582671403 801234567
582673041 801234567
582673104 801234567
582673410 801234567
582674013 801234567
582674130 801234567
582674301 801234567
582701346 801234567
582701463 801234567
582701634 801234567
582703164 801234567
582703416 801234567
582703641 801234567
582704136 801234567
582704361 801234567
582704613 801234567
582706143 801234567
582706314 801234567
582706431 801234567
582710364 801234567
582710436 801234567
582710643 801234567
582713046 801234567
582713460 801234567
582713604 801234567
582714063 801234567
582714306 801234567
582714630 801234567
582716034 801234567
582716340 801234567
582716403 801234567
582730146 801234567
582730461 801234567
582730614 801234567
582731064 801234567
582731406 801234567
582731640 801234567
582734016 801234567
582734160 801234567
582734601 801234567
582736041 801234567
582736104 801234567
582736410 801234567
582740163 801234567
582740316 801234567
582740631 801234567
582741036 801234567
582741360 801234567
582741603 801234567
582743061 801234567
582743106 801234567
582743610 801234567
582746013 801234567
582746130 801234567
582746301 801234567
582760134 801234567
582760341 801234567
582760413 801234567
582761043 801234567
582761304 801234567
582761430 801234567
582763014 801234567
582763140 801234567
582763401 801234567
582764031 801234567
582764103 801234567
582764310 801234567
583012467 801234567
583012674 801234567
583012746 801234567
583014276 801234567
583014627 801234567
583014762 801234567
583016247 801234567
583016472 801234567
583016724 801234567
583017264 801234567
583017426 801234567
583017642 801234567
583021476 801234567
583021647 801234567
583021764 801234567
583024167 801234567
583024671 801234567
583024716 801234567
583026174 801234567
583026417 801234567
583026741 801234567
583027146 801234567
583027461 801234567
583027614 801234567
583041267 801234567
583041672 801234567
583041726 801234567
583042176 801234567
583042617 801234567
583042761 801234567
583046127 801234567
583046271 801234567
583046712 801234567
583047162 801234567
583047216 801234567
583047621 801234567
583061274 801234567
583061427 801234567
583061742 801234567
583062147 801234567
583062471 801234567
583062714 801234567
583064172 801234567
583064217 801234567
583064721 801234567
583067124 801234567
583067241 801234567
583067412 801234567
583071246 801234567
583071462 801234567
583071624 801234567
583072164 801234567
583072416 801234567
583072641 801234567
583074126 801234567
583074261 801234567
583074612 801234567
583076142 801234567
583076214 801234567
583076421 801234567
583102476 801234567
583102647 801234567
583102764 801234567
583104267 801234567
583104672 801234567
583104726 801234567
583106274 801234567
583106427 801234567
583106742 801234567
583107246 801234567
583107462 801234567
583107624 801234567
583120467 801234567
583120674 801234567
583120746 801234567
583124076 801234567
583124607 801234567
583124760 801234567
583126047 801234567
583126470 801234567
583126704 801234567
583127064 801234567
583127406 801234567
583127640 801234567
583140276 801234567
583140627 801234567
583140762 801234567
583142067 801234567
583142670 801234567
583142706 801234567
583146072 801234567
583146207 801234567
583146720 801234567
583147026 801234567
583147260 801234567
583147602 801234567
583160247 801234567
583160472 801234567
583160724 801234567
583162074 801234567
583162407 801234567
583162740 801234567
583164027 801234567
583164270 801234567
583164702 801234567
583167042 801234567
583167204 801234567
583167420 801234567
583170264 801234567
583170426 801234567
583170642 801234567
583172046 801234567
583172460 801234567
583172604 801234567
583174062 801234567
583174206 801234567
583174620 801234567
583176024 801234567
583176240 801234567
583176402 801234567
583201467 801234567
583201674 801234567
583201746 801234567
583204176 801234567
583204617 801234567
583204761 801234567
583206147 801234567
583206471 801234567
583206714 801234567
583207164 801234567
583207416 801234567
583207641 801234567
583210476 801234567
583210647 801234567
583210764 801234567
583214067 801234567
583214670 801234567
583214706 801234567
583216074 801234567
583216407 801234567
583216740 801234567
583217046 801234567
583217460 801234567
583217604 801234567
583240167 801234567
583240671 801234567
583240716 801234567
583241076 801234567
583241607 801234567
583241760 801234567
583246017 801234567
583246170 801234567
583246701 801234567
583247061 801234567
583247106 801234567
583247610 801234567
583260174 801234567
583260417 801234567
583260741 801234567
583261047 801234567
583261470 801234567
583261704 801234567
583264071 801234567
583264107 801234567
583264710 801234567
583267014 801234567
583267140 801234567
583267401 801234567
583270146 801234567
583270461 801234567
583270614 801234567
583271064 801234567
583271406 801234567
583271640 801234567
583274016 801234567
583274160 801234567
583274601 801234567
583276041 801234567
583276104 801234567
583276410 801234567
583401276 801234567
583401627 801234567
583401762 801234567
583402167 801234567
583402671 801234567
583402716 801234567
583406172 801234567
583406217 801234567
583406721 801234567
583407126 801234567
583407261 801234567
583407612 801234567
583410267 801234567
583410672 801234567
583410726 801234567
583412076 801234567
583412607 801234567
583412760 801234567
583416027 801234567
583416270 801234567
583416702 801234567
583417062 801234567
583417206 801234567
583417620 801234567
583420176 801234567
583420617 801234567
583420761 801234567
583421067 801234567
583421670 801234567
583421706 801234567
583426071 801234567
583426107 801234567
583426710 801234567
583427016 801234567
583427160 801234567
583427601 801234567
583460127 801234567
583460271 801234567
583460712 801234567
583461072 801234567
583461207 801234567
583461720 801234567
583462017 801234567
583462170 801234567
583462701 801234567
583467021 801234567
583467102 801234567
583467210 801234567
583470162 801234567
583470216 801234567
583470621 801234567
583471026 801234567
583471260 801234567
583471602 801234567
583472061 801234567
583472106 801234567
583472610 801234567
583476012 801234567
583476120 801234567
583476201 801234567
