325740861 801234567
325741068 801234567
325741680 801234567
325741806 801234567
325746081 801234567
325746108 801234567
325746810 801234567
325748016 801234567
325748160 801234567
325748601 801234567
325760148 801234567
325760481 801234567
325760814 801234567
325761084 801234567
325761408 801234567
325761840 801234567
325764018 801234567
325764180 801234567
325764801 801234567
325768041 801234567
325768104 801234567
325768410 801234567
325780164 801234567
325780416 801234567
325780641 801234567
325781046 801234567
325781460 801234567
325781604 801234567
325784061 801234567
325784106 801234567
325784610 801234567
325786014 801234567
325786140 801234567
325786401 801234567
325801467 801234567
325801674 801234567
325801746 801234567
325804176 801234567
325804617 801234567
325804761 801234567
325806147 801234567
325806471 801234567
325806714 801234567
325807164 801234567
325807416 801234567
325807641 801234567
325810476 801234567
325810647 801234567
325810764 801234567
325814067 801234567
325814670 801234567
325814706 801234567
325816074 801234567
325816407 801234567
325816740 801234567
325817046 801234567
325817460 801234567
325817604 801234567
325840167 801234567
325840671 801234567
325840716 801234567
325841076 801234567
325841607 801234567
325841760 801234567
325846017 801234567
325846170 801234567
325846701 801234567
325847061 801234567
325847106 801234567
325847610 801234567
325860174 801234567
325860417 801234567
325860741 801234567
325861047 801234567
325861470 801234567
325861704 801234567
325864071 801234567
325864107 801234567
325864710 801234567
325867014 801234567
325867140 801234567
325867401 801234567
325870146 801234567
325870461 801234567
325870614 801234567
325871064 801234567
325871406 801234567
325871640 801234567
325874016 801234567
325874160 801234567
325874601 801234567
325876041 801234567
325876104 801234567
325876410 801234567
326014578 801234567
326014785 801234567
326014857 801234567
326015487 801234567
326015748 801234567
326015874 801234567
326017458 801234567
326017584 801234567
326017845 801234567
326018475 801234567
326018547 801234567
326018754 801234567
326041587 801234567
326041758 801234567
326041875 801234567
326045178 801234567
326045781 801234567
326045817 801234567
326047185 801234567
326047518 801234567
326047851 801234567
326048157 801234567
326048571 801234567
326048715 801234567
326051478 801234567
326051784 801234567
326051847 801234567
326054187 801234567
326054718 801234567
326054871 801234567
326057148 801234567
326057481 801234567
326057814 801234567
326058174 801234567
326058417 801234567
326058741 801234567
326071485 801234567
326071548 801234567
326071854 801234567
326074158 801234567
326074581 801234567
326074815 801234567
326075184 801234567
326075418 801234567
326075841 801234567
326078145 801234567
326078451 801234567
326078514 801234567
326081457 801234567
326081574 801234567
326081745 801234567
326084175 801234567
326084517 801234567
326084751 801234567
326085147 801234567
326085471 801234567
326085714 801234567
326087154 801234567
326087415 801234567
326087541 801234567
326104587 801234567
326104758 801234567
326104875 801234567
326105478 801234567
326105784 801234567
326105847 801234567
326107485 801234567
326107548 801234567
326107854 801234567
326108457 801234567
326108574 801234567
326108745 801234567
326140578 801234567
326140785 801234567
326140857 801234567
326145087 801234567
326145708 801234567
326145870 801234567
326147058 801234567
326147580 801234567
326147805 801234567
326148075 801234567
326148507 801234567
326148750 801234567
326150487 801234567
326150748 801234567
326150874 801234567
326154078 801234567
326154780 801234567
326154807 801234567
326157084 801234567
326157408 801234567
326157840 801234567
326158047 801234567
326158470 801234567
326158704 801234567
326170458 801234567
326170584 801234567
326170845 801234567
326174085 801234567
326174508 801234567
326174850 801234567
326175048 801234567
326175480 801234567
326175804 801234567
326178054 801234567
326178405 801234567
326178540 801234567
326180475 801234567
326180547 801234567
326180754 801234567
326184057 801234567
326184570 801234567
326184705 801234567
326185074 801234567
326185407 801234567
326185740 801234567
326187045 801234567
326187450 801234567
326187504 801234567
326401578 801234567
326401785 801234567
326401857 801234567
326405187 801234567
326405718 801234567
326405871 801234567
326407158 801234567
326407581 801234567
326407815 801234567
326408175 801234567
326408517 801234567
326408751 801234567
326410587 801234567
326410758 801234567
326410875 801234567
326415078 801234567
326415780 801234567
326415807 801234567
326417085 801234567
326417508 801234567
326417850 801234567
326418057 801234567
326418570 801234567
326418705 801234567
326450178 801234567
326450781 801234567
326450817 801234567
326451087 801234567
326451708 801234567
326451870 801234567
326457018 801234567
326457180 801234567
326457801 801234567
326458071 801234567
326458107 801234567
326458710 801234567
326470185 801234567
326470518 801234567
326470851 801234567
326471058 801234567
326471580 801234567
326471805 801234567
326475081 801234567
326475108 801234567
326475810 801234567
326478015 801234567
326478150 801234567
326478501 801234567
326480157 801234567
326480571 801234567
326480715 801234567
326481075 801234567
326481507 801234567
326481750 801234567
326485017 801234567
326485170 801234567
326485701 801234567
326487051 801234567
326487105 801234567
326487510 801234567
326501487 801234567
326501748 801234567
326501874 801234567
326504178 801234567
326504781 801234567
326504817 801234567
326507184 801234567
326507418 801234567
326507841 801234567
326508147 801234567
326508471 801234567
326508714 801234567
326510478 801234567
326510784 801234567
326510847 801234567
326514087 801234567
326514708 801234567
326514870 801234567
326517048 801234567
326517480 801234567
326517804 801234567
326518074 801234567
326518407 801234567
326518740 801234567
326540187 801234567
326540718 801234567
326540871 801234567
326541078 801234567
326541780 801234567
326541807 801234567
326547081 801234567
326547108 801234567
326547810 801234567
326548017 801234567
326548170 801234567
326548701 801234567
326570148 801234567
326570481 801234567
326570814 801234567
326571084 801234567
326571408 801234567
326571840 801234567
326574018 801234567
326574180 801234567
326574801 801234567
326578041 801234567
326578104 801234567
326578410 801234567
326580174 801234567
326580417 801234567
326580741 801234567
326581047 801234567
326581470 801234567
326581704 801234567
326584071 801234567
326584107 801234567
326584710 801234567
326587014 801234567
326587140 801234567
326587401 801234567
326701458 801234567
326701584 801234567
326701845 801234567
326704185 801234567
326704518 801234567
326704851 801234567
326705148 801234567
326705481 801234567
326705814 801234567
326708154 801234567
326708415 801234567
326708541 801234567
326710485 801234567
326710548 801234567
326710854 801234567
326714058 801234567
326714580 801234567
326714805 801234567
326715084 801234567
326715408 801234567
326715840 801234567
326718045 801234567
326718450 801234567
326718504 801234567
326740158 801234567
326740581 801234567
326740815 801234567
326741085 801234567
326741508 801234567
326741850 801234567
326745018 801234567
326745180 801234567
326745801 801234567
326748051 801234567
326748105 801234567
326748510 801234567
326750184 801234567
326750418 801234567
326750841 801234567
326751048 801234567
326751480 801234567
326751804 801234567
326754081 801234567
326754108 801234567
326754810 801234567
326758014 801234567
326758140 801234567
326758401 801234567
326780145 801234567
326780451 801234567
326780514 801234567
326781054 801234567
326781405 801234567
326781540 801234567
326784015 801234567
326784150 801234567
326784501 801234567
326785041 801234567
326785104 801234567
326785410 801234567
326801475 801234567
326801547 801234567
326801754 801234567
326804157 801234567
326804571 801234567
326804715 801234567
326805174 801234567
326805417 801234567
326805741 801234567
326807145 801234567
326807451 801234567
326807514 801234567
326810457 801234567
326810574 801234567
326810745 801234567
326814075 801234567
326814507 801234567
326814750 801234567
326815047 801234567
326815470 801234567
326815704 801234567
326817054 801234567
326817405 801234567
326817540 801234567
326840175 801234567
326840517 801234567
326840751 801234567
326841057 801234567
326841570 801234567
326841705 801234567
326845071 801234567
326845107 801234567
326845710 801234567
326847015 801234567
326847150 801234567
326847501 801234567
326850147 801234567
326850471 801234567
326850714 801234567
326851074 801234567
326851407 801234567
326851740 801234567
326854017 801234567
326854170 801234567
326854701 801234567
326857041 801234567
326857104 801234567
326857410 801234567
326870154 801234567
326870415 801234567
326870541 801234567
326871045 801234567
326871450 801234567
326871504 801234567
326874051 801234567
326874105 801234567
326874510 801234567
326875014 801234567
326875140 801234567
326875401 801234567
327014586 801234567
327014658 801234567
327014865 801234567
327015468 801234567
327015684 801234567
327015846 801234567
327016485 801234567
327016548 801234567
327016854 801234567
327018456 801234567
327018564 801234567
327018645 801234567
327041568 801234567
327041685 801234567
327041856 801234567
327045186 801234567
327045618 801234567
327045861 801234567
327046158 801234567
327046581 801234567
327046815 801234567
327048165 801234567
327048516 801234567
327048651 801234567
327051486 801234567
327051648 801234567
327051864 801234567
327054168 801234567
327054681 801234567
327054816 801234567
327056184 801234567
327056418 801234567
327056841 801234567
327058146 801234567
327058461 801234567
327058614 801234567
327061458 801234567
327061584 801234567
327061845 801234567
327064185 801234567
327064518 801234567
327064851 801234567
327065148 801234567
327065481 801234567
327065814 801234567
