087153264 801234567
087153426 801234567
087153642 801234567
087154236 801234567
087154362 801234567
087154623 801234567
087156243 801234567
087156324 801234567
087156432 801234567
087162354 801234567
087162435 801234567
087162543 801234567
087163245 801234567
087163452 801234567
087163524 801234567
087164253 801234567
087164325 801234567
087164532 801234567
087165234 801234567
087165342 801234567
087165423 801234567
087213456 801234567
087213564 801234567
087213645 801234567
087214365 801234567
087214536 801234567
087214653 801234567
087215346 801234567
087215463 801234567
087215634 801234567
087216354 801234567
087216435 801234567
087216543 801234567
087231465 801234567
087231546 801234567
087231654 801234567
087234156 801234567
087234561 801234567
087234615 801234567
087235164 801234567
087235416 801234567
087235641 801234567
087236145 801234567
087236451 801234567
087236514 801234567
087241356 801234567
087241563 801234567
087241635 801234567
087243165 801234567
087243516 801234567
087243651 801234567
087245136 801234567
087245361 801234567
087245613 801234567
087246153 801234567
087246315 801234567
087246531 801234567
087251364 801234567
087251436 801234567
087251643 801234567
087253146 801234567
087253461 801234567
087253614 801234567
087254163 801234567
087254316 801234567
087254631 801234567
087256134 801234567
087256341 801234567
087256413 801234567
087261345 801234567
087261453 801234567
087261534 801234567
087263154 801234567
087263415 801234567
087263541 801234567
087264135 801234567
087264351 801234567
087264513 801234567
087265143 801234567
087265314 801234567
087265431 801234567
087312465 801234567
087312546 801234567
087312654 801234567
087314256 801234567
087314562 801234567
087314625 801234567
087315264 801234567
087315426 801234567
087315642 801234567
087316245 801234567
087316452 801234567
087316524 801234567
087321456 801234567
087321564 801234567
087321645 801234567
087324165 801234567
087324516 801234567
087324651 801234567
087325146 801234567
087325461 801234567
087325614 801234567
087326154 801234567
087326415 801234567
087326541 801234567
087341265 801234567
087341526 801234567
087341652 801234567
087342156 801234567
087342561 801234567
087342615 801234567
087345162 801234567
087345216 801234567
087345621 801234567
087346125 801234567
087346251 801234567
087346512 801234567
087351246 801234567
087351462 801234567
087351624 801234567
087352164 801234567
