467521830 801234567
467523018 801234567
467523180 801234567
467523801 801234567
467528031 801234567
467528103 801234567
467528310 801234567
467530182 801234567
467530218 801234567
467530821 801234567
467531028 801234567
467531280 801234567
467531802 801234567
467532081 801234567
467532108 801234567
467532810 801234567
467538012 801234567
467538120 801234567
467538201 801234567
467580123 801234567
467580231 801234567
467580312 801234567
467581032 801234567
467581203 801234567
467581320 801234567
467582013 801234567
467582130 801234567
467582301 801234567
467583021 801234567
467583102 801234567
467583210 801234567
467801253 801234567
467801325 801234567
467801532 801234567
467802135 801234567
467802351 801234567
467802513 801234567
467803152 801234567
467803215 801234567
467803521 801234567
467805123 801234567
467805231 801234567
467805312 801234567
467810235 801234567
467810352 801234567
467810523 801234567
467812053 801234567
467812305 801234567
467812530 801234567
467813025 801234567
467813250 801234567
467813502 801234567
467815032 801234567
467815203 801234567
467815320 801234567
467820153 801234567
467820315 801234567
467820531 801234567
467821035 801234567
467821350 801234567
467821503 801234567
467823051 801234567
467823105 801234567
467823510 801234567
467825013 801234567
467825130 801234567
467825301 801234567
467830125 801234567
467830251 801234567
467830512 801234567
467831052 801234567
467831205 801234567
467831520 801234567
467832015 801234567
467832150 801234567
467832501 801234567
467835021 801234567
467835102 801234567
467835210 801234567
467850132 801234567
467850213 801234567
467850321 801234567
467851023 801234567
467851230 801234567
467851302 801234567
467852031 801234567
467852103 801234567
467852310 801234567
467853012 801234567
467853120 801234567
467853201 801234567
468012375 801234567
468012537 801234567
468012753 801234567
468013257 801234567
468013572 801234567
468013725 801234567
468015273 801234567
468015327 801234567
468015732 801234567
468017235 801234567
468017352 801234567
468017523 801234567
468021357 801234567
468021573 801234567
468021735 801234567
468023175 801234567
468023517 801234567
468023751 801234567
468025137 801234567
468025371 801234567
468025713 801234567
468027153 801234567
468027315 801234567
468027531 801234567
468031275 801234567
468031527 801234567
468031752 801234567
468032157 801234567
468032571 801234567
468032715 801234567
468035172 801234567
468035217 801234567
468035721 801234567
468037125 801234567
468037251 801234567
468037512 801234567
468051237 801234567
468051372 801234567
468051723 801234567
468052173 801234567
468052317 801234567
468052731 801234567
468053127 801234567
468053271 801234567
468053712 801234567
468057132 801234567
468057213 801234567
468057321 801234567
468071253 801234567
468071325 801234567
468071532 801234567
468072135 801234567
468072351 801234567
468072513 801234567
468073152 801234567
468073215 801234567
468073521 801234567
468075123 801234567
468075231 801234567
468075312 801234567
468102357 801234567
468102573 801234567
468102735 801234567
468103275 801234567
468103527 801234567
468103752 801234567
468105237 801234567
468105372 801234567
468105723 801234567
468107253 801234567
468107325 801234567
468107532 801234567
468120375 801234567
468120537 801234567
468120753 801234567
468123057 801234567
468123570 801234567
468123705 801234567
468125073 801234567
468125307 801234567
468125730 801234567
468127035 801234567
468127350 801234567
468127503 801234567
468130257 801234567
468130572 801234567
468130725 801234567
468132075 801234567
468132507 801234567
468132750 801234567
468135027 801234567
468135270 801234567
468135702 801234567
468137052 801234567
468137205 801234567
468137520 801234567
468150273 801234567
468150327 801234567
468150732 801234567
468152037 801234567
468152370 801234567
468152703 801234567
468153072 801234567
468153207 801234567
468153720 801234567
468157023 801234567
468157230 801234567
468157302 801234567
468170235 801234567
468170352 801234567
468170523 801234567
468172053 801234567
468172305 801234567
468172530 801234567
468173025 801234567
468173250 801234567
468173502 801234567
468175032 801234567
468175203 801234567
468175320 801234567
468201375 801234567
468201537 801234567
468201753 801234567
468203157 801234567
468203571 801234567
468203715 801234567
468205173 801234567
468205317 801234567
468205731 801234567
468207135 801234567
468207351 801234567
468207513 801234567
468210357 801234567
468210573 801234567
468210735 801234567
468213075 801234567
468213507 801234567
468213750 801234567
468215037 801234567
468215370 801234567
468215703 801234567
468217053 801234567
468217305 801234567
468217530 801234567
468230175 801234567
468230517 801234567
468230751 801234567
468231057 801234567
468231570 801234567
468231705 801234567
468235071 801234567
468235107 801234567
468235710 801234567
468237015 801234567
468237150 801234567
468237501 801234567
468250137 801234567
468250371 801234567
468250713 801234567
468251073 801234567
468251307 801234567
468251730 801234567
468253017 801234567
468253170 801234567
468253701 801234567
468257031 801234567
468257103 801234567
468257310 801234567
468270153 801234567
468270315 801234567
468270531 801234567
468271035 801234567
468271350 801234567
468271503 801234567
468273051 801234567
468273105 801234567
468273510 801234567
468275013 801234567
468275130 801234567
468275301 801234567
468301257 801234567
468301572 801234567
468301725 801234567
468302175 801234567
468302517 801234567
468302751 801234567
468305127 801234567
468305271 801234567
468305712 801234567
468307152 801234567
468307215 801234567
468307521 801234567
468310275 801234567
468310527 801234567
468310752 801234567
468312057 801234567
468312570 801234567
468312705 801234567
468315072 801234567
468315207 801234567
468315720 801234567
468317025 801234567
468317250 801234567
468317502 801234567
468320157 801234567
468320571 801234567
468320715 801234567
468321075 801234567
468321507 801234567
468321750 801234567
468325017 801234567
468325170 801234567
468325701 801234567
468327051 801234567
468327105 801234567
468327510 801234567
468350172 801234567
468350217 801234567
468350721 801234567
468351027 801234567
468351270 801234567
468351702 801234567
468352071 801234567
468352107 801234567
468352710 801234567
468357012 801234567
468357120 801234567
468357201 801234567
468370125 801234567
468370251 801234567
468370512 801234567
468371052 801234567
468371205 801234567
468371520 801234567
468372015 801234567
468372150 801234567
468372501 801234567
468375021 801234567
468375102 801234567
468375210 801234567
468501273 801234567
468501327 801234567
468501732 801234567
468502137 801234567
468502371 801234567
468502713 801234567
468503172 801234567
468503217 801234567
468503721 801234567
468507123 801234567
468507231 801234567
468507312 801234567
468510237 801234567
468510372 801234567
468510723 801234567
468512073 801234567
468512307 801234567
468512730 801234567
468513027 801234567
468513270 801234567
468513702 801234567
468517032 801234567
468517203 801234567
468517320 801234567
468520173 801234567
468520317 801234567
468520731 801234567
468521037 801234567
468521370 801234567
468521703 801234567
468523071 801234567
468523107 801234567
468523710 801234567
468527013 801234567
468527130 801234567
468527301 801234567
468530127 801234567
468530271 801234567
468530712 801234567
468531072 801234567
468531207 801234567
468531720 801234567
468532017 801234567
468532170 801234567
468532701 801234567
468537021 801234567
468537102 801234567
468537210 801234567
468570132 801234567
468570213 801234567
468570321 801234567
468571023 801234567
468571230 801234567
468571302 801234567
468572031 801234567
468572103 801234567
468572310 801234567
468573012 801234567
468573120 801234567
468573201 801234567
468701235 801234567
468701352 801234567
468701523 801234567
468702153 801234567
468702315 801234567
468702531 801234567
468703125 801234567
468703251 801234567
468703512 801234567
468705132 801234567
468705213 801234567
468705321 801234567
468710253 801234567
468710325 801234567
468710532 801234567
468712035 801234567
468712350 801234567
468712503 801234567
468713052 801234567
468713205 801234567
468713520 801234567
468715023 801234567
468715230 801234567
468715302 801234567
468720135 801234567
468720351 801234567
468720513 801234567
468721053 801234567
468721305 801234567
468721530 801234567
468723015 801234567
468723150 801234567
468723501 801234567
468725031 801234567
468725103 801234567
468725310 801234567
468730152 801234567
468730215 801234567
468730521 801234567
468731025 801234567
468731250 801234567
468731502 801234567
468732051 801234567
468732105 801234567
468732510 801234567
468735012 801234567
468735120 801234567
468735201 801234567
468750123 801234567
468750231 801234567
468750312 801234567
468751032 801234567
468751203 801234567
468751320 801234567
468752013 801234567
468752130 801234567
468752301 801234567
468753021 801234567
468753102 801234567
468753210 801234567
470123568 801234567
470123685 801234567
470123856 801234567
470125386 801234567
470125638 801234567
470125863 801234567
470126358 801234567
470126583 801234567
470126835 801234567
470128365 801234567
470128536 801234567
470128653 801234567
470132586 801234567
470132658 801234567
470132865 801234567
470135268 801234567
470135682 801234567
470135826 801234567
470136285 801234567
470136528 801234567
470136852 801234567
470138256 801234567
470138562 801234567
470138625 801234567
470152368 801234567
470152683 801234567
470152836 801234567
470153286 801234567
470153628 801234567
470153862 801234567
470156238 801234567
470156382 801234567
470156823 801234567
470158263 801234567
470158326 801234567
470158632 801234567
470162385 801234567
470162538 801234567
470162853 801234567
470163258 801234567
470163582 801234567
470163825 801234567
470165283 801234567
470165328 801234567
470165832 801234567
470168235 801234567
470168352 801234567
470168523 801234567
