715308246 801234567
715308462 801234567
715308624 801234567
715320468 801234567
715320684 801234567
715320846 801234567
715324086 801234567
715324608 801234567
715324860 801234567
715326048 801234567
715326480 801234567
715326804 801234567
715328064 801234567
715328406 801234567
715328640 801234567
715340286 801234567
715340628 801234567
715340862 801234567
715342068 801234567
715342680 801234567
715342806 801234567
715346082 801234567
715346208 801234567
715346820 801234567
715348026 801234567
715348260 801234567
715348602 801234567
715360248 801234567
715360482 801234567
715360824 801234567
715362084 801234567
715362408 801234567
715362840 801234567
715364028 801234567
715364280 801234567
715364802 801234567
715368042 801234567
715368204 801234567
715368420 801234567
715380264 801234567
715380426 801234567
715380642 801234567
715382046 801234567
715382460 801234567
715382604 801234567
715384062 801234567
715384206 801234567
715384620 801234567
715386024 801234567
715386240 801234567
715386402 801234567
715402368 801234567
715402683 801234567
715402836 801234567
715403286 801234567
715403628 801234567
715403862 801234567
715406238 801234567
715406382 801234567
715406823 801234567
715408263 801234567
715408326 801234567
715408632 801234567
715420386 801234567
715420638 801234567
715420863 801234567
715423068 801234567
715423680 801234567
715423806 801234567
715426083 801234567
715426308 801234567
715426830 801234567
715428036 801234567
715428360 801234567
715428603 801234567
715430268 801234567
715430682 801234567
715430826 801234567
715432086 801234567
715432608 801234567
715432860 801234567
715436028 801234567
715436280 801234567
715436802 801234567
715438062 801234567
715438206 801234567
715438620 801234567
715460283 801234567
715460328 801234567
715460832 801234567
715462038 801234567
715462380 801234567
715462803 801234567
715463082 801234567
715463208 801234567
715463820 801234567
715468023 801234567
715468230 801234567
715468302 801234567
715480236 801234567
715480362 801234567
715480623 801234567
715482063 801234567
715482306 801234567
715482630 801234567
715483026 801234567
715483260 801234567
715483602 801234567
715486032 801234567
715486203 801234567
715486320 801234567
715602384 801234567
715602438 801234567
715602843 801234567
715603248 801234567
715603482 801234567
715603824 801234567
715604283 801234567
715604328 801234567
715604832 801234567
715608234 801234567
715608342 801234567
715608423 801234567
715620348 801234567
715620483 801234567
715620834 801234567
715623084 801234567
715623408 801234567
715623840 801234567
715624038 801234567
715624380 801234567
715624803 801234567
715628043 801234567
715628304 801234567
715628430 801234567
715630284 801234567
715630428 801234567
715630842 801234567
715632048 801234567
715632480 801234567
715632804 801234567
715634082 801234567
715634208 801234567
715634820 801234567
715638024 801234567
715638240 801234567
715638402 801234567
715640238 801234567
715640382 801234567
715640823 801234567
715642083 801234567
715642308 801234567
715642830 801234567
715643028 801234567
715643280 801234567
715643802 801234567
715648032 801234567
715648203 801234567
715648320 801234567
715680243 801234567
715680324 801234567
715680432 801234567
715682034 801234567
715682340 801234567
715682403 801234567
715683042 801234567
715683204 801234567
715683420 801234567
715684023 801234567
715684230 801234567
715684302 801234567
715802346 801234567
715802463 801234567
715802634 801234567
715803264 801234567
715803426 801234567
715803642 801234567
715804236 801234567
715804362 801234567
715804623 801234567
715806243 801234567
715806324 801234567
715806432 801234567
715820364 801234567
715820436 801234567
715820643 801234567
715823046 801234567
715823460 801234567
715823604 801234567
715824063 801234567
715824306 801234567
715824630 801234567
715826034 801234567
715826340 801234567
715826403 801234567
715830246 801234567
715830462 801234567
715830624 801234567
715832064 801234567
715832406 801234567
715832640 801234567
715834026 801234567
715834260 801234567
715834602 801234567
715836042 801234567
715836204 801234567
715836420 801234567
715840263 801234567
715840326 801234567
715840632 801234567
715842036 801234567
715842360 801234567
715842603 801234567
715843062 801234567
715843206 801234567
715843620 801234567
715846023 801234567
715846230 801234567
715846302 801234567
715860234 801234567
715860342 801234567
715860423 801234567
715862043 801234567
715862304 801234567
715862430 801234567
715863024 801234567
715863240 801234567
715863402 801234567
715864032 801234567
715864203 801234567
715864320 801234567
716023458 801234567
716023584 801234567
716023845 801234567
716024385 801234567
716024538 801234567
716024853 801234567
716025348 801234567
716025483 801234567
716025834 801234567
716028354 801234567
716028435 801234567
716028543 801234567
716032485 801234567
716032548 801234567
716032854 801234567
716034258 801234567
716034582 801234567
716034825 801234567
716035284 801234567
716035428 801234567
716035842 801234567
716038245 801234567
716038452 801234567
716038524 801234567
716042358 801234567
716042583 801234567
716042835 801234567
716043285 801234567
716043528 801234567
716043852 801234567
716045238 801234567
716045382 801234567
716045823 801234567
716048253 801234567
716048325 801234567
716048532 801234567
716052384 801234567
716052438 801234567
716052843 801234567
716053248 801234567
716053482 801234567
716053824 801234567
716054283 801234567
716054328 801234567
716054832 801234567
716058234 801234567
716058342 801234567
716058423 801234567
716082345 801234567
716082453 801234567
716082534 801234567
716083254 801234567
716083425 801234567
716083542 801234567
716084235 801234567
716084352 801234567
716084523 801234567
716085243 801234567
716085324 801234567
716085432 801234567
716203485 801234567
716203548 801234567
716203854 801234567
716204358 801234567
716204583 801234567
716204835 801234567
716205384 801234567
716205438 801234567
716205843 801234567
716208345 801234567
716208453 801234567
716208534 801234567
716230458 801234567
716230584 801234567
716230845 801234567
716234085 801234567
716234508 801234567
716234850 801234567
716235048 801234567
716235480 801234567
716235804 801234567
716238054 801234567
716238405 801234567
716238540 801234567
716240385 801234567
716240538 801234567
716240853 801234567
716243058 801234567
716243580 801234567
716243805 801234567
716245083 801234567
716245308 801234567
716245830 801234567
716248035 801234567
716248350 801234567
716248503 801234567
716250348 801234567
716250483 801234567
716250834 801234567
716253084 801234567
716253408 801234567
716253840 801234567
716254038 801234567
716254380 801234567
716254803 801234567
716258043 801234567
716258304 801234567
716258430 801234567
716280354 801234567
716280435 801234567
716280543 801234567
716283045 801234567
716283450 801234567
716283504 801234567
716284053 801234567
716284305 801234567
716284530 801234567
716285034 801234567
716285340 801234567
716285403 801234567
716302458 801234567
716302584 801234567
716302845 801234567
716304285 801234567
716304528 801234567
716304852 801234567
716305248 801234567
716305482 801234567
716305824 801234567
716308254 801234567
716308425 801234567
716308542 801234567
716320485 801234567
716320548 801234567
716320854 801234567
716324058 801234567
716324580 801234567
716324805 801234567
716325084 801234567
716325408 801234567
716325840 801234567
716328045 801234567
716328450 801234567
716328504 801234567
716340258 801234567
716340582 801234567
716340825 801234567
716342085 801234567
716342508 801234567
716342850 801234567
716345028 801234567
716345280 801234567
716345802 801234567
716348052 801234567
716348205 801234567
716348520 801234567
716350284 801234567
716350428 801234567
716350842 801234567
716352048 801234567
716352480 801234567
716352804 801234567
716354082 801234567
716354208 801234567
716354820 801234567
716358024 801234567
716358240 801234567
716358402 801234567
716380245 801234567
716380452 801234567
716380524 801234567
716382054 801234567
716382405 801234567
716382540 801234567
716384025 801234567
716384250 801234567
716384502 801234567
716385042 801234567
716385204 801234567
716385420 801234567
716402385 801234567
716402538 801234567
716402853 801234567
716403258 801234567
716403582 801234567
716403825 801234567
716405283 801234567
716405328 801234567
716405832 801234567
716408235 801234567
716408352 801234567
716408523 801234567
716420358 801234567
716420583 801234567
716420835 801234567
716423085 801234567
716423508 801234567
716423850 801234567
716425038 801234567
716425380 801234567
716425803 801234567
716428053 801234567
716428305 801234567
716428530 801234567
716430285 801234567
716430528 801234567
716430852 801234567
716432058 801234567
716432580 801234567
716432805 801234567
716435082 801234567
716435208 801234567
716435820 801234567
716438025 801234567
716438250 801234567
716438502 801234567
716450238 801234567
716450382 801234567
716450823 801234567
716452083 801234567
716452308 801234567
716452830 801234567
716453028 801234567
716453280 801234567
716453802 801234567
716458032 801234567
716458203 801234567
716458320 801234567
716480253 801234567
716480325 801234567
716480532 801234567
716482035 801234567
716482350 801234567
716482503 801234567
716483052 801234567
716483205 801234567
716483520 801234567
716485023 801234567
716485230 801234567
716485302 801234567
716502348 801234567
716502483 801234567
716502834 801234567
716503284 801234567
716503428 801234567
716503842 801234567
716504238 801234567
716504382 801234567
716504823 801234567
716508243 801234567
716508324 801234567
716508432 801234567
716520384 801234567
716520438 801234567
716520843 801234567
716523048 801234567
716523480 801234567
716523804 801234567
716524083 801234567
716524308 801234567
716524830 801234567
716528034 801234567
716528340 801234567
716528403 801234567
716530248 801234567
716530482 801234567
716530824 801234567
716532084 801234567
