063458127 801234567
063458271 801234567
063458712 801234567
063471258 801234567
063471582 801234567
063471825 801234567
063472185 801234567
063472518 801234567
063472851 801234567
063475128 801234567
063475281 801234567
063475812 801234567
063478152 801234567
063478215 801234567
063478521 801234567
063481275 801234567
063481527 801234567
063481752 801234567
063482157 801234567
063482571 801234567
063482715 801234567
063485172 801234567
063485217 801234567
063485721 801234567
063487125 801234567
063487251 801234567
063487512 801234567
063512478 801234567
063512784 801234567
063512847 801234567
063514287 801234567
063514728 801234567
063514872 801234567
063517248 801234567
063517482 801234567
063517824 801234567
063518274 801234567
063518427 801234567
063518742 801234567
063521487 801234567
063521748 801234567
063521874 801234567
063524178 801234567
063524781 801234567
063524817 801234567
063527184 801234567
063527418 801234567
063527841 801234567
063528147 801234567
063528471 801234567
063528714 801234567
063541278 801234567
063541782 801234567
063541827 801234567
063542187 801234567
063542718 801234567
063542871 801234567
063547128 801234567
063547281 801234567
063547812 801234567
063548172 801234567
063548217 801234567
063548721 801234567
063571284 801234567
063571428 801234567
063571842 801234567
063572148 801234567
063572481 801234567
063572814 801234567
063574182 801234567
063574218 801234567
063574821 801234567
063578124 801234567
063578241 801234567
063578412 801234567
063581247 801234567
063581472 801234567
063581724 801234567
063582174 801234567
063582417 801234567
063582741 801234567
063584127 801234567
063584271 801234567
063584712 801234567
063587142 801234567
063587214 801234567
063587421 801234567
063712485 801234567
063712548 801234567
063712854 801234567
063714258 801234567
063714582 801234567
063714825 801234567
063715284 801234567
063715428 801234567
063715842 801234567
063718245 801234567
063718452 801234567
063718524 801234567
063721458 801234567
063721584 801234567
063721845 801234567
063724185 801234567
063724518 801234567
063724851 801234567
063725148 801234567
063725481 801234567
063725814 801234567
063728154 801234567
063728415 801234567
063728541 801234567
063741285 801234567
063741528 801234567
063741852 801234567
063742158 801234567
063742581 801234567
063742815 801234567
063745182 801234567
063745218 801234567
063745821 801234567
063748125 801234567
063748251 801234567
063748512 801234567
063751248 801234567
063751482 801234567
063751824 801234567
063752184 801234567
063752418 801234567
063752841 801234567
063754128 801234567
063754281 801234567
063754812 801234567
063758142 801234567
063758214 801234567
063758421 801234567
063781254 801234567
063781425 801234567
063781542 801234567
063782145 801234567
063782451 801234567
063782514 801234567
063784152 801234567
063784215 801234567
063784521 801234567
063785124 801234567
063785241 801234567
063785412 801234567
063812457 801234567
063812574 801234567
063812745 801234567
063814275 801234567
063814527 801234567
063814752 801234567
063815247 801234567
063815472 801234567
063815724 801234567
063817254 801234567
063817425 801234567
063817542 801234567
063821475 801234567
063821547 801234567
063821754 801234567
063824157 801234567
063824571 801234567
063824715 801234567
063825174 801234567
063825417 801234567
063825741 801234567
063827145 801234567
063827451 801234567
063827514 801234567
063841257 801234567
063841572 801234567
063841725 801234567
063842175 801234567
063842517 801234567
063842751 801234567
063845127 801234567
063845271 801234567
063845712 801234567
063847152 801234567
063847215 801234567
063847521 801234567
063851274 801234567
063851427 801234567
063851742 801234567
063852147 801234567
063852471 801234567
063852714 801234567
063854172 801234567
063854217 801234567
063854721 801234567
063857124 801234567
063857241 801234567
063857412 801234567
063871245 801234567
063871452 801234567
063871524 801234567
063872154 801234567
063872415 801234567
063872541 801234567
063874125 801234567
063874251 801234567
063874512 801234567
063875142 801234567
063875214 801234567
063875421 801234567
064123578 801234567
064123785 801234567
064123857 801234567
064125387 801234567
064125738 801234567
064125873 801234567
064127358 801234567
064127583 801234567
064127835 801234567
064128375 801234567
064128537 801234567
064128753 801234567
064132587 801234567
064132758 801234567
064132875 801234567
064135278 801234567
064135782 801234567
064135827 801234567
064137285 801234567
064137528 801234567
064137852 801234567
064138257 801234567
064138572 801234567
064138725 801234567
064152378 801234567
064152783 801234567
064152837 801234567
064153287 801234567
064153728 801234567
064153872 801234567
064157238 801234567
064157382 801234567
064157823 801234567
064158273 801234567
064158327 801234567
064158732 801234567
064172385 801234567
064172538 801234567
064172853 801234567
064173258 801234567
064173582 801234567
064173825 801234567
064175283 801234567
064175328 801234567
064175832 801234567
064178235 801234567
064178352 801234567
064178523 801234567
064182357 801234567
064182573 801234567
064182735 801234567
064183275 801234567
064183527 801234567
064183752 801234567
064185237 801234567
064185372 801234567
064185723 801234567
064187253 801234567
064187325 801234567
064187532 801234567
064213587 801234567
064213758 801234567
064213875 801234567
064215378 801234567
064215783 801234567
064215837 801234567
064217385 801234567
064217538 801234567
064217853 801234567
064218357 801234567
064218573 801234567
064218735 801234567
064231578 801234567
064231785 801234567
064231857 801234567
064235187 801234567
064235718 801234567
064235871 801234567
064237158 801234567
064237581 801234567
064237815 801234567
064238175 801234567
064238517 801234567
064238751 801234567
064251387 801234567
064251738 801234567
064251873 801234567
064253178 801234567
064253781 801234567
064253817 801234567
064257183 801234567
064257318 801234567
064257831 801234567
064258137 801234567
064258371 801234567
064258713 801234567
064271358 801234567
064271583 801234567
064271835 801234567
064273185 801234567
064273518 801234567
064273851 801234567
064275138 801234567
064275381 801234567
064275813 801234567
064278153 801234567
064278315 801234567
064278531 801234567
064281375 801234567
064281537 801234567
064281753 801234567
064283157 801234567
064283571 801234567
064283715 801234567
064285173 801234567
064285317 801234567
064285731 801234567
064287135 801234567
064287351 801234567
064287513 801234567
064312578 801234567
064312785 801234567
064312857 801234567
064315287 801234567
064315728 801234567
064315872 801234567
064317258 801234567
064317582 801234567
064317825 801234567
064318275 801234567
064318527 801234567
064318752 801234567
064321587 801234567
064321758 801234567
064321875 801234567
064325178 801234567
064325781 801234567
064325817 801234567
064327185 801234567
064327518 801234567
064327851 801234567
064328157 801234567
064328571 801234567
064328715 801234567
064351278 801234567
064351782 801234567
064351827 801234567
064352187 801234567
064352718 801234567
064352871 801234567
064357128 801234567
064357281 801234567
064357812 801234567
064358172 801234567
064358217 801234567
064358721 801234567
064371285 801234567
064371528 801234567
064371852 801234567
064372158 801234567
064372581 801234567
064372815 801234567
064375182 801234567
064375218 801234567
064375821 801234567
064378125 801234567
064378251 801234567
064378512 801234567
064381257 801234567
064381572 801234567
064381725 801234567
064382175 801234567
064382517 801234567
064382751 801234567
064385127 801234567
064385271 801234567
064385712 801234567
064387152 801234567
064387215 801234567
064387521 801234567
064512387 801234567
064512738 801234567
064512873 801234567
064513278 801234567
064513782 801234567
064513827 801234567
064517283 801234567
064517328 801234567
064517832 801234567
064518237 801234567
064518372 801234567
064518723 801234567
064521378 801234567
064521783 801234567
064521837 801234567
064523187 801234567
064523718 801234567
064523871 801234567
064527138 801234567
064527381 801234567
064527813 801234567
064528173 801234567
064528317 801234567
064528731 801234567
064531287 801234567
064531728 801234567
064531872 801234567
064532178 801234567
064532781 801234567
064532817 801234567
064537182 801234567
064537218 801234567
064537821 801234567
064538127 801234567
064538271 801234567
064538712 801234567
064571238 801234567
064571382 801234567
064571823 801234567
064572183 801234567
064572318 801234567
064572831 801234567
064573128 801234567
064573281 801234567
064573812 801234567
064578132 801234567
064578213 801234567
064578321 801234567
064581273 801234567
064581327 801234567
064581732 801234567
064582137 801234567
064582371 801234567
064582713 801234567
064583172 801234567
064583217 801234567
064583721 801234567
064587123 801234567
064587231 801234567
064587312 801234567
064712358 801234567
064712583 801234567
064712835 801234567
064713285 801234567
064713528 801234567
064713852 801234567
064715238 801234567
064715382 801234567
064715823 801234567
064718253 801234567
064718325 801234567
064718532 801234567
064721385 801234567
064721538 801234567
064721853 801234567
064723158 801234567
064723581 801234567
064723815 801234567
064725183 801234567
064725318 801234567
064725831 801234567
064728135 801234567
064728351 801234567
064728513 801234567
064731258 801234567
064731582 801234567
064731825 801234567
064732185 801234567
064732518 801234567
064732851 801234567
064735128 801234567
064735281 801234567
064735812 801234567
064738152 801234567
064738215 801234567
064738521 801234567
064751283 801234567
064751328 801234567
064751832 801234567
064752138 801234567
064752381 801234567
064752813 801234567
064753182 801234567
064753218 801234567
064753821 801234567
064758123 801234567
064758231 801234567
064758312 801234567
064781235 801234567
064781352 801234567
064781523 801234567
064782153 801234567
