062143875 801234567
062145378 801234567
062145783 801234567
062145837 801234567
062147385 801234567
062147538 801234567
062147853 801234567
062148357 801234567
062148573 801234567
062148735 801234567
062153478 801234567
062153784 801234567
062153847 801234567
062154387 801234567
062154738 801234567
062154873 801234567
062157348 801234567
062157483 801234567
062157834 801234567
062158374 801234567
062158437 801234567
062158743 801234567
062173485 801234567
062173548 801234567
062173854 801234567
062174358 801234567
062174583 801234567
062174835 801234567
062175384 801234567
062175438 801234567
062175843 801234567
062178345 801234567
062178453 801234567
062178534 801234567
062183457 801234567
062183574 801234567
062183745 801234567
062184375 801234567
062184537 801234567
062184753 801234567
062185347 801234567
062185473 801234567
062185734 801234567
062187354 801234567
062187435 801234567
062187543 801234567
062314587 801234567
062314758 801234567
062314875 801234567
062315478 801234567
062315784 801234567
062315847 801234567
062317485 801234567
062317548 801234567
062317854 801234567
062318457 801234567
062318574 801234567
062318745 801234567
062341578 801234567
062341785 801234567
062341857 801234567
062345187 801234567
062345718 801234567
062345871 801234567
062347158 801234567
062347581 801234567
062347815 801234567
062348175 801234567
062348517 801234567
062348751 801234567
062351487 801234567
062351748 801234567
062351874 801234567
062354178 801234567
062354781 801234567
062354817 801234567
062357184 801234567
062357418 801234567
062357841 801234567
062358147 801234567
062358471 801234567
062358714 801234567
062371458 801234567
062371584 801234567
062371845 801234567
062374185 801234567
062374518 801234567
062374851 801234567
062375148 801234567
062375481 801234567
062375814 801234567
062378154 801234567
062378415 801234567
062378541 801234567
062381475 801234567
062381547 801234567
062381754 801234567
062384157 801234567
062384571 801234567
062384715 801234567
062385174 801234567
062385417 801234567
062385741 801234567
062387145 801234567
062387451 801234567
062387514 801234567
062413578 801234567
062413785 801234567
062413857 801234567
062415387 801234567
062415738 801234567
062415873 801234567
062417358 801234567
062417583 801234567
062417835 801234567
062418375 801234567
062418537 801234567
062418753 801234567
062431587 801234567
062431758 801234567
062431875 801234567
062435178 801234567
062435781 801234567
062435817 801234567
062437185 801234567
062437518 801234567
062437851 801234567
062438157 801234567
062438571 801234567
062438715 801234567
062451378 801234567
062451783 801234567
062451837 801234567
062453187 801234567
062453718 801234567
062453871 801234567
062457138 801234567
062457381 801234567
062457813 801234567
062458173 801234567
062458317 801234567
062458731 801234567
062471385 801234567
062471538 801234567
062471853 801234567
062473158 801234567
062473581 801234567
062473815 801234567
062475183 801234567
062475318 801234567
062475831 801234567
062478135 801234567
062478351 801234567
062478513 801234567
062481357 801234567
062481573 801234567
062481735 801234567
062483175 801234567
062483517 801234567
062483751 801234567
062485137 801234567
062485371 801234567
062485713 801234567
062487153 801234567
062487315 801234567
062487531 801234567
062513487 801234567
062513748 801234567
062513874 801234567
062514378 801234567
062514783 801234567
062514837 801234567
062517384 801234567
062517438 801234567
062517843 801234567
062518347 801234567
062518473 801234567
062518734 801234567
062531478 801234567
062531784 801234567
062531847 801234567
062534187 801234567
062534718 801234567
062534871 801234567
062537148 801234567
062537481 801234567
062537814 801234567
062538174 801234567
062538417 801234567
062538741 801234567
062541387 801234567
062541738 801234567
062541873 801234567
062543178 801234567
062543781 801234567
062543817 801234567
062547183 801234567
062547318 801234567
062547831 801234567
062548137 801234567
062548371 801234567
062548713 801234567
062571348 801234567
062571483 801234567
062571834 801234567
062573184 801234567
062573418 801234567
062573841 801234567
062574138 801234567
062574381 801234567
062574813 801234567
062578143 801234567
062578314 801234567
062578431 801234567
062581374 801234567
062581437 801234567
062581743 801234567
062583147 801234567
062583471 801234567
062583714 801234567
062584173 801234567
062584317 801234567
062584731 801234567
062587134 801234567
062587341 801234567
062587413 801234567
062713458 801234567
062713584 801234567
062713845 801234567
062714385 801234567
062714538 801234567
062714853 801234567
062715348 801234567
062715483 801234567
062715834 801234567
062718354 801234567
062718435 801234567
062718543 801234567
062731485 801234567
062731548 801234567
062731854 801234567
062734158 801234567
062734581 801234567
062734815 801234567
062735184 801234567
062735418 801234567
062735841 801234567
062738145 801234567
062738451 801234567
062738514 801234567
062741358 801234567
062741583 801234567
062741835 801234567
062743185 801234567
062743518 801234567
062743851 801234567
062745138 801234567
062745381 801234567
062745813 801234567
062748153 801234567
062748315 801234567
062748531 801234567
062751384 801234567
062751438 801234567
062751843 801234567
062753148 801234567
062753481 801234567
062753814 801234567
062754183 801234567
062754318 801234567
062754831 801234567
062758134 801234567
062758341 801234567
062758413 801234567
062781345 801234567
062781453 801234567
062781534 801234567
062783154 801234567
062783415 801234567
062783541 801234567
062784135 801234567
062784351 801234567
062784513 801234567
062785143 801234567
062785314 801234567
062785431 801234567
062813475 801234567
062813547 801234567
062813754 801234567
062814357 801234567
062814573 801234567
062814735 801234567
062815374 801234567
062815437 801234567
062815743 801234567
062817345 801234567
062817453 801234567
062817534 801234567
062831457 801234567
062831574 801234567
062831745 801234567
062834175 801234567
062834517 801234567
062834751 801234567
062835147 801234567
062835471 801234567
062835714 801234567
062837154 801234567
062837415 801234567
062837541 801234567
062841375 801234567
062841537 801234567
062841753 801234567
062843157 801234567
062843571 801234567
062843715 801234567
062845173 801234567
062845317 801234567
062845731 801234567
062847135 801234567
062847351 801234567
062847513 801234567
062851347 801234567
062851473 801234567
062851734 801234567
062853174 801234567
062853417 801234567
062853741 801234567
062854137 801234567
062854371 801234567
062854713 801234567
062857143 801234567
062857314 801234567
062857431 801234567
062871354 801234567
062871435 801234567
062871543 801234567
062873145 801234567
062873451 801234567
062873514 801234567
062874153 801234567
062874315 801234567
062874531 801234567
062875134 801234567
062875341 801234567
062875413 801234567
063124587 801234567
063124758 801234567
063124875 801234567
063125478 801234567
063125784 801234567
063125847 801234567
063127485 801234567
063127548 801234567
063127854 801234567
063128457 801234567
063128574 801234567
063128745 801234567
063142578 801234567
063142785 801234567
063142857 801234567
063145287 801234567
063145728 801234567
063145872 801234567
063147258 801234567
063147582 801234567
063147825 801234567
063148275 801234567
063148527 801234567
063148752 801234567
063152487 801234567
063152748 801234567
063152874 801234567
063154278 801234567
063154782 801234567
063154827 801234567
063157284 801234567
063157428 801234567
063157842 801234567
063158247 801234567
063158472 801234567
063158724 801234567
063172458 801234567
063172584 801234567
063172845 801234567
063174285 801234567
063174528 801234567
063174852 801234567
063175248 801234567
063175482 801234567
063175824 801234567
063178254 801234567
063178425 801234567
063178542 801234567
063182475 801234567
063182547 801234567
063182754 801234567
063184257 801234567
063184572 801234567
063184725 801234567
063185274 801234567
063185427 801234567
063185742 801234567
063187245 801234567
063187452 801234567
063187524 801234567
063214578 801234567
063214785 801234567
063214857 801234567
063215487 801234567
063215748 801234567
063215874 801234567
063217458 801234567
063217584 801234567
063217845 801234567
063218475 801234567
063218547 801234567
063218754 801234567
063241587 801234567
063241758 801234567
063241875 801234567
063245178 801234567
063245781 801234567
063245817 801234567
063247185 801234567
063247518 801234567
063247851 801234567
063248157 801234567
063248571 801234567
063248715 801234567
063251478 801234567
063251784 801234567
063251847 801234567
063254187 801234567
063254718 801234567
063254871 801234567
063257148 801234567
063257481 801234567
063257814 801234567
063258174 801234567
063258417 801234567
063258741 801234567
063271485 801234567
063271548 801234567
063271854 801234567
063274158 801234567
063274581 801234567
063274815 801234567
063275184 801234567
063275418 801234567
063275841 801234567
063278145 801234567
063278451 801234567
063278514 801234567
063281457 801234567
063281574 801234567
063281745 801234567
063284175 801234567
063284517 801234567
063284751 801234567
063285147 801234567
063285471 801234567
063285714 801234567
063287154 801234567
063287415 801234567
063287541 801234567
063412587 801234567
063412758 801234567
063412875 801234567
063415278 801234567
063415782 801234567
063415827 801234567
063417285 801234567
063417528 801234567
063417852 801234567
063418257 801234567
063418572 801234567
063418725 801234567
063421578 801234567
063421785 801234567
063421857 801234567
063425187 801234567
063425718 801234567
063425871 801234567
063427158 801234567
063427581 801234567
063427815 801234567
063428175 801234567
063428517 801234567
063428751 801234567
063451287 801234567
063451728 801234567
063451872 801234567
063452178 801234567
063452781 801234567
063452817 801234567
063457182 801234567
063457218 801234567
063457821 801234567
