834576201 801234567
834601257 801234567
834601572 801234567
834601725 801234567
834602175 801234567
834602517 801234567
834602751 801234567
834605127 801234567
834605271 801234567
834605712 801234567
834607152 801234567
834607215 801234567
834607521 801234567
834610275 801234567
834610527 801234567
834610752 801234567
834612057 801234567
834612570 801234567
834612705 801234567
834615072 801234567
834615207 801234567
834615720 801234567
834617025 801234567
834617250 801234567
834617502 801234567
834620157 801234567
834620571 801234567
834620715 801234567
834621075 801234567
834621507 801234567
834621750 801234567
834625017 801234567
834625170 801234567
834625701 801234567
834627051 801234567
834627105 801234567
834627510 801234567
834650172 801234567
834650217 801234567
834650721 801234567
834651027 801234567
834651270 801234567
834651702 801234567
834652071 801234567
834652107 801234567
834652710 801234567
834657012 801234567
834657120 801234567
834657201 801234567
834670125 801234567
834670251 801234567
834670512 801234567
834671052 801234567
834671205 801234567
834671520 801234567
834672015 801234567
834672150 801234567
834672501 801234567
834675021 801234567
834675102 801234567
834675210 801234567
834701265 801234567
834701526 801234567
834701652 801234567
834702156 801234567
834702561 801234567
834702615 801234567
834705162 801234567
834705216 801234567
834705621 801234567
834706125 801234567
834706251 801234567
834706512 801234567
834710256 801234567
834710562 801234567
834710625 801234567
834712065 801234567
834712506 801234567
834712650 801234567
834715026 801234567
834715260 801234567
834715602 801234567
834716052 801234567
834716205 801234567
834716520 801234567
834720165 801234567
834720516 801234567
834720651 801234567
834721056 801234567
834721560 801234567
834721605 801234567
834725061 801234567
834725106 801234567
834725610 801234567
834726015 801234567
834726150 801234567
834726501 801234567
834750126 801234567
834750261 801234567
834750612 801234567
834751062 801234567
834751206 801234567
834751620 801234567
834752016 801234567
834752160 801234567
834752601 801234567
834756021 801234567
834756102 801234567
834756210 801234567
834760152 801234567
834760215 801234567
834760521 801234567
834761025 801234567
834761250 801234567
834761502 801234567
834762051 801234567
834762105 801234567
834762510 801234567
834765012 801234567
834765120 801234567
834765201 801234567
835012476 801234567
835012647 801234567
835012764 801234567
835014267 801234567
835014672 801234567
835014726 801234567
835016274 801234567
835016427 801234567
835016742 801234567
835017246 801234567
835017462 801234567
835017624 801234567
835021467 801234567
835021674 801234567
835021746 801234567
835024176 801234567
835024617 801234567
835024761 801234567
835026147 801234567
835026471 801234567
835026714 801234567
835027164 801234567
835027416 801234567
835027641 801234567
835041276 801234567
835041627 801234567
835041762 801234567
835042167 801234567
835042671 801234567
835042716 801234567
835046172 801234567
835046217 801234567
835046721 801234567
835047126 801234567
835047261 801234567
835047612 801234567
835061247 801234567
835061472 801234567
835061724 801234567
835062174 801234567
835062417 801234567
835062741 801234567
835064127 801234567
835064271 801234567
835064712 801234567
835067142 801234567
835067214 801234567
835067421 801234567
835071264 801234567
835071426 801234567
835071642 801234567
835072146 801234567
835072461 801234567
835072614 801234567
835074162 801234567
835074216 801234567
835074621 801234567
835076124 801234567
835076241 801234567
835076412 801234567
835102467 801234567
835102674 801234567
835102746 801234567
835104276 801234567
835104627 801234567
835104762 801234567
835106247 801234567
835106472 801234567
835106724 801234567
835107264 801234567
835107426 801234567
835107642 801234567
835120476 801234567
835120647 801234567
835120764 801234567
835124067 801234567
835124670 801234567
835124706 801234567
835126074 801234567
835126407 801234567
835126740 801234567
835127046 801234567
835127460 801234567
835127604 801234567
835140267 801234567
835140672 801234567
835140726 801234567
835142076 801234567
835142607 801234567
835142760 801234567
835146027 801234567
835146270 801234567
835146702 801234567
835147062 801234567
835147206 801234567
835147620 801234567
835160274 801234567
835160427 801234567
835160742 801234567
835162047 801234567
835162470 801234567
835162704 801234567
835164072 801234567
835164207 801234567
835164720 801234567
835167024 801234567
835167240 801234567
835167402 801234567
835170246 801234567
835170462 801234567
835170624 801234567
835172064 801234567
835172406 801234567
835172640 801234567
835174026 801234567
835174260 801234567
835174602 801234567
835176042 801234567
835176204 801234567
835176420 801234567
835201476 801234567
835201647 801234567
835201764 801234567
835204167 801234567
835204671 801234567
835204716 801234567
835206174 801234567
835206417 801234567
835206741 801234567
835207146 801234567
835207461 801234567
835207614 801234567
835210467 801234567
835210674 801234567
835210746 801234567
835214076 801234567
835214607 801234567
835214760 801234567
835216047 801234567
835216470 801234567
835216704 801234567
835217064 801234567
835217406 801234567
835217640 801234567
835240176 801234567
835240617 801234567
835240761 801234567
835241067 801234567
835241670 801234567
835241706 801234567
835246071 801234567
835246107 801234567
835246710 801234567
835247016 801234567
835247160 801234567
835247601 801234567
835260147 801234567
835260471 801234567
835260714 801234567
835261074 801234567
835261407 801234567
835261740 801234567
835264017 801234567
835264170 801234567
835264701 801234567
835267041 801234567
835267104 801234567
835267410 801234567
835270164 801234567
835270416 801234567
835270641 801234567
835271046 801234567
835271460 801234567
835271604 801234567
835274061 801234567
835274106 801234567
835274610 801234567
835276014 801234567
835276140 801234567
835276401 801234567
835401267 801234567
835401672 801234567
835401726 801234567
835402176 801234567
835402617 801234567
835402761 801234567
835406127 801234567
835406271 801234567
835406712 801234567
835407162 801234567
835407216 801234567
835407621 801234567
835410276 801234567
835410627 801234567
835410762 801234567
835412067 801234567
835412670 801234567
835412706 801234567
835416072 801234567
835416207 801234567
835416720 801234567
835417026 801234567
835417260 801234567
835417602 801234567
835420167 801234567
835420671 801234567
835420716 801234567
835421076 801234567
835421607 801234567
835421760 801234567
835426017 801234567
835426170 801234567
835426701 801234567
835427061 801234567
835427106 801234567
835427610 801234567
835460172 801234567
835460217 801234567
835460721 801234567
835461027 801234567
835461270 801234567
835461702 801234567
835462071 801234567
835462107 801234567
835462710 801234567
835467012 801234567
835467120 801234567
835467201 801234567
835470126 801234567
835470261 801234567
835470612 801234567
835471062 801234567
835471206 801234567
835471620 801234567
835472016 801234567
835472160 801234567
835472601 801234567
835476021 801234567
835476102 801234567
835476210 801234567
835601274 801234567
835601427 801234567
835601742 801234567
835602147 801234567
835602471 801234567
835602714 801234567
835604172 801234567
835604217 801234567
835604721 801234567
835607124 801234567
835607241 801234567
835607412 801234567
835610247 801234567
835610472 801234567
835610724 801234567
835612074 801234567
835612407 801234567
835612740 801234567
835614027 801234567
835614270 801234567
835614702 801234567
835617042 801234567
835617204 801234567
835617420 801234567
835620174 801234567
835620417 801234567
835620741 801234567
835621047 801234567
835621470 801234567
835621704 801234567
835624071 801234567
835624107 801234567
835624710 801234567
835627014 801234567
835627140 801234567
835627401 801234567
835640127 801234567
835640271 801234567
835640712 801234567
835641072 801234567
835641207 801234567
835641720 801234567
835642017 801234567
835642170 801234567
835642701 801234567
835647021 801234567
835647102 801234567
835647210 801234567
835670142 801234567
835670214 801234567
835670421 801234567
835671024 801234567
835671240 801234567
835671402 801234567
835672041 801234567
835672104 801234567
835672410 801234567
835674012 801234567
835674120 801234567
835674201 801234567
835701246 801234567
835701462 801234567
835701624 801234567
835702164 801234567
835702416 801234567
835702641 801234567
835704126 801234567
835704261 801234567
835704612 801234567
835706142 801234567
835706214 801234567
835706421 801234567
835710264 801234567
835710426 801234567
835710642 801234567
835712046 801234567
835712460 801234567
835712604 801234567
835714062 801234567
835714206 801234567
835714620 801234567
835716024 801234567
835716240 801234567
835716402 801234567
835720146 801234567
835720461 801234567
835720614 801234567
835721064 801234567
835721406 801234567
835721640 801234567
835724016 801234567
835724160 801234567
835724601 801234567
835726041 801234567
835726104 801234567
835726410 801234567
835740162 801234567
835740216 801234567
835740621 801234567
835741026 801234567
835741260 801234567
835741602 801234567
835742061 801234567
835742106 801234567
835742610 801234567
835746012 801234567
835746120 801234567
835746201 801234567
835760124 801234567
835760241 801234567
835760412 801234567
835761042 801234567
835761204 801234567
835761420 801234567
835762014 801234567
835762140 801234567
835762401 801234567
835764021 801234567
835764102 801234567
835764210 801234567
836012457 801234567
836012574 801234567
836012745 801234567
836014275 801234567
836014527 801234567
836014752 801234567
836015247 801234567
836015472 801234567
836015724 801234567
836017254 801234567
836017425 801234567
836017542 801234567
836021475 801234567
836021547 801234567
836021754 801234567
836024157 801234567
836024571 801234567
836024715 801234567
