307258641 801234567
307261485 801234567
307261548 801234567
307261854 801234567
307264158 801234567
307264581 801234567
307264815 801234567
307265184 801234567
307265418 801234567
307265841 801234567
307268145 801234567
307268451 801234567
307268514 801234567
307281456 801234567
307281564 801234567
307281645 801234567
307284165 801234567
307284516 801234567
307284651 801234567
307285146 801234567
307285461 801234567
307285614 801234567
307286154 801234567
307286415 801234567
307286541 801234567
307412586 801234567
307412658 801234567
307412865 801234567
307415268 801234567
307415682 801234567
307415826 801234567
307416285 801234567
307416528 801234567
307416852 801234567
307418256 801234567
307418562 801234567
307418625 801234567
307421568 801234567
307421685 801234567
307421856 801234567
307425186 801234567
307425618 801234567
307425861 801234567
307426158 801234567
307426581 801234567
307426815 801234567
307428165 801234567
307428516 801234567
307428651 801234567
307451286 801234567
307451628 801234567
307451862 801234567
307452168 801234567
307452681 801234567
307452816 801234567
307456182 801234567
307456218 801234567
307456821 801234567
307458126 801234567
307458261 801234567
307458612 801234567
307461258 801234567
307461582 801234567
307461825 801234567
307462185 801234567
307462518 801234567
307462851 801234567
307465128 801234567
307465281 801234567
307465812 801234567
307468152 801234567
307468215 801234567
307468521 801234567
307481265 801234567
307481526 801234567
307481652 801234567
307482156 801234567
307482561 801234567
307482615 801234567
307485162 801234567
307485216 801234567
307485621 801234567
307486125 801234567
307486251 801234567
307486512 801234567
307512468 801234567
307512684 801234567
307512846 801234567
307514286 801234567
307514628 801234567
307514862 801234567
307516248 801234567
307516482 801234567
307516824 801234567
307518264 801234567
307518426 801234567
307518642 801234567
307521486 801234567
307521648 801234567
307521864 801234567
307524168 801234567
307524681 801234567
307524816 801234567
307526184 801234567
307526418 801234567
307526841 801234567
307528146 801234567
307528461 801234567
307528614 801234567
307541268 801234567
307541682 801234567
307541826 801234567
307542186 801234567
307542618 801234567
307542861 801234567
307546128 801234567
307546281 801234567
307546812 801234567
307548162 801234567
307548216 801234567
307548621 801234567
307561284 801234567
307561428 801234567
307561842 801234567
307562148 801234567
307562481 801234567
307562814 801234567
307564182 801234567
307564218 801234567
307564821 801234567
307568124 801234567
307568241 801234567
307568412 801234567
307581246 801234567
307581462 801234567
307581624 801234567
307582164 801234567
307582416 801234567
307582641 801234567
307584126 801234567
307584261 801234567
307584612 801234567
307586142 801234567
307586214 801234567
307586421 801234567
307612485 801234567
307612548 801234567
307612854 801234567
307614258 801234567
307614582 801234567
307614825 801234567
307615284 801234567
307615428 801234567
307615842 801234567
307618245 801234567
307618452 801234567
307618524 801234567
307621458 801234567
307621584 801234567
307621845 801234567
307624185 801234567
307624518 801234567
307624851 801234567
307625148 801234567
307625481 801234567
307625814 801234567
307628154 801234567
307628415 801234567
307628541 801234567
307641285 801234567
307641528 801234567
307641852 801234567
307642158 801234567
307642581 801234567
307642815 801234567
307645182 801234567
307645218 801234567
307645821 801234567
307648125 801234567
307648251 801234567
307648512 801234567
307651248 801234567
307651482 801234567
307651824 801234567
307652184 801234567
307652418 801234567
307652841 801234567
307654128 801234567
307654281 801234567
307654812 801234567
307658142 801234567
307658214 801234567
307658421 801234567
307681254 801234567
307681425 801234567
307681542 801234567
307682145 801234567
307682451 801234567
307682514 801234567
307684152 801234567
307684215 801234567
307684521 801234567
307685124 801234567
307685241 801234567
307685412 801234567
307812456 801234567
307812564 801234567
307812645 801234567
307814265 801234567
307814526 801234567
307814652 801234567
307815246 801234567
307815462 801234567
307815624 801234567
307816254 801234567
307816425 801234567
307816542 801234567
307821465 801234567
307821546 801234567
307821654 801234567
307824156 801234567
307824561 801234567
307824615 801234567
307825164 801234567
307825416 801234567
307825641 801234567
307826145 801234567
307826451 801234567
307826514 801234567
307841256 801234567
307841562 801234567
307841625 801234567
307842165 801234567
307842516 801234567
307842651 801234567
307845126 801234567
307845261 801234567
307845612 801234567
307846152 801234567
307846215 801234567
307846521 801234567
307851264 801234567
307851426 801234567
307851642 801234567
307852146 801234567
307852461 801234567
307852614 801234567
307854162 801234567
307854216 801234567
307854621 801234567
307856124 801234567
307856241 801234567
307856412 801234567
307861245 801234567
307861452 801234567
307861524 801234567
307862154 801234567
307862415 801234567
307862541 801234567
307864125 801234567
307864251 801234567
307864512 801234567
307865142 801234567
307865214 801234567
307865421 801234567
308124567 801234567
308124675 801234567
308124756 801234567
308125476 801234567
308125647 801234567
308125764 801234567
308126457 801234567
308126574 801234567
308126745 801234567
308127465 801234567
308127546 801234567
308127654 801234567
308142576 801234567
308142657 801234567
308142765 801234567
308145267 801234567
308145672 801234567
308145726 801234567
308146275 801234567
308146527 801234567
308146752 801234567
308147256 801234567
308147562 801234567
308147625 801234567
308152467 801234567
308152674 801234567
308152746 801234567
308154276 801234567
308154627 801234567
308154762 801234567
308156247 801234567
308156472 801234567
308156724 801234567
308157264 801234567
308157426 801234567
308157642 801234567
308162475 801234567
308162547 801234567
308162754 801234567
308164257 801234567
308164572 801234567
308164725 801234567
308165274 801234567
308165427 801234567
308165742 801234567
308167245 801234567
308167452 801234567
308167524 801234567
308172456 801234567
308172564 801234567
308172645 801234567
308174265 801234567
308174526 801234567
308174652 801234567
308175246 801234567
308175462 801234567
308175624 801234567
308176254 801234567
308176425 801234567
308176542 801234567
308214576 801234567
308214657 801234567
308214765 801234567
308215467 801234567
308215674 801234567
308215746 801234567
308216475 801234567
308216547 801234567
308216754 801234567
308217456 801234567
308217564 801234567
308217645 801234567
308241567 801234567
308241675 801234567
308241756 801234567
308245176 801234567
308245617 801234567
308245761 801234567
308246157 801234567
308246571 801234567
308246715 801234567
308247165 801234567
308247516 801234567
308247651 801234567
308251476 801234567
308251647 801234567
308251764 801234567
308254167 801234567
308254671 801234567
308254716 801234567
308256174 801234567
308256417 801234567
308256741 801234567
308257146 801234567
308257461 801234567
308257614 801234567
308261457 801234567
308261574 801234567
308261745 801234567
308264175 801234567
308264517 801234567
308264751 801234567
308265147 801234567
308265471 801234567
308265714 801234567
308267154 801234567
308267415 801234567
308267541 801234567
308271465 801234567
308271546 801234567
308271654 801234567
308274156 801234567
308274561 801234567
308274615 801234567
308275164 801234567
308275416 801234567
308275641 801234567
308276145 801234567
308276451 801234567
308276514 801234567
308412567 801234567
308412675 801234567
308412756 801234567
308415276 801234567
308415627 801234567
308415762 801234567
308416257 801234567
308416572 801234567
308416725 801234567
308417265 801234567
308417526 801234567
308417652 801234567
308421576 801234567
308421657 801234567
308421765 801234567
308425167 801234567
308425671 801234567
308425716 801234567
308426175 801234567
308426517 801234567
308426751 801234567
308427156 801234567
308427561 801234567
308427615 801234567
308451267 801234567
308451672 801234567
308451726 801234567
308452176 801234567
308452617 801234567
308452761 801234567
308456127 801234567
308456271 801234567
308456712 801234567
308457162 801234567
308457216 801234567
308457621 801234567
308461275 801234567
308461527 801234567
308461752 801234567
308462157 801234567
308462571 801234567
308462715 801234567
308465172 801234567
308465217 801234567
308465721 801234567
308467125 801234567
308467251 801234567
308467512 801234567
308471256 801234567
308471562 801234567
308471625 801234567
308472165 801234567
308472516 801234567
308472651 801234567
308475126 801234567
308475261 801234567
308475612 801234567
308476152 801234567
308476215 801234567
308476521 801234567
308512476 801234567
308512647 801234567
308512764 801234567
308514267 801234567
308514672 801234567
308514726 801234567
308516274 801234567
308516427 801234567
308516742 801234567
308517246 801234567
308517462 801234567
308517624 801234567
308521467 801234567
308521674 801234567
308521746 801234567
308524176 801234567
308524617 801234567
308524761 801234567
308526147 801234567
308526471 801234567
308526714 801234567
308527164 801234567
308527416 801234567
308527641 801234567
308541276 801234567
308541627 801234567
308541762 801234567
308542167 801234567
308542671 801234567
308542716 801234567
308546172 801234567
308546217 801234567
308546721 801234567
308547126 801234567
308547261 801234567
308547612 801234567
308561247 801234567
308561472 801234567
308561724 801234567
308562174 801234567
308562417 801234567
308562741 801234567
308564127 801234567
308564271 801234567
308564712 801234567
308567142 801234567
308567214 801234567
308567421 801234567
308571264 801234567
308571426 801234567
308571642 801234567
308572146 801234567
308572461 801234567
308572614 801234567
