148203567 801234567
148203675 801234567
148203756 801234567
148205376 801234567
148205637 801234567
148205763 801234567
148206357 801234567
148206573 801234567
148206735 801234567
148207365 801234567
148207536 801234567
148207653 801234567
148230576 801234567
148230657 801234567
148230765 801234567
148235067 801234567
148235670 801234567
148235706 801234567
148236075 801234567
148236507 801234567
148236750 801234567
148237056 801234567
148237560 801234567
148237605 801234567
148250367 801234567
148250673 801234567
148250736 801234567
148253076 801234567
148253607 801234567
148253760 801234567
148256037 801234567
148256370 801234567
148256703 801234567
148257063 801234567
148257306 801234567
148257630 801234567
148260375 801234567
148260537 801234567
148260753 801234567
148263057 801234567
148263570 801234567
148263705 801234567
148265073 801234567
148265307 801234567
148265730 801234567
148267035 801234567
148267350 801234567
148267503 801234567
148270356 801234567
148270563 801234567
148270635 801234567
148273065 801234567
148273506 801234567
148273650 801234567
148275036 801234567
148275360 801234567
148275603 801234567
148276053 801234567
148276305 801234567
148276530 801234567
148302576 801234567
148302657 801234567
148302765 801234567
148305267 801234567
148305672 801234567
148305726 801234567
148306275 801234567
148306527 801234567
148306752 801234567
148307256 801234567
148307562 801234567
148307625 801234567
148320567 801234567
148320675 801234567
148320756 801234567
148325076 801234567
148325607 801234567
148325760 801234567
148326057 801234567
148326570 801234567
148326705 801234567
148327065 801234567
148327506 801234567
148327650 801234567
148350276 801234567
148350627 801234567
148350762 801234567
148352067 801234567
148352670 801234567
148352706 801234567
148356072 801234567
148356207 801234567
148356720 801234567
148357026 801234567
148357260 801234567
148357602 801234567
148360257 801234567
148360572 801234567
148360725 801234567
148362075 801234567
148362507 801234567
148362750 801234567
148365027 801234567
148365270 801234567
148365702 801234567
148367052 801234567
148367205 801234567
148367520 801234567
148370265 801234567
148370526 801234567
148370652 801234567
148372056 801234567
148372560 801234567
148372605 801234567
148375062 801234567
148375206 801234567
148375620 801234567
148376025 801234567
148376250 801234567
148376502 801234567
148502367 801234567
148502673 801234567
148502736 801234567
148503276 801234567
148503627 801234567
148503762 801234567
148506237 801234567
148506372 801234567
148506723 801234567
148507263 801234567
148507326 801234567
148507632 801234567
148520376 801234567
148520637 801234567
148520763 801234567
148523067 801234567
148523670 801234567
148523706 801234567
148526073 801234567
148526307 801234567
148526730 801234567
148527036 801234567
148527360 801234567
148527603 801234567
148530267 801234567
148530672 801234567
148530726 801234567
148532076 801234567
148532607 801234567
148532760 801234567
148536027 801234567
148536270 801234567
148536702 801234567
148537062 801234567
148537206 801234567
148537620 801234567
148560273 801234567
148560327 801234567
148560732 801234567
148562037 801234567
148562370 801234567
148562703 801234567
148563072 801234567
148563207 801234567
148563720 801234567
148567023 801234567
148567230 801234567
148567302 801234567
148570236 801234567
148570362 801234567
148570623 801234567
148572063 801234567
148572306 801234567
148572630 801234567
148573026 801234567
148573260 801234567
148573602 801234567
148576032 801234567
148576203 801234567
148576320 801234567
148602375 801234567
148602537 801234567
148602753 801234567
148603257 801234567
148603572 801234567
148603725 801234567
148605273 801234567
148605327 801234567
148605732 801234567
148607235 801234567
148607352 801234567
148607523 801234567
148620357 801234567
148620573 801234567
148620735 801234567
148623075 801234567
148623507 801234567
148623750 801234567
148625037 801234567
148625370 801234567
148625703 801234567
148627053 801234567
148627305 801234567
148627530 801234567
148630275 801234567
148630527 801234567
148630752 801234567
148632057 801234567
148632570 801234567
148632705 801234567
148635072 801234567
148635207 801234567
148635720 801234567
148637025 801234567
148637250 801234567
148637502 801234567
148650237 801234567
148650372 801234567
148650723 801234567
148652073 801234567
148652307 801234567
148652730 801234567
148653027 801234567
148653270 801234567
148653702 801234567
148657032 801234567
148657203 801234567
148657320 801234567
148670253 801234567
148670325 801234567
148670532 801234567
148672035 801234567
148672350 801234567
148672503 801234567
148673052 801234567
148673205 801234567
148673520 801234567
148675023 801234567
148675230 801234567
148675302 801234567
148702356 801234567
148702563 801234567
148702635 801234567
148703265 801234567
148703526 801234567
148703652 801234567
148705236 801234567
148705362 801234567
148705623 801234567
148706253 801234567
148706325 801234567
148706532 801234567
148720365 801234567
148720536 801234567
148720653 801234567
148723056 801234567
148723560 801234567
148723605 801234567
148725063 801234567
148725306 801234567
148725630 801234567
148726035 801234567
148726350 801234567
148726503 801234567
148730256 801234567
148730562 801234567
148730625 801234567
148732065 801234567
148732506 801234567
148732650 801234567
148735026 801234567
148735260 801234567
148735602 801234567
148736052 801234567
148736205 801234567
148736520 801234567
148750263 801234567
148750326 801234567
148750632 801234567
148752036 801234567
148752360 801234567
148752603 801234567
148753062 801234567
148753206 801234567
148753620 801234567
148756023 801234567
148756230 801234567
148756302 801234567
148760235 801234567
148760352 801234567
148760523 801234567
148762053 801234567
148762305 801234567
148762530 801234567
148763025 801234567
148763250 801234567
148763502 801234567
148765032 801234567
148765203 801234567
148765320 801234567
150234678 801234567
150234786 801234567
150234867 801234567
150236487 801234567
150236748 801234567
150236874 801234567
150237468 801234567
150237684 801234567
150237846 801234567
150238476 801234567
150238647 801234567
150238764 801234567
150243687 801234567
150243768 801234567
150243876 801234567
150246378 801234567
150246783 801234567
150246837 801234567
150247386 801234567
150247638 801234567
150247863 801234567
150248367 801234567
150248673 801234567
150248736 801234567
150263478 801234567
150263784 801234567
150263847 801234567
150264387 801234567
150264738 801234567
150264873 801234567
150267348 801234567
150267483 801234567
150267834 801234567
150268374 801234567
150268437 801234567
150268743 801234567
150273486 801234567
150273648 801234567
150273864 801234567
150274368 801234567
150274683 801234567
150274836 801234567
150276384 801234567
150276438 801234567
150276843 801234567
150278346 801234567
150278463 801234567
150278634 801234567
150283467 801234567
150283674 801234567
150283746 801234567
150284376 801234567
150284637 801234567
150284763 801234567
150286347 801234567
150286473 801234567
150286734 801234567
150287364 801234567
150287436 801234567
150287643 801234567
150324687 801234567
150324768 801234567
150324876 801234567
150326478 801234567
150326784 801234567
150326847 801234567
150327486 801234567
150327648 801234567
150327864 801234567
150328467 801234567
150328674 801234567
150328746 801234567
150342678 801234567
150342786 801234567
150342867 801234567
150346287 801234567
150346728 801234567
150346872 801234567
150347268 801234567
150347682 801234567
150347826 801234567
150348276 801234567
150348627 801234567
150348762 801234567
150362487 801234567
150362748 801234567
150362874 801234567
150364278 801234567
150364782 801234567
150364827 801234567
150367284 801234567
150367428 801234567
150367842 801234567
150368247 801234567
150368472 801234567
150368724 801234567
150372468 801234567
150372684 801234567
150372846 801234567
150374286 801234567
150374628 801234567
150374862 801234567
150376248 801234567
150376482 801234567
150376824 801234567
150378264 801234567
150378426 801234567
150378642 801234567
150382476 801234567
150382647 801234567
150382764 801234567
150384267 801234567
150384672 801234567
150384726 801234567
150386274 801234567
150386427 801234567
150386742 801234567
150387246 801234567
150387462 801234567
150387624 801234567
150423678 801234567
150423786 801234567
150423867 801234567
150426387 801234567
150426738 801234567
150426873 801234567
150427368 801234567
150427683 801234567
150427836 801234567
150428376 801234567
150428637 801234567
150428763 801234567
150432687 801234567
150432768 801234567
150432876 801234567
150436278 801234567
150436782 801234567
150436827 801234567
150437286 801234567
150437628 801234567
150437862 801234567
150438267 801234567
150438672 801234567
150438726 801234567
150462378 801234567
150462783 801234567
150462837 801234567
150463287 801234567
150463728 801234567
150463872 801234567
150467238 801234567
150467382 801234567
150467823 801234567
150468273 801234567
150468327 801234567
150468732 801234567
150472386 801234567
150472638 801234567
150472863 801234567
150473268 801234567
150473682 801234567
150473826 801234567
150476283 801234567
150476328 801234567
150476832 801234567
150478236 801234567
150478362 801234567
150478623 801234567
150482367 801234567
150482673 801234567
150482736 801234567
150483276 801234567
150483627 801234567
150483762 801234567
150486237 801234567
150486372 801234567
150486723 801234567
150487263 801234567
150487326 801234567
150487632 801234567
150623487 801234567
150623748 801234567
150623874 801234567
150624378 801234567
150624783 801234567
150624837 801234567
150627384 801234567
150627438 801234567
150627843 801234567
150628347 801234567
150628473 801234567
150628734 801234567
150632478 801234567
150632784 801234567
150632847 801234567
150634287 801234567
150634728 801234567
150634872 801234567
150637248 801234567
