523678104 801234567
523678410 801234567
523680174 801234567
523680417 801234567
523680741 801234567
523681047 801234567
523681470 801234567
523681704 801234567
523684071 801234567
523684107 801234567
523684710 801234567
523687014 801234567
523687140 801234567
523687401 801234567
523701468 801234567
523701684 801234567
523701846 801234567
523704186 801234567
523704618 801234567
523704861 801234567
523706148 801234567
523706481 801234567
523706814 801234567
523708164 801234567
523708416 801234567
523708641 801234567
523710486 801234567
523710648 801234567
523710864 801234567
523714068 801234567
523714680 801234567
523714806 801234567
523716084 801234567
523716408 801234567
523716840 801234567
523718046 801234567
523718460 801234567
523718604 801234567
523740168 801234567
523740681 801234567
523740816 801234567
523741086 801234567
523741608 801234567
523741860 801234567
523746018 801234567
523746180 801234567
523746801 801234567
523748061 801234567
523748106 801234567
523748610 801234567
523760184 801234567
523760418 801234567
523760841 801234567
523761048 801234567
523761480 801234567
523761804 801234567
523764081 801234567
523764108 801234567
523764810 801234567
523768014 801234567
523768140 801234567
523768401 801234567
523780146 801234567
523780461 801234567
523780614 801234567
523781064 801234567
523781406 801234567
523781640 801234567
523784016 801234567
523784160 801234567
523784601 801234567
523786041 801234567
523786104 801234567
523786410 801234567
523801476 801234567
523801647 801234567
523801764 801234567
523804167 801234567
523804671 801234567
523804716 801234567
523806174 801234567
523806417 801234567
523806741 801234567
523807146 801234567
523807461 801234567
523807614 801234567
523810467 801234567
523810674 801234567
523810746 801234567
523814076 801234567
523814607 801234567
523814760 801234567
523816047 801234567
523816470 801234567
523816704 801234567
523817064 801234567
523817406 801234567
523817640 801234567
523840176 801234567
523840617 801234567
523840761 801234567
523841067 801234567
523841670 801234567
523841706 801234567
523846071 801234567
523846107 801234567
523846710 801234567
523847016 801234567
523847160 801234567
523847601 801234567
523860147 801234567
523860471 801234567
523860714 801234567
523861074 801234567
523861407 801234567
523861740 801234567
523864017 801234567
523864170 801234567
523864701 801234567
523867041 801234567
523867104 801234567
523867410 801234567
523870164 801234567
523870416 801234567
523870641 801234567
523871046 801234567
523871460 801234567
523871604 801234567
523874061 801234567
523874106 801234567
523874610 801234567
523876014 801234567
523876140 801234567
523876401 801234567
524013687 801234567
524013768 801234567
524013876 801234567
524016378 801234567
524016783 801234567
524016837 801234567
524017386 801234567
524017638 801234567
524017863 801234567
524018367 801234567
524018673 801234567
524018736 801234567
524031678 801234567
524031786 801234567
524031867 801234567
524036187 801234567
524036718 801234567
524036871 801234567
524037168 801234567
524037681 801234567
524037816 801234567
524038176 801234567
524038617 801234567
524038761 801234567
524061387 801234567
524061738 801234567
524061873 801234567
524063178 801234567
524063781 801234567
524063817 801234567
524067183 801234567
524067318 801234567
524067831 801234567
524068137 801234567
524068371 801234567
524068713 801234567
524071368 801234567
524071683 801234567
524071836 801234567
524073186 801234567
524073618 801234567
524073861 801234567
524076138 801234567
524076381 801234567
524076813 801234567
524078163 801234567
524078316 801234567
524078631 801234567
524081376 801234567
524081637 801234567
524081763 801234567
524083167 801234567
524083671 801234567
524083716 801234567
524086173 801234567
524086317 801234567
524086731 801234567
524087136 801234567
524087361 801234567
524087613 801234567
524103678 801234567
524103786 801234567
524103867 801234567
524106387 801234567
524106738 801234567
524106873 801234567
524107368 801234567
524107683 801234567
524107836 801234567
524108376 801234567
524108637 801234567
524108763 801234567
524130687 801234567
524130768 801234567
524130876 801234567
524136078 801234567
524136780 801234567
524136807 801234567
524137086 801234567
524137608 801234567
524137860 801234567
524138067 801234567
524138670 801234567
524138706 801234567
524160378 801234567
524160783 801234567
524160837 801234567
524163087 801234567
524163708 801234567
524163870 801234567
524167038 801234567
524167380 801234567
524167803 801234567
524168073 801234567
524168307 801234567
524168730 801234567
524170386 801234567
524170638 801234567
524170863 801234567
524173068 801234567
524173680 801234567
524173806 801234567
524176083 801234567
524176308 801234567
524176830 801234567
524178036 801234567
524178360 801234567
524178603 801234567
524180367 801234567
524180673 801234567
524180736 801234567
524183076 801234567
524183607 801234567
524183760 801234567
524186037 801234567
524186370 801234567
524186703 801234567
524187063 801234567
524187306 801234567
524187630 801234567
524301687 801234567
524301768 801234567
524301876 801234567
524306178 801234567
524306781 801234567
524306817 801234567
524307186 801234567
524307618 801234567
524307861 801234567
524308167 801234567
524308671 801234567
524308716 801234567
524310678 801234567
524310786 801234567
524310867 801234567
524316087 801234567
524316708 801234567
524316870 801234567
524317068 801234567
524317680 801234567
524317806 801234567
524318076 801234567
524318607 801234567
524318760 801234567
524360187 801234567
524360718 801234567
524360871 801234567
524361078 801234567
524361780 801234567
524361807 801234567
524367081 801234567
524367108 801234567
524367810 801234567
524368017 801234567
524368170 801234567
524368701 801234567
524370168 801234567
524370681 801234567
524370816 801234567
524371086 801234567
524371608 801234567
524371860 801234567
524376018 801234567
524376180 801234567
524376801 801234567
524378061 801234567
524378106 801234567
524378610 801234567
524380176 801234567
524380617 801234567
524380761 801234567
524381067 801234567
524381670 801234567
524381706 801234567
524386071 801234567
524386107 801234567
524386710 801234567
524387016 801234567
524387160 801234567
524387601 801234567
524601378 801234567
524601783 801234567
524601837 801234567
524603187 801234567
524603718 801234567
524603871 801234567
524607138 801234567
524607381 801234567
524607813 801234567
524608173 801234567
524608317 801234567
524608731 801234567
524610387 801234567
524610738 801234567
524610873 801234567
524613078 801234567
524613780 801234567
524613807 801234567
524617083 801234567
524617308 801234567
524617830 801234567
524618037 801234567
524618370 801234567
524618703 801234567
524630178 801234567
524630781 801234567
524630817 801234567
524631087 801234567
524631708 801234567
524631870 801234567
524637018 801234567
524637180 801234567
524637801 801234567
524638071 801234567
524638107 801234567
524638710 801234567
524670183 801234567
524670318 801234567
524670831 801234567
524671038 801234567
524671380 801234567
524671803 801234567
524673081 801234567
524673108 801234567
524673810 801234567
524678013 801234567
524678130 801234567
524678301 801234567
524680137 801234567
524680371 801234567
524680713 801234567
524681073 801234567
524681307 801234567
524681730 801234567
524683017 801234567
524683170 801234567
524683701 801234567
524687031 801234567
524687103 801234567
524687310 801234567
524701386 801234567
524701638 801234567
524701863 801234567
524703168 801234567
524703681 801234567
524703816 801234567
524706183 801234567
524706318 801234567
524706831 801234567
524708136 801234567
524708361 801234567
524708613 801234567
524710368 801234567
524710683 801234567
524710836 801234567
524713086 801234567
524713608 801234567
524713860 801234567
524716038 801234567
524716380 801234567
524716803 801234567
524718063 801234567
524718306 801234567
524718630 801234567
524730186 801234567
524730618 801234567
524730861 801234567
524731068 801234567
524731680 801234567
524731806 801234567
524736081 801234567
524736108 801234567
524736810 801234567
524738016 801234567
524738160 801234567
524738601 801234567
524760138 801234567
524760381 801234567
524760813 801234567
524761083 801234567
524761308 801234567
524761830 801234567
524763018 801234567
524763180 801234567
524763801 801234567
524768031 801234567
524768103 801234567
524768310 801234567
524780163 801234567
524780316 801234567
524780631 801234567
524781036 801234567
524781360 801234567
524781603 801234567
524783061 801234567
524783106 801234567
524783610 801234567
524786013 801234567
524786130 801234567
524786301 801234567
524801367 801234567
524801673 801234567
524801736 801234567
524803176 801234567
524803617 801234567
524803761 801234567
524806137 801234567
524806371 801234567
524806713 801234567
524807163 801234567
524807316 801234567
524807631 801234567
524810376 801234567
524810637 801234567
524810763 801234567
524813067 801234567
524813670 801234567
524813706 801234567
524816073 801234567
524816307 801234567
524816730 801234567
524817036 801234567
524817360 801234567
524817603 801234567
524830167 801234567
524830671 801234567
524830716 801234567
524831076 801234567
524831607 801234567
524831760 801234567
524836017 801234567
524836170 801234567
524836701 801234567
524837061 801234567
524837106 801234567
524837610 801234567
524860173 801234567
524860317 801234567
524860731 801234567
524861037 801234567
524861370 801234567
524861703 801234567
524863071 801234567
524863107 801234567
524863710 801234567
524867013 801234567
524867130 801234567
524867301 801234567
524870136 801234567
524870361 801234567
524870613 801234567
524871063 801234567
524871306 801234567
524871630 801234567
524873016 801234567
524873160 801234567
524873601 801234567
524876031 801234567
524876103 801234567
524876310 801234567
526013478 801234567
526013784 801234567
526013847 801234567
526014387 801234567
526014738 801234567
