482701563 801234567
482701635 801234567
482703165 801234567
482703516 801234567
482703651 801234567
482705136 801234567
482705361 801234567
482705613 801234567
482706153 801234567
482706315 801234567
482706531 801234567
482710365 801234567
482710536 801234567
482710653 801234567
482713056 801234567
482713560 801234567
482713605 801234567
482715063 801234567
482715306 801234567
482715630 801234567
482716035 801234567
482716350 801234567
482716503 801234567
482730156 801234567
482730561 801234567
482730615 801234567
482731065 801234567
482731506 801234567
482731650 801234567
482735016 801234567
482735160 801234567
482735601 801234567
482736051 801234567
482736105 801234567
482736510 801234567
482750163 801234567
482750316 801234567
482750631 801234567
482751036 801234567
482751360 801234567
482751603 801234567
482753061 801234567
482753106 801234567
482753610 801234567
482756013 801234567
482756130 801234567
482756301 801234567
482760135 801234567
482760351 801234567
482760513 801234567
482761053 801234567
482761305 801234567
482761530 801234567
482763015 801234567
482763150 801234567
482763501 801234567
482765031 801234567
482765103 801234567
482765310 801234567
483012567 801234567
483012675 801234567
483012756 801234567
483015276 801234567
483015627 801234567
483015762 801234567
483016257 801234567
483016572 801234567
483016725 801234567
483017265 801234567
483017526 801234567
483017652 801234567
483021576 801234567
483021657 801234567
483021765 801234567
483025167 801234567
483025671 801234567
483025716 801234567
483026175 801234567
483026517 801234567
483026751 801234567
483027156 801234567
483027561 801234567
483027615 801234567
483051267 801234567
483051672 801234567
483051726 801234567
483052176 801234567
483052617 801234567
483052761 801234567
483056127 801234567
483056271 801234567
483056712 801234567
483057162 801234567
483057216 801234567
483057621 801234567
483061275 801234567
483061527 801234567
483061752 801234567
483062157 801234567
483062571 801234567
483062715 801234567
483065172 801234567
483065217 801234567
483065721 801234567
483067125 801234567
483067251 801234567
483067512 801234567
483071256 801234567
483071562 801234567
483071625 801234567
483072165 801234567
483072516 801234567
483072651 801234567
483075126 801234567
483075261 801234567
483075612 801234567
483076152 801234567
483076215 801234567
483076521 801234567
483102576 801234567
483102657 801234567
483102765 801234567
483105267 801234567
483105672 801234567
483105726 801234567
483106275 801234567
483106527 801234567
483106752 801234567
483107256 801234567
483107562 801234567
483107625 801234567
483120567 801234567
483120675 801234567
483120756 801234567
483125076 801234567
483125607 801234567
483125760 801234567
483126057 801234567
483126570 801234567
483126705 801234567
483127065 801234567
483127506 801234567
483127650 801234567
483150276 801234567
483150627 801234567
483150762 801234567
483152067 801234567
483152670 801234567
483152706 801234567
483156072 801234567
483156207 801234567
483156720 801234567
483157026 801234567
483157260 801234567
483157602 801234567
483160257 801234567
483160572 801234567
483160725 801234567
483162075 801234567
483162507 801234567
483162750 801234567
483165027 801234567
483165270 801234567
483165702 801234567
483167052 801234567
483167205 801234567
483167520 801234567
483170265 801234567
483170526 801234567
483170652 801234567
483172056 801234567
483172560 801234567
483172605 801234567
483175062 801234567
483175206 801234567
483175620 801234567
483176025 801234567
483176250 801234567
483176502 801234567
483201567 801234567
483201675 801234567
483201756 801234567
483205176 801234567
483205617 801234567
483205761 801234567
483206157 801234567
483206571 801234567
483206715 801234567
483207165 801234567
483207516 801234567
483207651 801234567
483210576 801234567
483210657 801234567
483210765 801234567
483215067 801234567
483215670 801234567
483215706 801234567
483216075 801234567
483216507 801234567
483216750 801234567
483217056 801234567
483217560 801234567
483217605 801234567
483250167 801234567
483250671 801234567
483250716 801234567
483251076 801234567
483251607 801234567
483251760 801234567
483256017 801234567
483256170 801234567
483256701 801234567
483257061 801234567
483257106 801234567
483257610 801234567
483260175 801234567
483260517 801234567
483260751 801234567
483261057 801234567
483261570 801234567
483261705 801234567
483265071 801234567
483265107 801234567
483265710 801234567
483267015 801234567
483267150 801234567
483267501 801234567
483270156 801234567
483270561 801234567
483270615 801234567
483271065 801234567
483271506 801234567
483271650 801234567
483275016 801234567
483275160 801234567
483275601 801234567
483276051 801234567
483276105 801234567
483276510 801234567
483501276 801234567
483501627 801234567
483501762 801234567
483502167 801234567
483502671 801234567
483502716 801234567
483506172 801234567
483506217 801234567
483506721 801234567
483507126 801234567
483507261 801234567
483507612 801234567
483510267 801234567
483510672 801234567
483510726 801234567
483512076 801234567
483512607 801234567
483512760 801234567
483516027 801234567
483516270 801234567
483516702 801234567
483517062 801234567
483517206 801234567
483517620 801234567
483520176 801234567
483520617 801234567
483520761 801234567
483521067 801234567
483521670 801234567
483521706 801234567
483526071 801234567
483526107 801234567
483526710 801234567
483527016 801234567
483527160 801234567
483527601 801234567
483560127 801234567
483560271 801234567
483560712 801234567
483561072 801234567
483561207 801234567
483561720 801234567
483562017 801234567
483562170 801234567
483562701 801234567
483567021 801234567
483567102 801234567
483567210 801234567
483570162 801234567
483570216 801234567
483570621 801234567
483571026 801234567
483571260 801234567
483571602 801234567
483572061 801234567
483572106 801234567
483572610 801234567
483576012 801234567
483576120 801234567
483576201 801234567
483601257 801234567
483601572 801234567
483601725 801234567
483602175 801234567
483602517 801234567
483602751 801234567
483605127 801234567
483605271 801234567
483605712 801234567
483607152 801234567
483607215 801234567
483607521 801234567
483610275 801234567
483610527 801234567
483610752 801234567
483612057 801234567
483612570 801234567
483612705 801234567
483615072 801234567
483615207 801234567
483615720 801234567
483617025 801234567
483617250 801234567
483617502 801234567
483620157 801234567
483620571 801234567
483620715 801234567
483621075 801234567
483621507 801234567
483621750 801234567
483625017 801234567
483625170 801234567
483625701 801234567
483627051 801234567
483627105 801234567
483627510 801234567
483650172 801234567
483650217 801234567
483650721 801234567
483651027 801234567
483651270 801234567
483651702 801234567
483652071 801234567
483652107 801234567
483652710 801234567
483657012 801234567
483657120 801234567
483657201 801234567
483670125 801234567
483670251 801234567
483670512 801234567
483671052 801234567
483671205 801234567
483671520 801234567
483672015 801234567
483672150 801234567
483672501 801234567
483675021 801234567
483675102 801234567
483675210 801234567
483701265 801234567
483701526 801234567
483701652 801234567
483702156 801234567
483702561 801234567
483702615 801234567
483705162 801234567
483705216 801234567
483705621 801234567
483706125 801234567
483706251 801234567
483706512 801234567
483710256 801234567
483710562 801234567
483710625 801234567
483712065 801234567
483712506 801234567
483712650 801234567
483715026 801234567
483715260 801234567
483715602 801234567
483716052 801234567
483716205 801234567
483716520 801234567
483720165 801234567
483720516 801234567
483720651 801234567
483721056 801234567
483721560 801234567
483721605 801234567
483725061 801234567
483725106 801234567
483725610 801234567
483726015 801234567
483726150 801234567
483726501 801234567
483750126 801234567
483750261 801234567
483750612 801234567
483751062 801234567
483751206 801234567
483751620 801234567
483752016 801234567
483752160 801234567
483752601 801234567
483756021 801234567
483756102 801234567
483756210 801234567
483760152 801234567
483760215 801234567
483760521 801234567
483761025 801234567
483761250 801234567
483761502 801234567
483762051 801234567
483762105 801234567
483762510 801234567
483765012 801234567
483765120 801234567
483765201 801234567
485012376 801234567
485012637 801234567
485012763 801234567
485013267 801234567
485013672 801234567
485013726 801234567
485016273 801234567
485016327 801234567
485016732 801234567
485017236 801234567
485017362 801234567
485017623 801234567
485021367 801234567
485021673 801234567
485021736 801234567
485023176 801234567
485023617 801234567
485023761 801234567
485026137 801234567
485026371 801234567
485026713 801234567
485027163 801234567
485027316 801234567
485027631 801234567
485031276 801234567
485031627 801234567
485031762 801234567
485032167 801234567
485032671 801234567
485032716 801234567
485036172 801234567
485036217 801234567
485036721 801234567
485037126 801234567
485037261 801234567
485037612 801234567
485061237 801234567
485061372 801234567
485061723 801234567
485062173 801234567
485062317 801234567
485062731 801234567
485063127 801234567
485063271 801234567
485063712 801234567
485067132 801234567
485067213 801234567
485067321 801234567
485071263 801234567
485071326 801234567
485071632 801234567
485072136 801234567
485072361 801234567
485072613 801234567
485073162 801234567
485073216 801234567
485073621 801234567
485076123 801234567
485076231 801234567
485076312 801234567
485102367 801234567
485102673 801234567
485102736 801234567
485103276 801234567
485103627 801234567
485103762 801234567
485106237 801234567
485106372 801234567
485106723 801234567
485107263 801234567
485107326 801234567
485107632 801234567
485120376 801234567
485120637 801234567
485120763 801234567
485123067 801234567
485123670 801234567
485123706 801234567
485126073 801234567
485126307 801234567
