345701682 801234567
345701826 801234567
345702186 801234567
345702618 801234567
345702861 801234567
345706128 801234567
345706281 801234567
345706812 801234567
345708162 801234567
345708216 801234567
345708621 801234567
345710286 801234567
345710628 801234567
345710862 801234567
345712068 801234567
345712680 801234567
345712806 801234567
345716082 801234567
345716208 801234567
345716820 801234567
345718026 801234567
345718260 801234567
345718602 801234567
345720168 801234567
345720681 801234567
345720816 801234567
345721086 801234567
345721608 801234567
345721860 801234567
345726018 801234567
345726180 801234567
345726801 801234567
345728061 801234567
345728106 801234567
345728610 801234567
345760182 801234567
345760218 801234567
345760821 801234567
345761028 801234567
345761280 801234567
345761802 801234567
345762081 801234567
345762108 801234567
345762810 801234567
345768012 801234567
345768120 801234567
345768201 801234567
345780126 801234567
345780261 801234567
345780612 801234567
345781062 801234567
345781206 801234567
345781620 801234567
345782016 801234567
345782160 801234567
345782601 801234567
345786021 801234567
345786102 801234567
345786210 801234567
345801276 801234567
345801627 801234567
345801762 801234567
345802167 801234567
345802671 801234567
345802716 801234567
345806172 801234567
345806217 801234567
345806721 801234567
345807126 801234567
345807261 801234567
345807612 801234567
345810267 801234567
345810672 801234567
345810726 801234567
345812076 801234567
345812607 801234567
345812760 801234567
345816027 801234567
345816270 801234567
345816702 801234567
345817062 801234567
345817206 801234567
345817620 801234567
345820176 801234567
345820617 801234567
345820761 801234567
345821067 801234567
345821670 801234567
345821706 801234567
345826071 801234567
345826107 801234567
345826710 801234567
345827016 801234567
345827160 801234567
345827601 801234567
345860127 801234567
345860271 801234567
345860712 801234567
345861072 801234567
345861207 801234567
345861720 801234567
345862017 801234567
345862170 801234567
345862701 801234567
345867021 801234567
345867102 801234567
345867210 801234567
345870162 801234567
345870216 801234567
345870621 801234567
345871026 801234567
345871260 801234567
345871602 801234567
345872061 801234567
345872106 801234567
345872610 801234567
345876012 801234567
345876120 801234567
345876201 801234567
346012587 801234567
346012758 801234567
346012875 801234567
346015278 801234567
346015782 801234567
346015827 801234567
346017285 801234567
346017528 801234567
346017852 801234567
346018257 801234567
346018572 801234567
346018725 801234567
346021578 801234567
346021785 801234567
346021857 801234567
346025187 801234567
346025718 801234567
346025871 801234567
346027158 801234567
346027581 801234567
346027815 801234567
346028175 801234567
346028517 801234567
346028751 801234567
346051287 801234567
346051728 801234567
346051872 801234567
346052178 801234567
346052781 801234567
346052817 801234567
346057182 801234567
346057218 801234567
346057821 801234567
346058127 801234567
346058271 801234567
346058712 801234567
346071258 801234567
346071582 801234567
346071825 801234567
346072185 801234567
346072518 801234567
346072851 801234567
346075128 801234567
346075281 801234567
346075812 801234567
346078152 801234567
346078215 801234567
346078521 801234567
346081275 801234567
346081527 801234567
346081752 801234567
346082157 801234567
346082571 801234567
346082715 801234567
346085172 801234567
346085217 801234567
346085721 801234567
346087125 801234567
346087251 801234567
346087512 801234567
346102578 801234567
346102785 801234567
346102857 801234567
346105287 801234567
346105728 801234567
346105872 801234567
346107258 801234567
346107582 801234567
346107825 801234567
346108275 801234567
346108527 801234567
346108752 801234567
346120587 801234567
346120758 801234567
346120875 801234567
346125078 801234567
346125780 801234567
346125807 801234567
346127085 801234567
346127508 801234567
346127850 801234567
346128057 801234567
346128570 801234567
346128705 801234567
346150278 801234567
346150782 801234567
346150827 801234567
346152087 801234567
346152708 801234567
346152870 801234567
346157028 801234567
346157280 801234567
346157802 801234567
346158072 801234567
346158207 801234567
346158720 801234567
346170285 801234567
346170528 801234567
346170852 801234567
346172058 801234567
346172580 801234567
346172805 801234567
346175082 801234567
346175208 801234567
346175820 801234567
346178025 801234567
346178250 801234567
346178502 801234567
346180257 801234567
346180572 801234567
346180725 801234567
346182075 801234567
346182507 801234567
346182750 801234567
346185027 801234567
346185270 801234567
346185702 801234567
346187052 801234567
346187205 801234567
346187520 801234567
346201587 801234567
346201758 801234567
346201875 801234567
346205178 801234567
346205781 801234567
346205817 801234567
346207185 801234567
346207518 801234567
346207851 801234567
346208157 801234567
346208571 801234567
346208715 801234567
346210578 801234567
346210785 801234567
346210857 801234567
346215087 801234567
346215708 801234567
346215870 801234567
346217058 801234567
346217580 801234567
346217805 801234567
346218075 801234567
346218507 801234567
346218750 801234567
346250187 801234567
346250718 801234567
346250871 801234567
346251078 801234567
346251780 801234567
346251807 801234567
346257081 801234567
346257108 801234567
346257810 801234567
346258017 801234567
346258170 801234567
346258701 801234567
346270158 801234567
346270581 801234567
346270815 801234567
346271085 801234567
346271508 801234567
346271850 801234567
346275018 801234567
346275180 801234567
346275801 801234567
346278051 801234567
346278105 801234567
346278510 801234567
346280175 801234567
346280517 801234567
346280751 801234567
346281057 801234567
346281570 801234567
346281705 801234567
346285071 801234567
346285107 801234567
346285710 801234567
346287015 801234567
346287150 801234567
346287501 801234567
346501278 801234567
346501782 801234567
346501827 801234567
346502187 801234567
346502718 801234567
346502871 801234567
346507128 801234567
346507281 801234567
346507812 801234567
346508172 801234567
346508217 801234567
346508721 801234567
346510287 801234567
346510728 801234567
346510872 801234567
346512078 801234567
346512780 801234567
346512807 801234567
346517082 801234567
346517208 801234567
346517820 801234567
346518027 801234567
346518270 801234567
346518702 801234567
346520178 801234567
346520781 801234567
346520817 801234567
346521087 801234567
346521708 801234567
346521870 801234567
346527018 801234567
346527180 801234567
346527801 801234567
346528071 801234567
346528107 801234567
346528710 801234567
346570182 801234567
346570218 801234567
346570821 801234567
346571028 801234567
346571280 801234567
346571802 801234567
346572081 801234567
346572108 801234567
346572810 801234567
346578012 801234567
346578120 801234567
346578201 801234567
346580127 801234567
346580271 801234567
346580712 801234567
346581072 801234567
346581207 801234567
346581720 801234567
346582017 801234567
346582170 801234567
346582701 801234567
346587021 801234567
346587102 801234567
346587210 801234567
346701285 801234567
346701528 801234567
346701852 801234567
346702158 801234567
346702581 801234567
346702815 801234567
346705182 801234567
346705218 801234567
346705821 801234567
346708125 801234567
346708251 801234567
346708512 801234567
346710258 801234567
346710582 801234567
346710825 801234567
346712085 801234567
346712508 801234567
346712850 801234567
346715028 801234567
346715280 801234567
346715802 801234567
346718052 801234567
346718205 801234567
346718520 801234567
346720185 801234567
346720518 801234567
346720851 801234567
346721058 801234567
346721580 801234567
346721805 801234567
346725081 801234567
346725108 801234567
346725810 801234567
346728015 801234567
346728150 801234567
346728501 801234567
346750128 801234567
346750281 801234567
346750812 801234567
346751082 801234567
346751208 801234567
346751820 801234567
346752018 801234567
346752180 801234567
346752801 801234567
346758021 801234567
346758102 801234567
346758210 801234567
346780152 801234567
346780215 801234567
346780521 801234567
346781025 801234567
346781250 801234567
346781502 801234567
346782051 801234567
346782105 801234567
346782510 801234567
346785012 801234567
346785120 801234567
346785201 801234567
346801257 801234567
346801572 801234567
346801725 801234567
346802175 801234567
346802517 801234567
346802751 801234567
346805127 801234567
346805271 801234567
346805712 801234567
346807152 801234567
346807215 801234567
346807521 801234567
346810275 801234567
346810527 801234567
346810752 801234567
346812057 801234567
346812570 801234567
346812705 801234567
346815072 801234567
346815207 801234567
346815720 801234567
346817025 801234567
346817250 801234567
346817502 801234567
346820157 801234567
346820571 801234567
346820715 801234567
346821075 801234567
346821507 801234567
346821750 801234567
346825017 801234567
346825170 801234567
346825701 801234567
346827051 801234567
346827105 801234567
346827510 801234567
346850172 801234567
346850217 801234567
346850721 801234567
346851027 801234567
346851270 801234567
346851702 801234567
346852071 801234567
346852107 801234567
346852710 801234567
346857012 801234567
346857120 801234567
346857201 801234567
346870125 801234567
346870251 801234567
346870512 801234567
346871052 801234567
346871205 801234567
346871520 801234567
346872015 801234567
346872150 801234567
346872501 801234567
346875021 801234567
346875102 801234567
346875210 801234567
347012568 801234567
347012685 801234567
347012856 801234567
347015286 801234567
347015628 801234567
347015862 801234567
347016258 801234567
347016582 801234567
347016825 801234567
347018265 801234567
347018526 801234567
347018652 801234567
347021586 801234567
347021658 801234567
347021865 801234567
347025168 801234567
347025681 801234567
347025816 801234567
347026185 801234567
347026518 801234567
