857146302 801234567
857160234 801234567
857160342 801234567
857160423 801234567
857162043 801234567
857162304 801234567
857162430 801234567
857163024 801234567
857163240 801234567
857163402 801234567
857164032 801234567
857164203 801234567
857164320 801234567
857201364 801234567
857201436 801234567
857201643 801234567
857203146 801234567
857203461 801234567
857203614 801234567
857204163 801234567
857204316 801234567
857204631 801234567
857206134 801234567
857206341 801234567
857206413 801234567
857210346 801234567
857210463 801234567
857210634 801234567
857213064 801234567
857213406 801234567
857213640 801234567
857214036 801234567
857214360 801234567
857214603 801234567
857216043 801234567
857216304 801234567
857216430 801234567
857230164 801234567
857230416 801234567
857230641 801234567
857231046 801234567
857231460 801234567
857231604 801234567
857234061 801234567
857234106 801234567
857234610 801234567
857236014 801234567
857236140 801234567
857236401 801234567
857240136 801234567
857240361 801234567
857240613 801234567
857241063 801234567
857241306 801234567
857241630 801234567
857243016 801234567
857243160 801234567
857243601 801234567
857246031 801234567
857246103 801234567
857246310 801234567
857260143 801234567
857260314 801234567
857260431 801234567
857261034 801234567
857261340 801234567
857261403 801234567
857263041 801234567
857263104 801234567
857263410 801234567
857264013 801234567
857264130 801234567
857264301 801234567
857301246 801234567
857301462 801234567
857301624 801234567
857302164 801234567
857302416 801234567
857302641 801234567
857304126 801234567
857304261 801234567
857304612 801234567
857306142 801234567
857306214 801234567
857306421 801234567
857310264 801234567
857310426 801234567
857310642 801234567
857312046 801234567
857312460 801234567
857312604 801234567
857314062 801234567
857314206 801234567
857314620 801234567
857316024 801234567
857316240 801234567
857316402 801234567
857320146 801234567
857320461 801234567
857320614 801234567
857321064 801234567
857321406 801234567
857321640 801234567
857324016 801234567
857324160 801234567
857324601 801234567
857326041 801234567
857326104 801234567
857326410 801234567
857340162 801234567
857340216 801234567
857340621 801234567
857341026 801234567
857341260 801234567
857341602 801234567
857342061 801234567
857342106 801234567
857342610 801234567
857346012 801234567
857346120 801234567
857346201 801234567
857360124 801234567
857360241 801234567
857360412 801234567
857361042 801234567
857361204 801234567
857361420 801234567
857362014 801234567
857362140 801234567
857362401 801234567
857364021 801234567
857364102 801234567
857364210 801234567
857401263 801234567
857401326 801234567
857401632 801234567
857402136 801234567
857402361 801234567
857402613 801234567
857403162 801234567
857403216 801234567
857403621 801234567
857406123 801234567
857406231 801234567
857406312 801234567
857410236 801234567
857410362 801234567
857410623 801234567
857412063 801234567
857412306 801234567
857412630 801234567
857413026 801234567
857413260 801234567
857413602 801234567
857416032 801234567
857416203 801234567
857416320 801234567
857420163 801234567
857420316 801234567
857420631 801234567
857421036 801234567
857421360 801234567
857421603 801234567
857423061 801234567
857423106 801234567
857423610 801234567
857426013 801234567
857426130 801234567
857426301 801234567
857430126 801234567
857430261 801234567
857430612 801234567
857431062 801234567
857431206 801234567
857431620 801234567
857432016 801234567
857432160 801234567
857432601 801234567
857436021 801234567
857436102 801234567
857436210 801234567
857460132 801234567
857460213 801234567
857460321 801234567
857461023 801234567
857461230 801234567
857461302 801234567
857462031 801234567
857462103 801234567
857462310 801234567
857463012 801234567
857463120 801234567
857463201 801234567
857601234 801234567
857601342 801234567
857601423 801234567
857602143 801234567
857602314 801234567
857602431 801234567
857603124 801234567
857603241 801234567
857603412 801234567
857604132 801234567
857604213 801234567
857604321 801234567
857610243 801234567
857610324 801234567
857610432 801234567
857612034 801234567
857612340 801234567
857612403 801234567
857613042 801234567
857613204 801234567
857613420 801234567
857614023 801234567
857614230 801234567
857614302 801234567
857620134 801234567
857620341 801234567
857620413 801234567
857621043 801234567
857621304 801234567
857621430 801234567
857623014 801234567
857623140 801234567
857623401 801234567
857624031 801234567
857624103 801234567
857624310 801234567
857630142 801234567
857630214 801234567
857630421 801234567
857631024 801234567
857631240 801234567
857631402 801234567
857632041 801234567
857632104 801234567
857632410 801234567
857634012 801234567
857634120 801234567
857634201 801234567
857640123 801234567
857640231 801234567
857640312 801234567
857641032 801234567
857641203 801234567
857641320 801234567
857642013 801234567
857642130 801234567
857642301 801234567
857643021 801234567
857643102 801234567
857643210 801234567
860123457 801234567
860123574 801234567
860123745 801234567
860124375 801234567
860124537 801234567
860124753 801234567
860125347 801234567
860125473 801234567
860125734 801234567
860127354 801234567
860127435 801234567
860127543 801234567
860132475 801234567
860132547 801234567
860132754 801234567
860134257 801234567
860134572 801234567
860134725 801234567
860135274 801234567
860135427 801234567
860135742 801234567
860137245 801234567
860137452 801234567
860137524 801234567
860142357 801234567
860142573 801234567
860142735 801234567
860143275 801234567
860143527 801234567
860143752 801234567
860145237 801234567
860145372 801234567
860145723 801234567
860147253 801234567
860147325 801234567
860147532 801234567
860152374 801234567
860152437 801234567
860152743 801234567
860153247 801234567
860153472 801234567
860153724 801234567
860154273 801234567
860154327 801234567
860154732 801234567
860157234 801234567
860157342 801234567
860157423 801234567
860172345 801234567
860172453 801234567
860172534 801234567
860173254 801234567
860173425 801234567
860173542 801234567
860174235 801234567
860174352 801234567
860174523 801234567
860175243 801234567
860175324 801234567
860175432 801234567
860213475 801234567
860213547 801234567
860213754 801234567
860214357 801234567
860214573 801234567
860214735 801234567
860215374 801234567
860215437 801234567
860215743 801234567
860217345 801234567
860217453 801234567
860217534 801234567
860231457 801234567
860231574 801234567
860231745 801234567
860234175 801234567
860234517 801234567
860234751 801234567
860235147 801234567
860235471 801234567
860235714 801234567
860237154 801234567
860237415 801234567
860237541 801234567
860241375 801234567
860241537 801234567
860241753 801234567
860243157 801234567
860243571 801234567
860243715 801234567
860245173 801234567
860245317 801234567
860245731 801234567
860247135 801234567
860247351 801234567
860247513 801234567
860251347 801234567
860251473 801234567
860251734 801234567
860253174 801234567
860253417 801234567
860253741 801234567
860254137 801234567
860254371 801234567
860254713 801234567
860257143 801234567
860257314 801234567
860257431 801234567
860271354 801234567
860271435 801234567
860271543 801234567
860273145 801234567
860273451 801234567
860273514 801234567
860274153 801234567
860274315 801234567
860274531 801234567
860275134 801234567
860275341 801234567
860275413 801234567
860312457 801234567
860312574 801234567
860312745 801234567
860314275 801234567
860314527 801234567
860314752 801234567
860315247 801234567
860315472 801234567
860315724 801234567
860317254 801234567
860317425 801234567
860317542 801234567
860321475 801234567
860321547 801234567
860321754 801234567
860324157 801234567
860324571 801234567
860324715 801234567
860325174 801234567
860325417 801234567
860325741 801234567
860327145 801234567
860327451 801234567
860327514 801234567
860341257 801234567
860341572 801234567
860341725 801234567
860342175 801234567
860342517 801234567
860342751 801234567
860345127 801234567
860345271 801234567
860345712 801234567
860347152 801234567
860347215 801234567
860347521 801234567
860351274 801234567
860351427 801234567
860351742 801234567
860352147 801234567
860352471 801234567
860352714 801234567
860354172 801234567
860354217 801234567
860354721 801234567
860357124 801234567
860357241 801234567
860357412 801234567
860371245 801234567
860371452 801234567
860371524 801234567
860372154 801234567
860372415 801234567
860372541 801234567
860374125 801234567
860374251 801234567
860374512 801234567
860375142 801234567
860375214 801234567
860375421 801234567
860412375 801234567
860412537 801234567
860412753 801234567
860413257 801234567
860413572 801234567
860413725 801234567
860415273 801234567
860415327 801234567
860415732 801234567
860417235 801234567
860417352 801234567
860417523 801234567
860421357 801234567
860421573 801234567
860421735 801234567
860423175 801234567
860423517 801234567
860423751 801234567
860425137 801234567
860425371 801234567
860425713 801234567
860427153 801234567
860427315 801234567
860427531 801234567
860431275 801234567
860431527 801234567
860431752 801234567
860432157 801234567
860432571 801234567
860432715 801234567
860435172 801234567
860435217 801234567
860435721 801234567
860437125 801234567
860437251 801234567
860437512 801234567
860451237 801234567
860451372 801234567
860451723 801234567
860452173 801234567
860452317 801234567
860452731 801234567
860453127 801234567
860453271 801234567
860453712 801234567
860457132 801234567
860457213 801234567
860457321 801234567
860471253 801234567
860471325 801234567
860471532 801234567
860472135 801234567
860472351 801234567
860472513 801234567
860473152 801234567
860473215 801234567
860473521 801234567
860475123 801234567
860475231 801234567
860475312 801234567
860512347 801234567
860512473 801234567
860512734 801234567
860513274 801234567
860513427 801234567
860513742 801234567
