265047318 801234567
265047831 801234567
265048137 801234567
265048371 801234567
265048713 801234567
265071348 801234567
265071483 801234567
265071834 801234567
265073184 801234567
265073418 801234567
265073841 801234567
265074138 801234567
265074381 801234567
265074813 801234567
265078143 801234567
265078314 801234567
265078431 801234567
265081374 801234567
265081437 801234567
265081743 801234567
265083147 801234567
265083471 801234567
265083714 801234567
265084173 801234567
265084317 801234567
265084731 801234567
265087134 801234567
265087341 801234567
265087413 801234567
265103478 801234567
265103784 801234567
265103847 801234567
265104387 801234567
265104738 801234567
265104873 801234567
265107348 801234567
265107483 801234567
265107834 801234567
265108374 801234567
265108437 801234567
265108743 801234567
265130487 801234567
265130748 801234567
265130874 801234567
265134078 801234567
265134780 801234567
265134807 801234567
265137084 801234567
265137408 801234567
265137840 801234567
265138047 801234567
265138470 801234567
265138704 801234567
265140378 801234567
265140783 801234567
265140837 801234567
265143087 801234567
265143708 801234567
265143870 801234567
265147038 801234567
265147380 801234567
265147803 801234567
265148073 801234567
265148307 801234567
265148730 801234567
265170384 801234567
265170438 801234567
265170843 801234567
265173048 801234567
265173480 801234567
265173804 801234567
265174083 801234567
265174308 801234567
265174830 801234567
265178034 801234567
265178340 801234567
265178403 801234567
265180347 801234567
265180473 801234567
265180734 801234567
265183074 801234567
265183407 801234567
265183740 801234567
265184037 801234567
265184370 801234567
265184703 801234567
265187043 801234567
265187304 801234567
265187430 801234567
265301487 801234567
265301748 801234567
265301874 801234567
265304178 801234567
265304781 801234567
265304817 801234567
265307184 801234567
265307418 801234567
265307841 801234567
265308147 801234567
265308471 801234567
265308714 801234567
265310478 801234567
265310784 801234567
265310847 801234567
265314087 801234567
265314708 801234567
265314870 801234567
265317048 801234567
265317480 801234567
265317804 801234567
265318074 801234567
265318407 801234567
265318740 801234567
265340187 801234567
265340718 801234567
265340871 801234567
265341078 801234567
265341780 801234567
265341807 801234567
265347081 801234567
265347108 801234567
265347810 801234567
265348017 801234567
265348170 801234567
265348701 801234567
265370148 801234567
265370481 801234567
265370814 801234567
265371084 801234567
265371408 801234567
265371840 801234567
265374018 801234567
265374180 801234567
265374801 801234567
265378041 801234567
265378104 801234567
265378410 801234567
265380174 801234567
265380417 801234567
265380741 801234567
265381047 801234567
265381470 801234567
265381704 801234567
265384071 801234567
265384107 801234567
265384710 801234567
265387014 801234567
265387140 801234567
265387401 801234567
265401378 801234567
265401783 801234567
265401837 801234567
265403187 801234567
265403718 801234567
265403871 801234567
265407138 801234567
265407381 801234567
265407813 801234567
265408173 801234567
265408317 801234567
265408731 801234567
265410387 801234567
265410738 801234567
265410873 801234567
265413078 801234567
265413780 801234567
265413807 801234567
265417083 801234567
265417308 801234567
265417830 801234567
265418037 801234567
265418370 801234567
265418703 801234567
265430178 801234567
265430781 801234567
265430817 801234567
265431087 801234567
265431708 801234567
265431870 801234567
265437018 801234567
265437180 801234567
265437801 801234567
265438071 801234567
265438107 801234567
265438710 801234567
265470183 801234567
265470318 801234567
265470831 801234567
265471038 801234567
265471380 801234567
265471803 801234567
265473081 801234567
265473108 801234567
265473810 801234567
265478013 801234567
265478130 801234567
265478301 801234567
265480137 801234567
265480371 801234567
265480713 801234567
265481073 801234567
265481307 801234567
265481730 801234567
265483017 801234567
265483170 801234567
265483701 801234567
265487031 801234567
265487103 801234567
265487310 801234567
265701384 801234567
265701438 801234567
265701843 801234567
265703148 801234567
265703481 801234567
265703814 801234567
265704183 801234567
265704318 801234567
265704831 801234567
265708134 801234567
265708341 801234567
265708413 801234567
265710348 801234567
265710483 801234567
265710834 801234567
265713084 801234567
265713408 801234567
265713840 801234567
265714038 801234567
265714380 801234567
265714803 801234567
265718043 801234567
265718304 801234567
265718430 801234567
265730184 801234567
265730418 801234567
265730841 801234567
265731048 801234567
265731480 801234567
265731804 801234567
265734081 801234567
265734108 801234567
265734810 801234567
265738014 801234567
265738140 801234567
265738401 801234567
265740138 801234567
265740381 801234567
265740813 801234567
265741083 801234567
265741308 801234567
265741830 801234567
265743018 801234567
265743180 801234567
265743801 801234567
265748031 801234567
265748103 801234567
265748310 801234567
265780143 801234567
265780314 801234567
265780431 801234567
265781034 801234567
265781340 801234567
265781403 801234567
265783041 801234567
265783104 801234567
265783410 801234567
265784013 801234567
265784130 801234567
265784301 801234567
265801347 801234567
265801473 801234567
265801734 801234567
265803174 801234567
265803417 801234567
265803741 801234567
265804137 801234567
265804371 801234567
265804713 801234567
265807143 801234567
265807314 801234567
265807431 801234567
265810374 801234567
265810437 801234567
265810743 801234567
265813047 801234567
265813470 801234567
265813704 801234567
265814073 801234567
265814307 801234567
265814730 801234567
265817034 801234567
265817340 801234567
265817403 801234567
265830147 801234567
265830471 801234567
265830714 801234567
265831074 801234567
265831407 801234567
265831740 801234567
265834017 801234567
265834170 801234567
265834701 801234567
265837041 801234567
265837104 801234567
265837410 801234567
265840173 801234567
265840317 801234567
265840731 801234567
265841037 801234567
265841370 801234567
265841703 801234567
265843071 801234567
265843107 801234567
265843710 801234567
265847013 801234567
265847130 801234567
265847301 801234567
265870134 801234567
265870341 801234567
265870413 801234567
265871043 801234567
265871304 801234567
265871430 801234567
265873014 801234567
265873140 801234567
265873401 801234567
265874031 801234567
265874103 801234567
265874310 801234567
267013458 801234567
267013584 801234567
267013845 801234567
267014385 801234567
267014538 801234567
267014853 801234567
267015348 801234567
267015483 801234567
267015834 801234567
267018354 801234567
267018435 801234567
267018543 801234567
267031485 801234567
267031548 801234567
267031854 801234567
267034158 801234567
267034581 801234567
267034815 801234567
267035184 801234567
267035418 801234567
267035841 801234567
267038145 801234567
267038451 801234567
267038514 801234567
267041358 801234567
267041583 801234567
267041835 801234567
267043185 801234567
267043518 801234567
267043851 801234567
267045138 801234567
267045381 801234567
267045813 801234567
267048153 801234567
267048315 801234567
267048531 801234567
267051384 801234567
267051438 801234567
267051843 801234567
267053148 801234567
267053481 801234567
267053814 801234567
267054183 801234567
267054318 801234567
267054831 801234567
267058134 801234567
267058341 801234567
267058413 801234567
267081345 801234567
267081453 801234567
267081534 801234567
267083154 801234567
267083415 801234567
267083541 801234567
267084135 801234567
267084351 801234567
267084513 801234567
267085143 801234567
267085314 801234567
267085431 801234567
267103485 801234567
267103548 801234567
267103854 801234567
267104358 801234567
267104583 801234567
267104835 801234567
267105384 801234567
267105438 801234567
267105843 801234567
267108345 801234567
267108453 801234567
267108534 801234567
267130458 801234567
267130584 801234567
267130845 801234567
267134085 801234567
267134508 801234567
267134850 801234567
267135048 801234567
267135480 801234567
267135804 801234567
267138054 801234567
267138405 801234567
267138540 801234567
267140385 801234567
267140538 801234567
267140853 801234567
267143058 801234567
267143580 801234567
267143805 801234567
267145083 801234567
267145308 801234567
267145830 801234567
267148035 801234567
267148350 801234567
267148503 801234567
267150348 801234567
267150483 801234567
267150834 801234567
267153084 801234567
267153408 801234567
267153840 801234567
267154038 801234567
267154380 801234567
267154803 801234567
267158043 801234567
267158304 801234567
267158430 801234567
267180354 801234567
267180435 801234567
267180543 801234567
267183045 801234567
267183450 801234567
267183504 801234567
267184053 801234567
267184305 801234567
267184530 801234567
267185034 801234567
267185340 801234567
267185403 801234567
267301458 801234567
267301584 801234567
267301845 801234567
267304185 801234567
267304518 801234567
267304851 801234567
267305148 801234567
267305481 801234567
267305814 801234567
267308154 801234567
267308415 801234567
267308541 801234567
267310485 801234567
267310548 801234567
267310854 801234567
267314058 801234567
267314580 801234567
267314805 801234567
267315084 801234567
267315408 801234567
267315840 801234567
267318045 801234567
267318450 801234567
267318504 801234567
267340158 801234567
267340581 801234567
267340815 801234567
267341085 801234567
267341508 801234567
267341850 801234567
267345018 801234567
267345180 801234567
267345801 801234567
267348051 801234567
267348105 801234567
267348510 801234567
267350184 801234567
267350418 801234567
267350841 801234567
267351048 801234567
267351480 801234567
267351804 801234567
267354081 801234567
267354108 801234567
267354810 801234567
267358014 801234567
267358140 801234567
267358401 801234567
267380145 801234567
267380451 801234567
