034681275 801234567
034681527 801234567
034681752 801234567
034682157 801234567
034682571 801234567
034682715 801234567
034685172 801234567
034685217 801234567
034685721 801234567
034687125 801234567
034687251 801234567
034687512 801234567
034712568 801234567
034712685 801234567
034712856 801234567
034715286 801234567
034715628 801234567
034715862 801234567
034716258 801234567
034716582 801234567
034716825 801234567
034718265 801234567
034718526 801234567
034718652 801234567
034721586 801234567
034721658 801234567
034721865 801234567
034725168 801234567
034725681 801234567
034725816 801234567
034726185 801234567
034726518 801234567
034726851 801234567
034728156 801234567
034728561 801234567
034728615 801234567
034751268 801234567
034751682 801234567
034751826 801234567
034752186 801234567
034752618 801234567
034752861 801234567
034756128 801234567
034756281 801234567
034756812 801234567
034758162 801234567
034758216 801234567
034758621 801234567
034761285 801234567
034761528 801234567
034761852 801234567
034762158 801234567
034762581 801234567
034762815 801234567
034765182 801234567
034765218 801234567
034765821 801234567
034768125 801234567
034768251 801234567
034768512 801234567
034781256 801234567
034781562 801234567
034781625 801234567
034782165 801234567
034782516 801234567
034782651 801234567
034785126 801234567
034785261 801234567
034785612 801234567
034786152 801234567
034786215 801234567
034786521 801234567
034812576 801234567
034812657 801234567
034812765 801234567
034815267 801234567
034815672 801234567
034815726 801234567
034816275 801234567
034816527 801234567
034816752 801234567
034817256 801234567
034817562 801234567
034817625 801234567
034821567 801234567
034821675 801234567
034821756 801234567
034825176 801234567
034825617 801234567
034825761 801234567
034826157 801234567
034826571 801234567
034826715 801234567
034827165 801234567
034827516 801234567
034827651 801234567
034851276 801234567
034851627 801234567
034851762 801234567
034852167 801234567
034852671 801234567
034852716 801234567
034856172 801234567
034856217 801234567
034856721 801234567
034857126 801234567
034857261 801234567
034857612 801234567
034861257 801234567
034861572 801234567
034861725 801234567
034862175 801234567
034862517 801234567
034862751 801234567
034865127 801234567
034865271 801234567
034865712 801234567
034867152 801234567
034867215 801234567
034867521 801234567
034871265 801234567
034871526 801234567
034871652 801234567
034872156 801234567
034872561 801234567
034872615 801234567
034875162 801234567
034875216 801234567
034875621 801234567
034876125 801234567
034876251 801234567
034876512 801234567
035124687 801234567
035124768 801234567
035124876 801234567
035126478 801234567
035126784 801234567
035126847 801234567
035127486 801234567
035127648 801234567
035127864 801234567
035128467 801234567
035128674 801234567
035128746 801234567
035142678 801234567
035142786 801234567
035142867 801234567
035146287 801234567
035146728 801234567
035146872 801234567
035147268 801234567
035147682 801234567
035147826 801234567
035148276 801234567
035148627 801234567
035148762 801234567
035162487 801234567
035162748 801234567
035162874 801234567
035164278 801234567
035164782 801234567
035164827 801234567
035167284 801234567
035167428 801234567
035167842 801234567
035168247 801234567
035168472 801234567
035168724 801234567
035172468 801234567
035172684 801234567
035172846 801234567
035174286 801234567
035174628 801234567
035174862 801234567
035176248 801234567
035176482 801234567
035176824 801234567
035178264 801234567
035178426 801234567
035178642 801234567
035182476 801234567
035182647 801234567
035182764 801234567
035184267 801234567
035184672 801234567
035184726 801234567
035186274 801234567
035186427 801234567
035186742 801234567
035187246 801234567
035187462 801234567
035187624 801234567
035214678 801234567
035214786 801234567
035214867 801234567
035216487 801234567
035216748 801234567
035216874 801234567
035217468 801234567
035217684 801234567
035217846 801234567
035218476 801234567
035218647 801234567
035218764 801234567
035241687 801234567
035241768 801234567
035241876 801234567
035246178 801234567
035246781 801234567
035246817 801234567
035247186 801234567
035247618 801234567
035247861 801234567
035248167 801234567
035248671 801234567
035248716 801234567
035261478 801234567
035261784 801234567
035261847 801234567
035264187 801234567
035264718 801234567
035264871 801234567
035267148 801234567
035267481 801234567
035267814 801234567
035268174 801234567
035268417 801234567
035268741 801234567
035271486 801234567
035271648 801234567
035271864 801234567
035274168 801234567
035274681 801234567
035274816 801234567
035276184 801234567
035276418 801234567
035276841 801234567
035278146 801234567
035278461 801234567
035278614 801234567
035281467 801234567
035281674 801234567
035281746 801234567
035284176 801234567
035284617 801234567
035284761 801234567
035286147 801234567
035286471 801234567
035286714 801234567
035287164 801234567
035287416 801234567
035287641 801234567
035412687 801234567
035412768 801234567
035412876 801234567
035416278 801234567
035416782 801234567
035416827 801234567
035417286 801234567
035417628 801234567
035417862 801234567
035418267 801234567
035418672 801234567
035418726 801234567
035421678 801234567
035421786 801234567
035421867 801234567
035426187 801234567
035426718 801234567
035426871 801234567
035427168 801234567
035427681 801234567
035427816 801234567
035428176 801234567
035428617 801234567
035428761 801234567
035461287 801234567
035461728 801234567
035461872 801234567
035462178 801234567
035462781 801234567
035462817 801234567
035467182 801234567
035467218 801234567
035467821 801234567
035468127 801234567
035468271 801234567
035468712 801234567
035471268 801234567
035471682 801234567
035471826 801234567
035472186 801234567
035472618 801234567
035472861 801234567
035476128 801234567
035476281 801234567
035476812 801234567
035478162 801234567
035478216 801234567
035478621 801234567
035481276 801234567
035481627 801234567
035481762 801234567
035482167 801234567
035482671 801234567
035482716 801234567
035486172 801234567
035486217 801234567
035486721 801234567
035487126 801234567
035487261 801234567
035487612 801234567
035612478 801234567
035612784 801234567
035612847 801234567
035614287 801234567
035614728 801234567
035614872 801234567
035617248 801234567
035617482 801234567
035617824 801234567
035618274 801234567
035618427 801234567
035618742 801234567
035621487 801234567
035621748 801234567
035621874 801234567
035624178 801234567
035624781 801234567
035624817 801234567
035627184 801234567
035627418 801234567
035627841 801234567
035628147 801234567
035628471 801234567
035628714 801234567
035641278 801234567
035641782 801234567
035641827 801234567
035642187 801234567
035642718 801234567
035642871 801234567
035647128 801234567
035647281 801234567
035647812 801234567
035648172 801234567
035648217 801234567
035648721 801234567
035671284 801234567
035671428 801234567
035671842 801234567
035672148 801234567
035672481 801234567
035672814 801234567
035674182 801234567
035674218 801234567
035674821 801234567
035678124 801234567
035678241 801234567
035678412 801234567
035681247 801234567
035681472 801234567
035681724 801234567
035682174 801234567
035682417 801234567
035682741 801234567
035684127 801234567
035684271 801234567
035684712 801234567
035687142 801234567
035687214 801234567
035687421 801234567
035712486 801234567
035712648 801234567
035712864 801234567
035714268 801234567
035714682 801234567
035714826 801234567
035716284 801234567
035716428 801234567
035716842 801234567
035718246 801234567
035718462 801234567
035718624 801234567
035721468 801234567
035721684 801234567
035721846 801234567
035724186 801234567
035724618 801234567
035724861 801234567
035726148 801234567
035726481 801234567
035726814 801234567
035728164 801234567
035728416 801234567
035728641 801234567
035741286 801234567
035741628 801234567
035741862 801234567
035742168 801234567
035742681 801234567
035742816 801234567
035746182 801234567
035746218 801234567
035746821 801234567
035748126 801234567
035748261 801234567
035748612 801234567
035761248 801234567
035761482 801234567
035761824 801234567
035762184 801234567
035762418 801234567
035762841 801234567
035764128 801234567
035764281 801234567
035764812 801234567
035768142 801234567
035768214 801234567
035768421 801234567
035781264 801234567
035781426 801234567
035781642 801234567
035782146 801234567
035782461 801234567
035782614 801234567
035784162 801234567
035784216 801234567
035784621 801234567
035786124 801234567
035786241 801234567
035786412 801234567
035812467 801234567
035812674 801234567
035812746 801234567
035814276 801234567
035814627 801234567
035814762 801234567
035816247 801234567
035816472 801234567
035816724 801234567
035817264 801234567
035817426 801234567
035817642 801234567
035821476 801234567
035821647 801234567
035821764 801234567
035824167 801234567
035824671 801234567
035824716 801234567
035826174 801234567
035826417 801234567
035826741 801234567
035827146 801234567
035827461 801234567
035827614 801234567
035841267 801234567
035841672 801234567
035841726 801234567
035842176 801234567
035842617 801234567
035842761 801234567
035846127 801234567
035846271 801234567
035846712 801234567
035847162 801234567
035847216 801234567
035847621 801234567
035861274 801234567
035861427 801234567
035861742 801234567
035862147 801234567
035862471 801234567
035862714 801234567
035864172 801234567
035864217 801234567
035864721 801234567
035867124 801234567
035867241 801234567
035867412 801234567
035871246 801234567
035871462 801234567
035871624 801234567
035872164 801234567
035872416 801234567
035872641 801234567
035874126 801234567
035874261 801234567
035874612 801234567
035876142 801234567
035876214 801234567
035876421 801234567
036124578 801234567
036124785 801234567
036124857 801234567
036125487 801234567
036125748 801234567
036125874 801234567
036127458 801234567
