138250647 801234567
138250764 801234567
138254067 801234567
138254670 801234567
138254706 801234567
138256074 801234567
138256407 801234567
138256740 801234567
138257046 801234567
138257460 801234567
138257604 801234567
138260457 801234567
138260574 801234567
138260745 801234567
138264075 801234567
138264507 801234567
138264750 801234567
138265047 801234567
138265470 801234567
138265704 801234567
138267054 801234567
138267405 801234567
138267540 801234567
138270465 801234567
138270546 801234567
138270654 801234567
138274056 801234567
138274560 801234567
138274605 801234567
138275064 801234567
138275406 801234567
138275640 801234567
138276045 801234567
138276450 801234567
138276504 801234567
138402567 801234567
138402675 801234567
138402756 801234567
138405276 801234567
138405627 801234567
138405762 801234567
138406257 801234567
138406572 801234567
138406725 801234567
138407265 801234567
138407526 801234567
138407652 801234567
138420576 801234567
138420657 801234567
138420765 801234567
138425067 801234567
138425670 801234567
138425706 801234567
138426075 801234567
138426507 801234567
138426750 801234567
138427056 801234567
138427560 801234567
138427605 801234567
138450267 801234567
138450672 801234567
138450726 801234567
138452076 801234567
138452607 801234567
138452760 801234567
138456027 801234567
138456270 801234567
138456702 801234567
138457062 801234567
138457206 801234567
138457620 801234567
138460275 801234567
138460527 801234567
138460752 801234567
138462057 801234567
138462570 801234567
138462705 801234567
138465072 801234567
138465207 801234567
138465720 801234567
138467025 801234567
138467250 801234567
138467502 801234567
138470256 801234567
138470562 801234567
138470625 801234567
138472065 801234567
138472506 801234567
138472650 801234567
138475026 801234567
138475260 801234567
138475602 801234567
138476052 801234567
138476205 801234567
138476520 801234567
138502476 801234567
138502647 801234567
138502764 801234567
138504267 801234567
138504672 801234567
138504726 801234567
138506274 801234567
138506427 801234567
138506742 801234567
138507246 801234567
138507462 801234567
138507624 801234567
138520467 801234567
138520674 801234567
138520746 801234567
138524076 801234567
138524607 801234567
138524760 801234567
138526047 801234567
138526470 801234567
138526704 801234567
138527064 801234567
138527406 801234567
138527640 801234567
138540276 801234567
138540627 801234567
138540762 801234567
138542067 801234567
138542670 801234567
138542706 801234567
138546072 801234567
138546207 801234567
138546720 801234567
138547026 801234567
138547260 801234567
138547602 801234567
138560247 801234567
138560472 801234567
138560724 801234567
138562074 801234567
138562407 801234567
138562740 801234567
138564027 801234567
138564270 801234567
138564702 801234567
138567042 801234567
138567204 801234567
138567420 801234567
138570264 801234567
138570426 801234567
138570642 801234567
138572046 801234567
138572460 801234567
138572604 801234567
138574062 801234567
138574206 801234567
138574620 801234567
138576024 801234567
138576240 801234567
138576402 801234567
138602457 801234567
138602574 801234567
138602745 801234567
138604275 801234567
138604527 801234567
138604752 801234567
138605247 801234567
138605472 801234567
138605724 801234567
138607254 801234567
138607425 801234567
138607542 801234567
138620475 801234567
138620547 801234567
138620754 801234567
138624057 801234567
138624570 801234567
138624705 801234567
138625074 801234567
138625407 801234567
138625740 801234567
138627045 801234567
138627450 801234567
138627504 801234567
138640257 801234567
138640572 801234567
138640725 801234567
138642075 801234567
138642507 801234567
138642750 801234567
138645027 801234567
138645270 801234567
138645702 801234567
138647052 801234567
138647205 801234567
138647520 801234567
138650274 801234567
138650427 801234567
138650742 801234567
138652047 801234567
138652470 801234567
138652704 801234567
138654072 801234567
138654207 801234567
138654720 801234567
138657024 801234567
138657240 801234567
138657402 801234567
138670245 801234567
138670452 801234567
138670524 801234567
138672054 801234567
138672405 801234567
138672540 801234567
138674025 801234567
138674250 801234567
138674502 801234567
138675042 801234567
138675204 801234567
138675420 801234567
138702465 801234567
138702546 801234567
138702654 801234567
138704256 801234567
138704562 801234567
138704625 801234567
138705264 801234567
138705426 801234567
138705642 801234567
138706245 801234567
138706452 801234567
138706524 801234567
138720456 801234567
138720564 801234567
138720645 801234567
138724065 801234567
138724506 801234567
138724650 801234567
138725046 801234567
138725460 801234567
138725604 801234567
138726054 801234567
138726405 801234567
138726540 801234567
138740265 801234567
138740526 801234567
138740652 801234567
138742056 801234567
138742560 801234567
138742605 801234567
138745062 801234567
138745206 801234567
138745620 801234567
138746025 801234567
138746250 801234567
138746502 801234567
138750246 801234567
138750462 801234567
138750624 801234567
138752064 801234567
138752406 801234567
138752640 801234567
138754026 801234567
138754260 801234567
138754602 801234567
138756042 801234567
138756204 801234567
138756420 801234567
138760254 801234567
138760425 801234567
138760542 801234567
138762045 801234567
138762450 801234567
138762504 801234567
138764052 801234567
138764205 801234567
138764520 801234567
138765024 801234567
138765240 801234567
138765402 801234567
140235687 801234567
140235768 801234567
140235876 801234567
140236578 801234567
140236785 801234567
140236857 801234567
140237586 801234567
140237658 801234567
140237865 801234567
140238567 801234567
140238675 801234567
140238756 801234567
140253678 801234567
140253786 801234567
140253867 801234567
140256387 801234567
140256738 801234567
140256873 801234567
140257368 801234567
140257683 801234567
140257836 801234567
140258376 801234567
140258637 801234567
140258763 801234567
140263587 801234567
140263758 801234567
140263875 801234567
140265378 801234567
140265783 801234567
140265837 801234567
140267385 801234567
140267538 801234567
140267853 801234567
140268357 801234567
140268573 801234567
140268735 801234567
140273568 801234567
140273685 801234567
140273856 801234567
140275386 801234567
140275638 801234567
140275863 801234567
140276358 801234567
140276583 801234567
140276835 801234567
140278365 801234567
140278536 801234567
140278653 801234567
140283576 801234567
140283657 801234567
140283765 801234567
140285367 801234567
140285673 801234567
140285736 801234567
140286375 801234567
140286537 801234567
140286753 801234567
140287356 801234567
140287563 801234567
140287635 801234567
140325678 801234567
140325786 801234567
140325867 801234567
140326587 801234567
140326758 801234567
140326875 801234567
140327568 801234567
140327685 801234567
140327856 801234567
140328576 801234567
140328657 801234567
140328765 801234567
140352687 801234567
140352768 801234567
140352876 801234567
140356278 801234567
140356782 801234567
140356827 801234567
140357286 801234567
140357628 801234567
140357862 801234567
140358267 801234567
140358672 801234567
140358726 801234567
140362578 801234567
140362785 801234567
140362857 801234567
140365287 801234567
140365728 801234567
140365872 801234567
140367258 801234567
140367582 801234567
140367825 801234567
140368275 801234567
140368527 801234567
140368752 801234567
140372586 801234567
140372658 801234567
140372865 801234567
140375268 801234567
140375682 801234567
140375826 801234567
140376285 801234567
140376528 801234567
140376852 801234567
140378256 801234567
140378562 801234567
140378625 801234567
140382567 801234567
140382675 801234567
140382756 801234567
140385276 801234567
140385627 801234567
140385762 801234567
140386257 801234567
140386572 801234567
140386725 801234567
140387265 801234567
140387526 801234567
140387652 801234567
140523687 801234567
140523768 801234567
140523876 801234567
140526378 801234567
140526783 801234567
140526837 801234567
140527386 801234567
140527638 801234567
140527863 801234567
140528367 801234567
140528673 801234567
140528736 801234567
140532678 801234567
140532786 801234567
140532867 801234567
140536287 801234567
140536728 801234567
140536872 801234567
140537268 801234567
140537682 801234567
140537826 801234567
140538276 801234567
140538627 801234567
140538762 801234567
140562387 801234567
140562738 801234567
140562873 801234567
140563278 801234567
140563782 801234567
140563827 801234567
140567283 801234567
140567328 801234567
140567832 801234567
140568237 801234567
140568372 801234567
140568723 801234567
140572368 801234567
140572683 801234567
140572836 801234567
140573286 801234567
140573628 801234567
140573862 801234567
140576238 801234567
140576382 801234567
140576823 801234567
140578263 801234567
140578326 801234567
140578632 801234567
140582376 801234567
140582637 801234567
140582763 801234567
140583267 801234567
140583672 801234567
140583726 801234567
140586273 801234567
140586327 801234567
140586732 801234567
140587236 801234567
140587362 801234567
140587623 801234567
140623578 801234567
140623785 801234567
140623857 801234567
140625387 801234567
140625738 801234567
140625873 801234567
140627358 801234567
140627583 801234567
140627835 801234567
140628375 801234567
140628537 801234567
140628753 801234567
140632587 801234567
140632758 801234567
140632875 801234567
140635278 801234567
140635782 801234567
140635827 801234567
140637285 801234567
140637528 801234567
140637852 801234567
140638257 801234567
140638572 801234567
140638725 801234567
140652378 801234567
140652783 801234567
140652837 801234567
140653287 801234567
140653728 801234567
140653872 801234567
140657238 801234567
140657382 801234567
140657823 801234567
140658273 801234567
140658327 801234567
140658732 801234567
140672385 801234567
140672538 801234567
140672853 801234567
140673258 801234567
140673582 801234567
140673825 801234567
140675283 801234567
140675328 801234567
