435072816 801234567
435076182 801234567
435076218 801234567
435076821 801234567
435078126 801234567
435078261 801234567
435078612 801234567
435081267 801234567
435081672 801234567
435081726 801234567
435082176 801234567
435082617 801234567
435082761 801234567
435086127 801234567
435086271 801234567
435086712 801234567
435087162 801234567
435087216 801234567
435087621 801234567
435102687 801234567
435102768 801234567
435102876 801234567
435106278 801234567
435106782 801234567
435106827 801234567
435107286 801234567
435107628 801234567
435107862 801234567
435108267 801234567
435108672 801234567
435108726 801234567
435120678 801234567
435120786 801234567
435120867 801234567
435126087 801234567
435126708 801234567
435126870 801234567
435127068 801234567
435127680 801234567
435127806 801234567
435128076 801234567
435128607 801234567
435128760 801234567
435160287 801234567
435160728 801234567
435160872 801234567
435162078 801234567
435162780 801234567
435162807 801234567
435167082 801234567
435167208 801234567
435167820 801234567
435168027 801234567
435168270 801234567
435168702 801234567
435170268 801234567
435170682 801234567
435170826 801234567
435172086 801234567
435172608 801234567
435172860 801234567
435176028 801234567
435176280 801234567
435176802 801234567
435178062 801234567
435178206 801234567
435178620 801234567
435180276 801234567
435180627 801234567
435180762 801234567
435182067 801234567
435182670 801234567
435182706 801234567
435186072 801234567
435186207 801234567
435186720 801234567
435187026 801234567
435187260 801234567
435187602 801234567
435201678 801234567
435201786 801234567
435201867 801234567
435206187 801234567
435206718 801234567
435206871 801234567
435207168 801234567
435207681 801234567
435207816 801234567
435208176 801234567
435208617 801234567
435208761 801234567
435210687 801234567
435210768 801234567
435210876 801234567
435216078 801234567
435216780 801234567
435216807 801234567
435217086 801234567
435217608 801234567
435217860 801234567
435218067 801234567
435218670 801234567
435218706 801234567
435260178 801234567
435260781 801234567
435260817 801234567
435261087 801234567
435261708 801234567
435261870 801234567
435267018 801234567
435267180 801234567
435267801 801234567
435268071 801234567
435268107 801234567
435268710 801234567
435270186 801234567
435270618 801234567
435270861 801234567
435271068 801234567
435271680 801234567
435271806 801234567
435276081 801234567
435276108 801234567
435276810 801234567
435278016 801234567
435278160 801234567
435278601 801234567
435280167 801234567
435280671 801234567
435280716 801234567
435281076 801234567
435281607 801234567
435281760 801234567
435286017 801234567
435286170 801234567
435286701 801234567
435287061 801234567
435287106 801234567
435287610 801234567
435601287 801234567
435601728 801234567
435601872 801234567
435602178 801234567
435602781 801234567
435602817 801234567
435607182 801234567
435607218 801234567
435607821 801234567
435608127 801234567
435608271 801234567
435608712 801234567
435610278 801234567
435610782 801234567
435610827 801234567
435612087 801234567
435612708 801234567
435612870 801234567
435617028 801234567
435617280 801234567
435617802 801234567
435618072 801234567
435618207 801234567
435618720 801234567
435620187 801234567
435620718 801234567
435620871 801234567
435621078 801234567
435621780 801234567
435621807 801234567
435627081 801234567
435627108 801234567
435627810 801234567
435628017 801234567
435628170 801234567
435628701 801234567
435670128 801234567
435670281 801234567
435670812 801234567
435671082 801234567
435671208 801234567
435671820 801234567
435672018 801234567
435672180 801234567
435672801 801234567
435678021 801234567
435678102 801234567
435678210 801234567
435680172 801234567
435680217 801234567
435680721 801234567
435681027 801234567
435681270 801234567
435681702 801234567
435682071 801234567
435682107 801234567
435682710 801234567
435687012 801234567
435687120 801234567
435687201 801234567
435701268 801234567
435701682 801234567
435701826 801234567
435702186 801234567
435702618 801234567
435702861 801234567
435706128 801234567
435706281 801234567
435706812 801234567
435708162 801234567
435708216 801234567
435708621 801234567
435710286 801234567
435710628 801234567
435710862 801234567
435712068 801234567
435712680 801234567
435712806 801234567
435716082 801234567
435716208 801234567
435716820 801234567
435718026 801234567
435718260 801234567
435718602 801234567
435720168 801234567
435720681 801234567
435720816 801234567
435721086 801234567
435721608 801234567
435721860 801234567
435726018 801234567
435726180 801234567
435726801 801234567
435728061 801234567
435728106 801234567
435728610 801234567
435760182 801234567
435760218 801234567
435760821 801234567
435761028 801234567
435761280 801234567
435761802 801234567
435762081 801234567
435762108 801234567
435762810 801234567
435768012 801234567
435768120 801234567
435768201 801234567
435780126 801234567
435780261 801234567
435780612 801234567
435781062 801234567
435781206 801234567
435781620 801234567
435782016 801234567
435782160 801234567
435782601 801234567
435786021 801234567
435786102 801234567
435786210 801234567
435801276 801234567
435801627 801234567
435801762 801234567
435802167 801234567
435802671 801234567
435802716 801234567
435806172 801234567
435806217 801234567
435806721 801234567
435807126 801234567
435807261 801234567
435807612 801234567
435810267 801234567
435810672 801234567
435810726 801234567
435812076 801234567
435812607 801234567
435812760 801234567
435816027 801234567
435816270 801234567
435816702 801234567
435817062 801234567
435817206 801234567
435817620 801234567
435820176 801234567
435820617 801234567
435820761 801234567
435821067 801234567
435821670 801234567
435821706 801234567
435826071 801234567
435826107 801234567
435826710 801234567
435827016 801234567
435827160 801234567
435827601 801234567
435860127 801234567
435860271 801234567
435860712 801234567
435861072 801234567
435861207 801234567
435861720 801234567
435862017 801234567
435862170 801234567
435862701 801234567
435867021 801234567
435867102 801234567
435867210 801234567
435870162 801234567
435870216 801234567
435870621 801234567
435871026 801234567
435871260 801234567
435871602 801234567
435872061 801234567
435872106 801234567
435872610 801234567
435876012 801234567
435876120 801234567
435876201 801234567
436012587 801234567
436012758 801234567
436012875 801234567
436015278 801234567
436015782 801234567
436015827 801234567
436017285 801234567
436017528 801234567
436017852 801234567
436018257 801234567
436018572 801234567
436018725 801234567
436021578 801234567
436021785 801234567
436021857 801234567
436025187 801234567
436025718 801234567
436025871 801234567
436027158 801234567
436027581 801234567
436027815 801234567
436028175 801234567
436028517 801234567
436028751 801234567
436051287 801234567
436051728 801234567
436051872 801234567
436052178 801234567
436052781 801234567
436052817 801234567
436057182 801234567
436057218 801234567
436057821 801234567
436058127 801234567
436058271 801234567
436058712 801234567
436071258 801234567
436071582 801234567
436071825 801234567
436072185 801234567
436072518 801234567
436072851 801234567
436075128 801234567
436075281 801234567
436075812 801234567
436078152 801234567
436078215 801234567
436078521 801234567
436081275 801234567
436081527 801234567
436081752 801234567
436082157 801234567
436082571 801234567
436082715 801234567
436085172 801234567
436085217 801234567
436085721 801234567
436087125 801234567
436087251 801234567
436087512 801234567
436102578 801234567
436102785 801234567
436102857 801234567
436105287 801234567
436105728 801234567
436105872 801234567
436107258 801234567
436107582 801234567
436107825 801234567
436108275 801234567
436108527 801234567
436108752 801234567
436120587 801234567
436120758 801234567
436120875 801234567
436125078 801234567
436125780 801234567
436125807 801234567
436127085 801234567
436127508 801234567
436127850 801234567
436128057 801234567
436128570 801234567
436128705 801234567
436150278 801234567
436150782 801234567
436150827 801234567
436152087 801234567
436152708 801234567
436152870 801234567
436157028 801234567
436157280 801234567
436157802 801234567
436158072 801234567
436158207 801234567
436158720 801234567
436170285 801234567
436170528 801234567
436170852 801234567
436172058 801234567
436172580 801234567
436172805 801234567
436175082 801234567
436175208 801234567
436175820 801234567
436178025 801234567
436178250 801234567
436178502 801234567
436180257 801234567
436180572 801234567
436180725 801234567
436182075 801234567
436182507 801234567
436182750 801234567
436185027 801234567
436185270 801234567
436185702 801234567
436187052 801234567
436187205 801234567
436187520 801234567
436201587 801234567
436201758 801234567
436201875 801234567
436205178 801234567
436205781 801234567
436205817 801234567
436207185 801234567
436207518 801234567
436207851 801234567
436208157 801234567
436208571 801234567
436208715 801234567
436210578 801234567
436210785 801234567
436210857 801234567
436215087 801234567
436215708 801234567
436215870 801234567
436217058 801234567
436217580 801234567
436217805 801234567
436218075 801234567
436218507 801234567
436218750 801234567
436250187 801234567
436250718 801234567
436250871 801234567
436251078 801234567
436251780 801234567
436251807 801234567
436257081 801234567
436257108 801234567
436257810 801234567
436258017 801234567
436258170 801234567
436258701 801234567
436270158 801234567
436270581 801234567
436270815 801234567
436271085 801234567
436271508 801234567
436271850 801234567
436275018 801234567
436275180 801234567
436275801 801234567
436278051 801234567
436278105 801234567
436278510 801234567
436280175 801234567
436280517 801234567
436280751 801234567
436281057 801234567
436281570 801234567
436281705 801234567
436285071 801234567
436285107 801234567
436285710 801234567
436287015 801234567
436287150 801234567
436287501 801234567
