475168032 801234567
475168203 801234567
475168320 801234567
475180263 801234567
475180326 801234567
475180632 801234567
475182036 801234567
475182360 801234567
475182603 801234567
475183062 801234567
475183206 801234567
475183620 801234567
475186023 801234567
475186230 801234567
475186302 801234567
475201368 801234567
475201683 801234567
475201836 801234567
475203186 801234567
475203618 801234567
475203861 801234567
475206138 801234567
475206381 801234567
475206813 801234567
475208163 801234567
475208316 801234567
475208631 801234567
475210386 801234567
475210638 801234567
475210863 801234567
475213068 801234567
475213680 801234567
475213806 801234567
475216083 801234567
475216308 801234567
475216830 801234567
475218036 801234567
475218360 801234567
475218603 801234567
475230168 801234567
475230681 801234567
475230816 801234567
475231086 801234567
475231608 801234567
475231860 801234567
475236018 801234567
475236180 801234567
475236801 801234567
475238061 801234567
475238106 801234567
475238610 801234567
475260183 801234567
475260318 801234567
475260831 801234567
475261038 801234567
475261380 801234567
475261803 801234567
475263081 801234567
475263108 801234567
475263810 801234567
475268013 801234567
475268130 801234567
475268301 801234567
475280136 801234567
475280361 801234567
475280613 801234567
475281063 801234567
475281306 801234567
475281630 801234567
475283016 801234567
475283160 801234567
475283601 801234567
475286031 801234567
475286103 801234567
475286310 801234567
475301286 801234567
475301628 801234567
475301862 801234567
475302168 801234567
475302681 801234567
475302816 801234567
475306182 801234567
475306218 801234567
475306821 801234567
475308126 801234567
475308261 801234567
475308612 801234567
475310268 801234567
475310682 801234567
475310826 801234567
475312086 801234567
475312608 801234567
475312860 801234567
475316028 801234567
475316280 801234567
475316802 801234567
475318062 801234567
475318206 801234567
475318620 801234567
475320186 801234567
475320618 801234567
475320861 801234567
475321068 801234567
475321680 801234567
475321806 801234567
475326081 801234567
475326108 801234567
475326810 801234567
475328016 801234567
475328160 801234567
475328601 801234567
475360128 801234567
475360281 801234567
475360812 801234567
475361082 801234567
475361208 801234567
475361820 801234567
475362018 801234567
475362180 801234567
475362801 801234567
475368021 801234567
475368102 801234567
475368210 801234567
475380162 801234567
475380216 801234567
475380621 801234567
475381026 801234567
475381260 801234567
475381602 801234567
475382061 801234567
475382106 801234567
475382610 801234567
475386012 801234567
475386120 801234567
475386201 801234567
475601238 801234567
475601382 801234567
475601823 801234567
475602183 801234567
475602318 801234567
475602831 801234567
475603128 801234567
475603281 801234567
475603812 801234567
475608132 801234567
475608213 801234567
475608321 801234567
475610283 801234567
475610328 801234567
475610832 801234567
475612038 801234567
475612380 801234567
475612803 801234567
475613082 801234567
475613208 801234567
475613820 801234567
475618023 801234567
475618230 801234567
475618302 801234567
475620138 801234567
475620381 801234567
475620813 801234567
475621083 801234567
475621308 801234567
475621830 801234567
475623018 801234567
475623180 801234567
475623801 801234567
475628031 801234567
475628103 801234567
475628310 801234567
475630182 801234567
475630218 801234567
475630821 801234567
475631028 801234567
475631280 801234567
475631802 801234567
475632081 801234567
475632108 801234567
475632810 801234567
475638012 801234567
475638120 801234567
475638201 801234567
475680123 801234567
475680231 801234567
475680312 801234567
475681032 801234567
475681203 801234567
475681320 801234567
475682013 801234567
475682130 801234567
475682301 801234567
475683021 801234567
475683102 801234567
475683210 801234567
475801263 801234567
475801326 801234567
475801632 801234567
475802136 801234567
475802361 801234567
475802613 801234567
475803162 801234567
475803216 801234567
475803621 801234567
475806123 801234567
475806231 801234567
475806312 801234567
475810236 801234567
475810362 801234567
475810623 801234567
475812063 801234567
475812306 801234567
475812630 801234567
475813026 801234567
475813260 801234567
475813602 801234567
475816032 801234567
475816203 801234567
475816320 801234567
475820163 801234567
475820316 801234567
475820631 801234567
475821036 801234567
475821360 801234567
475821603 801234567
475823061 801234567
475823106 801234567
475823610 801234567
475826013 801234567
475826130 801234567
475826301 801234567
475830126 801234567
475830261 801234567
475830612 801234567
475831062 801234567
475831206 801234567
475831620 801234567
475832016 801234567
475832160 801234567
475832601 801234567
475836021 801234567
475836102 801234567
475836210 801234567
475860132 801234567
475860213 801234567
475860321 801234567
475861023 801234567
475861230 801234567
475861302 801234567
475862031 801234567
475862103 801234567
475862310 801234567
475863012 801234567
475863120 801234567
475863201 801234567
476012385 801234567
476012538 801234567
476012853 801234567
476013258 801234567
476013582 801234567
476013825 801234567
476015283 801234567
476015328 801234567
476015832 801234567
476018235 801234567
476018352 801234567
476018523 801234567
476021358 801234567
476021583 801234567
476021835 801234567
476023185 801234567
476023518 801234567
476023851 801234567
476025138 801234567
476025381 801234567
476025813 801234567
476028153 801234567
476028315 801234567
476028531 801234567
476031285 801234567
476031528 801234567
476031852 801234567
476032158 801234567
476032581 801234567
476032815 801234567
476035182 801234567
476035218 801234567
476035821 801234567
476038125 801234567
476038251 801234567
476038512 801234567
476051238 801234567
476051382 801234567
476051823 801234567
476052183 801234567
476052318 801234567
476052831 801234567
476053128 801234567
476053281 801234567
476053812 801234567
476058132 801234567
476058213 801234567
476058321 801234567
476081253 801234567
476081325 801234567
476081532 801234567
476082135 801234567
476082351 801234567
476082513 801234567
476083152 801234567
476083215 801234567
476083521 801234567
476085123 801234567
476085231 801234567
476085312 801234567
476102358 801234567
476102583 801234567
476102835 801234567
476103285 801234567
476103528 801234567
476103852 801234567
476105238 801234567
476105382 801234567
476105823 801234567
476108253 801234567
476108325 801234567
476108532 801234567
476120385 801234567
476120538 801234567
476120853 801234567
476123058 801234567
476123580 801234567
476123805 801234567
476125083 801234567
476125308 801234567
476125830 801234567
476128035 801234567
476128350 801234567
476128503 801234567
476130258 801234567
476130582 801234567
476130825 801234567
476132085 801234567
476132508 801234567
476132850 801234567
476135028 801234567
476135280 801234567
476135802 801234567
476138052 801234567
476138205 801234567
476138520 801234567
476150283 801234567
476150328 801234567
476150832 801234567
476152038 801234567
476152380 801234567
476152803 801234567
476153082 801234567
476153208 801234567
476153820 801234567
476158023 801234567
476158230 801234567
476158302 801234567
476180235 801234567
476180352 801234567
476180523 801234567
476182053 801234567
476182305 801234567
476182530 801234567
476183025 801234567
476183250 801234567
476183502 801234567
476185032 801234567
476185203 801234567
476185320 801234567
476201385 801234567
476201538 801234567
476201853 801234567
476203158 801234567
476203581 801234567
476203815 801234567
476205183 801234567
476205318 801234567
476205831 801234567
476208135 801234567
476208351 801234567
476208513 801234567
476210358 801234567
476210583 801234567
476210835 801234567
476213085 801234567
476213508 801234567
476213850 801234567
476215038 801234567
476215380 801234567
476215803 801234567
476218053 801234567
476218305 801234567
476218530 801234567
476230185 801234567
476230518 801234567
476230851 801234567
476231058 801234567
476231580 801234567
476231805 801234567
476235081 801234567
476235108 801234567
476235810 801234567
476238015 801234567
476238150 801234567
476238501 801234567
476250138 801234567
476250381 801234567
476250813 801234567
476251083 801234567
476251308 801234567
476251830 801234567
476253018 801234567
476253180 801234567
476253801 801234567
476258031 801234567
476258103 801234567
476258310 801234567
476280153 801234567
476280315 801234567
476280531 801234567
476281035 801234567
476281350 801234567
476281503 801234567
476283051 801234567
476283105 801234567
476283510 801234567
476285013 801234567
476285130 801234567
476285301 801234567
476301258 801234567
476301582 801234567
476301825 801234567
476302185 801234567
476302518 801234567
476302851 801234567
476305128 801234567
476305281 801234567
476305812 801234567
476308152 801234567
476308215 801234567
476308521 801234567
476310285 801234567
476310528 801234567
476310852 801234567
476312058 801234567
476312580 801234567
476312805 801234567
476315082 801234567
476315208 801234567
476315820 801234567
476318025 801234567
476318250 801234567
476318502 801234567
476320158 801234567
476320581 801234567
476320815 801234567
476321085 801234567
476321508 801234567
476321850 801234567
476325018 801234567
476325180 801234567
476325801 801234567
476328051 801234567
476328105 801234567
476328510 801234567
476350182 801234567
476350218 801234567
476350821 801234567
476351028 801234567
476351280 801234567
476351802 801234567
476352081 801234567
476352108 801234567
476352810 801234567
476358012 801234567
476358120 801234567
476358201 801234567
476380125 801234567
476380251 801234567
476380512 801234567
476381052 801234567
476381205 801234567
476381520 801234567
476382015 801234567
476382150 801234567
476382501 801234567
476385021 801234567
476385102 801234567
476385210 801234567
476501283 801234567
476501328 801234567
476501832 801234567
476502138 801234567
