867125304 801234567
867125430 801234567
867130254 801234567
867130425 801234567
867130542 801234567
867132045 801234567
867132450 801234567
867132504 801234567
867134052 801234567
867134205 801234567
867134520 801234567
867135024 801234567
867135240 801234567
867135402 801234567
867140235 801234567
867140352 801234567
867140523 801234567
867142053 801234567
867142305 801234567
867142530 801234567
867143025 801234567
867143250 801234567
867143502 801234567
867145032 801234567
867145203 801234567
867145320 801234567
867150243 801234567
867150324 801234567
867150432 801234567
867152034 801234567
867152340 801234567
867152403 801234567
867153042 801234567
867153204 801234567
867153420 801234567
867154023 801234567
867154230 801234567
867154302 801234567
867201345 801234567
867201453 801234567
867201534 801234567
867203154 801234567
867203415 801234567
867203541 801234567
867204135 801234567
867204351 801234567
867204513 801234567
867205143 801234567
867205314 801234567
867205431 801234567
867210354 801234567
867210435 801234567
867210543 801234567
867213045 801234567
867213450 801234567
867213504 801234567
867214053 801234567
867214305 801234567
867214530 801234567
867215034 801234567
867215340 801234567
867215403 801234567
867230145 801234567
867230451 801234567
867230514 801234567
867231054 801234567
867231405 801234567
867231540 801234567
867234015 801234567
867234150 801234567
867234501 801234567
867235041 801234567
867235104 801234567
867235410 801234567
867240153 801234567
867240315 801234567
867240531 801234567
867241035 801234567
867241350 801234567
867241503 801234567
867243051 801234567
867243105 801234567
867243510 801234567
867245013 801234567
867245130 801234567
867245301 801234567
867250134 801234567
867250341 801234567
867250413 801234567
867251043 801234567
867251304 801234567
867251430 801234567
867253014 801234567
867253140 801234567
867253401 801234567
867254031 801234567
867254103 801234567
867254310 801234567
867301254 801234567
867301425 801234567
867301542 801234567
867302145 801234567
867302451 801234567
867302514 801234567
867304152 801234567
867304215 801234567
867304521 801234567
867305124 801234567
867305241 801234567
867305412 801234567
867310245 801234567
867310452 801234567
867310524 801234567
867312054 801234567
867312405 801234567
867312540 801234567
867314025 801234567
867314250 801234567
867314502 801234567
867315042 801234567
867315204 801234567
867315420 801234567
867320154 801234567
867320415 801234567
867320541 801234567
867321045 801234567
867321450 801234567
867321504 801234567
867324051 801234567
867324105 801234567
867324510 801234567
867325014 801234567
867325140 801234567
867325401 801234567
867340125 801234567
867340251 801234567
867340512 801234567
867341052 801234567
867341205 801234567
867341520 801234567
867342015 801234567
867342150 801234567
867342501 801234567
867345021 801234567
867345102 801234567
867345210 801234567
867350142 801234567
867350214 801234567
867350421 801234567
867351024 801234567
867351240 801234567
867351402 801234567
867352041 801234567
867352104 801234567
867352410 801234567
867354012 801234567
867354120 801234567
867354201 801234567
867401235 801234567
867401352 801234567
867401523 801234567
867402153 801234567
867402315 801234567
867402531 801234567
867403125 801234567
867403251 801234567
867403512 801234567
867405132 801234567
867405213 801234567
867405321 801234567
867410253 801234567
867410325 801234567
867410532 801234567
867412035 801234567
867412350 801234567
867412503 801234567
867413052 801234567
867413205 801234567
867413520 801234567
867415023 801234567
867415230 801234567
867415302 801234567
867420135 801234567
867420351 801234567
867420513 801234567
867421053 801234567
867421305 801234567
867421530 801234567
867423015 801234567
867423150 801234567
867423501 801234567
867425031 801234567
867425103 801234567
867425310 801234567
867430152 801234567
867430215 801234567
867430521 801234567
867431025 801234567
867431250 801234567
867431502 801234567
867432051 801234567
867432105 801234567
867432510 801234567
867435012 801234567
867435120 801234567
867435201 801234567
867450123 801234567
867450231 801234567
867450312 801234567
867451032 801234567
867451203 801234567
867451320 801234567
867452013 801234567
867452130 801234567
867452301 801234567
867453021 801234567
867453102 801234567
867453210 801234567
867501243 801234567
867501324 801234567
867501432 801234567
867502134 801234567
867502341 801234567
867502413 801234567
867503142 801234567
867503214 801234567
867503421 801234567
867504123 801234567
867504231 801234567
867504312 801234567
867510234 801234567
867510342 801234567
867510423 801234567
867512043 801234567
867512304 801234567
867512430 801234567
867513024 801234567
867513240 801234567
867513402 801234567
867514032 801234567
867514203 801234567
867514320 801234567
867520143 801234567
867520314 801234567
867520431 801234567
867521034 801234567
867521340 801234567
867521403 801234567
867523041 801234567
867523104 801234567
867523410 801234567
867524013 801234567
867524130 801234567
867524301 801234567
867530124 801234567
867530241 801234567
867530412 801234567
867531042 801234567
867531204 801234567
867531420 801234567
867532014 801234567
867532140 801234567
867532401 801234567
867534021 801234567
867534102 801234567
867534210 801234567
867540132 801234567
867540213 801234567
867540321 801234567
867541023 801234567
867541230 801234567
867541302 801234567
867542031 801234567
867542103 801234567
867542310 801234567
867543012 801234567
867543120 801234567
867543201 801234567
870123465 801234567
870123546 801234567
870123654 801234567
870124356 801234567
870124563 801234567
870124635 801234567
870125364 801234567
870125436 801234567
870125643 801234567
870126345 801234567
870126453 801234567
870126534 801234567
870132456 801234567
870132564 801234567
870132645 801234567
870134265 801234567
870134526 801234567
870134652 801234567
870135246 801234567
870135462 801234567
870135624 801234567
870136254 801234567
870136425 801234567
870136542 801234567
870142365 801234567
870142536 801234567
870142653 801234567
870143256 801234567
870143562 801234567
870143625 801234567
870145263 801234567
870145326 801234567
870145632 801234567
870146235 801234567
870146352 801234567
870146523 801234567
870152346 801234567
870152463 801234567
870152634 801234567
870153264 801234567
870153426 801234567
870153642 801234567
870154236 801234567
870154362 801234567
870154623 801234567
870156243 801234567
870156324 801234567
870156432 801234567
870162354 801234567
870162435 801234567
870162543 801234567
870163245 801234567
870163452 801234567
870163524 801234567
870164253 801234567
870164325 801234567
870164532 801234567
870165234 801234567
870165342 801234567
870165423 801234567
870213456 801234567
870213564 801234567
870213645 801234567
870214365 801234567
870214536 801234567
870214653 801234567
870215346 801234567
870215463 801234567
870215634 801234567
870216354 801234567
870216435 801234567
870216543 801234567
870231465 801234567
870231546 801234567
870231654 801234567
870234156 801234567
870234561 801234567
870234615 801234567
870235164 801234567
870235416 801234567
870235641 801234567
870236145 801234567
870236451 801234567
870236514 801234567
870241356 801234567
870241563 801234567
870241635 801234567
870243165 801234567
870243516 801234567
870243651 801234567
870245136 801234567
870245361 801234567
870245613 801234567
870246153 801234567
870246315 801234567
870246531 801234567
870251364 801234567
870251436 801234567
870251643 801234567
870253146 801234567
870253461 801234567
870253614 801234567
870254163 801234567
870254316 801234567
870254631 801234567
870256134 801234567
870256341 801234567
870256413 801234567
870261345 801234567
870261453 801234567
870261534 801234567
870263154 801234567
870263415 801234567
870263541 801234567
870264135 801234567
870264351 801234567
870264513 801234567
870265143 801234567
870265314 801234567
870265431 801234567
870312465 801234567
870312546 801234567
870312654 801234567
870314256 801234567
870314562 801234567
870314625 801234567
870315264 801234567
870315426 801234567
870315642 801234567
870316245 801234567
870316452 801234567
870316524 801234567
870321456 801234567
870321564 801234567
870321645 801234567
870324165 801234567
870324516 801234567
870324651 801234567
870325146 801234567
870325461 801234567
870325614 801234567
870326154 801234567
870326415 801234567
870326541 801234567
870341265 801234567
870341526 801234567
870341652 801234567
870342156 801234567
870342561 801234567
870342615 801234567
870345162 801234567
870345216 801234567
870345621 801234567
870346125 801234567
870346251 801234567
870346512 801234567
870351246 801234567
870351462 801234567
870351624 801234567
870352164 801234567
870352416 801234567
870352641 801234567
870354126 801234567
870354261 801234567
870354612 801234567
870356142 801234567
870356214 801234567
870356421 801234567
870361254 801234567
870361425 801234567
870361542 801234567
870362145 801234567
870362451 801234567
870362514 801234567
870364152 801234567
870364215 801234567
870364521 801234567
870365124 801234567
870365241 801234567
870365412 801234567
870412356 801234567
870412563 801234567
870412635 801234567
870413265 801234567
870413526 801234567
870413652 801234567
870415236 801234567
870415362 801234567
870415623 801234567
870416253 801234567
870416325 801234567
870416532 801234567
870421365 801234567
870421536 801234567
870421653 801234567
870423156 801234567
870423561 801234567
870423615 801234567
870425163 801234567
870425316 801234567
870425631 801234567
870426135 801234567
870426351 801234567
870426513 801234567
870431256 801234567
870431562 801234567
870431625 801234567
870432165 801234567
870432516 801234567
870432651 801234567
870435126 801234567
870435261 801234567
870435612 801234567
870436152 801234567
870436215 801234567
870436521 801234567
870451263 801234567
870451326 801234567
870451632 801234567
870452136 801234567
870452361 801234567
