023486175 801234567
023486517 801234567
023486751 801234567
023487156 801234567
023487561 801234567
023487615 801234567
023514678 801234567
023514786 801234567
023514867 801234567
023516487 801234567
023516748 801234567
023516874 801234567
023517468 801234567
023517684 801234567
023517846 801234567
023518476 801234567
023518647 801234567
023518764 801234567
023541687 801234567
023541768 801234567
023541876 801234567
023546178 801234567
023546781 801234567
023546817 801234567
023547186 801234567
023547618 801234567
023547861 801234567
023548167 801234567
023548671 801234567
023548716 801234567
023561478 801234567
023561784 801234567
023561847 801234567
023564187 801234567
023564718 801234567
023564871 801234567
023567148 801234567
023567481 801234567
023567814 801234567
023568174 801234567
023568417 801234567
023568741 801234567
023571486 801234567
023571648 801234567
023571864 801234567
023574168 801234567
023574681 801234567
023574816 801234567
023576184 801234567
023576418 801234567
023576841 801234567
023578146 801234567
023578461 801234567
023578614 801234567
023581467 801234567
023581674 801234567
023581746 801234567
023584176 801234567
023584617 801234567
023584761 801234567
023586147 801234567
023586471 801234567
023586714 801234567
023587164 801234567
023587416 801234567
023587641 801234567
023614587 801234567
023614758 801234567
023614875 801234567
023615478 801234567
023615784 801234567
023615847 801234567
023617485 801234567
023617548 801234567
023617854 801234567
023618457 801234567
023618574 801234567
023618745 801234567
023641578 801234567
023641785 801234567
023641857 801234567
023645187 801234567
023645718 801234567
023645871 801234567
023647158 801234567
023647581 801234567
023647815 801234567
023648175 801234567
023648517 801234567
023648751 801234567
023651487 801234567
023651748 801234567
023651874 801234567
023654178 801234567
023654781 801234567
023654817 801234567
023657184 801234567
023657418 801234567
023657841 801234567
023658147 801234567
023658471 801234567
023658714 801234567
023671458 801234567
023671584 801234567
023671845 801234567
023674185 801234567
023674518 801234567
023674851 801234567
023675148 801234567
023675481 801234567
023675814 801234567
023678154 801234567
023678415 801234567
023678541 801234567
023681475 801234567
023681547 801234567
023681754 801234567
023684157 801234567
023684571 801234567
023684715 801234567
023685174 801234567
023685417 801234567
023685741 801234567
023687145 801234567
023687451 801234567
023687514 801234567
023714568 801234567
023714685 801234567
023714856 801234567
023715486 801234567
023715648 801234567
023715864 801234567
023716458 801234567
023716584 801234567
023716845 801234567
023718465 801234567
023718546 801234567
023718654 801234567
023741586 801234567
023741658 801234567
023741865 801234567
023745168 801234567
023745681 801234567
023745816 801234567
023746185 801234567
023746518 801234567
023746851 801234567
023748156 801234567
023748561 801234567
023748615 801234567
023751468 801234567
023751684 801234567
023751846 801234567
023754186 801234567
023754618 801234567
023754861 801234567
023756148 801234567
023756481 801234567
023756814 801234567
023758164 801234567
023758416 801234567
023758641 801234567
023761485 801234567
023761548 801234567
023761854 801234567
023764158 801234567
023764581 801234567
023764815 801234567
023765184 801234567
023765418 801234567
023765841 801234567
023768145 801234567
023768451 801234567
023768514 801234567
023781456 801234567
023781564 801234567
023781645 801234567
023784165 801234567
023784516 801234567
023784651 801234567
023785146 801234567
023785461 801234567
023785614 801234567
023786154 801234567
023786415 801234567
023786541 801234567
023814576 801234567
023814657 801234567
023814765 801234567
023815467 801234567
023815674 801234567
023815746 801234567
023816475 801234567
023816547 801234567
023816754 801234567
023817456 801234567
023817564 801234567
023817645 801234567
023841567 801234567
023841675 801234567
023841756 801234567
023845176 801234567
023845617 801234567
023845761 801234567
023846157 801234567
023846571 801234567
023846715 801234567
023847165 801234567
023847516 801234567
023847651 801234567
023851476 801234567
023851647 801234567
023851764 801234567
023854167 801234567
023854671 801234567
023854716 801234567
023856174 801234567
023856417 801234567
023856741 801234567
023857146 801234567
023857461 801234567
023857614 801234567
023861457 801234567
023861574 801234567
023861745 801234567
023864175 801234567
023864517 801234567
023864751 801234567
023865147 801234567
023865471 801234567
023865714 801234567
023867154 801234567
023867415 801234567
023867541 801234567
023871465 801234567
023871546 801234567
023871654 801234567
023874156 801234567
023874561 801234567
023874615 801234567
023875164 801234567
023875416 801234567
023875641 801234567
023876145 801234567
023876451 801234567
023876514 801234567
024135687 801234567
024135768 801234567
024135876 801234567
024136578 801234567
024136785 801234567
024136857 801234567
024137586 801234567
024137658 801234567
024137865 801234567
024138567 801234567
024138675 801234567
024138756 801234567
024153678 801234567
024153786 801234567
024153867 801234567
024156387 801234567
024156738 801234567
024156873 801234567
024157368 801234567
024157683 801234567
024157836 801234567
024158376 801234567
024158637 801234567
024158763 801234567
024163587 801234567
024163758 801234567
024163875 801234567
024165378 801234567
024165783 801234567
024165837 801234567
024167385 801234567
024167538 801234567
024167853 801234567
024168357 801234567
024168573 801234567
024168735 801234567
024173568 801234567
024173685 801234567
024173856 801234567
024175386 801234567
024175638 801234567
024175863 801234567
024176358 801234567
024176583 801234567
024176835 801234567
024178365 801234567
024178536 801234567
024178653 801234567
024183576 801234567
024183657 801234567
024183765 801234567
024185367 801234567
024185673 801234567
024185736 801234567
024186375 801234567
024186537 801234567
024186753 801234567
024187356 801234567
024187563 801234567
024187635 801234567
024315678 801234567
024315786 801234567
024315867 801234567
024316587 801234567
024316758 801234567
024316875 801234567
024317568 801234567
024317685 801234567
024317856 801234567
024318576 801234567
024318657 801234567
024318765 801234567
024351687 801234567
024351768 801234567
024351876 801234567
024356178 801234567
024356781 801234567
024356817 801234567
024357186 801234567
024357618 801234567
024357861 801234567
024358167 801234567
024358671 801234567
024358716 801234567
024361578 801234567
024361785 801234567
024361857 801234567
024365187 801234567
024365718 801234567
024365871 801234567
024367158 801234567
024367581 801234567
024367815 801234567
024368175 801234567
024368517 801234567
024368751 801234567
024371586 801234567
024371658 801234567
024371865 801234567
024375168 801234567
024375681 801234567
024375816 801234567
024376185 801234567
024376518 801234567
024376851 801234567
024378156 801234567
024378561 801234567
024378615 801234567
024381567 801234567
024381675 801234567
024381756 801234567
024385176 801234567
024385617 801234567
024385761 801234567
024386157 801234567
024386571 801234567
024386715 801234567
024387165 801234567
024387516 801234567
024387651 801234567
024513687 801234567
024513768 801234567
024513876 801234567
024516378 801234567
024516783 801234567
024516837 801234567
024517386 801234567
024517638 801234567
024517863 801234567
024518367 801234567
024518673 801234567
024518736 801234567
024531678 801234567
024531786 801234567
024531867 801234567
024536187 801234567
024536718 801234567
024536871 801234567
024537168 801234567
024537681 801234567
024537816 801234567
024538176 801234567
024538617 801234567
024538761 801234567
024561387 801234567
024561738 801234567
024561873 801234567
024563178 801234567
024563781 801234567
024563817 801234567
024567183 801234567
024567318 801234567
024567831 801234567
024568137 801234567
024568371 801234567
024568713 801234567
024571368 801234567
024571683 801234567
024571836 801234567
024573186 801234567
024573618 801234567
024573861 801234567
024576138 801234567
024576381 801234567
024576813 801234567
024578163 801234567
024578316 801234567
024578631 801234567
024581376 801234567
024581637 801234567
024581763 801234567
024583167 801234567
024583671 801234567
024583716 801234567
024586173 801234567
024586317 801234567
024586731 801234567
024587136 801234567
024587361 801234567
024587613 801234567
024613578 801234567
024613785 801234567
024613857 801234567
024615387 801234567
024615738 801234567
024615873 801234567
024617358 801234567
024617583 801234567
024617835 801234567
024618375 801234567
024618537 801234567
024618753 801234567
024631587 801234567
024631758 801234567
024631875 801234567
024635178 801234567
024635781 801234567
024635817 801234567
024637185 801234567
024637518 801234567
024637851 801234567
024638157 801234567
024638571 801234567
024638715 801234567
024651378 801234567
024651783 801234567
024651837 801234567
024653187 801234567
024653718 801234567
024653871 801234567
024657138 801234567
024657381 801234567
024657813 801234567
024658173 801234567
024658317 801234567
024658731 801234567
024671385 801234567
024671538 801234567
024671853 801234567
024673158 801234567
024673581 801234567
024673815 801234567
024675183 801234567
024675318 801234567
024675831 801234567
024678135 801234567
024678351 801234567
024678513 801234567
024681357 801234567
024681573 801234567
024681735 801234567
024683175 801234567
024683517 801234567
024683751 801234567
024685137 801234567
024685371 801234567
024685713 801234567
024687153 801234567
024687315 801234567
024687531 801234567
024713586 801234567
024713658 801234567
024713865 801234567
024715368 801234567
024715683 801234567
024715836 801234567
024716385 801234567
024716538 801234567
024716853 801234567
024718356 801234567
024718563 801234567
024718635 801234567
024731568 801234567
