480137652 801234567
480152376 801234567
480152637 801234567
480152763 801234567
480153267 801234567
480153672 801234567
480153726 801234567
480156273 801234567
480156327 801234567
480156732 801234567
480157236 801234567
480157362 801234567
480157623 801234567
480162357 801234567
480162573 801234567
480162735 801234567
480163275 801234567
480163527 801234567
480163752 801234567
480165237 801234567
480165372 801234567
480165723 801234567
480167253 801234567
480167325 801234567
480167532 801234567
480172365 801234567
480172536 801234567
480172653 801234567
480173256 801234567
480173562 801234567
480173625 801234567
480175263 801234567
480175326 801234567
480175632 801234567
480176235 801234567
480176352 801234567
480176523 801234567
480213567 801234567
480213675 801234567
480213756 801234567
480215376 801234567
480215637 801234567
480215763 801234567
480216357 801234567
480216573 801234567
480216735 801234567
480217365 801234567
480217536 801234567
480217653 801234567
480231576 801234567
480231657 801234567
480231765 801234567
480235167 801234567
480235671 801234567
480235716 801234567
480236175 801234567
480236517 801234567
480236751 801234567
480237156 801234567
480237561 801234567
480237615 801234567
480251367 801234567
480251673 801234567
480251736 801234567
480253176 801234567
480253617 801234567
480253761 801234567
480256137 801234567
480256371 801234567
480256713 801234567
480257163 801234567
480257316 801234567
480257631 801234567
480261375 801234567
480261537 801234567
480261753 801234567
480263157 801234567
480263571 801234567
480263715 801234567
480265173 801234567
480265317 801234567
480265731 801234567
480267135 801234567
480267351 801234567
480267513 801234567
480271356 801234567
480271563 801234567
480271635 801234567
480273165 801234567
480273516 801234567
480273651 801234567
480275136 801234567
480275361 801234567
480275613 801234567
480276153 801234567
480276315 801234567
480276531 801234567
480312576 801234567
480312657 801234567
480312765 801234567
480315267 801234567
480315672 801234567
480315726 801234567
480316275 801234567
480316527 801234567
480316752 801234567
480317256 801234567
480317562 801234567
480317625 801234567
480321567 801234567
480321675 801234567
480321756 801234567
480325176 801234567
480325617 801234567
480325761 801234567
480326157 801234567
480326571 801234567
480326715 801234567
480327165 801234567
480327516 801234567
480327651 801234567
480351276 801234567
480351627 801234567
480351762 801234567
480352167 801234567
480352671 801234567
480352716 801234567
480356172 801234567
480356217 801234567
480356721 801234567
480357126 801234567
480357261 801234567
480357612 801234567
480361257 801234567
480361572 801234567
480361725 801234567
480362175 801234567
480362517 801234567
480362751 801234567
480365127 801234567
480365271 801234567
480365712 801234567
480367152 801234567
480367215 801234567
480367521 801234567
480371265 801234567
480371526 801234567
480371652 801234567
480372156 801234567
480372561 801234567
480372615 801234567
480375162 801234567
480375216 801234567
480375621 801234567
480376125 801234567
480376251 801234567
480376512 801234567
480512367 801234567
480512673 801234567
480512736 801234567
480513276 801234567
480513627 801234567
480513762 801234567
480516237 801234567
480516372 801234567
480516723 801234567
480517263 801234567
480517326 801234567
480517632 801234567
480521376 801234567
480521637 801234567
480521763 801234567
480523167 801234567
480523671 801234567
480523716 801234567
480526173 801234567
480526317 801234567
480526731 801234567
480527136 801234567
480527361 801234567
480527613 801234567
480531267 801234567
480531672 801234567
480531726 801234567
480532176 801234567
480532617 801234567
480532761 801234567
480536127 801234567
480536271 801234567
480536712 801234567
480537162 801234567
480537216 801234567
480537621 801234567
480561273 801234567
480561327 801234567
480561732 801234567
480562137 801234567
480562371 801234567
480562713 801234567
480563172 801234567
480563217 801234567
480563721 801234567
480567123 801234567
480567231 801234567
480567312 801234567
480571236 801234567
480571362 801234567
480571623 801234567
480572163 801234567
480572316 801234567
480572631 801234567
480573126 801234567
480573261 801234567
480573612 801234567
480576132 801234567
480576213 801234567
480576321 801234567
480612375 801234567
480612537 801234567
480612753 801234567
480613257 801234567
480613572 801234567
480613725 801234567
480615273 801234567
480615327 801234567
480615732 801234567
480617235 801234567
480617352 801234567
480617523 801234567
480621357 801234567
480621573 801234567
480621735 801234567
480623175 801234567
480623517 801234567
480623751 801234567
480625137 801234567
480625371 801234567
480625713 801234567
480627153 801234567
480627315 801234567
480627531 801234567
480631275 801234567
480631527 801234567
480631752 801234567
480632157 801234567
480632571 801234567
480632715 801234567
480635172 801234567
480635217 801234567
480635721 801234567
480637125 801234567
480637251 801234567
480637512 801234567
480651237 801234567
480651372 801234567
480651723 801234567
480652173 801234567
480652317 801234567
480652731 801234567
480653127 801234567
480653271 801234567
480653712 801234567
480657132 801234567
480657213 801234567
480657321 801234567
480671253 801234567
480671325 801234567
480671532 801234567
480672135 801234567
480672351 801234567
480672513 801234567
480673152 801234567
480673215 801234567
480673521 801234567
480675123 801234567
480675231 801234567
480675312 801234567
480712356 801234567
480712563 801234567
480712635 801234567
480713265 801234567
480713526 801234567
480713652 801234567
480715236 801234567
480715362 801234567
480715623 801234567
480716253 801234567
480716325 801234567
480716532 801234567
480721365 801234567
480721536 801234567
480721653 801234567
480723156 801234567
480723561 801234567
480723615 801234567
480725163 801234567
480725316 801234567
480725631 801234567
480726135 801234567
480726351 801234567
480726513 801234567
480731256 801234567
480731562 801234567
480731625 801234567
480732165 801234567
480732516 801234567
480732651 801234567
480735126 801234567
480735261 801234567
480735612 801234567
480736152 801234567
480736215 801234567
480736521 801234567
480751263 801234567
480751326 801234567
480751632 801234567
480752136 801234567
480752361 801234567
480752613 801234567
480753162 801234567
480753216 801234567
480753621 801234567
480756123 801234567
480756231 801234567
480756312 801234567
480761235 801234567
480761352 801234567
480761523 801234567
480762153 801234567
480762315 801234567
480762531 801234567
480763125 801234567
480763251 801234567
480763512 801234567
480765132 801234567
480765213 801234567
480765321 801234567
481023567 801234567
481023675 801234567
481023756 801234567
481025376 801234567
481025637 801234567
481025763 801234567
481026357 801234567
481026573 801234567
481026735 801234567
481027365 801234567
481027536 801234567
481027653 801234567
481032576 801234567
481032657 801234567
481032765 801234567
481035267 801234567
481035672 801234567
481035726 801234567
481036275 801234567
481036527 801234567
481036752 801234567
481037256 801234567
481037562 801234567
481037625 801234567
481052367 801234567
481052673 801234567
481052736 801234567
481053276 801234567
481053627 801234567
481053762 801234567
481056237 801234567
481056372 801234567
481056723 801234567
481057263 801234567
481057326 801234567
481057632 801234567
481062375 801234567
481062537 801234567
481062753 801234567
481063257 801234567
481063572 801234567
481063725 801234567
481065273 801234567
481065327 801234567
481065732 801234567
481067235 801234567
481067352 801234567
481067523 801234567
481072356 801234567
481072563 801234567
481072635 801234567
481073265 801234567
481073526 801234567
481073652 801234567
481075236 801234567
481075362 801234567
481075623 801234567
481076253 801234567
481076325 801234567
481076532 801234567
481203576 801234567
481203657 801234567
481203765 801234567
481205367 801234567
481205673 801234567
481205736 801234567
481206375 801234567
481206537 801234567
481206753 801234567
481207356 801234567
481207563 801234567
481207635 801234567
481230567 801234567
481230675 801234567
481230756 801234567
481235076 801234567
481235607 801234567
481235760 801234567
481236057 801234567
481236570 801234567
481236705 801234567
481237065 801234567
481237506 801234567
481237650 801234567
481250376 801234567
481250637 801234567
481250763 801234567
481253067 801234567
481253670 801234567
481253706 801234567
481256073 801234567
481256307 801234567
481256730 801234567
481257036 801234567
481257360 801234567
481257603 801234567
481260357 801234567
481260573 801234567
481260735 801234567
481263075 801234567
481263507 801234567
481263750 801234567
481265037 801234567
481265370 801234567
481265703 801234567
481267053 801234567
481267305 801234567
481267530 801234567
481270365 801234567
481270536 801234567
481270653 801234567
481273056 801234567
481273560 801234567
481273605 801234567
481275063 801234567
481275306 801234567
481275630 801234567
481276035 801234567
481276350 801234567
481276503 801234567
481302567 801234567
481302675 801234567
481302756 801234567
481305276 801234567
481305627 801234567
481305762 801234567
481306257 801234567
481306572 801234567
481306725 801234567
481307265 801234567
481307526 801234567
481307652 801234567
481320576 801234567
481320657 801234567
481320765 801234567
481325067 801234567
481325670 801234567
481325706 801234567
481326075 801234567
481326507 801234567
481326750 801234567
481327056 801234567
481327560 801234567
481327605 801234567
481350267 801234567
481350672 801234567
481350726 801234567
481352076 801234567
481352607 801234567
481352760 801234567
481356027 801234567
481356270 801234567
481356702 801234567
481357062 801234567
481357206 801234567
481357620 801234567
481360275 801234567
481360527 801234567
481360752 801234567
481362057 801234567
481362570 801234567
481362705 801234567
