358210764 801234567
358214067 801234567
358214670 801234567
358214706 801234567
358216074 801234567
358216407 801234567
358216740 801234567
358217046 801234567
358217460 801234567
358217604 801234567
358240167 801234567
358240671 801234567
358240716 801234567
358241076 801234567
358241607 801234567
358241760 801234567
358246017 801234567
358246170 801234567
358246701 801234567
358247061 801234567
358247106 801234567
358247610 801234567
358260174 801234567
358260417 801234567
358260741 801234567
358261047 801234567
358261470 801234567
358261704 801234567
358264071 801234567
358264107 801234567
358264710 801234567
358267014 801234567
358267140 801234567
358267401 801234567
358270146 801234567
358270461 801234567
358270614 801234567
358271064 801234567
358271406 801234567
358271640 801234567
358274016 801234567
358274160 801234567
358274601 801234567
358276041 801234567
358276104 801234567
358276410 801234567
358401276 801234567
358401627 801234567
358401762 801234567
358402167 801234567
358402671 801234567
358402716 801234567
358406172 801234567
358406217 801234567
358406721 801234567
358407126 801234567
358407261 801234567
358407612 801234567
358410267 801234567
358410672 801234567
358410726 801234567
358412076 801234567
358412607 801234567
358412760 801234567
358416027 801234567
358416270 801234567
358416702 801234567
358417062 801234567
358417206 801234567
358417620 801234567
358420176 801234567
358420617 801234567
358420761 801234567
358421067 801234567
358421670 801234567
358421706 801234567
358426071 801234567
358426107 801234567
358426710 801234567
358427016 801234567
358427160 801234567
358427601 801234567
358460127 801234567
358460271 801234567
358460712 801234567
358461072 801234567
358461207 801234567
358461720 801234567
358462017 801234567
358462170 801234567
358462701 801234567
358467021 801234567
358467102 801234567
358467210 801234567
358470162 801234567
358470216 801234567
358470621 801234567
358471026 801234567
358471260 801234567
358471602 801234567
358472061 801234567
358472106 801234567
358472610 801234567
358476012 801234567
358476120 801234567
358476201 801234567
358601247 801234567
358601472 801234567
358601724 801234567
358602174 801234567
358602417 801234567
358602741 801234567
358604127 801234567
358604271 801234567
358604712 801234567
358607142 801234567
358607214 801234567
358607421 801234567
358610274 801234567
358610427 801234567
358610742 801234567
358612047 801234567
358612470 801234567
358612704 801234567
358614072 801234567
358614207 801234567
358614720 801234567
358617024 801234567
358617240 801234567
358617402 801234567
358620147 801234567
358620471 801234567
358620714 801234567
358621074 801234567
358621407 801234567
358621740 801234567
358624017 801234567
358624170 801234567
358624701 801234567
358627041 801234567
358627104 801234567
358627410 801234567
358640172 801234567
358640217 801234567
358640721 801234567
358641027 801234567
358641270 801234567
358641702 801234567
358642071 801234567
358642107 801234567
358642710 801234567
358647012 801234567
358647120 801234567
358647201 801234567
358670124 801234567
358670241 801234567
358670412 801234567
358671042 801234567
358671204 801234567
358671420 801234567
358672014 801234567
358672140 801234567
358672401 801234567
358674021 801234567
358674102 801234567
358674210 801234567
358701264 801234567
358701426 801234567
358701642 801234567
358702146 801234567
358702461 801234567
358702614 801234567
358704162 801234567
358704216 801234567
358704621 801234567
358706124 801234567
358706241 801234567
358706412 801234567
358710246 801234567
358710462 801234567
358710624 801234567
358712064 801234567
358712406 801234567
358712640 801234567
358714026 801234567
358714260 801234567
358714602 801234567
358716042 801234567
358716204 801234567
358716420 801234567
358720164 801234567
358720416 801234567
358720641 801234567
358721046 801234567
358721460 801234567
358721604 801234567
358724061 801234567
358724106 801234567
358724610 801234567
358726014 801234567
358726140 801234567
358726401 801234567
358740126 801234567
358740261 801234567
358740612 801234567
358741062 801234567
358741206 801234567
358741620 801234567
358742016 801234567
358742160 801234567
358742601 801234567
358746021 801234567
358746102 801234567
358746210 801234567
358760142 801234567
358760214 801234567
358760421 801234567
358761024 801234567
358761240 801234567
358761402 801234567
358762041 801234567
358762104 801234567
358762410 801234567
358764012 801234567
358764120 801234567
358764201 801234567
360124587 801234567
360124758 801234567
360124875 801234567
360125478 801234567
360125784 801234567
360125847 801234567
360127485 801234567
360127548 801234567
360127854 801234567
360128457 801234567
360128574 801234567
360128745 801234567
360142578 801234567
360142785 801234567
360142857 801234567
360145287 801234567
360145728 801234567
360145872 801234567
360147258 801234567
360147582 801234567
360147825 801234567
360148275 801234567
360148527 801234567
360148752 801234567
360152487 801234567
360152748 801234567
360152874 801234567
360154278 801234567
360154782 801234567
360154827 801234567
360157284 801234567
360157428 801234567
360157842 801234567
360158247 801234567
360158472 801234567
360158724 801234567
360172458 801234567
360172584 801234567
360172845 801234567
360174285 801234567
360174528 801234567
360174852 801234567
360175248 801234567
360175482 801234567
360175824 801234567
360178254 801234567
360178425 801234567
360178542 801234567
360182475 801234567
360182547 801234567
360182754 801234567
360184257 801234567
360184572 801234567
360184725 801234567
360185274 801234567
360185427 801234567
360185742 801234567
360187245 801234567
360187452 801234567
360187524 801234567
360214578 801234567
360214785 801234567
360214857 801234567
360215487 801234567
360215748 801234567
360215874 801234567
360217458 801234567
360217584 801234567
360217845 801234567
360218475 801234567
360218547 801234567
360218754 801234567
360241587 801234567
360241758 801234567
360241875 801234567
360245178 801234567
360245781 801234567
360245817 801234567
360247185 801234567
360247518 801234567
360247851 801234567
360248157 801234567
360248571 801234567
360248715 801234567
360251478 801234567
360251784 801234567
360251847 801234567
360254187 801234567
360254718 801234567
360254871 801234567
360257148 801234567
360257481 801234567
360257814 801234567
360258174 801234567
360258417 801234567
360258741 801234567
360271485 801234567
360271548 801234567
360271854 801234567
360274158 801234567
360274581 801234567
360274815 801234567
360275184 801234567
360275418 801234567
360275841 801234567
360278145 801234567
360278451 801234567
360278514 801234567
360281457 801234567
360281574 801234567
360281745 801234567
360284175 801234567
360284517 801234567
360284751 801234567
360285147 801234567
360285471 801234567
360285714 801234567
360287154 801234567
360287415 801234567
360287541 801234567
360412587 801234567
360412758 801234567
360412875 801234567
360415278 801234567
360415782 801234567
360415827 801234567
360417285 801234567
360417528 801234567
360417852 801234567
360418257 801234567
360418572 801234567
360418725 801234567
360421578 801234567
360421785 801234567
360421857 801234567
360425187 801234567
360425718 801234567
360425871 801234567
360427158 801234567
360427581 801234567
360427815 801234567
360428175 801234567
360428517 801234567
360428751 801234567
360451287 801234567
360451728 801234567
360451872 801234567
360452178 801234567
360452781 801234567
360452817 801234567
360457182 801234567
360457218 801234567
360457821 801234567
360458127 801234567
360458271 801234567
360458712 801234567
360471258 801234567
360471582 801234567
360471825 801234567
360472185 801234567
360472518 801234567
360472851 801234567
360475128 801234567
360475281 801234567
360475812 801234567
360478152 801234567
360478215 801234567
360478521 801234567
360481275 801234567
360481527 801234567
360481752 801234567
360482157 801234567
360482571 801234567
360482715 801234567
360485172 801234567
360485217 801234567
360485721 801234567
360487125 801234567
360487251 801234567
360487512 801234567
360512478 801234567
360512784 801234567
360512847 801234567
360514287 801234567
360514728 801234567
360514872 801234567
360517248 801234567
360517482 801234567
360517824 801234567
360518274 801234567
360518427 801234567
360518742 801234567
360521487 801234567
360521748 801234567
360521874 801234567
360524178 801234567
360524781 801234567
360524817 801234567
360527184 801234567
360527418 801234567
360527841 801234567
360528147 801234567
360528471 801234567
360528714 801234567
360541278 801234567
360541782 801234567
360541827 801234567
360542187 801234567
360542718 801234567
360542871 801234567
360547128 801234567
360547281 801234567
360547812 801234567
360548172 801234567
360548217 801234567
360548721 801234567
360571284 801234567
360571428 801234567
360571842 801234567
360572148 801234567
360572481 801234567
360572814 801234567
360574182 801234567
360574218 801234567
360574821 801234567
360578124 801234567
360578241 801234567
360578412 801234567
360581247 801234567
360581472 801234567
360581724 801234567
360582174 801234567
360582417 801234567
360582741 801234567
360584127 801234567
360584271 801234567
360584712 801234567
360587142 801234567
360587214 801234567
360587421 801234567
360712485 801234567
360712548 801234567
360712854 801234567
360714258 801234567
360714582 801234567
360714825 801234567
360715284 801234567
360715428 801234567
360715842 801234567
360718245 801234567
360718452 801234567
360718524 801234567
360721458 801234567
360721584 801234567
360721845 801234567
360724185 801234567
360724518 801234567
360724851 801234567
360725148 801234567
360725481 801234567
360725814 801234567
360728154 801234567
360728415 801234567
360728541 801234567
360741285 801234567
360741528 801234567
360741852 801234567
360742158 801234567
360742581 801234567
360742815 801234567
360745182 801234567
360745218 801234567
360745821 801234567
