706582413 801234567
706583142 801234567
706583214 801234567
706583421 801234567
706584123 801234567
706584231 801234567
706584312 801234567
706812345 801234567
706812453 801234567
706812534 801234567
706813254 801234567
706813425 801234567
706813542 801234567
706814235 801234567
706814352 801234567
706814523 801234567
706815243 801234567
706815324 801234567
706815432 801234567
706821354 801234567
706821435 801234567
706821543 801234567
706823145 801234567
706823451 801234567
706823514 801234567
706824153 801234567
706824315 801234567
706824531 801234567
706825134 801234567
706825341 801234567
706825413 801234567
706831245 801234567
706831452 801234567
706831524 801234567
706832154 801234567
706832415 801234567
706832541 801234567
706834125 801234567
706834251 801234567
706834512 801234567
706835142 801234567
706835214 801234567
706835421 801234567
706841253 801234567
706841325 801234567
706841532 801234567
706842135 801234567
706842351 801234567
706842513 801234567
706843152 801234567
706843215 801234567
706843521 801234567
706845123 801234567
706845231 801234567
706845312 801234567
706851234 801234567
706851342 801234567
706851423 801234567
706852143 801234567
706852314 801234567
706852431 801234567
706853124 801234567
706853241 801234567
706853412 801234567
706854132 801234567
706854213 801234567
706854321 801234567
708123456 801234567
708123564 801234567
708123645 801234567
708124365 801234567
708124536 801234567
708124653 801234567
708125346 801234567
708125463 801234567
708125634 801234567
708126354 801234567
708126435 801234567
708126543 801234567
708132465 801234567
708132546 801234567
708132654 801234567
708134256 801234567
708134562 801234567
708134625 801234567
708135264 801234567
708135426 801234567
708135642 801234567
708136245 801234567
708136452 801234567
708136524 801234567
708142356 801234567
708142563 801234567
708142635 801234567
708143265 801234567
708143526 801234567
708143652 801234567
708145236 801234567
708145362 801234567
708145623 801234567
708146253 801234567
708146325 801234567
708146532 801234567
708152364 801234567
708152436 801234567
708152643 801234567
708153246 801234567
708153462 801234567
708153624 801234567
708154263 801234567
708154326 801234567
708154632 801234567
708156234 801234567
708156342 801234567
708156423 801234567
708162345 801234567
708162453 801234567
708162534 801234567
708163254 801234567
708163425 801234567
708163542 801234567
708164235 801234567
708164352 801234567
708164523 801234567
708165243 801234567
708165324 801234567
708165432 801234567
708213465 801234567
708213546 801234567
708213654 801234567
708214356 801234567
708214563 801234567
708214635 801234567
708215364 801234567
708215436 801234567
708215643 801234567
708216345 801234567
708216453 801234567
708216534 801234567
708231456 801234567
708231564 801234567
708231645 801234567
708234165 801234567
708234516 801234567
708234651 801234567
708235146 801234567
708235461 801234567
708235614 801234567
708236154 801234567
708236415 801234567
708236541 801234567
708241365 801234567
708241536 801234567
708241653 801234567
708243156 801234567
708243561 801234567
708243615 801234567
708245163 801234567
708245316 801234567
708245631 801234567
708246135 801234567
708246351 801234567
708246513 801234567
708251346 801234567
708251463 801234567
708251634 801234567
708253164 801234567
708253416 801234567
708253641 801234567
708254136 801234567
708254361 801234567
708254613 801234567
708256143 801234567
708256314 801234567
708256431 801234567
708261354 801234567
708261435 801234567
708261543 801234567
708263145 801234567
708263451 801234567
708263514 801234567
708264153 801234567
708264315 801234567
708264531 801234567
708265134 801234567
708265341 801234567
708265413 801234567
708312456 801234567
708312564 801234567
708312645 801234567
708314265 801234567
708314526 801234567
708314652 801234567
708315246 801234567
708315462 801234567
708315624 801234567
708316254 801234567
708316425 801234567
708316542 801234567
708321465 801234567
708321546 801234567
708321654 801234567
708324156 801234567
708324561 801234567
708324615 801234567
708325164 801234567
708325416 801234567
708325641 801234567
708326145 801234567
708326451 801234567
708326514 801234567
708341256 801234567
708341562 801234567
708341625 801234567
708342165 801234567
708342516 801234567
708342651 801234567
708345126 801234567
708345261 801234567
708345612 801234567
708346152 801234567
708346215 801234567
708346521 801234567
708351264 801234567
708351426 801234567
708351642 801234567
708352146 801234567
708352461 801234567
708352614 801234567
708354162 801234567
708354216 801234567
708354621 801234567
708356124 801234567
708356241 801234567
708356412 801234567
708361245 801234567
708361452 801234567
708361524 801234567
708362154 801234567
708362415 801234567
708362541 801234567
708364125 801234567
708364251 801234567
708364512 801234567
708365142 801234567
708365214 801234567
708365421 801234567
708412365 801234567
708412536 801234567
708412653 801234567
708413256 801234567
708413562 801234567
708413625 801234567
708415263 801234567
708415326 801234567
708415632 801234567
708416235 801234567
708416352 801234567
708416523 801234567
708421356 801234567
708421563 801234567
708421635 801234567
708423165 801234567
708423516 801234567
708423651 801234567
708425136 801234567
708425361 801234567
708425613 801234567
708426153 801234567
708426315 801234567
708426531 801234567
708431265 801234567
708431526 801234567
708431652 801234567
708432156 801234567
708432561 801234567
708432615 801234567
708435162 801234567
708435216 801234567
708435621 801234567
708436125 801234567
708436251 801234567
708436512 801234567
708451236 801234567
708451362 801234567
708451623 801234567
708452163 801234567
708452316 801234567
708452631 801234567
708453126 801234567
708453261 801234567
708453612 801234567
708456132 801234567
708456213 801234567
708456321 801234567
708461253 801234567
708461325 801234567
708461532 801234567
708462135 801234567
708462351 801234567
708462513 801234567
708463152 801234567
708463215 801234567
708463521 801234567
708465123 801234567
708465231 801234567
708465312 801234567
708512346 801234567
708512463 801234567
708512634 801234567
708513264 801234567
708513426 801234567
708513642 801234567
708514236 801234567
708514362 801234567
708514623 801234567
708516243 801234567
708516324 801234567
708516432 801234567
708521364 801234567
708521436 801234567
708521643 801234567
708523146 801234567
708523461 801234567
708523614 801234567
708524163 801234567
708524316 801234567
708524631 801234567
708526134 801234567
708526341 801234567
708526413 801234567
708531246 801234567
708531462 801234567
708531624 801234567
708532164 801234567
708532416 801234567
708532641 801234567
708534126 801234567
708534261 801234567
708534612 801234567
708536142 801234567
708536214 801234567
708536421 801234567
708541263 801234567
708541326 801234567
708541632 801234567
708542136 801234567
708542361 801234567
708542613 801234567
708543162 801234567
708543216 801234567
708543621 801234567
708546123 801234567
708546231 801234567
708546312 801234567
708561234 801234567
708561342 801234567
708561423 801234567
708562143 801234567
708562314 801234567
708562431 801234567
708563124 801234567
708563241 801234567
708563412 801234567
708564132 801234567
708564213 801234567
708564321 801234567
708612354 801234567
708612435 801234567
708612543 801234567
708613245 801234567
708613452 801234567
708613524 801234567
708614253 801234567
708614325 801234567
708614532 801234567
708615234 801234567
708615342 801234567
708615423 801234567
708621345 801234567
708621453 801234567
708621534 801234567
708623154 801234567
708623415 801234567
708623541 801234567
708624135 801234567
708624351 801234567
708624513 801234567
708625143 801234567
708625314 801234567
708625431 801234567
708631254 801234567
708631425 801234567
708631542 801234567
708632145 801234567
708632451 801234567
708632514 801234567
708634152 801234567
708634215 801234567
708634521 801234567
708635124 801234567
708635241 801234567
708635412 801234567
708641235 801234567
708641352 801234567
708641523 801234567
708642153 801234567
708642315 801234567
708642531 801234567
708643125 801234567
708643251 801234567
708643512 801234567
708645132 801234567
708645213 801234567
708645321 801234567
708651243 801234567
708651324 801234567
708651432 801234567
708652134 801234567
708652341 801234567
708652413 801234567
708653142 801234567
708653214 801234567
708653421 801234567
708654123 801234567
708654231 801234567
708654312 801234567
710234586 801234567
710234658 801234567
710234865 801234567
710235468 801234567
710235684 801234567
710235846 801234567
710236485 801234567
710236548 801234567
710236854 801234567
710238456 801234567
710238564 801234567
710238645 801234567
710243568 801234567
710243685 801234567
710243856 801234567
710245386 801234567
710245638 801234567
710245863 801234567
710246358 801234567
710246583 801234567
710246835 801234567
710248365 801234567
710248536 801234567
710248653 801234567
710253486 801234567
710253648 801234567
710253864 801234567
710254368 801234567
710254683 801234567
710254836 801234567
710256384 801234567
710256438 801234567
710256843 801234567
710258346 801234567
710258463 801234567
710258634 801234567
710263458 801234567
710263584 801234567
710263845 801234567
710264385 801234567
710264538 801234567
710264853 801234567
710265348 801234567
710265483 801234567
710265834 801234567
710268354 801234567
710268435 801234567
710268543 801234567
710283465 801234567
710283546 801234567
710283654 801234567
710284356 801234567
710284563 801234567
710284635 801234567
710285364 801234567
710285436 801234567
710285643 801234567
710286345 801234567
710286453 801234567
710286534 801234567
710324568 801234567
710324685 801234567
710324856 801234567
710325486 801234567
710325648 801234567
710325864 801234567
710326458 801234567
710326584 801234567
710326845 801234567
710328465 801234567
710328546 801234567
710328654 801234567
