860514237 801234567
860514372 801234567
860514723 801234567
860517243 801234567
860517324 801234567
860517432 801234567
860521374 801234567
860521437 801234567
860521743 801234567
860523147 801234567
860523471 801234567
860523714 801234567
860524173 801234567
860524317 801234567
860524731 801234567
860527134 801234567
860527341 801234567
860527413 801234567
860531247 801234567
860531472 801234567
860531724 801234567
860532174 801234567
860532417 801234567
860532741 801234567
860534127 801234567
860534271 801234567
860534712 801234567
860537142 801234567
860537214 801234567
860537421 801234567
860541273 801234567
860541327 801234567
860541732 801234567
860542137 801234567
860542371 801234567
860542713 801234567
860543172 801234567
860543217 801234567
860543721 801234567
860547123 801234567
860547231 801234567
860547312 801234567
860571234 801234567
860571342 801234567
860571423 801234567
860572143 801234567
860572314 801234567
860572431 801234567
860573124 801234567
860573241 801234567
860573412 801234567
860574132 801234567
860574213 801234567
860574321 801234567
860712354 801234567
860712435 801234567
860712543 801234567
860713245 801234567
860713452 801234567
860713524 801234567
860714253 801234567
860714325 801234567
860714532 801234567
860715234 801234567
860715342 801234567
860715423 801234567
860721345 801234567
860721453 801234567
860721534 801234567
860723154 801234567
860723415 801234567
860723541 801234567
860724135 801234567
860724351 801234567
860724513 801234567
860725143 801234567
860725314 801234567
860725431 801234567
860731254 801234567
860731425 801234567
860731542 801234567
860732145 801234567
860732451 801234567
860732514 801234567
860734152 801234567
860734215 801234567
860734521 801234567
860735124 801234567
860735241 801234567
860735412 801234567
860741235 801234567
860741352 801234567
860741523 801234567
860742153 801234567
860742315 801234567
860742531 801234567
860743125 801234567
860743251 801234567
860743512 801234567
860745132 801234567
860745213 801234567
860745321 801234567
860751243 801234567
860751324 801234567
860751432 801234567
860752134 801234567
860752341 801234567
860752413 801234567
860753142 801234567
860753214 801234567
860753421 801234567
860754123 801234567
860754231 801234567
860754312 801234567
861023475 801234567
861023547 801234567
861023754 801234567
861024357 801234567
861024573 801234567
861024735 801234567
861025374 801234567
861025437 801234567
861025743 801234567
861027345 801234567
861027453 801234567
861027534 801234567
861032457 801234567
861032574 801234567
861032745 801234567
861034275 801234567
861034527 801234567
861034752 801234567
861035247 801234567
861035472 801234567
861035724 801234567
861037254 801234567
861037425 801234567
861037542 801234567
861042375 801234567
861042537 801234567
861042753 801234567
861043257 801234567
861043572 801234567
861043725 801234567
861045273 801234567
861045327 801234567
861045732 801234567
861047235 801234567
861047352 801234567
861047523 801234567
861052347 801234567
861052473 801234567
861052734 801234567
861053274 801234567
861053427 801234567
861053742 801234567
861054237 801234567
861054372 801234567
861054723 801234567
861057243 801234567
861057324 801234567
861057432 801234567
861072354 801234567
861072435 801234567
861072543 801234567
861073245 801234567
861073452 801234567
861073524 801234567
861074253 801234567
861074325 801234567
861074532 801234567
861075234 801234567
861075342 801234567
861075423 801234567
861203457 801234567
861203574 801234567
861203745 801234567
861204375 801234567
861204537 801234567
861204753 801234567
861205347 801234567
861205473 801234567
861205734 801234567
861207354 801234567
861207435 801234567
861207543 801234567
861230475 801234567
861230547 801234567
861230754 801234567
861234057 801234567
861234570 801234567
861234705 801234567
861235074 801234567
861235407 801234567
861235740 801234567
861237045 801234567
861237450 801234567
861237504 801234567
861240357 801234567
861240573 801234567
861240735 801234567
861243075 801234567
861243507 801234567
861243750 801234567
861245037 801234567
861245370 801234567
861245703 801234567
861247053 801234567
861247305 801234567
861247530 801234567
861250374 801234567
861250437 801234567
861250743 801234567
861253047 801234567
861253470 801234567
861253704 801234567
861254073 801234567
861254307 801234567
861254730 801234567
861257034 801234567
861257340 801234567
861257403 801234567
861270345 801234567
861270453 801234567
861270534 801234567
861273054 801234567
861273405 801234567
861273540 801234567
861274035 801234567
861274350 801234567
861274503 801234567
861275043 801234567
861275304 801234567
861275430 801234567
861302475 801234567
861302547 801234567
861302754 801234567
861304257 801234567
861304572 801234567
861304725 801234567
861305274 801234567
861305427 801234567
861305742 801234567
861307245 801234567
861307452 801234567
861307524 801234567
861320457 801234567
861320574 801234567
861320745 801234567
861324075 801234567
861324507 801234567
861324750 801234567
861325047 801234567
861325470 801234567
861325704 801234567
861327054 801234567
861327405 801234567
861327540 801234567
861340275 801234567
861340527 801234567
861340752 801234567
861342057 801234567
861342570 801234567
861342705 801234567
861345072 801234567
861345207 801234567
861345720 801234567
861347025 801234567
861347250 801234567
861347502 801234567
861350247 801234567
861350472 801234567
861350724 801234567
861352074 801234567
861352407 801234567
861352740 801234567
861354027 801234567
861354270 801234567
861354702 801234567
861357042 801234567
861357204 801234567
861357420 801234567
861370254 801234567
861370425 801234567
861370542 801234567
861372045 801234567
861372450 801234567
861372504 801234567
861374052 801234567
861374205 801234567
861374520 801234567
861375024 801234567
861375240 801234567
861375402 801234567
861402357 801234567
861402573 801234567
861402735 801234567
861403275 801234567
861403527 801234567
861403752 801234567
861405237 801234567
861405372 801234567
861405723 801234567
861407253 801234567
861407325 801234567
861407532 801234567
861420375 801234567
861420537 801234567
861420753 801234567
861423057 801234567
861423570 801234567
861423705 801234567
861425073 801234567
861425307 801234567
861425730 801234567
861427035 801234567
861427350 801234567
861427503 801234567
861430257 801234567
861430572 801234567
861430725 801234567
861432075 801234567
861432507 801234567
861432750 801234567
861435027 801234567
861435270 801234567
861435702 801234567
861437052 801234567
861437205 801234567
861437520 801234567
861450273 801234567
861450327 801234567
861450732 801234567
861452037 801234567
861452370 801234567
861452703 801234567
861453072 801234567
861453207 801234567
861453720 801234567
861457023 801234567
861457230 801234567
861457302 801234567
861470235 801234567
861470352 801234567
861470523 801234567
861472053 801234567
861472305 801234567
861472530 801234567
861473025 801234567
861473250 801234567
861473502 801234567
861475032 801234567
861475203 801234567
861475320 801234567
861502374 801234567
861502437 801234567
861502743 801234567
861503247 801234567
861503472 801234567
861503724 801234567
861504273 801234567
861504327 801234567
861504732 801234567
861507234 801234567
861507342 801234567
861507423 801234567
861520347 801234567
861520473 801234567
861520734 801234567
861523074 801234567
861523407 801234567
861523740 801234567
861524037 801234567
861524370 801234567
861524703 801234567
861527043 801234567
861527304 801234567
861527430 801234567
861530274 801234567
861530427 801234567
861530742 801234567
861532047 801234567
861532470 801234567
861532704 801234567
861534072 801234567
861534207 801234567
861534720 801234567
861537024 801234567
861537240 801234567
861537402 801234567
861540237 801234567
861540372 801234567
861540723 801234567
861542073 801234567
861542307 801234567
861542730 801234567
861543027 801234567
861543270 801234567
861543702 801234567
861547032 801234567
861547203 801234567
861547320 801234567
861570243 801234567
861570324 801234567
861570432 801234567
861572034 801234567
861572340 801234567
861572403 801234567
861573042 801234567
861573204 801234567
861573420 801234567
861574023 801234567
861574230 801234567
861574302 801234567
861702345 801234567
861702453 801234567
861702534 801234567
861703254 801234567
861703425 801234567
861703542 801234567
861704235 801234567
861704352 801234567
861704523 801234567
861705243 801234567
861705324 801234567
861705432 801234567
861720354 801234567
861720435 801234567
861720543 801234567
861723045 801234567
861723450 801234567
861723504 801234567
861724053 801234567
861724305 801234567
861724530 801234567
861725034 801234567
861725340 801234567
861725403 801234567
861730245 801234567
861730452 801234567
861730524 801234567
861732054 801234567
861732405 801234567
861732540 801234567
861734025 801234567
861734250 801234567
861734502 801234567
861735042 801234567
861735204 801234567
861735420 801234567
861740253 801234567
861740325 801234567
861740532 801234567
861742035 801234567
861742350 801234567
861742503 801234567
861743052 801234567
861743205 801234567
861743520 801234567
861745023 801234567
861745230 801234567
861745302 801234567
861750234 801234567
861750342 801234567
861750423 801234567
861752043 801234567
861752304 801234567
861752430 801234567
861753024 801234567
861753240 801234567
861753402 801234567
861754032 801234567
861754203 801234567
861754320 801234567
862013457 801234567
862013574 801234567
862013745 801234567
862014375 801234567
862014537 801234567
862014753 801234567
862015347 801234567
862015473 801234567
862015734 801234567
862017354 801234567
862017435 801234567
862017543 801234567
862031475 801234567
862031547 801234567
862031754 801234567
862034157 801234567
862034571 801234567
862034715 801234567
862035174 801234567
862035417 801234567
862035741 801234567
862037145 801234567
862037451 801234567
862037514 801234567
862041357 801234567
