542386701 801234567
542387061 801234567
542387106 801234567
542387610 801234567
542601387 801234567
542601738 801234567
542601873 801234567
542603178 801234567
542603781 801234567
542603817 801234567
542607183 801234567
542607318 801234567
542607831 801234567
542608137 801234567
542608371 801234567
542608713 801234567
542610378 801234567
542610783 801234567
542610837 801234567
542613087 801234567
542613708 801234567
542613870 801234567
542617038 801234567
542617380 801234567
542617803 801234567
542618073 801234567
542618307 801234567
542618730 801234567
542630187 801234567
542630718 801234567
542630871 801234567
542631078 801234567
542631780 801234567
542631807 801234567
542637081 801234567
542637108 801234567
542637810 801234567
542638017 801234567
542638170 801234567
542638701 801234567
542670138 801234567
542670381 801234567
542670813 801234567
542671083 801234567
542671308 801234567
542671830 801234567
542673018 801234567
542673180 801234567
542673801 801234567
542678031 801234567
542678103 801234567
542678310 801234567
542680173 801234567
542680317 801234567
542680731 801234567
542681037 801234567
542681370 801234567
542681703 801234567
542683071 801234567
542683107 801234567
542683710 801234567
542687013 801234567
542687130 801234567
542687301 801234567
542701368 801234567
542701683 801234567
542701836 801234567
542703186 801234567
542703618 801234567
542703861 801234567
542706138 801234567
542706381 801234567
542706813 801234567
542708163 801234567
542708316 801234567
542708631 801234567
542710386 801234567
542710638 801234567
542710863 801234567
542713068 801234567
542713680 801234567
542713806 801234567
542716083 801234567
542716308 801234567
542716830 801234567
542718036 801234567
542718360 801234567
542718603 801234567
542730168 801234567
542730681 801234567
542730816 801234567
542731086 801234567
542731608 801234567
542731860 801234567
542736018 801234567
542736180 801234567
542736801 801234567
542738061 801234567
542738106 801234567
542738610 801234567
542760183 801234567
542760318 801234567
542760831 801234567
542761038 801234567
542761380 801234567
542761803 801234567
542763081 801234567
542763108 801234567
542763810 801234567
542768013 801234567
542768130 801234567
542768301 801234567
542780136 801234567
542780361 801234567
542780613 801234567
542781063 801234567
542781306 801234567
542781630 801234567
542783016 801234567
542783160 801234567
542783601 801234567
542786031 801234567
542786103 801234567
542786310 801234567
542801376 801234567
542801637 801234567
542801763 801234567
542803167 801234567
542803671 801234567
542803716 801234567
542806173 801234567
542806317 801234567
542806731 801234567
542807136 801234567
542807361 801234567
542807613 801234567
542810367 801234567
542810673 801234567
542810736 801234567
542813076 801234567
542813607 801234567
542813760 801234567
542816037 801234567
542816370 801234567
542816703 801234567
542817063 801234567
542817306 801234567
542817630 801234567
542830176 801234567
542830617 801234567
542830761 801234567
542831067 801234567
542831670 801234567
542831706 801234567
542836071 801234567
542836107 801234567
542836710 801234567
542837016 801234567
542837160 801234567
542837601 801234567
542860137 801234567
542860371 801234567
542860713 801234567
542861073 801234567
542861307 801234567
542861730 801234567
542863017 801234567
542863170 801234567
542863701 801234567
542867031 801234567
542867103 801234567
542867310 801234567
542870163 801234567
542870316 801234567
542870631 801234567
542871036 801234567
542871360 801234567
542871603 801234567
542873061 801234567
542873106 801234567
542873610 801234567
542876013 801234567
542876130 801234567
542876301 801234567
543012687 801234567
543012768 801234567
543012876 801234567
543016278 801234567
543016782 801234567
543016827 801234567
543017286 801234567
543017628 801234567
543017862 801234567
543018267 801234567
543018672 801234567
543018726 801234567
543021678 801234567
543021786 801234567
543021867 801234567
543026187 801234567
543026718 801234567
543026871 801234567
543027168 801234567
543027681 801234567
543027816 801234567
543028176 801234567
543028617 801234567
543028761 801234567
543061287 801234567
543061728 801234567
543061872 801234567
543062178 801234567
543062781 801234567
543062817 801234567
543067182 801234567
543067218 801234567
543067821 801234567
543068127 801234567
543068271 801234567
543068712 801234567
543071268 801234567
543071682 801234567
543071826 801234567
543072186 801234567
543072618 801234567
543072861 801234567
543076128 801234567
543076281 801234567
543076812 801234567
543078162 801234567
543078216 801234567
543078621 801234567
543081276 801234567
543081627 801234567
543081762 801234567
543082167 801234567
543082671 801234567
543082716 801234567
543086172 801234567
543086217 801234567
543086721 801234567
543087126 801234567
543087261 801234567
543087612 801234567
543102678 801234567
543102786 801234567
543102867 801234567
543106287 801234567
543106728 801234567
543106872 801234567
543107268 801234567
543107682 801234567
543107826 801234567
543108276 801234567
543108627 801234567
543108762 801234567
543120687 801234567
543120768 801234567
543120876 801234567
543126078 801234567
543126780 801234567
543126807 801234567
543127086 801234567
543127608 801234567
543127860 801234567
543128067 801234567
543128670 801234567
543128706 801234567
543160278 801234567
543160782 801234567
543160827 801234567
543162087 801234567
543162708 801234567
543162870 801234567
543167028 801234567
543167280 801234567
543167802 801234567
543168072 801234567
543168207 801234567
543168720 801234567
543170286 801234567
543170628 801234567
543170862 801234567
543172068 801234567
543172680 801234567
543172806 801234567
543176082 801234567
543176208 801234567
543176820 801234567
543178026 801234567
543178260 801234567
543178602 801234567
543180267 801234567
543180672 801234567
543180726 801234567
543182076 801234567
543182607 801234567
543182760 801234567
543186027 801234567
543186270 801234567
543186702 801234567
543187062 801234567
543187206 801234567
543187620 801234567
543201687 801234567
543201768 801234567
543201876 801234567
543206178 801234567
543206781 801234567
543206817 801234567
543207186 801234567
543207618 801234567
543207861 801234567
543208167 801234567
543208671 801234567
543208716 801234567
543210678 801234567
543210786 801234567
543210867 801234567
543216087 801234567
543216708 801234567
543216870 801234567
543217068 801234567
543217680 801234567
543217806 801234567
543218076 801234567
543218607 801234567
543218760 801234567
543260187 801234567
543260718 801234567
543260871 801234567
543261078 801234567
543261780 801234567
543261807 801234567
543267081 801234567
543267108 801234567
543267810 801234567
543268017 801234567
543268170 801234567
543268701 801234567
543270168 801234567
543270681 801234567
543270816 801234567
543271086 801234567
543271608 801234567
543271860 801234567
543276018 801234567
543276180 801234567
543276801 801234567
543278061 801234567
543278106 801234567
543278610 801234567
543280176 801234567
543280617 801234567
543280761 801234567
543281067 801234567
543281670 801234567
543281706 801234567
543286071 801234567
543286107 801234567
543286710 801234567
543287016 801234567
543287160 801234567
543287601 801234567
543601278 801234567
543601782 801234567
543601827 801234567
543602187 801234567
543602718 801234567
543602871 801234567
543607128 801234567
543607281 801234567
543607812 801234567
543608172 801234567
543608217 801234567
543608721 801234567
543610287 801234567
543610728 801234567
543610872 801234567
543612078 801234567
543612780 801234567
543612807 801234567
543617082 801234567
543617208 801234567
543617820 801234567
543618027 801234567
543618270 801234567
543618702 801234567
543620178 801234567
543620781 801234567
543620817 801234567
543621087 801234567
543621708 801234567
543621870 801234567
543627018 801234567
543627180 801234567
543627801 801234567
543628071 801234567
543628107 801234567
543628710 801234567
543670182 801234567
543670218 801234567
543670821 801234567
543671028 801234567
543671280 801234567
543671802 801234567
543672081 801234567
543672108 801234567
543672810 801234567
543678012 801234567
543678120 801234567
543678201 801234567
543680127 801234567
543680271 801234567
543680712 801234567
543681072 801234567
543681207 801234567
543681720 801234567
543682017 801234567
543682170 801234567
543682701 801234567
543687021 801234567
543687102 801234567
543687210 801234567
543701286 801234567
543701628 801234567
543701862 801234567
543702168 801234567
543702681 801234567
543702816 801234567
543706182 801234567
543706218 801234567
543706821 801234567
543708126 801234567
543708261 801234567
543708612 801234567
543710268 801234567
543710682 801234567
543710826 801234567
543712086 801234567
543712608 801234567
543712860 801234567
543716028 801234567
543716280 801234567
543716802 801234567
543718062 801234567
543718206 801234567
543718620 801234567
543720186 801234567
543720618 801234567
543720861 801234567
543721068 801234567
543721680 801234567
543721806 801234567
543726081 801234567
543726108 801234567
543726810 801234567
543728016 801234567
543728160 801234567
543728601 801234567
543760128 801234567
543760281 801234567
543760812 801234567
543761082 801234567
543761208 801234567
543761820 801234567
543762018 801234567
543762180 801234567
543762801 801234567
543768021 801234567
543768102 801234567
543768210 801234567
543780162 801234567
543780216 801234567
543780621 801234567
543781026 801234567
543781260 801234567
543781602 801234567
543782061 801234567
543782106 801234567
543782610 801234567
543786012 801234567
543786120 801234567
543786201 801234567
543801267 801234567
543801672 801234567
543801726 801234567
543802176 801234567
543802617 801234567
543802761 801234567
543806127 801234567
543806271 801234567
543806712 801234567
543807162 801234567
543807216 801234567
543807621 801234567
543810276 801234567
543810627 801234567
543810762 801234567
