681527034 801234567
681527340 801234567
681527403 801234567
681530247 801234567
681530472 801234567
681530724 801234567
681532074 801234567
681532407 801234567
681532740 801234567
681534027 801234567
681534270 801234567
681534702 801234567
681537042 801234567
681537204 801234567
681537420 801234567
681540273 801234567
681540327 801234567
681540732 801234567
681542037 801234567
681542370 801234567
681542703 801234567
681543072 801234567
681543207 801234567
681543720 801234567
681547023 801234567
681547230 801234567
681547302 801234567
681570234 801234567
681570342 801234567
681570423 801234567
681572043 801234567
681572304 801234567
681572430 801234567
681573024 801234567
681573240 801234567
681573402 801234567
681574032 801234567
681574203 801234567
681574320 801234567
681702354 801234567
681702435 801234567
681702543 801234567
681703245 801234567
681703452 801234567
681703524 801234567
681704253 801234567
681704325 801234567
681704532 801234567
681705234 801234567
681705342 801234567
681705423 801234567
681720345 801234567
681720453 801234567
681720534 801234567
681723054 801234567
681723405 801234567
681723540 801234567
681724035 801234567
681724350 801234567
681724503 801234567
681725043 801234567
681725304 801234567
681725430 801234567
681730254 801234567
681730425 801234567
681730542 801234567
681732045 801234567
681732450 801234567
681732504 801234567
681734052 801234567
681734205 801234567
681734520 801234567
681735024 801234567
681735240 801234567
681735402 801234567
681740235 801234567
681740352 801234567
681740523 801234567
681742053 801234567
681742305 801234567
681742530 801234567
681743025 801234567
681743250 801234567
681743502 801234567
681745032 801234567
681745203 801234567
681745320 801234567
681750243 801234567
681750324 801234567
681750432 801234567
681752034 801234567
681752340 801234567
681752403 801234567
681753042 801234567
681753204 801234567
681753420 801234567
681754023 801234567
681754230 801234567
681754302 801234567
682013475 801234567
682013547 801234567
682013754 801234567
682014357 801234567
682014573 801234567
682014735 801234567
682015374 801234567
682015437 801234567
682015743 801234567
682017345 801234567
682017453 801234567
682017534 801234567
682031457 801234567
682031574 801234567
682031745 801234567
682034175 801234567
682034517 801234567
682034751 801234567
682035147 801234567
682035471 801234567
682035714 801234567
682037154 801234567
682037415 801234567
682037541 801234567
682041375 801234567
682041537 801234567
682041753 801234567
682043157 801234567
682043571 801234567
682043715 801234567
682045173 801234567
682045317 801234567
682045731 801234567
682047135 801234567
682047351 801234567
682047513 801234567
682051347 801234567
682051473 801234567
682051734 801234567
682053174 801234567
682053417 801234567
682053741 801234567
682054137 801234567
682054371 801234567
682054713 801234567
682057143 801234567
682057314 801234567
682057431 801234567
682071354 801234567
682071435 801234567
682071543 801234567
682073145 801234567
682073451 801234567
682073514 801234567
682074153 801234567
682074315 801234567
682074531 801234567
682075134 801234567
682075341 801234567
682075413 801234567
682103457 801234567
682103574 801234567
682103745 801234567
682104375 801234567
682104537 801234567
682104753 801234567
682105347 801234567
682105473 801234567
682105734 801234567
682107354 801234567
682107435 801234567
682107543 801234567
682130475 801234567
682130547 801234567
682130754 801234567
682134057 801234567
682134570 801234567
682134705 801234567
682135074 801234567
682135407 801234567
682135740 801234567
682137045 801234567
682137450 801234567
682137504 801234567
682140357 801234567
682140573 801234567
682140735 801234567
682143075 801234567
682143507 801234567
682143750 801234567
682145037 801234567
682145370 801234567
682145703 801234567
682147053 801234567
682147305 801234567
682147530 801234567
682150374 801234567
682150437 801234567
682150743 801234567
682153047 801234567
682153470 801234567
682153704 801234567
682154073 801234567
682154307 801234567
682154730 801234567
682157034 801234567
682157340 801234567
682157403 801234567
682170345 801234567
682170453 801234567
682170534 801234567
682173054 801234567
682173405 801234567
682173540 801234567
682174035 801234567
682174350 801234567
682174503 801234567
682175043 801234567
682175304 801234567
682175430 801234567
682301475 801234567
682301547 801234567
682301754 801234567
682304157 801234567
682304571 801234567
682304715 801234567
682305174 801234567
682305417 801234567
682305741 801234567
682307145 801234567
682307451 801234567
682307514 801234567
682310457 801234567
682310574 801234567
682310745 801234567
682314075 801234567
682314507 801234567
682314750 801234567
682315047 801234567
682315470 801234567
682315704 801234567
682317054 801234567
682317405 801234567
682317540 801234567
682340175 801234567
682340517 801234567
682340751 801234567
682341057 801234567
682341570 801234567
682341705 801234567
682345071 801234567
682345107 801234567
682345710 801234567
682347015 801234567
682347150 801234567
682347501 801234567
682350147 801234567
682350471 801234567
682350714 801234567
682351074 801234567
682351407 801234567
682351740 801234567
682354017 801234567
682354170 801234567
682354701 801234567
682357041 801234567
682357104 801234567
682357410 801234567
682370154 801234567
682370415 801234567
682370541 801234567
682371045 801234567
682371450 801234567
682371504 801234567
682374051 801234567
682374105 801234567
682374510 801234567
682375014 801234567
682375140 801234567
682375401 801234567
682401357 801234567
682401573 801234567
682401735 801234567
682403175 801234567
682403517 801234567
682403751 801234567
682405137 801234567
682405371 801234567
682405713 801234567
682407153 801234567
682407315 801234567
682407531 801234567
682410375 801234567
682410537 801234567
682410753 801234567
682413057 801234567
682413570 801234567
682413705 801234567
682415073 801234567
682415307 801234567
682415730 801234567
682417035 801234567
682417350 801234567
682417503 801234567
682430157 801234567
682430571 801234567
682430715 801234567
682431075 801234567
682431507 801234567
682431750 801234567
682435017 801234567
682435170 801234567
682435701 801234567
682437051 801234567
682437105 801234567
682437510 801234567
682450173 801234567
682450317 801234567
682450731 801234567
682451037 801234567
682451370 801234567
682451703 801234567
682453071 801234567
682453107 801234567
682453710 801234567
682457013 801234567
682457130 801234567
682457301 801234567
682470135 801234567
682470351 801234567
682470513 801234567
682471053 801234567
682471305 801234567
682471530 801234567
682473015 801234567
682473150 801234567
682473501 801234567
682475031 801234567
682475103 801234567
682475310 801234567
682501374 801234567
682501437 801234567
682501743 801234567
682503147 801234567
682503471 801234567
682503714 801234567
682504173 801234567
682504317 801234567
682504731 801234567
682507134 801234567
682507341 801234567
682507413 801234567
682510347 801234567
682510473 801234567
682510734 801234567
682513074 801234567
682513407 801234567
682513740 801234567
682514037 801234567
682514370 801234567
682514703 801234567
682517043 801234567
682517304 801234567
682517430 801234567
682530174 801234567
682530417 801234567
682530741 801234567
682531047 801234567
682531470 801234567
682531704 801234567
682534071 801234567
682534107 801234567
682534710 801234567
682537014 801234567
682537140 801234567
682537401 801234567
682540137 801234567
682540371 801234567
682540713 801234567
682541073 801234567
682541307 801234567
682541730 801234567
682543017 801234567
682543170 801234567
682543701 801234567
682547031 801234567
682547103 801234567
682547310 801234567
682570143 801234567
682570314 801234567
682570431 801234567
682571034 801234567
682571340 801234567
682571403 801234567
682573041 801234567
682573104 801234567
682573410 801234567
682574013 801234567
682574130 801234567
682574301 801234567
682701345 801234567
682701453 801234567
682701534 801234567
682703154 801234567
682703415 801234567
682703541 801234567
682704135 801234567
682704351 801234567
682704513 801234567
682705143 801234567
682705314 801234567
682705431 801234567
682710354 801234567
682710435 801234567
682710543 801234567
682713045 801234567
682713450 801234567
682713504 801234567
682714053 801234567
682714305 801234567
682714530 801234567
682715034 801234567
682715340 801234567
682715403 801234567
682730145 801234567
682730451 801234567
682730514 801234567
682731054 801234567
682731405 801234567
682731540 801234567
682734015 801234567
682734150 801234567
682734501 801234567
682735041 801234567
682735104 801234567
682735410 801234567
682740153 801234567
682740315 801234567
682740531 801234567
682741035 801234567
682741350 801234567
682741503 801234567
682743051 801234567
682743105 801234567
682743510 801234567
682745013 801234567
682745130 801234567
682745301 801234567
682750134 801234567
682750341 801234567
682750413 801234567
682751043 801234567
682751304 801234567
682751430 801234567
682753014 801234567
682753140 801234567
682753401 801234567
682754031 801234567
682754103 801234567
682754310 801234567
683012457 801234567
683012574 801234567
683012745 801234567
683014275 801234567
683014527 801234567
683014752 801234567
683015247 801234567
683015472 801234567
683015724 801234567
683017254 801234567
683017425 801234567
683017542 801234567
683021475 801234567
683021547 801234567
683021754 801234567
683024157 801234567
683024571 801234567
683024715 801234567
683025174 801234567
683025417 801234567
683025741 801234567
683027145 801234567
683027451 801234567
683027514 801234567
683041257 801234567
683041572 801234567
683041725 801234567
683042175 801234567
683042517 801234567
683042751 801234567
683045127 801234567
683045271 801234567
683045712 801234567
683047152 801234567
683047215 801234567
683047521 801234567
683051274 801234567
683051427 801234567
683051742 801234567
683052147 801234567
