430516278 801234567
430516782 801234567
430516827 801234567
430517286 801234567
430517628 801234567
430517862 801234567
430518267 801234567
430518672 801234567
430518726 801234567
430521678 801234567
430521786 801234567
430521867 801234567
430526187 801234567
430526718 801234567
430526871 801234567
430527168 801234567
430527681 801234567
430527816 801234567
430528176 801234567
430528617 801234567
430528761 801234567
430561287 801234567
430561728 801234567
430561872 801234567
430562178 801234567
430562781 801234567
430562817 801234567
430567182 801234567
430567218 801234567
430567821 801234567
430568127 801234567
430568271 801234567
430568712 801234567
430571268 801234567
430571682 801234567
430571826 801234567
430572186 801234567
430572618 801234567
430572861 801234567
430576128 801234567
430576281 801234567
430576812 801234567
430578162 801234567
430578216 801234567
430578621 801234567
430581276 801234567
430581627 801234567
430581762 801234567
430582167 801234567
430582671 801234567
430582716 801234567
430586172 801234567
430586217 801234567
430586721 801234567
430587126 801234567
430587261 801234567
430587612 801234567
430612578 801234567
430612785 801234567
430612857 801234567
430615287 801234567
430615728 801234567
430615872 801234567
430617258 801234567
430617582 801234567
430617825 801234567
430618275 801234567
430618527 801234567
430618752 801234567
430621587 801234567
430621758 801234567
430621875 801234567
430625178 801234567
430625781 801234567
430625817 801234567
430627185 801234567
430627518 801234567
430627851 801234567
430628157 801234567
430628571 801234567
430628715 801234567
430651278 801234567
430651782 801234567
430651827 801234567
430652187 801234567
430652718 801234567
430652871 801234567
430657128 801234567
430657281 801234567
430657812 801234567
430658172 801234567
430658217 801234567
430658721 801234567
430671285 801234567
430671528 801234567
430671852 801234567
430672158 801234567
430672581 801234567
430672815 801234567
430675182 801234567
430675218 801234567
430675821 801234567
430678125 801234567
430678251 801234567
430678512 801234567
430681257 801234567
430681572 801234567
430681725 801234567
430682175 801234567
430682517 801234567
430682751 801234567
430685127 801234567
430685271 801234567
430685712 801234567
430687152 801234567
430687215 801234567
430687521 801234567
430712586 801234567
430712658 801234567
430712865 801234567
430715268 801234567
430715682 801234567
430715826 801234567
430716285 801234567
430716528 801234567
430716852 801234567
430718256 801234567
430718562 801234567
430718625 801234567
430721568 801234567
430721685 801234567
430721856 801234567
430725186 801234567
430725618 801234567
430725861 801234567
430726158 801234567
430726581 801234567
430726815 801234567
430728165 801234567
430728516 801234567
430728651 801234567
430751286 801234567
430751628 801234567
430751862 801234567
430752168 801234567
430752681 801234567
430752816 801234567
430756182 801234567
430756218 801234567
430756821 801234567
430758126 801234567
430758261 801234567
430758612 801234567
430761258 801234567
430761582 801234567
430761825 801234567
430762185 801234567
430762518 801234567
430762851 801234567
430765128 801234567
430765281 801234567
430765812 801234567
430768152 801234567
430768215 801234567
430768521 801234567
430781265 801234567
430781526 801234567
430781652 801234567
430782156 801234567
430782561 801234567
430782615 801234567
430785162 801234567
430785216 801234567
430785621 801234567
430786125 801234567
430786251 801234567
430786512 801234567
430812567 801234567
430812675 801234567
430812756 801234567
430815276 801234567
430815627 801234567
430815762 801234567
430816257 801234567
430816572 801234567
430816725 801234567
430817265 801234567
430817526 801234567
430817652 801234567
430821576 801234567
430821657 801234567
430821765 801234567
430825167 801234567
430825671 801234567
430825716 801234567
430826175 801234567
430826517 801234567
430826751 801234567
430827156 801234567
430827561 801234567
430827615 801234567
430851267 801234567
430851672 801234567
430851726 801234567
430852176 801234567
430852617 801234567
430852761 801234567
430856127 801234567
430856271 801234567
430856712 801234567
430857162 801234567
430857216 801234567
430857621 801234567
430861275 801234567
430861527 801234567
430861752 801234567
430862157 801234567
430862571 801234567
430862715 801234567
430865172 801234567
430865217 801234567
430865721 801234567
430867125 801234567
430867251 801234567
430867512 801234567
430871256 801234567
430871562 801234567
430871625 801234567
430872165 801234567
430872516 801234567
430872651 801234567
430875126 801234567
430875261 801234567
430875612 801234567
430876152 801234567
430876215 801234567
430876521 801234567
431025678 801234567
431025786 801234567
431025867 801234567
431026587 801234567
431026758 801234567
431026875 801234567
431027568 801234567
431027685 801234567
431027856 801234567
431028576 801234567
431028657 801234567
431028765 801234567
431052687 801234567
431052768 801234567
431052876 801234567
431056278 801234567
431056782 801234567
431056827 801234567
431057286 801234567
431057628 801234567
431057862 801234567
431058267 801234567
431058672 801234567
431058726 801234567
431062578 801234567
431062785 801234567
431062857 801234567
431065287 801234567
431065728 801234567
431065872 801234567
431067258 801234567
431067582 801234567
431067825 801234567
431068275 801234567
431068527 801234567
431068752 801234567
431072586 801234567
431072658 801234567
431072865 801234567
431075268 801234567
431075682 801234567
431075826 801234567
431076285 801234567
431076528 801234567
431076852 801234567
431078256 801234567
431078562 801234567
431078625 801234567
431082567 801234567
431082675 801234567
431082756 801234567
431085276 801234567
431085627 801234567
431085762 801234567
431086257 801234567
431086572 801234567
431086725 801234567
431087265 801234567
431087526 801234567
431087652 801234567
431205687 801234567
431205768 801234567
431205876 801234567
431206578 801234567
431206785 801234567
431206857 801234567
431207586 801234567
431207658 801234567
431207865 801234567
431208567 801234567
431208675 801234567
431208756 801234567
431250678 801234567
431250786 801234567
431250867 801234567
431256087 801234567
431256708 801234567
431256870 801234567
431257068 801234567
431257680 801234567
431257806 801234567
431258076 801234567
431258607 801234567
431258760 801234567
431260587 801234567
431260758 801234567
431260875 801234567
431265078 801234567
431265780 801234567
431265807 801234567
431267085 801234567
431267508 801234567
431267850 801234567
431268057 801234567
431268570 801234567
431268705 801234567
431270568 801234567
431270685 801234567
431270856 801234567
431275086 801234567
431275608 801234567
431275860 801234567
431276058 801234567
431276580 801234567
431276805 801234567
431278065 801234567
431278506 801234567
431278650 801234567
431280576 801234567
431280657 801234567
431280765 801234567
431285067 801234567
431285670 801234567
431285706 801234567
431286075 801234567
431286507 801234567
431286750 801234567
431287056 801234567
431287560 801234567
431287605 801234567
431502678 801234567
431502786 801234567
431502867 801234567
431506287 801234567
431506728 801234567
431506872 801234567
431507268 801234567
431507682 801234567
431507826 801234567
431508276 801234567
431508627 801234567
431508762 801234567
431520687 801234567
431520768 801234567
431520876 801234567
431526078 801234567
431526780 801234567
431526807 801234567
431527086 801234567
431527608 801234567
431527860 801234567
431528067 801234567
431528670 801234567
431528706 801234567
431560278 801234567
431560782 801234567
431560827 801234567
431562087 801234567
431562708 801234567
431562870 801234567
431567028 801234567
431567280 801234567
431567802 801234567
431568072 801234567
431568207 801234567
431568720 801234567
431570286 801234567
431570628 801234567
431570862 801234567
431572068 801234567
431572680 801234567
431572806 801234567
431576082 801234567
431576208 801234567
431576820 801234567
431578026 801234567
431578260 801234567
431578602 801234567
431580267 801234567
431580672 801234567
431580726 801234567
431582076 801234567
431582607 801234567
431582760 801234567
431586027 801234567
431586270 801234567
431586702 801234567
431587062 801234567
431587206 801234567
431587620 801234567
431602587 801234567
431602758 801234567
431602875 801234567
431605278 801234567
431605782 801234567
431605827 801234567
431607285 801234567
431607528 801234567
431607852 801234567
431608257 801234567
431608572 801234567
431608725 801234567
431620578 801234567
431620785 801234567
431620857 801234567
431625087 801234567
431625708 801234567
431625870 801234567
431627058 801234567
431627580 801234567
431627805 801234567
431628075 801234567
431628507 801234567
431628750 801234567
431650287 801234567
431650728 801234567
431650872 801234567
431652078 801234567
431652780 801234567
431652807 801234567
431657082 801234567
431657208 801234567
431657820 801234567
431658027 801234567
431658270 801234567
431658702 801234567
431670258 801234567
431670582 801234567
431670825 801234567
431672085 801234567
431672508 801234567
431672850 801234567
431675028 801234567
431675280 801234567
431675802 801234567
431678052 801234567
431678205 801234567
431678520 801234567
431680275 801234567
431680527 801234567
431680752 801234567
431682057 801234567
431682570 801234567
431682705 801234567
431685072 801234567
431685207 801234567
431685720 801234567
431687025 801234567
431687250 801234567
431687502 801234567
431702568 801234567
431702685 801234567
431702856 801234567
431705286 801234567
431705628 801234567
431705862 801234567
431706258 801234567
431706582 801234567
431706825 801234567
431708265 801234567
431708526 801234567
431708652 801234567
431720586 801234567
431720658 801234567
431720865 801234567
431725068 801234567
431725680 801234567
431725806 801234567
431726085 801234567
431726508 801234567
431726850 801234567
431728056 801234567
