782415630 801234567
782416035 801234567
782416350 801234567
782416503 801234567
782430156 801234567
782430561 801234567
782430615 801234567
782431065 801234567
782431506 801234567
782431650 801234567
782435016 801234567
782435160 801234567
782435601 801234567
782436051 801234567
782436105 801234567
782436510 801234567
782450163 801234567
782450316 801234567
782450631 801234567
782451036 801234567
782451360 801234567
782451603 801234567
782453061 801234567
782453106 801234567
782453610 801234567
782456013 801234567
782456130 801234567
782456301 801234567
782460135 801234567
782460351 801234567
782460513 801234567
782461053 801234567
782461305 801234567
782461530 801234567
782463015 801234567
782463150 801234567
782463501 801234567
782465031 801234567
782465103 801234567
782465310 801234567
782501364 801234567
782501436 801234567
782501643 801234567
782503146 801234567
782503461 801234567
782503614 801234567
782504163 801234567
782504316 801234567
782504631 801234567
782506134 801234567
782506341 801234567
782506413 801234567
782510346 801234567
782510463 801234567
782510634 801234567
782513064 801234567
782513406 801234567
782513640 801234567
782514036 801234567
782514360 801234567
782514603 801234567
782516043 801234567
782516304 801234567
782516430 801234567
782530164 801234567
782530416 801234567
782530641 801234567
782531046 801234567
782531460 801234567
782531604 801234567
782534061 801234567
782534106 801234567
782534610 801234567
782536014 801234567
782536140 801234567
782536401 801234567
782540136 801234567
782540361 801234567
782540613 801234567
782541063 801234567
782541306 801234567
782541630 801234567
782543016 801234567
782543160 801234567
782543601 801234567
782546031 801234567
782546103 801234567
782546310 801234567
782560143 801234567
782560314 801234567
782560431 801234567
782561034 801234567
782561340 801234567
782561403 801234567
782563041 801234567
782563104 801234567
782563410 801234567
782564013 801234567
782564130 801234567
782564301 801234567
782601345 801234567
782601453 801234567
782601534 801234567
782603154 801234567
782603415 801234567
782603541 801234567
782604135 801234567
782604351 801234567
782604513 801234567
782605143 801234567
782605314 801234567
782605431 801234567
782610354 801234567
782610435 801234567
782610543 801234567
782613045 801234567
782613450 801234567
782613504 801234567
782614053 801234567
782614305 801234567
782614530 801234567
782615034 801234567
782615340 801234567
782615403 801234567
782630145 801234567
782630451 801234567
782630514 801234567
782631054 801234567
782631405 801234567
782631540 801234567
782634015 801234567
782634150 801234567
782634501 801234567
782635041 801234567
782635104 801234567
782635410 801234567
782640153 801234567
782640315 801234567
782640531 801234567
782641035 801234567
782641350 801234567
782641503 801234567
782643051 801234567
782643105 801234567
782643510 801234567
782645013 801234567
782645130 801234567
782645301 801234567
782650134 801234567
782650341 801234567
782650413 801234567
782651043 801234567
782651304 801234567
782651430 801234567
782653014 801234567
782653140 801234567
782653401 801234567
782654031 801234567
782654103 801234567
782654310 801234567
783012456 801234567
783012564 801234567
783012645 801234567
783014265 801234567
783014526 801234567
783014652 801234567
783015246 801234567
783015462 801234567
783015624 801234567
783016254 801234567
783016425 801234567
783016542 801234567
783021465 801234567
783021546 801234567
783021654 801234567
783024156 801234567
783024561 801234567
783024615 801234567
783025164 801234567
783025416 801234567
783025641 801234567
783026145 801234567
783026451 801234567
783026514 801234567
783041256 801234567
783041562 801234567
783041625 801234567
783042165 801234567
783042516 801234567
783042651 801234567
783045126 801234567
783045261 801234567
783045612 801234567
783046152 801234567
783046215 801234567
783046521 801234567
783051264 801234567
783051426 801234567
783051642 801234567
783052146 801234567
783052461 801234567
783052614 801234567
783054162 801234567
783054216 801234567
783054621 801234567
783056124 801234567
783056241 801234567
783056412 801234567
783061245 801234567
783061452 801234567
783061524 801234567
783062154 801234567
783062415 801234567
783062541 801234567
783064125 801234567
783064251 801234567
783064512 801234567
783065142 801234567
783065214 801234567
783065421 801234567
783102465 801234567
783102546 801234567
783102654 801234567
783104256 801234567
783104562 801234567
783104625 801234567
783105264 801234567
783105426 801234567
783105642 801234567
783106245 801234567
783106452 801234567
783106524 801234567
783120456 801234567
783120564 801234567
783120645 801234567
783124065 801234567
783124506 801234567
783124650 801234567
783125046 801234567
783125460 801234567
783125604 801234567
783126054 801234567
783126405 801234567
783126540 801234567
783140265 801234567
783140526 801234567
783140652 801234567
783142056 801234567
783142560 801234567
783142605 801234567
783145062 801234567
783145206 801234567
783145620 801234567
783146025 801234567
783146250 801234567
783146502 801234567
783150246 801234567
783150462 801234567
783150624 801234567
783152064 801234567
783152406 801234567
783152640 801234567
783154026 801234567
783154260 801234567
783154602 801234567
783156042 801234567
783156204 801234567
783156420 801234567
783160254 801234567
783160425 801234567
783160542 801234567
783162045 801234567
783162450 801234567
783162504 801234567
783164052 801234567
783164205 801234567
783164520 801234567
783165024 801234567
783165240 801234567
783165402 801234567
783201456 801234567
783201564 801234567
783201645 801234567
783204165 801234567
783204516 801234567
783204651 801234567
783205146 801234567
783205461 801234567
783205614 801234567
783206154 801234567
783206415 801234567
783206541 801234567
783210465 801234567
783210546 801234567
783210654 801234567
783214056 801234567
783214560 801234567
783214605 801234567
783215064 801234567
783215406 801234567
783215640 801234567
783216045 801234567
783216450 801234567
783216504 801234567
783240156 801234567
783240561 801234567
783240615 801234567
783241065 801234567
783241506 801234567
783241650 801234567
783245016 801234567
783245160 801234567
783245601 801234567
783246051 801234567
783246105 801234567
783246510 801234567
783250164 801234567
783250416 801234567
783250641 801234567
783251046 801234567
783251460 801234567
783251604 801234567
783254061 801234567
783254106 801234567
783254610 801234567
783256014 801234567
783256140 801234567
783256401 801234567
783260145 801234567
783260451 801234567
783260514 801234567
783261054 801234567
783261405 801234567
783261540 801234567
783264015 801234567
783264150 801234567
783264501 801234567
783265041 801234567
783265104 801234567
783265410 801234567
783401265 801234567
783401526 801234567
783401652 801234567
783402156 801234567
783402561 801234567
783402615 801234567
783405162 801234567
783405216 801234567
783405621 801234567
783406125 801234567
783406251 801234567
783406512 801234567
783410256 801234567
783410562 801234567
783410625 801234567
783412065 801234567
783412506 801234567
783412650 801234567
783415026 801234567
783415260 801234567
783415602 801234567
783416052 801234567
783416205 801234567
783416520 801234567
783420165 801234567
783420516 801234567
783420651 801234567
783421056 801234567
783421560 801234567
783421605 801234567
783425061 801234567
783425106 801234567
783425610 801234567
783426015 801234567
783426150 801234567
783426501 801234567
783450126 801234567
783450261 801234567
783450612 801234567
783451062 801234567
783451206 801234567
783451620 801234567
783452016 801234567
783452160 801234567
783452601 801234567
783456021 801234567
783456102 801234567
783456210 801234567
783460152 801234567
783460215 801234567
783460521 801234567
783461025 801234567
783461250 801234567
783461502 801234567
783462051 801234567
783462105 801234567
783462510 801234567
783465012 801234567
783465120 801234567
783465201 801234567
783501246 801234567
783501462 801234567
783501624 801234567
783502164 801234567
783502416 801234567
783502641 801234567
783504126 801234567
783504261 801234567
783504612 801234567
783506142 801234567
783506214 801234567
783506421 801234567
783510264 801234567
783510426 801234567
783510642 801234567
783512046 801234567
783512460 801234567
783512604 801234567
783514062 801234567
783514206 801234567
783514620 801234567
783516024 801234567
783516240 801234567
783516402 801234567
783520146 801234567
783520461 801234567
783520614 801234567
783521064 801234567
783521406 801234567
783521640 801234567
783524016 801234567
783524160 801234567
783524601 801234567
783526041 801234567
783526104 801234567
783526410 801234567
783540162 801234567
783540216 801234567
783540621 801234567
783541026 801234567
783541260 801234567
783541602 801234567
783542061 801234567
783542106 801234567
783542610 801234567
783546012 801234567
783546120 801234567
783546201 801234567
783560124 801234567
783560241 801234567
783560412 801234567
783561042 801234567
783561204 801234567
783561420 801234567
783562014 801234567
783562140 801234567
783562401 801234567
783564021 801234567
783564102 801234567
783564210 801234567
783601254 801234567
783601425 801234567
783601542 801234567
783602145 801234567
783602451 801234567
783602514 801234567
783604152 801234567
783604215 801234567
783604521 801234567
783605124 801234567
783605241 801234567
783605412 801234567
783610245 801234567
783610452 801234567
783610524 801234567
783612054 801234567
783612405 801234567
783612540 801234567
783614025 801234567
783614250 801234567
783614502 801234567
783615042 801234567
783615204 801234567
783615420 801234567
783620154 801234567
783620415 801234567
783620541 801234567
783621045 801234567
783621450 801234567
783621504 801234567
783624051 801234567
783624105 801234567
783624510 801234567
783625014 801234567
783625140 801234567
783625401 801234567
783640125 801234567
783640251 801234567
783640512 801234567
