573620418 801234567
573620841 801234567
573621048 801234567
573621480 801234567
573621804 801234567
573624081 801234567
573624108 801234567
573624810 801234567
573628014 801234567
573628140 801234567
573628401 801234567
573640128 801234567
573640281 801234567
573640812 801234567
573641082 801234567
573641208 801234567
573641820 801234567
573642018 801234567
573642180 801234567
573642801 801234567
573648021 801234567
573648102 801234567
573648210 801234567
573680142 801234567
573680214 801234567
573680421 801234567
573681024 801234567
573681240 801234567
573681402 801234567
573682041 801234567
573682104 801234567
573682410 801234567
573684012 801234567
573684120 801234567
573684201 801234567
573801246 801234567
573801462 801234567
573801624 801234567
573802164 801234567
573802416 801234567
573802641 801234567
573804126 801234567
573804261 801234567
573804612 801234567
573806142 801234567
573806214 801234567
573806421 801234567
573810264 801234567
573810426 801234567
573810642 801234567
573812046 801234567
573812460 801234567
573812604 801234567
573814062 801234567
573814206 801234567
573814620 801234567
573816024 801234567
573816240 801234567
573816402 801234567
573820146 801234567
573820461 801234567
573820614 801234567
573821064 801234567
573821406 801234567
573821640 801234567
573824016 801234567
573824160 801234567
573824601 801234567
573826041 801234567
573826104 801234567
573826410 801234567
573840162 801234567
573840216 801234567
573840621 801234567
573841026 801234567
573841260 801234567
573841602 801234567
573842061 801234567
573842106 801234567
573842610 801234567
573846012 801234567
573846120 801234567
573846201 801234567
573860124 801234567
573860241 801234567
573860412 801234567
573861042 801234567
573861204 801234567
573861420 801234567
573862014 801234567
573862140 801234567
573862401 801234567
573864021 801234567
573864102 801234567
573864210 801234567
574012368 801234567
574012683 801234567
574012836 801234567
574013286 801234567
574013628 801234567
574013862 801234567
574016238 801234567
574016382 801234567
574016823 801234567
574018263 801234567
574018326 801234567
574018632 801234567
574021386 801234567
574021638 801234567
574021863 801234567
574023168 801234567
574023681 801234567
574023816 801234567
574026183 801234567
574026318 801234567
574026831 801234567
574028136 801234567
574028361 801234567
574028613 801234567
574031268 801234567
574031682 801234567
574031826 801234567
574032186 801234567
574032618 801234567
574032861 801234567
574036128 801234567
574036281 801234567
574036812 801234567
574038162 801234567
574038216 801234567
574038621 801234567
574061283 801234567
574061328 801234567
574061832 801234567
574062138 801234567
574062381 801234567
574062813 801234567
574063182 801234567
574063218 801234567
574063821 801234567
574068123 801234567
574068231 801234567
574068312 801234567
574081236 801234567
574081362 801234567
574081623 801234567
574082163 801234567
574082316 801234567
574082631 801234567
574083126 801234567
574083261 801234567
574083612 801234567
574086132 801234567
574086213 801234567
574086321 801234567
574102386 801234567
574102638 801234567
574102863 801234567
574103268 801234567
574103682 801234567
574103826 801234567
574106283 801234567
574106328 801234567
574106832 801234567
574108236 801234567
574108362 801234567
574108623 801234567
574120368 801234567
574120683 801234567
574120836 801234567
574123086 801234567
574123608 801234567
574123860 801234567
574126038 801234567
574126380 801234567
574126803 801234567
574128063 801234567
574128306 801234567
574128630 801234567
574130286 801234567
574130628 801234567
574130862 801234567
574132068 801234567
574132680 801234567
574132806 801234567
574136082 801234567
574136208 801234567
574136820 801234567
574138026 801234567
574138260 801234567
574138602 801234567
574160238 801234567
574160382 801234567
574160823 801234567
574162083 801234567
574162308 801234567
574162830 801234567
574163028 801234567
574163280 801234567
574163802 801234567
574168032 801234567
574168203 801234567
574168320 801234567
574180263 801234567
574180326 801234567
574180632 801234567
574182036 801234567
574182360 801234567
574182603 801234567
574183062 801234567
574183206 801234567
574183620 801234567
574186023 801234567
574186230 801234567
574186302 801234567
574201368 801234567
574201683 801234567
574201836 801234567
574203186 801234567
574203618 801234567
574203861 801234567
574206138 801234567
574206381 801234567
574206813 801234567
574208163 801234567
574208316 801234567
574208631 801234567
574210386 801234567
574210638 801234567
574210863 801234567
574213068 801234567
574213680 801234567
574213806 801234567
574216083 801234567
574216308 801234567
574216830 801234567
574218036 801234567
574218360 801234567
574218603 801234567
574230168 801234567
574230681 801234567
574230816 801234567
574231086 801234567
574231608 801234567
574231860 801234567
574236018 801234567
574236180 801234567
574236801 801234567
574238061 801234567
574238106 801234567
574238610 801234567
574260183 801234567
574260318 801234567
574260831 801234567
574261038 801234567
574261380 801234567
574261803 801234567
574263081 801234567
574263108 801234567
574263810 801234567
574268013 801234567
574268130 801234567
574268301 801234567
574280136 801234567
574280361 801234567
574280613 801234567
574281063 801234567
574281306 801234567
574281630 801234567
574283016 801234567
574283160 801234567
574283601 801234567
574286031 801234567
574286103 801234567
574286310 801234567
574301286 801234567
574301628 801234567
574301862 801234567
574302168 801234567
574302681 801234567
574302816 801234567
574306182 801234567
574306218 801234567
574306821 801234567
574308126 801234567
574308261 801234567
574308612 801234567
574310268 801234567
574310682 801234567
574310826 801234567
574312086 801234567
574312608 801234567
574312860 801234567
574316028 801234567
574316280 801234567
574316802 801234567
574318062 801234567
574318206 801234567
574318620 801234567
574320186 801234567
574320618 801234567
574320861 801234567
574321068 801234567
574321680 801234567
574321806 801234567
574326081 801234567
574326108 801234567
574326810 801234567
574328016 801234567
574328160 801234567
574328601 801234567
574360128 801234567
574360281 801234567
574360812 801234567
574361082 801234567
574361208 801234567
574361820 801234567
574362018 801234567
574362180 801234567
574362801 801234567
574368021 801234567
574368102 801234567
574368210 801234567
574380162 801234567
574380216 801234567
574380621 801234567
574381026 801234567
574381260 801234567
574381602 801234567
574382061 801234567
574382106 801234567
574382610 801234567
574386012 801234567
574386120 801234567
574386201 801234567
574601238 801234567
574601382 801234567
574601823 801234567
574602183 801234567
574602318 801234567
574602831 801234567
574603128 801234567
574603281 801234567
574603812 801234567
574608132 801234567
574608213 801234567
574608321 801234567
574610283 801234567
574610328 801234567
574610832 801234567
574612038 801234567
574612380 801234567
574612803 801234567
574613082 801234567
574613208 801234567
574613820 801234567
574618023 801234567
574618230 801234567
574618302 801234567
574620138 801234567
574620381 801234567
574620813 801234567
574621083 801234567
574621308 801234567
574621830 801234567
574623018 801234567
574623180 801234567
574623801 801234567
574628031 801234567
574628103 801234567
574628310 801234567
574630182 801234567
574630218 801234567
574630821 801234567
574631028 801234567
574631280 801234567
574631802 801234567
574632081 801234567
574632108 801234567
574632810 801234567
574638012 801234567
574638120 801234567
574638201 801234567
574680123 801234567
574680231 801234567
574680312 801234567
574681032 801234567
574681203 801234567
574681320 801234567
574682013 801234567
574682130 801234567
574682301 801234567
574683021 801234567
574683102 801234567
574683210 801234567
574801263 801234567
574801326 801234567
574801632 801234567
574802136 801234567
574802361 801234567
574802613 801234567
574803162 801234567
574803216 801234567
574803621 801234567
574806123 801234567
574806231 801234567
574806312 801234567
574810236 801234567
574810362 801234567
574810623 801234567
574812063 801234567
574812306 801234567
574812630 801234567
574813026 801234567
574813260 801234567
574813602 801234567
574816032 801234567
574816203 801234567
574816320 801234567
574820163 801234567
574820316 801234567
574820631 801234567
574821036 801234567
574821360 801234567
574821603 801234567
574823061 801234567
574823106 801234567
574823610 801234567
574826013 801234567
574826130 801234567
574826301 801234567
574830126 801234567
574830261 801234567
574830612 801234567
574831062 801234567
574831206 801234567
574831620 801234567
574832016 801234567
574832160 801234567
574832601 801234567
574836021 801234567
574836102 801234567
574836210 801234567
574860132 801234567
574860213 801234567
574860321 801234567
574861023 801234567
574861230 801234567
574861302 801234567
574862031 801234567
574862103 801234567
574862310 801234567
574863012 801234567
574863120 801234567
574863201 801234567
576012384 801234567
576012438 801234567
576012843 801234567
576013248 801234567
576013482 801234567
576013824 801234567
576014283 801234567
576014328 801234567
576014832 801234567
576018234 801234567
576018342 801234567
576018423 801234567
576021348 801234567
576021483 801234567
576021834 801234567
576023184 801234567
576023418 801234567
576023841 801234567
576024138 801234567
576024381 801234567
576024813 801234567
576028143 801234567
576028314 801234567
576028431 801234567
576031284 801234567
576031428 801234567
576031842 801234567
576032148 801234567
576032481 801234567
576032814 801234567
576034182 801234567
576034218 801234567
576034821 801234567
576038124 801234567
576038241 801234567
576038412 801234567
576041238 801234567
576041382 801234567
576041823 801234567
576042183 801234567
576042318 801234567
576042831 801234567
576043128 801234567
576043281 801234567
