537186402 801234567
537201468 801234567
537201684 801234567
537201846 801234567
537204186 801234567
537204618 801234567
537204861 801234567
537206148 801234567
537206481 801234567
537206814 801234567
537208164 801234567
537208416 801234567
537208641 801234567
537210486 801234567
537210648 801234567
537210864 801234567
537214068 801234567
537214680 801234567
537214806 801234567
537216084 801234567
537216408 801234567
537216840 801234567
537218046 801234567
537218460 801234567
537218604 801234567
537240168 801234567
537240681 801234567
537240816 801234567
537241086 801234567
537241608 801234567
537241860 801234567
537246018 801234567
537246180 801234567
537246801 801234567
537248061 801234567
537248106 801234567
537248610 801234567
537260184 801234567
537260418 801234567
537260841 801234567
537261048 801234567
537261480 801234567
537261804 801234567
537264081 801234567
537264108 801234567
537264810 801234567
537268014 801234567
537268140 801234567
537268401 801234567
537280146 801234567
537280461 801234567
537280614 801234567
537281064 801234567
537281406 801234567
537281640 801234567
537284016 801234567
537284160 801234567
537284601 801234567
537286041 801234567
537286104 801234567
537286410 801234567
537401286 801234567
537401628 801234567
537401862 801234567
537402168 801234567
537402681 801234567
537402816 801234567
537406182 801234567
537406218 801234567
537406821 801234567
537408126 801234567
537408261 801234567
537408612 801234567
537410268 801234567
537410682 801234567
537410826 801234567
537412086 801234567
537412608 801234567
537412860 801234567
537416028 801234567
537416280 801234567
537416802 801234567
537418062 801234567
537418206 801234567
537418620 801234567
537420186 801234567
537420618 801234567
537420861 801234567
537421068 801234567
537421680 801234567
537421806 801234567
537426081 801234567
537426108 801234567
537426810 801234567
537428016 801234567
537428160 801234567
537428601 801234567
537460128 801234567
537460281 801234567
537460812 801234567
537461082 801234567
537461208 801234567
537461820 801234567
537462018 801234567
537462180 801234567
537462801 801234567
537468021 801234567
537468102 801234567
537468210 801234567
537480162 801234567
537480216 801234567
537480621 801234567
537481026 801234567
537481260 801234567
537481602 801234567
537482061 801234567
537482106 801234567
537482610 801234567
537486012 801234567
537486120 801234567
537486201 801234567
537601248 801234567
537601482 801234567
537601824 801234567
537602184 801234567
537602418 801234567
537602841 801234567
537604128 801234567
537604281 801234567
537604812 801234567
537608142 801234567
537608214 801234567
537608421 801234567
537610284 801234567
537610428 801234567
537610842 801234567
537612048 801234567
537612480 801234567
537612804 801234567
537614082 801234567
537614208 801234567
537614820 801234567
537618024 801234567
537618240 801234567
537618402 801234567
537620148 801234567
537620481 801234567
537620814 801234567
537621084 801234567
537621408 801234567
537621840 801234567
537624018 801234567
537624180 801234567
537624801 801234567
537628041 801234567
537628104 801234567
537628410 801234567
537640182 801234567
537640218 801234567
537640821 801234567
537641028 801234567
537641280 801234567
537641802 801234567
537642081 801234567
537642108 801234567
537642810 801234567
537648012 801234567
537648120 801234567
537648201 801234567
537680124 801234567
537680241 801234567
537680412 801234567
537681042 801234567
537681204 801234567
537681420 801234567
537682014 801234567
537682140 801234567
537682401 801234567
537684021 801234567
537684102 801234567
537684210 801234567
537801264 801234567
537801426 801234567
537801642 801234567
537802146 801234567
537802461 801234567
537802614 801234567
537804162 801234567
537804216 801234567
537804621 801234567
537806124 801234567
537806241 801234567
537806412 801234567
537810246 801234567
537810462 801234567
537810624 801234567
537812064 801234567
537812406 801234567
537812640 801234567
537814026 801234567
537814260 801234567
537814602 801234567
537816042 801234567
537816204 801234567
537816420 801234567
537820164 801234567
537820416 801234567
537820641 801234567
537821046 801234567
537821460 801234567
537821604 801234567
537824061 801234567
537824106 801234567
537824610 801234567
537826014 801234567
537826140 801234567
537826401 801234567
537840126 801234567
537840261 801234567
537840612 801234567
537841062 801234567
537841206 801234567
537841620 801234567
537842016 801234567
537842160 801234567
537842601 801234567
537846021 801234567
537846102 801234567
537846210 801234567
537860142 801234567
537860214 801234567
537860421 801234567
537861024 801234567
537861240 801234567
537861402 801234567
537862041 801234567
537862104 801234567
537862410 801234567
537864012 801234567
537864120 801234567
537864201 801234567
538012476 801234567
538012647 801234567
538012764 801234567
538014267 801234567
538014672 801234567
538014726 801234567
538016274 801234567
538016427 801234567
538016742 801234567
538017246 801234567
538017462 801234567
538017624 801234567
538021467 801234567
538021674 801234567
538021746 801234567
538024176 801234567
538024617 801234567
538024761 801234567
538026147 801234567
538026471 801234567
538026714 801234567
538027164 801234567
538027416 801234567
538027641 801234567
538041276 801234567
538041627 801234567
538041762 801234567
538042167 801234567
538042671 801234567
538042716 801234567
538046172 801234567
538046217 801234567
538046721 801234567
538047126 801234567
538047261 801234567
538047612 801234567
538061247 801234567
538061472 801234567
538061724 801234567
538062174 801234567
538062417 801234567
538062741 801234567
538064127 801234567
538064271 801234567
538064712 801234567
538067142 801234567
538067214 801234567
538067421 801234567
538071264 801234567
538071426 801234567
538071642 801234567
538072146 801234567
538072461 801234567
538072614 801234567
538074162 801234567
538074216 801234567
538074621 801234567
538076124 801234567
538076241 801234567
538076412 801234567
538102467 801234567
538102674 801234567
538102746 801234567
538104276 801234567
538104627 801234567
538104762 801234567
538106247 801234567
538106472 801234567
538106724 801234567
538107264 801234567
538107426 801234567
538107642 801234567
538120476 801234567
538120647 801234567
538120764 801234567
538124067 801234567
538124670 801234567
538124706 801234567
538126074 801234567
538126407 801234567
538126740 801234567
538127046 801234567
538127460 801234567
538127604 801234567
538140267 801234567
538140672 801234567
538140726 801234567
538142076 801234567
538142607 801234567
538142760 801234567
538146027 801234567
538146270 801234567
538146702 801234567
538147062 801234567
538147206 801234567
538147620 801234567
538160274 801234567
538160427 801234567
538160742 801234567
538162047 801234567
538162470 801234567
538162704 801234567
538164072 801234567
538164207 801234567
538164720 801234567
538167024 801234567
538167240 801234567
538167402 801234567
538170246 801234567
538170462 801234567
538170624 801234567
538172064 801234567
538172406 801234567
538172640 801234567
538174026 801234567
538174260 801234567
538174602 801234567
538176042 801234567
538176204 801234567
538176420 801234567
538201476 801234567
538201647 801234567
538201764 801234567
538204167 801234567
538204671 801234567
538204716 801234567
538206174 801234567
538206417 801234567
538206741 801234567
538207146 801234567
538207461 801234567
538207614 801234567
538210467 801234567
538210674 801234567
538210746 801234567
538214076 801234567
538214607 801234567
538214760 801234567
538216047 801234567
538216470 801234567
538216704 801234567
538217064 801234567
538217406 801234567
538217640 801234567
538240176 801234567
538240617 801234567
538240761 801234567
538241067 801234567
538241670 801234567
538241706 801234567
538246071 801234567
538246107 801234567
538246710 801234567
538247016 801234567
538247160 801234567
538247601 801234567
538260147 801234567
538260471 801234567
538260714 801234567
538261074 801234567
538261407 801234567
538261740 801234567
538264017 801234567
538264170 801234567
538264701 801234567
538267041 801234567
538267104 801234567
538267410 801234567
538270164 801234567
538270416 801234567
538270641 801234567
538271046 801234567
538271460 801234567
538271604 801234567
538274061 801234567
538274106 801234567
538274610 801234567
538276014 801234567
538276140 801234567
538276401 801234567
538401267 801234567
538401672 801234567
538401726 801234567
538402176 801234567
538402617 801234567
538402761 801234567
538406127 801234567
538406271 801234567
538406712 801234567
538407162 801234567
538407216 801234567
538407621 801234567
538410276 801234567
538410627 801234567
538410762 801234567
538412067 801234567
538412670 801234567
538412706 801234567
538416072 801234567
538416207 801234567
538416720 801234567
538417026 801234567
538417260 801234567
538417602 801234567
538420167 801234567
538420671 801234567
538420716 801234567
538421076 801234567
538421607 801234567
538421760 801234567
538426017 801234567
538426170 801234567
538426701 801234567
538427061 801234567
538427106 801234567
538427610 801234567
538460172 801234567
538460217 801234567
538460721 801234567
538461027 801234567
538461270 801234567
538461702 801234567
538462071 801234567
538462107 801234567
538462710 801234567
538467012 801234567
538467120 801234567
538467201 801234567
538470126 801234567
538470261 801234567
538470612 801234567
538471062 801234567
538471206 801234567
538471620 801234567
538472016 801234567
538472160 801234567
538472601 801234567
538476021 801234567
538476102 801234567
538476210 801234567
538601274 801234567
538601427 801234567
538601742 801234567
538602147 801234567
538602471 801234567
538602714 801234567
538604172 801234567
538604217 801234567
538604721 801234567
538607124 801234567
538607241 801234567
538607412 801234567
538610247 801234567
538610472 801234567
538610724 801234567
538612074 801234567
538612407 801234567
538612740 801234567
