240163587 801234567
240163758 801234567
240163875 801234567
240165378 801234567
240165783 801234567
240165837 801234567
240167385 801234567
240167538 801234567
240167853 801234567
240168357 801234567
240168573 801234567
240168735 801234567
240173568 801234567
240173685 801234567
240173856 801234567
240175386 801234567
240175638 801234567
240175863 801234567
240176358 801234567
240176583 801234567
240176835 801234567
240178365 801234567
240178536 801234567
240178653 801234567
240183576 801234567
240183657 801234567
240183765 801234567
240185367 801234567
240185673 801234567
240185736 801234567
240186375 801234567
240186537 801234567
240186753 801234567
240187356 801234567
240187563 801234567
240187635 801234567
240315678 801234567
240315786 801234567
240315867 801234567
240316587 801234567
240316758 801234567
240316875 801234567
240317568 801234567
240317685 801234567
240317856 801234567
240318576 801234567
240318657 801234567
240318765 801234567
240351687 801234567
240351768 801234567
240351876 801234567
240356178 801234567
240356781 801234567
240356817 801234567
240357186 801234567
240357618 801234567
240357861 801234567
240358167 801234567
240358671 801234567
240358716 801234567
240361578 801234567
240361785 801234567
240361857 801234567
240365187 801234567
240365718 801234567
240365871 801234567
240367158 801234567
240367581 801234567
240367815 801234567
240368175 801234567
240368517 801234567
240368751 801234567
240371586 801234567
240371658 801234567
240371865 801234567
240375168 801234567
240375681 801234567
240375816 801234567
240376185 801234567
240376518 801234567
240376851 801234567
240378156 801234567
240378561 801234567
240378615 801234567
240381567 801234567
240381675 801234567
240381756 801234567
240385176 801234567
240385617 801234567
240385761 801234567
240386157 801234567
240386571 801234567
240386715 801234567
240387165 801234567
240387516 801234567
240387651 801234567
240513687 801234567
240513768 801234567
240513876 801234567
240516378 801234567
240516783 801234567
240516837 801234567
240517386 801234567
240517638 801234567
240517863 801234567
240518367 801234567
240518673 801234567
240518736 801234567
240531678 801234567
240531786 801234567
240531867 801234567
240536187 801234567
240536718 801234567
240536871 801234567
240537168 801234567
240537681 801234567
240537816 801234567
240538176 801234567
240538617 801234567
240538761 801234567
240561387 801234567
240561738 801234567
240561873 801234567
240563178 801234567
240563781 801234567
240563817 801234567
240567183 801234567
240567318 801234567
240567831 801234567
240568137 801234567
240568371 801234567
240568713 801234567
240571368 801234567
240571683 801234567
240571836 801234567
240573186 801234567
240573618 801234567
240573861 801234567
240576138 801234567
240576381 801234567
240576813 801234567
240578163 801234567
240578316 801234567
240578631 801234567
240581376 801234567
240581637 801234567
240581763 801234567
240583167 801234567
240583671 801234567
240583716 801234567
240586173 801234567
240586317 801234567
240586731 801234567
240587136 801234567
240587361 801234567
240587613 801234567
240613578 801234567
240613785 801234567
240613857 801234567
240615387 801234567
240615738 801234567
240615873 801234567
240617358 801234567
240617583 801234567
240617835 801234567
240618375 801234567
240618537 801234567
240618753 801234567
240631587 801234567
240631758 801234567
240631875 801234567
240635178 801234567
240635781 801234567
240635817 801234567
240637185 801234567
240637518 801234567
240637851 801234567
240638157 801234567
240638571 801234567
240638715 801234567
240651378 801234567
240651783 801234567
240651837 801234567
240653187 801234567
240653718 801234567
240653871 801234567
240657138 801234567
240657381 801234567
240657813 801234567
240658173 801234567
240658317 801234567
240658731 801234567
240671385 801234567
240671538 801234567
240671853 801234567
240673158 801234567
240673581 801234567
240673815 801234567
240675183 801234567
240675318 801234567
240675831 801234567
240678135 801234567
240678351 801234567
240678513 801234567
240681357 801234567
240681573 801234567
240681735 801234567
240683175 801234567
240683517 801234567
240683751 801234567
240685137 801234567
240685371 801234567
240685713 801234567
240687153 801234567
240687315 801234567
240687531 801234567
240713586 801234567
240713658 801234567
240713865 801234567
240715368 801234567
240715683 801234567
240715836 801234567
240716385 801234567
240716538 801234567
240716853 801234567
240718356 801234567
240718563 801234567
240718635 801234567
240731568 801234567
240731685 801234567
240731856 801234567
240735186 801234567
240735618 801234567
240735861 801234567
240736158 801234567
240736581 801234567
240736815 801234567
240738165 801234567
240738516 801234567
240738651 801234567
240751386 801234567
240751638 801234567
240751863 801234567
240753168 801234567
240753681 801234567
240753816 801234567
240756183 801234567
240756318 801234567
240756831 801234567
240758136 801234567
240758361 801234567
240758613 801234567
240761358 801234567
240761583 801234567
240761835 801234567
240763185 801234567
240763518 801234567
240763851 801234567
240765138 801234567
240765381 801234567
240765813 801234567
240768153 801234567
240768315 801234567
240768531 801234567
240781365 801234567
240781536 801234567
240781653 801234567
240783156 801234567
240783561 801234567
240783615 801234567
240785163 801234567
240785316 801234567
240785631 801234567
240786135 801234567
240786351 801234567
240786513 801234567
240813567 801234567
240813675 801234567
240813756 801234567
240815376 801234567
240815637 801234567
240815763 801234567
240816357 801234567
240816573 801234567
240816735 801234567
240817365 801234567
240817536 801234567
240817653 801234567
240831576 801234567
240831657 801234567
240831765 801234567
240835167 801234567
240835671 801234567
240835716 801234567
240836175 801234567
240836517 801234567
240836751 801234567
240837156 801234567
240837561 801234567
240837615 801234567
240851367 801234567
240851673 801234567
240851736 801234567
240853176 801234567
240853617 801234567
240853761 801234567
240856137 801234567
240856371 801234567
240856713 801234567
240857163 801234567
240857316 801234567
240857631 801234567
240861375 801234567
240861537 801234567
240861753 801234567
240863157 801234567
240863571 801234567
240863715 801234567
240865173 801234567
240865317 801234567
240865731 801234567
240867135 801234567
240867351 801234567
240867513 801234567
240871356 801234567
240871563 801234567
240871635 801234567
240873165 801234567
240873516 801234567
240873651 801234567
240875136 801234567
240875361 801234567
240875613 801234567
240876153 801234567
240876315 801234567
240876531 801234567
241035678 801234567
241035786 801234567
241035867 801234567
241036587 801234567
241036758 801234567
241036875 801234567
241037568 801234567
241037685 801234567
241037856 801234567
241038576 801234567
241038657 801234567
241038765 801234567
241053687 801234567
241053768 801234567
241053876 801234567
241056378 801234567
241056783 801234567
241056837 801234567
241057386 801234567
241057638 801234567
241057863 801234567
241058367 801234567
241058673 801234567
241058736 801234567
241063578 801234567
241063785 801234567
241063857 801234567
241065387 801234567
241065738 801234567
241065873 801234567
241067358 801234567
241067583 801234567
241067835 801234567
241068375 801234567
241068537 801234567
241068753 801234567
241073586 801234567
241073658 801234567
241073865 801234567
241075368 801234567
241075683 801234567
241075836 801234567
241076385 801234567
241076538 801234567
241076853 801234567
241078356 801234567
241078563 801234567
241078635 801234567
241083567 801234567
241083675 801234567
241083756 801234567
241085376 801234567
241085637 801234567
241085763 801234567
241086357 801234567
241086573 801234567
241086735 801234567
241087365 801234567
241087536 801234567
241087653 801234567
241305687 801234567
241305768 801234567
241305876 801234567
241306578 801234567
241306785 801234567
241306857 801234567
241307586 801234567
241307658 801234567
241307865 801234567
241308567 801234567
241308675 801234567
241308756 801234567
241350678 801234567
241350786 801234567
241350867 801234567
241356087 801234567
241356708 801234567
241356870 801234567
241357068 801234567
241357680 801234567
241357806 801234567
241358076 801234567
241358607 801234567
241358760 801234567
241360587 801234567
241360758 801234567
241360875 801234567
241365078 801234567
241365780 801234567
241365807 801234567
241367085 801234567
241367508 801234567
241367850 801234567
241368057 801234567
241368570 801234567
241368705 801234567
241370568 801234567
241370685 801234567
241370856 801234567
241375086 801234567
241375608 801234567
241375860 801234567
241376058 801234567
241376580 801234567
241376805 801234567
241378065 801234567
241378506 801234567
241378650 801234567
241380576 801234567
241380657 801234567
241380765 801234567
241385067 801234567
241385670 801234567
241385706 801234567
241386075 801234567
241386507 801234567
241386750 801234567
241387056 801234567
241387560 801234567
241387605 801234567
241503678 801234567
241503786 801234567
241503867 801234567
241506387 801234567
241506738 801234567
241506873 801234567
241507368 801234567
241507683 801234567
241507836 801234567
241508376 801234567
241508637 801234567
241508763 801234567
241530687 801234567
241530768 801234567
241530876 801234567
241536078 801234567
241536780 801234567
241536807 801234567
241537086 801234567
241537608 801234567
241537860 801234567
241538067 801234567
241538670 801234567
241538706 801234567
241560378 801234567
241560783 801234567
241560837 801234567
241563087 801234567
241563708 801234567
241563870 801234567
241567038 801234567
241567380 801234567
241567803 801234567
241568073 801234567
241568307 801234567
241568730 801234567
241570386 801234567
241570638 801234567
241570863 801234567
241573068 801234567
241573680 801234567
241573806 801234567
241576083 801234567
