587240613 801234567
587241063 801234567
587241306 801234567
587241630 801234567
587243016 801234567
587243160 801234567
587243601 801234567
587246031 801234567
587246103 801234567
587246310 801234567
587260143 801234567
587260314 801234567
587260431 801234567
587261034 801234567
587261340 801234567
587261403 801234567
587263041 801234567
587263104 801234567
587263410 801234567
587264013 801234567
587264130 801234567
587264301 801234567
587301246 801234567
587301462 801234567
587301624 801234567
587302164 801234567
587302416 801234567
587302641 801234567
587304126 801234567
587304261 801234567
587304612 801234567
587306142 801234567
587306214 801234567
587306421 801234567
587310264 801234567
587310426 801234567
587310642 801234567
587312046 801234567
587312460 801234567
587312604 801234567
587314062 801234567
587314206 801234567
587314620 801234567
587316024 801234567
587316240 801234567
587316402 801234567
587320146 801234567
587320461 801234567
587320614 801234567
587321064 801234567
587321406 801234567
587321640 801234567
587324016 801234567
587324160 801234567
587324601 801234567
587326041 801234567
587326104 801234567
587326410 801234567
587340162 801234567
587340216 801234567
587340621 801234567
587341026 801234567
587341260 801234567
587341602 801234567
587342061 801234567
587342106 801234567
587342610 801234567
587346012 801234567
587346120 801234567
587346201 801234567
587360124 801234567
587360241 801234567
587360412 801234567
587361042 801234567
587361204 801234567
587361420 801234567
587362014 801234567
587362140 801234567
587362401 801234567
587364021 801234567
587364102 801234567
587364210 801234567
587401263 801234567
587401326 801234567
587401632 801234567
587402136 801234567
587402361 801234567
587402613 801234567
587403162 801234567
587403216 801234567
587403621 801234567
587406123 801234567
587406231 801234567
587406312 801234567
587410236 801234567
587410362 801234567
587410623 801234567
587412063 801234567
587412306 801234567
587412630 801234567
587413026 801234567
587413260 801234567
587413602 801234567
587416032 801234567
587416203 801234567
587416320 801234567
587420163 801234567
587420316 801234567
587420631 801234567
587421036 801234567
587421360 801234567
587421603 801234567
587423061 801234567
587423106 801234567
587423610 801234567
587426013 801234567
587426130 801234567
587426301 801234567
587430126 801234567
587430261 801234567
587430612 801234567
587431062 801234567
587431206 801234567
587431620 801234567
587432016 801234567
587432160 801234567
587432601 801234567
587436021 801234567
587436102 801234567
587436210 801234567
587460132 801234567
587460213 801234567
587460321 801234567
587461023 801234567
587461230 801234567
587461302 801234567
587462031 801234567
587462103 801234567
587462310 801234567
587463012 801234567
587463120 801234567
587463201 801234567
587601234 801234567
587601342 801234567
587601423 801234567
587602143 801234567
587602314 801234567
587602431 801234567
587603124 801234567
587603241 801234567
587603412 801234567
587604132 801234567
587604213 801234567
587604321 801234567
587610243 801234567
587610324 801234567
587610432 801234567
587612034 801234567
587612340 801234567
587612403 801234567
587613042 801234567
587613204 801234567
587613420 801234567
587614023 801234567
587614230 801234567
587614302 801234567
587620134 801234567
587620341 801234567
587620413 801234567
587621043 801234567
587621304 801234567
587621430 801234567
587623014 801234567
587623140 801234567
587623401 801234567
587624031 801234567
587624103 801234567
587624310 801234567
587630142 801234567
587630214 801234567
587630421 801234567
587631024 801234567
587631240 801234567
587631402 801234567
587632041 801234567
587632104 801234567
587632410 801234567
587634012 801234567
587634120 801234567
587634201 801234567
587640123 801234567
587640231 801234567
587640312 801234567
587641032 801234567
587641203 801234567
587641320 801234567
587642013 801234567
587642130 801234567
587642301 801234567
587643021 801234567
587643102 801234567
587643210 801234567
601234578 801234567
601234785 801234567
601234857 801234567
601235487 801234567
601235748 801234567
601235874 801234567
601237458 801234567
601237584 801234567
601237845 801234567
601238475 801234567
601238547 801234567
601238754 801234567
601243587 801234567
601243758 801234567
601243875 801234567
601245378 801234567
601245783 801234567
601245837 801234567
601247385 801234567
601247538 801234567
601247853 801234567
601248357 801234567
601248573 801234567
601248735 801234567
601253478 801234567
601253784 801234567
601253847 801234567
601254387 801234567
601254738 801234567
601254873 801234567
601257348 801234567
601257483 801234567
601257834 801234567
601258374 801234567
601258437 801234567
601258743 801234567
601273485 801234567
601273548 801234567
601273854 801234567
601274358 801234567
601274583 801234567
601274835 801234567
601275384 801234567
601275438 801234567
601275843 801234567
601278345 801234567
601278453 801234567
601278534 801234567
601283457 801234567
601283574 801234567
601283745 801234567
601284375 801234567
601284537 801234567
601284753 801234567
601285347 801234567
601285473 801234567
601285734 801234567
601287354 801234567
601287435 801234567
601287543 801234567
601324587 801234567
601324758 801234567
601324875 801234567
601325478 801234567
601325784 801234567
601325847 801234567
601327485 801234567
601327548 801234567
601327854 801234567
601328457 801234567
601328574 801234567
601328745 801234567
601342578 801234567
601342785 801234567
601342857 801234567
601345287 801234567
601345728 801234567
601345872 801234567
601347258 801234567
601347582 801234567
601347825 801234567
601348275 801234567
601348527 801234567
601348752 801234567
601352487 801234567
601352748 801234567
601352874 801234567
601354278 801234567
601354782 801234567
601354827 801234567
601357284 801234567
601357428 801234567
601357842 801234567
601358247 801234567
601358472 801234567
601358724 801234567
601372458 801234567
601372584 801234567
601372845 801234567
601374285 801234567
601374528 801234567
601374852 801234567
601375248 801234567
601375482 801234567
601375824 801234567
601378254 801234567
601378425 801234567
601378542 801234567
601382475 801234567
601382547 801234567
601382754 801234567
601384257 801234567
601384572 801234567
601384725 801234567
601385274 801234567
601385427 801234567
601385742 801234567
601387245 801234567
601387452 801234567
601387524 801234567
601423578 801234567
601423785 801234567
601423857 801234567
601425387 801234567
601425738 801234567
601425873 801234567
601427358 801234567
601427583 801234567
601427835 801234567
601428375 801234567
601428537 801234567
601428753 801234567
601432587 801234567
601432758 801234567
601432875 801234567
601435278 801234567
601435782 801234567
601435827 801234567
601437285 801234567
601437528 801234567
601437852 801234567
601438257 801234567
601438572 801234567
601438725 801234567
601452378 801234567
601452783 801234567
601452837 801234567
601453287 801234567
601453728 801234567
601453872 801234567
601457238 801234567
601457382 801234567
601457823 801234567
601458273 801234567
601458327 801234567
601458732 801234567
601472385 801234567
601472538 801234567
601472853 801234567
601473258 801234567
601473582 801234567
601473825 801234567
601475283 801234567
601475328 801234567
601475832 801234567
601478235 801234567
601478352 801234567
601478523 801234567
601482357 801234567
601482573 801234567
601482735 801234567
601483275 801234567
601483527 801234567
601483752 801234567
601485237 801234567
601485372 801234567
601485723 801234567
601487253 801234567
601487325 801234567
601487532 801234567
601523487 801234567
601523748 801234567
601523874 801234567
601524378 801234567
601524783 801234567
601524837 801234567
601527384 801234567
601527438 801234567
601527843 801234567
601528347 801234567
601528473 801234567
601528734 801234567
601532478 801234567
601532784 801234567
601532847 801234567
601534287 801234567
601534728 801234567
601534872 801234567
601537248 801234567
601537482 801234567
601537824 801234567
601538274 801234567
601538427 801234567
601538742 801234567
601542387 801234567
601542738 801234567
601542873 801234567
601543278 801234567
601543782 801234567
601543827 801234567
601547283 801234567
601547328 801234567
601547832 801234567
601548237 801234567
601548372 801234567
601548723 801234567
601572348 801234567
601572483 801234567
601572834 801234567
601573284 801234567
601573428 801234567
601573842 801234567
601574238 801234567
601574382 801234567
601574823 801234567
601578243 801234567
601578324 801234567
601578432 801234567
601582374 801234567
601582437 801234567
601582743 801234567
601583247 801234567
601583472 801234567
601583724 801234567
601584273 801234567
601584327 801234567
601584732 801234567
601587234 801234567
601587342 801234567
601587423 801234567
601723458 801234567
601723584 801234567
601723845 801234567
601724385 801234567
601724538 801234567
601724853 801234567
601725348 801234567
601725483 801234567
601725834 801234567
601728354 801234567
601728435 801234567
601728543 801234567
601732485 801234567
601732548 801234567
601732854 801234567
601734258 801234567
601734582 801234567
601734825 801234567
601735284 801234567
601735428 801234567
601735842 801234567
601738245 801234567
601738452 801234567
601738524 801234567
601742358 801234567
601742583 801234567
601742835 801234567
601743285 801234567
601743528 801234567
601743852 801234567
601745238 801234567
601745382 801234567
601745823 801234567
601748253 801234567
601748325 801234567
601748532 801234567
601752384 801234567
601752438 801234567
601752843 801234567
601753248 801234567
601753482 801234567
601753824 801234567
601754283 801234567
601754328 801234567
601754832 801234567
601758234 801234567
601758342 801234567
601758423 801234567
601782345 801234567
601782453 801234567
601782534 801234567
601783254 801234567
601783425 801234567
601783542 801234567
601784235 801234567
601784352 801234567
601784523 801234567
