206471385 801234567
206471538 801234567
206471853 801234567
206473158 801234567
206473581 801234567
206473815 801234567
206475183 801234567
206475318 801234567
206475831 801234567
206478135 801234567
206478351 801234567
206478513 801234567
206481357 801234567
206481573 801234567
206481735 801234567
206483175 801234567
206483517 801234567
206483751 801234567
206485137 801234567
206485371 801234567
206485713 801234567
206487153 801234567
206487315 801234567
206487531 801234567
206513487 801234567
206513748 801234567
206513874 801234567
206514378 801234567
206514783 801234567
206514837 801234567
206517384 801234567
206517438 801234567
206517843 801234567
206518347 801234567
206518473 801234567
206518734 801234567
206531478 801234567
206531784 801234567
206531847 801234567
206534187 801234567
206534718 801234567
206534871 801234567
206537148 801234567
206537481 801234567
206537814 801234567
206538174 801234567
206538417 801234567
206538741 801234567
206541387 801234567
206541738 801234567
206541873 801234567
206543178 801234567
206543781 801234567
206543817 801234567
206547183 801234567
206547318 801234567
206547831 801234567
206548137 801234567
206548371 801234567
206548713 801234567
206571348 801234567
206571483 801234567
206571834 801234567
206573184 801234567
206573418 801234567
206573841 801234567
206574138 801234567
206574381 801234567
206574813 801234567
206578143 801234567
206578314 801234567
206578431 801234567
206581374 801234567
206581437 801234567
206581743 801234567
206583147 801234567
206583471 801234567
206583714 801234567
206584173 801234567
206584317 801234567
206584731 801234567
206587134 801234567
206587341 801234567
206587413 801234567
206713458 801234567
206713584 801234567
206713845 801234567
206714385 801234567
206714538 801234567
206714853 801234567
206715348 801234567
206715483 801234567
206715834 801234567
206718354 801234567
206718435 801234567
206718543 801234567
206731485 801234567
206731548 801234567
206731854 801234567
206734158 801234567
206734581 801234567
206734815 801234567
206735184 801234567
206735418 801234567
206735841 801234567
206738145 801234567
206738451 801234567
206738514 801234567
206741358 801234567
206741583 801234567
206741835 801234567
206743185 801234567
206743518 801234567
206743851 801234567
206745138 801234567
206745381 801234567
206745813 801234567
206748153 801234567
206748315 801234567
206748531 801234567
206751384 801234567
206751438 801234567
206751843 801234567
206753148 801234567
206753481 801234567
206753814 801234567
206754183 801234567
206754318 801234567
206754831 801234567
206758134 801234567
206758341 801234567
206758413 801234567
206781345 801234567
206781453 801234567
206781534 801234567
206783154 801234567
206783415 801234567
206783541 801234567
206784135 801234567
206784351 801234567
206784513 801234567
206785143 801234567
206785314 801234567
206785431 801234567
206813475 801234567
206813547 801234567
206813754 801234567
206814357 801234567
206814573 801234567
206814735 801234567
206815374 801234567
206815437 801234567
206815743 801234567
206817345 801234567
206817453 801234567
206817534 801234567
206831457 801234567
206831574 801234567
206831745 801234567
206834175 801234567
206834517 801234567
206834751 801234567
206835147 801234567
206835471 801234567
206835714 801234567
206837154 801234567
206837415 801234567
206837541 801234567
206841375 801234567
206841537 801234567
206841753 801234567
206843157 801234567
206843571 801234567
206843715 801234567
206845173 801234567
206845317 801234567
206845731 801234567
206847135 801234567
206847351 801234567
206847513 801234567
206851347 801234567
206851473 801234567
206851734 801234567
206853174 801234567
206853417 801234567
206853741 801234567
206854137 801234567
206854371 801234567
206854713 801234567
206857143 801234567
206857314 801234567
206857431 801234567
206871354 801234567
206871435 801234567
206871543 801234567
206873145 801234567
206873451 801234567
206873514 801234567
206874153 801234567
206874315 801234567
206874531 801234567
206875134 801234567
206875341 801234567
206875413 801234567
207134586 801234567
207134658 801234567
207134865 801234567
207135468 801234567
207135684 801234567
207135846 801234567
207136485 801234567
207136548 801234567
207136854 801234567
207138456 801234567
207138564 801234567
207138645 801234567
207143568 801234567
207143685 801234567
207143856 801234567
207145386 801234567
207145638 801234567
207145863 801234567
207146358 801234567
207146583 801234567
207146835 801234567
207148365 801234567
207148536 801234567
207148653 801234567
207153486 801234567
207153648 801234567
207153864 801234567
207154368 801234567
207154683 801234567
207154836 801234567
207156384 801234567
207156438 801234567
207156843 801234567
207158346 801234567
207158463 801234567
207158634 801234567
207163458 801234567
207163584 801234567
207163845 801234567
207164385 801234567
207164538 801234567
207164853 801234567
207165348 801234567
207165483 801234567
207165834 801234567
207168354 801234567
207168435 801234567
207168543 801234567
207183465 801234567
207183546 801234567
207183654 801234567
207184356 801234567
207184563 801234567
207184635 801234567
207185364 801234567
207185436 801234567
207185643 801234567
207186345 801234567
207186453 801234567
207186534 801234567
207314568 801234567
207314685 801234567
207314856 801234567
207315486 801234567
207315648 801234567
207315864 801234567
207316458 801234567
207316584 801234567
207316845 801234567
207318465 801234567
207318546 801234567
207318654 801234567
207341586 801234567
207341658 801234567
207341865 801234567
207345168 801234567
207345681 801234567
207345816 801234567
207346185 801234567
207346518 801234567
207346851 801234567
207348156 801234567
207348561 801234567
207348615 801234567
207351468 801234567
207351684 801234567
207351846 801234567
207354186 801234567
207354618 801234567
207354861 801234567
207356148 801234567
207356481 801234567
207356814 801234567
207358164 801234567
207358416 801234567
207358641 801234567
207361485 801234567
207361548 801234567
207361854 801234567
207364158 801234567
207364581 801234567
207364815 801234567
207365184 801234567
207365418 801234567
207365841 801234567
207368145 801234567
207368451 801234567
207368514 801234567
207381456 801234567
207381564 801234567
207381645 801234567
207384165 801234567
207384516 801234567
207384651 801234567
207385146 801234567
207385461 801234567
207385614 801234567
207386154 801234567
207386415 801234567
207386541 801234567
207413586 801234567
207413658 801234567
207413865 801234567
207415368 801234567
207415683 801234567
207415836 801234567
207416385 801234567
207416538 801234567
207416853 801234567
207418356 801234567
207418563 801234567
207418635 801234567
207431568 801234567
207431685 801234567
207431856 801234567
207435186 801234567
207435618 801234567
207435861 801234567
207436158 801234567
207436581 801234567
207436815 801234567
207438165 801234567
207438516 801234567
207438651 801234567
207451386 801234567
207451638 801234567
207451863 801234567
207453168 801234567
207453681 801234567
207453816 801234567
207456183 801234567
207456318 801234567
207456831 801234567
207458136 801234567
207458361 801234567
207458613 801234567
207461358 801234567
207461583 801234567
207461835 801234567
207463185 801234567
207463518 801234567
207463851 801234567
207465138 801234567
207465381 801234567
207465813 801234567
207468153 801234567
207468315 801234567
207468531 801234567
207481365 801234567
207481536 801234567
207481653 801234567
207483156 801234567
207483561 801234567
207483615 801234567
207485163 801234567
207485316 801234567
207485631 801234567
207486135 801234567
207486351 801234567
207486513 801234567
207513468 801234567
207513684 801234567
207513846 801234567
207514386 801234567
207514638 801234567
207514863 801234567
207516348 801234567
207516483 801234567
207516834 801234567
207518364 801234567
207518436 801234567
207518643 801234567
207531486 801234567
207531648 801234567
207531864 801234567
207534168 801234567
207534681 801234567
207534816 801234567
207536184 801234567
207536418 801234567
207536841 801234567
207538146 801234567
207538461 801234567
207538614 801234567
207541368 801234567
207541683 801234567
207541836 801234567
207543186 801234567
207543618 801234567
207543861 801234567
207546138 801234567
207546381 801234567
207546813 801234567
207548163 801234567
207548316 801234567
207548631 801234567
207561384 801234567
207561438 801234567
207561843 801234567
207563148 801234567
207563481 801234567
207563814 801234567
207564183 801234567
207564318 801234567
207564831 801234567
207568134 801234567
207568341 801234567
207568413 801234567
207581346 801234567
207581463 801234567
207581634 801234567
207583164 801234567
207583416 801234567
207583641 801234567
207584136 801234567
207584361 801234567
207584613 801234567
207586143 801234567
207586314 801234567
207586431 801234567
207613485 801234567
207613548 801234567
207613854 801234567
207614358 801234567
207614583 801234567
207614835 801234567
207615384 801234567
207615438 801234567
207615843 801234567
207618345 801234567
207618453 801234567
207618534 801234567
207631458 801234567
207631584 801234567
207631845 801234567
207634185 801234567
207634518 801234567
207634851 801234567
207635148 801234567
207635481 801234567
207635814 801234567
207638154 801234567
207638415 801234567
207638541 801234567
207641385 801234567
207641538 801234567
207641853 801234567
207643158 801234567
207643581 801234567
207643815 801234567
207645183 801234567
207645318 801234567
207645831 801234567
207648135 801234567
207648351 801234567
207648513 801234567
207651348 801234567
207651483 801234567
207651834 801234567
207653184 801234567
207653418 801234567
207653841 801234567
207654138 801234567
207654381 801234567
207654813 801234567
207658143 801234567
207658314 801234567
207658431 801234567
207681354 801234567
207681435 801234567
207681543 801234567
207683145 801234567
207683451 801234567
207683514 801234567
207684153 801234567
