824630175 801234567
824630517 801234567
824630751 801234567
824631057 801234567
824631570 801234567
824631705 801234567
824635071 801234567
824635107 801234567
824635710 801234567
824637015 801234567
824637150 801234567
824637501 801234567
824650137 801234567
824650371 801234567
824650713 801234567
824651073 801234567
824651307 801234567
824651730 801234567
824653017 801234567
824653170 801234567
824653701 801234567
824657031 801234567
824657103 801234567
824657310 801234567
824670153 801234567
824670315 801234567
824670531 801234567
824671035 801234567
824671350 801234567
824671503 801234567
824673051 801234567
824673105 801234567
824673510 801234567
824675013 801234567
824675130 801234567
824675301 801234567
824701356 801234567
824701563 801234567
824701635 801234567
824703165 801234567
824703516 801234567
824703651 801234567
824705136 801234567
824705361 801234567
824705613 801234567
824706153 801234567
824706315 801234567
824706531 801234567
824710365 801234567
824710536 801234567
824710653 801234567
824713056 801234567
824713560 801234567
824713605 801234567
824715063 801234567
824715306 801234567
824715630 801234567
824716035 801234567
824716350 801234567
824716503 801234567
824730156 801234567
824730561 801234567
824730615 801234567
824731065 801234567
824731506 801234567
824731650 801234567
824735016 801234567
824735160 801234567
824735601 801234567
824736051 801234567
824736105 801234567
824736510 801234567
824750163 801234567
824750316 801234567
824750631 801234567
824751036 801234567
824751360 801234567
824751603 801234567
824753061 801234567
824753106 801234567
824753610 801234567
824756013 801234567
824756130 801234567
824756301 801234567
824760135 801234567
824760351 801234567
824760513 801234567
824761053 801234567
824761305 801234567
824761530 801234567
824763015 801234567
824763150 801234567
824763501 801234567
824765031 801234567
824765103 801234567
824765310 801234567
825013467 801234567
825013674 801234567
825013746 801234567
825014376 801234567
825014637 801234567
825014763 801234567
825016347 801234567
825016473 801234567
825016734 801234567
825017364 801234567
825017436 801234567
825017643 801234567
825031476 801234567
825031647 801234567
825031764 801234567
825034167 801234567
825034671 801234567
825034716 801234567
825036174 801234567
825036417 801234567
825036741 801234567
825037146 801234567
825037461 801234567
825037614 801234567
825041367 801234567
825041673 801234567
825041736 801234567
825043176 801234567
825043617 801234567
825043761 801234567
825046137 801234567
825046371 801234567
825046713 801234567
825047163 801234567
825047316 801234567
825047631 801234567
825061374 801234567
825061437 801234567
825061743 801234567
825063147 801234567
825063471 801234567
825063714 801234567
825064173 801234567
825064317 801234567
825064731 801234567
825067134 801234567
825067341 801234567
825067413 801234567
825071346 801234567
825071463 801234567
825071634 801234567
825073164 801234567
825073416 801234567
825073641 801234567
825074136 801234567
825074361 801234567
825074613 801234567
825076143 801234567
825076314 801234567
825076431 801234567
825103476 801234567
825103647 801234567
825103764 801234567
825104367 801234567
825104673 801234567
825104736 801234567
825106374 801234567
825106437 801234567
825106743 801234567
825107346 801234567
825107463 801234567
825107634 801234567
825130467 801234567
825130674 801234567
825130746 801234567
825134076 801234567
825134607 801234567
825134760 801234567
825136047 801234567
825136470 801234567
825136704 801234567
825137064 801234567
825137406 801234567
825137640 801234567
825140376 801234567
825140637 801234567
825140763 801234567
825143067 801234567
825143670 801234567
825143706 801234567
825146073 801234567
825146307 801234567
825146730 801234567
825147036 801234567
825147360 801234567
825147603 801234567
825160347 801234567
825160473 801234567
825160734 801234567
825163074 801234567
825163407 801234567
825163740 801234567
825164037 801234567
825164370 801234567
825164703 801234567
825167043 801234567
825167304 801234567
825167430 801234567
825170364 801234567
825170436 801234567
825170643 801234567
825173046 801234567
825173460 801234567
825173604 801234567
825174063 801234567
825174306 801234567
825174630 801234567
825176034 801234567
825176340 801234567
825176403 801234567
825301467 801234567
825301674 801234567
825301746 801234567
825304176 801234567
825304617 801234567
825304761 801234567
825306147 801234567
825306471 801234567
825306714 801234567
825307164 801234567
825307416 801234567
825307641 801234567
825310476 801234567
825310647 801234567
825310764 801234567
825314067 801234567
825314670 801234567
825314706 801234567
825316074 801234567
825316407 801234567
825316740 801234567
825317046 801234567
825317460 801234567
825317604 801234567
825340167 801234567
825340671 801234567
825340716 801234567
825341076 801234567
825341607 801234567
825341760 801234567
825346017 801234567
825346170 801234567
825346701 801234567
825347061 801234567
825347106 801234567
825347610 801234567
825360174 801234567
825360417 801234567
825360741 801234567
825361047 801234567
825361470 801234567
825361704 801234567
825364071 801234567
825364107 801234567
825364710 801234567
825367014 801234567
825367140 801234567
825367401 801234567
825370146 801234567
825370461 801234567
825370614 801234567
825371064 801234567
825371406 801234567
825371640 801234567
825374016 801234567
825374160 801234567
825374601 801234567
825376041 801234567
825376104 801234567
825376410 801234567
825401376 801234567
825401637 801234567
825401763 801234567
825403167 801234567
825403671 801234567
825403716 801234567
825406173 801234567
825406317 801234567
825406731 801234567
825407136 801234567
825407361 801234567
825407613 801234567
825410367 801234567
825410673 801234567
825410736 801234567
825413076 801234567
825413607 801234567
825413760 801234567
825416037 801234567
825416370 801234567
825416703 801234567
825417063 801234567
825417306 801234567
825417630 801234567
825430176 801234567
825430617 801234567
825430761 801234567
825431067 801234567
825431670 801234567
825431706 801234567
825436071 801234567
825436107 801234567
825436710 801234567
825437016 801234567
825437160 801234567
825437601 801234567
825460137 801234567
825460371 801234567
825460713 801234567
825461073 801234567
825461307 801234567
825461730 801234567
825463017 801234567
825463170 801234567
825463701 801234567
825467031 801234567
825467103 801234567
825467310 801234567
825470163 801234567
825470316 801234567
825470631 801234567
825471036 801234567
825471360 801234567
825471603 801234567
825473061 801234567
825473106 801234567
825473610 801234567
825476013 801234567
825476130 801234567
825476301 801234567
825601347 801234567
825601473 801234567
825601734 801234567
825603174 801234567
825603417 801234567
825603741 801234567
825604137 801234567
825604371 801234567
825604713 801234567
825607143 801234567
825607314 801234567
825607431 801234567
825610374 801234567
825610437 801234567
825610743 801234567
825613047 801234567
825613470 801234567
825613704 801234567
825614073 801234567
825614307 801234567
825614730 801234567
825617034 801234567
825617340 801234567
825617403 801234567
825630147 801234567
825630471 801234567
825630714 801234567
825631074 801234567
825631407 801234567
825631740 801234567
825634017 801234567
825634170 801234567
825634701 801234567
825637041 801234567
825637104 801234567
825637410 801234567
825640173 801234567
825640317 801234567
825640731 801234567
825641037 801234567
825641370 801234567
825641703 801234567
825643071 801234567
825643107 801234567
825643710 801234567
825647013 801234567
825647130 801234567
825647301 801234567
825670134 801234567
825670341 801234567
825670413 801234567
825671043 801234567
825671304 801234567
825671430 801234567
825673014 801234567
825673140 801234567
825673401 801234567
825674031 801234567
825674103 801234567
825674310 801234567
825701364 801234567
825701436 801234567
825701643 801234567
825703146 801234567
825703461 801234567
825703614 801234567
825704163 801234567
825704316 801234567
825704631 801234567
825706134 801234567
825706341 801234567
825706413 801234567
825710346 801234567
825710463 801234567
825710634 801234567
825713064 801234567
825713406 801234567
825713640 801234567
825714036 801234567
825714360 801234567
825714603 801234567
825716043 801234567
825716304 801234567
825716430 801234567
825730164 801234567
825730416 801234567
825730641 801234567
825731046 801234567
825731460 801234567
825731604 801234567
825734061 801234567
825734106 801234567
825734610 801234567
825736014 801234567
825736140 801234567
825736401 801234567
825740136 801234567
825740361 801234567
825740613 801234567
825741063 801234567
825741306 801234567
825741630 801234567
825743016 801234567
825743160 801234567
825743601 801234567
825746031 801234567
825746103 801234567
825746310 801234567
825760143 801234567
825760314 801234567
825760431 801234567
825761034 801234567
825761340 801234567
825761403 801234567
825763041 801234567
825763104 801234567
825763410 801234567
825764013 801234567
825764130 801234567
825764301 801234567
826013475 801234567
826013547 801234567
826013754 801234567
826014357 801234567
826014573 801234567
826014735 801234567
826015374 801234567
826015437 801234567
826015743 801234567
826017345 801234567
826017453 801234567
826017534 801234567
826031457 801234567
826031574 801234567
826031745 801234567
826034175 801234567
826034517 801234567
826034751 801234567
826035147 801234567
826035471 801234567
826035714 801234567
826037154 801234567
826037415 801234567
826037541 801234567
826041375 801234567
826041537 801234567
826041753 801234567
826043157 801234567
826043571 801234567
826043715 801234567
826045173 801234567
826045317 801234567
826045731 801234567
826047135 801234567
826047351 801234567
826047513 801234567
826051347 801234567
826051473 801234567
826051734 801234567
826053174 801234567
826053417 801234567
826053741 801234567
826054137 801234567
