628137540 801234567
628140375 801234567
628140537 801234567
628140753 801234567
628143057 801234567
628143570 801234567
628143705 801234567
628145073 801234567
628145307 801234567
628145730 801234567
628147035 801234567
628147350 801234567
628147503 801234567
628150347 801234567
628150473 801234567
628150734 801234567
628153074 801234567
628153407 801234567
628153740 801234567
628154037 801234567
628154370 801234567
628154703 801234567
628157043 801234567
628157304 801234567
628157430 801234567
628170354 801234567
628170435 801234567
628170543 801234567
628173045 801234567
628173450 801234567
628173504 801234567
628174053 801234567
628174305 801234567
628174530 801234567
628175034 801234567
628175340 801234567
628175403 801234567
628301457 801234567
628301574 801234567
628301745 801234567
628304175 801234567
628304517 801234567
628304751 801234567
628305147 801234567
628305471 801234567
628305714 801234567
628307154 801234567
628307415 801234567
628307541 801234567
628310475 801234567
628310547 801234567
628310754 801234567
628314057 801234567
628314570 801234567
628314705 801234567
628315074 801234567
628315407 801234567
628315740 801234567
628317045 801234567
628317450 801234567
628317504 801234567
628340157 801234567
628340571 801234567
628340715 801234567
628341075 801234567
628341507 801234567
628341750 801234567
628345017 801234567
628345170 801234567
628345701 801234567
628347051 801234567
628347105 801234567
628347510 801234567
628350174 801234567
628350417 801234567
628350741 801234567
628351047 801234567
628351470 801234567
628351704 801234567
628354071 801234567
628354107 801234567
628354710 801234567
628357014 801234567
628357140 801234567
628357401 801234567
628370145 801234567
628370451 801234567
628370514 801234567
628371054 801234567
628371405 801234567
628371540 801234567
628374015 801234567
628374150 801234567
628374501 801234567
628375041 801234567
628375104 801234567
628375410 801234567
628401375 801234567
628401537 801234567
628401753 801234567
628403157 801234567
628403571 801234567
628403715 801234567
628405173 801234567
628405317 801234567
628405731 801234567
628407135 801234567
628407351 801234567
628407513 801234567
628410357 801234567
628410573 801234567
628410735 801234567
628413075 801234567
628413507 801234567
628413750 801234567
628415037 801234567
628415370 801234567
628415703 801234567
628417053 801234567
628417305 801234567
628417530 801234567
628430175 801234567
628430517 801234567
628430751 801234567
628431057 801234567
628431570 801234567
628431705 801234567
628435071 801234567
628435107 801234567
628435710 801234567
628437015 801234567
628437150 801234567
628437501 801234567
628450137 801234567
628450371 801234567
628450713 801234567
628451073 801234567
628451307 801234567
628451730 801234567
628453017 801234567
628453170 801234567
628453701 801234567
628457031 801234567
628457103 801234567
628457310 801234567
628470153 801234567
628470315 801234567
628470531 801234567
628471035 801234567
628471350 801234567
628471503 801234567
628473051 801234567
628473105 801234567
628473510 801234567
628475013 801234567
628475130 801234567
628475301 801234567
628501347 801234567
628501473 801234567
628501734 801234567
628503174 801234567
628503417 801234567
628503741 801234567
628504137 801234567
628504371 801234567
628504713 801234567
628507143 801234567
628507314 801234567
628507431 801234567
628510374 801234567
628510437 801234567
628510743 801234567
628513047 801234567
628513470 801234567
628513704 801234567
628514073 801234567
628514307 801234567
628514730 801234567
628517034 801234567
628517340 801234567
628517403 801234567
628530147 801234567
628530471 801234567
628530714 801234567
628531074 801234567
628531407 801234567
628531740 801234567
628534017 801234567
628534170 801234567
628534701 801234567
628537041 801234567
628537104 801234567
628537410 801234567
628540173 801234567
628540317 801234567
628540731 801234567
628541037 801234567
628541370 801234567
628541703 801234567
628543071 801234567
628543107 801234567
628543710 801234567
628547013 801234567
628547130 801234567
628547301 801234567
628570134 801234567
628570341 801234567
628570413 801234567
628571043 801234567
628571304 801234567
628571430 801234567
628573014 801234567
628573140 801234567
628573401 801234567
628574031 801234567
628574103 801234567
628574310 801234567
628701354 801234567
628701435 801234567
628701543 801234567
628703145 801234567
628703451 801234567
628703514 801234567
628704153 801234567
628704315 801234567
628704531 801234567
628705134 801234567
628705341 801234567
628705413 801234567
628710345 801234567
628710453 801234567
628710534 801234567
628713054 801234567
628713405 801234567
628713540 801234567
628714035 801234567
628714350 801234567
628714503 801234567
628715043 801234567
628715304 801234567
628715430 801234567
628730154 801234567
628730415 801234567
628730541 801234567
628731045 801234567
628731450 801234567
628731504 801234567
628734051 801234567
628734105 801234567
628734510 801234567
628735014 801234567
628735140 801234567
628735401 801234567
628740135 801234567
628740351 801234567
628740513 801234567
628741053 801234567
628741305 801234567
628741530 801234567
628743015 801234567
628743150 801234567
628743501 801234567
628745031 801234567
628745103 801234567
628745310 801234567
628750143 801234567
628750314 801234567
628750431 801234567
628751034 801234567
628751340 801234567
628751403 801234567
628753041 801234567
628753104 801234567
628753410 801234567
628754013 801234567
628754130 801234567
628754301 801234567
630124587 801234567
630124758 801234567
630124875 801234567
630125478 801234567
630125784 801234567
630125847 801234567
630127485 801234567
630127548 801234567
630127854 801234567
630128457 801234567
630128574 801234567
630128745 801234567
630142578 801234567
630142785 801234567
630142857 801234567
630145287 801234567
630145728 801234567
630145872 801234567
630147258 801234567
630147582 801234567
630147825 801234567
630148275 801234567
630148527 801234567
630148752 801234567
630152487 801234567
630152748 801234567
630152874 801234567
630154278 801234567
630154782 801234567
630154827 801234567
630157284 801234567
630157428 801234567
630157842 801234567
630158247 801234567
630158472 801234567
630158724 801234567
630172458 801234567
630172584 801234567
630172845 801234567
630174285 801234567
630174528 801234567
630174852 801234567
630175248 801234567
630175482 801234567
630175824 801234567
630178254 801234567
630178425 801234567
630178542 801234567
630182475 801234567
630182547 801234567
630182754 801234567
630184257 801234567
630184572 801234567
630184725 801234567
630185274 801234567
630185427 801234567
630185742 801234567
630187245 801234567
630187452 801234567
630187524 801234567
630214578 801234567
630214785 801234567
630214857 801234567
630215487 801234567
630215748 801234567
630215874 801234567
630217458 801234567
630217584 801234567
630217845 801234567
630218475 801234567
630218547 801234567
630218754 801234567
630241587 801234567
630241758 801234567
630241875 801234567
630245178 801234567
630245781 801234567
630245817 801234567
630247185 801234567
630247518 801234567
630247851 801234567
630248157 801234567
630248571 801234567
630248715 801234567
630251478 801234567
630251784 801234567
630251847 801234567
630254187 801234567
630254718 801234567
630254871 801234567
630257148 801234567
630257481 801234567
630257814 801234567
630258174 801234567
630258417 801234567
630258741 801234567
630271485 801234567
630271548 801234567
630271854 801234567
630274158 801234567
630274581 801234567
630274815 801234567
630275184 801234567
630275418 801234567
630275841 801234567
630278145 801234567
630278451 801234567
630278514 801234567
630281457 801234567
630281574 801234567
630281745 801234567
630284175 801234567
630284517 801234567
630284751 801234567
630285147 801234567
630285471 801234567
630285714 801234567
630287154 801234567
630287415 801234567
630287541 801234567
630412587 801234567
630412758 801234567
630412875 801234567
630415278 801234567
630415782 801234567
630415827 801234567
630417285 801234567
630417528 801234567
630417852 801234567
630418257 801234567
630418572 801234567
630418725 801234567
630421578 801234567
630421785 801234567
630421857 801234567
630425187 801234567
630425718 801234567
630425871 801234567
630427158 801234567
630427581 801234567
630427815 801234567
630428175 801234567
630428517 801234567
630428751 801234567
630451287 801234567
630451728 801234567
630451872 801234567
630452178 801234567
630452781 801234567
630452817 801234567
630457182 801234567
630457218 801234567
630457821 801234567
630458127 801234567
630458271 801234567
630458712 801234567
630471258 801234567
630471582 801234567
630471825 801234567
630472185 801234567
630472518 801234567
630472851 801234567
630475128 801234567
630475281 801234567
630475812 801234567
630478152 801234567
630478215 801234567
630478521 801234567
630481275 801234567
630481527 801234567
630481752 801234567
630482157 801234567
630482571 801234567
630482715 801234567
630485172 801234567
630485217 801234567
630485721 801234567
630487125 801234567
630487251 801234567
630487512 801234567
630512478 801234567
630512784 801234567
630512847 801234567
630514287 801234567
630514728 801234567
630514872 801234567
630517248 801234567
630517482 801234567
630517824 801234567
630518274 801234567
630518427 801234567
630518742 801234567
630521487 801234567
630521748 801234567
630521874 801234567
630524178 801234567
630524781 801234567
630524817 801234567
630527184 801234567
630527418 801234567
630527841 801234567
630528147 801234567
630528471 801234567
630528714 801234567
630541278 801234567
630541782 801234567
630541827 801234567
630542187 801234567
630542718 801234567
630542871 801234567
630547128 801234567
630547281 801234567
630547812 801234567
630548172 801234567
630548217 801234567
630548721 801234567
630571284 801234567
630571428 801234567
630571842 801234567
630572148 801234567
630572481 801234567
630572814 801234567
