845761302 801234567
845762031 801234567
845762103 801234567
845762310 801234567
845763012 801234567
845763120 801234567
845763201 801234567
846012375 801234567
846012537 801234567
846012753 801234567
846013257 801234567
846013572 801234567
846013725 801234567
846015273 801234567
846015327 801234567
846015732 801234567
846017235 801234567
846017352 801234567
846017523 801234567
846021357 801234567
846021573 801234567
846021735 801234567
846023175 801234567
846023517 801234567
846023751 801234567
846025137 801234567
846025371 801234567
846025713 801234567
846027153 801234567
846027315 801234567
846027531 801234567
846031275 801234567
846031527 801234567
846031752 801234567
846032157 801234567
846032571 801234567
846032715 801234567
846035172 801234567
846035217 801234567
846035721 801234567
846037125 801234567
846037251 801234567
846037512 801234567
846051237 801234567
846051372 801234567
846051723 801234567
846052173 801234567
846052317 801234567
846052731 801234567
846053127 801234567
846053271 801234567
846053712 801234567
846057132 801234567
846057213 801234567
846057321 801234567
846071253 801234567
846071325 801234567
846071532 801234567
846072135 801234567
846072351 801234567
846072513 801234567
846073152 801234567
846073215 801234567
846073521 801234567
846075123 801234567
846075231 801234567
846075312 801234567
846102357 801234567
846102573 801234567
846102735 801234567
846103275 801234567
846103527 801234567
846103752 801234567
846105237 801234567
846105372 801234567
846105723 801234567
846107253 801234567
846107325 801234567
846107532 801234567
846120375 801234567
846120537 801234567
846120753 801234567
846123057 801234567
846123570 801234567
846123705 801234567
846125073 801234567
846125307 801234567
846125730 801234567
846127035 801234567
846127350 801234567
846127503 801234567
846130257 801234567
846130572 801234567
846130725 801234567
846132075 801234567
846132507 801234567
846132750 801234567
846135027 801234567
846135270 801234567
846135702 801234567
846137052 801234567
846137205 801234567
846137520 801234567
846150273 801234567
846150327 801234567
846150732 801234567
846152037 801234567
846152370 801234567
846152703 801234567
846153072 801234567
846153207 801234567
846153720 801234567
846157023 801234567
846157230 801234567
846157302 801234567
846170235 801234567
846170352 801234567
846170523 801234567
846172053 801234567
846172305 801234567
846172530 801234567
846173025 801234567
846173250 801234567
846173502 801234567
846175032 801234567
846175203 801234567
846175320 801234567
846201375 801234567
846201537 801234567
846201753 801234567
846203157 801234567
846203571 801234567
846203715 801234567
846205173 801234567
846205317 801234567
846205731 801234567
846207135 801234567
846207351 801234567
846207513 801234567
846210357 801234567
846210573 801234567
846210735 801234567
846213075 801234567
846213507 801234567
846213750 801234567
846215037 801234567
846215370 801234567
846215703 801234567
846217053 801234567
846217305 801234567
846217530 801234567
846230175 801234567
846230517 801234567
846230751 801234567
846231057 801234567
846231570 801234567
846231705 801234567
846235071 801234567
846235107 801234567
846235710 801234567
846237015 801234567
846237150 801234567
846237501 801234567
846250137 801234567
846250371 801234567
846250713 801234567
846251073 801234567
846251307 801234567
846251730 801234567
846253017 801234567
846253170 801234567
846253701 801234567
846257031 801234567
846257103 801234567
846257310 801234567
846270153 801234567
846270315 801234567
846270531 801234567
846271035 801234567
846271350 801234567
846271503 801234567
846273051 801234567
846273105 801234567
846273510 801234567
846275013 801234567
846275130 801234567
846275301 801234567
846301257 801234567
846301572 801234567
846301725 801234567
846302175 801234567
846302517 801234567
846302751 801234567
846305127 801234567
846305271 801234567
846305712 801234567
846307152 801234567
846307215 801234567
846307521 801234567
846310275 801234567
846310527 801234567
846310752 801234567
846312057 801234567
846312570 801234567
846312705 801234567
846315072 801234567
846315207 801234567
846315720 801234567
846317025 801234567
846317250 801234567
846317502 801234567
846320157 801234567
846320571 801234567
846320715 801234567
846321075 801234567
846321507 801234567
846321750 801234567
846325017 801234567
846325170 801234567
846325701 801234567
846327051 801234567
846327105 801234567
846327510 801234567
846350172 801234567
846350217 801234567
846350721 801234567
846351027 801234567
846351270 801234567
846351702 801234567
846352071 801234567
846352107 801234567
846352710 801234567
846357012 801234567
846357120 801234567
846357201 801234567
846370125 801234567
846370251 801234567
846370512 801234567
846371052 801234567
846371205 801234567
846371520 801234567
846372015 801234567
846372150 801234567
846372501 801234567
846375021 801234567
846375102 801234567
846375210 801234567
846501273 801234567
846501327 801234567
846501732 801234567
846502137 801234567
846502371 801234567
846502713 801234567
846503172 801234567
846503217 801234567
846503721 801234567
846507123 801234567
846507231 801234567
846507312 801234567
846510237 801234567
846510372 801234567
846510723 801234567
846512073 801234567
846512307 801234567
846512730 801234567
846513027 801234567
846513270 801234567
846513702 801234567
846517032 801234567
846517203 801234567
846517320 801234567
846520173 801234567
846520317 801234567
846520731 801234567
846521037 801234567
846521370 801234567
846521703 801234567
846523071 801234567
846523107 801234567
846523710 801234567
846527013 801234567
846527130 801234567
846527301 801234567
846530127 801234567
846530271 801234567
846530712 801234567
846531072 801234567
846531207 801234567
846531720 801234567
846532017 801234567
846532170 801234567
846532701 801234567
846537021 801234567
846537102 801234567
846537210 801234567
846570132 801234567
846570213 801234567
846570321 801234567
846571023 801234567
846571230 801234567
846571302 801234567
846572031 801234567
846572103 801234567
846572310 801234567
846573012 801234567
846573120 801234567
846573201 801234567
846701235 801234567
846701352 801234567
846701523 801234567
846702153 801234567
846702315 801234567
846702531 801234567
846703125 801234567
846703251 801234567
846703512 801234567
846705132 801234567
846705213 801234567
846705321 801234567
846710253 801234567
846710325 801234567
846710532 801234567
846712035 801234567
846712350 801234567
846712503 801234567
846713052 801234567
846713205 801234567
846713520 801234567
846715023 801234567
846715230 801234567
846715302 801234567
846720135 801234567
846720351 801234567
846720513 801234567
846721053 801234567
846721305 801234567
846721530 801234567
846723015 801234567
846723150 801234567
846723501 801234567
846725031 801234567
846725103 801234567
846725310 801234567
846730152 801234567
846730215 801234567
846730521 801234567
846731025 801234567
846731250 801234567
846731502 801234567
846732051 801234567
846732105 801234567
846732510 801234567
846735012 801234567
846735120 801234567
846735201 801234567
846750123 801234567
846750231 801234567
846750312 801234567
846751032 801234567
846751203 801234567
846751320 801234567
846752013 801234567
846752130 801234567
846752301 801234567
846753021 801234567
846753102 801234567
846753210 801234567
847012356 801234567
847012563 801234567
847012635 801234567
847013265 801234567
847013526 801234567
847013652 801234567
847015236 801234567
847015362 801234567
847015623 801234567
847016253 801234567
847016325 801234567
847016532 801234567
847021365 801234567
847021536 801234567
847021653 801234567
847023156 801234567
847023561 801234567
847023615 801234567
847025163 801234567
847025316 801234567
847025631 801234567
847026135 801234567
847026351 801234567
847026513 801234567
847031256 801234567
847031562 801234567
847031625 801234567
847032165 801234567
847032516 801234567
847032651 801234567
847035126 801234567
847035261 801234567
847035612 801234567
847036152 801234567
847036215 801234567
847036521 801234567
847051263 801234567
847051326 801234567
847051632 801234567
847052136 801234567
847052361 801234567
847052613 801234567
847053162 801234567
847053216 801234567
847053621 801234567
847056123 801234567
847056231 801234567
847056312 801234567
847061235 801234567
847061352 801234567
847061523 801234567
847062153 801234567
847062315 801234567
847062531 801234567
847063125 801234567
847063251 801234567
847063512 801234567
847065132 801234567
847065213 801234567
847065321 801234567
847102365 801234567
847102536 801234567
847102653 801234567
847103256 801234567
847103562 801234567
847103625 801234567
847105263 801234567
847105326 801234567
847105632 801234567
847106235 801234567
847106352 801234567
847106523 801234567
847120356 801234567
847120563 801234567
847120635 801234567
847123065 801234567
847123506 801234567
847123650 801234567
847125036 801234567
847125360 801234567
847125603 801234567
847126053 801234567
847126305 801234567
847126530 801234567
847130265 801234567
847130526 801234567
847130652 801234567
847132056 801234567
847132560 801234567
847132605 801234567
847135062 801234567
847135206 801234567
847135620 801234567
847136025 801234567
847136250 801234567
847136502 801234567
847150236 801234567
847150362 801234567
847150623 801234567
847152063 801234567
847152306 801234567
847152630 801234567
847153026 801234567
847153260 801234567
847153602 801234567
847156032 801234567
847156203 801234567
847156320 801234567
847160253 801234567
847160325 801234567
847160532 801234567
847162035 801234567
847162350 801234567
847162503 801234567
847163052 801234567
847163205 801234567
847163520 801234567
847165023 801234567
847165230 801234567
847165302 801234567
847201356 801234567
847201563 801234567
847201635 801234567
847203165 801234567
847203516 801234567
847203651 801234567
847205136 801234567
847205361 801234567
847205613 801234567
847206153 801234567
847206315 801234567
847206531 801234567
