548371602 801234567
548372061 801234567
548372106 801234567
548372610 801234567
548376012 801234567
548376120 801234567
548376201 801234567
548601237 801234567
548601372 801234567
548601723 801234567
548602173 801234567
548602317 801234567
548602731 801234567
548603127 801234567
548603271 801234567
548603712 801234567
548607132 801234567
548607213 801234567
548607321 801234567
548610273 801234567
548610327 801234567
548610732 801234567
548612037 801234567
548612370 801234567
548612703 801234567
548613072 801234567
548613207 801234567
548613720 801234567
548617023 801234567
548617230 801234567
548617302 801234567
548620137 801234567
548620371 801234567
548620713 801234567
548621073 801234567
548621307 801234567
548621730 801234567
548623017 801234567
548623170 801234567
548623701 801234567
548627031 801234567
548627103 801234567
548627310 801234567
548630172 801234567
548630217 801234567
548630721 801234567
548631027 801234567
548631270 801234567
548631702 801234567
548632071 801234567
548632107 801234567
548632710 801234567
548637012 801234567
548637120 801234567
548637201 801234567
548670123 801234567
548670231 801234567
548670312 801234567
548671032 801234567
548671203 801234567
548671320 801234567
548672013 801234567
548672130 801234567
548672301 801234567
548673021 801234567
548673102 801234567
548673210 801234567
548701263 801234567
548701326 801234567
548701632 801234567
548702136 801234567
548702361 801234567
548702613 801234567
548703162 801234567
548703216 801234567
548703621 801234567
548706123 801234567
548706231 801234567
548706312 801234567
548710236 801234567
548710362 801234567
548710623 801234567
548712063 801234567
548712306 801234567
548712630 801234567
548713026 801234567
548713260 801234567
548713602 801234567
548716032 801234567
548716203 801234567
548716320 801234567
548720163 801234567
548720316 801234567
548720631 801234567
548721036 801234567
548721360 801234567
548721603 801234567
548723061 801234567
548723106 801234567
548723610 801234567
548726013 801234567
548726130 801234567
548726301 801234567
548730126 801234567
548730261 801234567
548730612 801234567
548731062 801234567
548731206 801234567
548731620 801234567
548732016 801234567
548732160 801234567
548732601 801234567
548736021 801234567
548736102 801234567
548736210 801234567
548760132 801234567
548760213 801234567
548760321 801234567
548761023 801234567
548761230 801234567
548761302 801234567
548762031 801234567
548762103 801234567
548762310 801234567
548763012 801234567
548763120 801234567
548763201 801234567
560123487 801234567
560123748 801234567
560123874 801234567
560124378 801234567
560124783 801234567
560124837 801234567
560127384 801234567
560127438 801234567
560127843 801234567
560128347 801234567
560128473 801234567
560128734 801234567
560132478 801234567
560132784 801234567
560132847 801234567
560134287 801234567
560134728 801234567
560134872 801234567
560137248 801234567
560137482 801234567
560137824 801234567
560138274 801234567
560138427 801234567
560138742 801234567
560142387 801234567
560142738 801234567
560142873 801234567
560143278 801234567
560143782 801234567
560143827 801234567
560147283 801234567
560147328 801234567
560147832 801234567
560148237 801234567
560148372 801234567
560148723 801234567
560172348 801234567
560172483 801234567
560172834 801234567
560173284 801234567
560173428 801234567
560173842 801234567
560174238 801234567
560174382 801234567
560174823 801234567
560178243 801234567
560178324 801234567
560178432 801234567
560182374 801234567
560182437 801234567
560182743 801234567
560183247 801234567
560183472 801234567
560183724 801234567
560184273 801234567
560184327 801234567
560184732 801234567
560187234 801234567
560187342 801234567
560187423 801234567
560213478 801234567
560213784 801234567
560213847 801234567
560214387 801234567
560214738 801234567
560214873 801234567
560217348 801234567
560217483 801234567
560217834 801234567
560218374 801234567
560218437 801234567
560218743 801234567
560231487 801234567
560231748 801234567
560231874 801234567
560234178 801234567
560234781 801234567
560234817 801234567
560237184 801234567
560237418 801234567
560237841 801234567
560238147 801234567
560238471 801234567
560238714 801234567
560241378 801234567
560241783 801234567
560241837 801234567
560243187 801234567
560243718 801234567
560243871 801234567
560247138 801234567
560247381 801234567
560247813 801234567
560248173 801234567
560248317 801234567
560248731 801234567
560271384 801234567
560271438 801234567
560271843 801234567
560273148 801234567
560273481 801234567
560273814 801234567
560274183 801234567
560274318 801234567
560274831 801234567
560278134 801234567
560278341 801234567
560278413 801234567
560281347 801234567
560281473 801234567
560281734 801234567
560283174 801234567
560283417 801234567
560283741 801234567
560284137 801234567
560284371 801234567
560284713 801234567
560287143 801234567
560287314 801234567
560287431 801234567
560312487 801234567
560312748 801234567
560312874 801234567
560314278 801234567
560314782 801234567
560314827 801234567
560317284 801234567
560317428 801234567
560317842 801234567
560318247 801234567
560318472 801234567
560318724 801234567
560321478 801234567
560321784 801234567
560321847 801234567
560324187 801234567
560324718 801234567
560324871 801234567
560327148 801234567
560327481 801234567
560327814 801234567
560328174 801234567
560328417 801234567
560328741 801234567
560341287 801234567
560341728 801234567
560341872 801234567
560342178 801234567
560342781 801234567
560342817 801234567
560347182 801234567
560347218 801234567
560347821 801234567
560348127 801234567
560348271 801234567
560348712 801234567
560371248 801234567
560371482 801234567
560371824 801234567
560372184 801234567
560372418 801234567
560372841 801234567
560374128 801234567
560374281 801234567
560374812 801234567
560378142 801234567
560378214 801234567
560378421 801234567
560381274 801234567
560381427 801234567
560381742 801234567
560382147 801234567
560382471 801234567
560382714 801234567
560384172 801234567
560384217 801234567
560384721 801234567
560387124 801234567
560387241 801234567
560387412 801234567
560412378 801234567
560412783 801234567
560412837 801234567
560413287 801234567
560413728 801234567
560413872 801234567
560417238 801234567
560417382 801234567
560417823 801234567
560418273 801234567
560418327 801234567
560418732 801234567
560421387 801234567
560421738 801234567
560421873 801234567
560423178 801234567
560423781 801234567
560423817 801234567
560427183 801234567
560427318 801234567
560427831 801234567
560428137 801234567
560428371 801234567
560428713 801234567
560431278 801234567
560431782 801234567
560431827 801234567
560432187 801234567
560432718 801234567
560432871 801234567
560437128 801234567
560437281 801234567
560437812 801234567
560438172 801234567
560438217 801234567
560438721 801234567
560471283 801234567
560471328 801234567
560471832 801234567
560472138 801234567
560472381 801234567
560472813 801234567
560473182 801234567
560473218 801234567
560473821 801234567
560478123 801234567
560478231 801234567
560478312 801234567
560481237 801234567
560481372 801234567
560481723 801234567
560482173 801234567
560482317 801234567
560482731 801234567
560483127 801234567
560483271 801234567
560483712 801234567
560487132 801234567
560487213 801234567
560487321 801234567
560712384 801234567
560712438 801234567
560712843 801234567
560713248 801234567
560713482 801234567
560713824 801234567
560714283 801234567
560714328 801234567
560714832 801234567
560718234 801234567
560718342 801234567
560718423 801234567
560721348 801234567
560721483 801234567
560721834 801234567
560723184 801234567
560723418 801234567
560723841 801234567
560724138 801234567
560724381 801234567
560724813 801234567
560728143 801234567
560728314 801234567
560728431 801234567
560731284 801234567
560731428 801234567
560731842 801234567
560732148 801234567
560732481 801234567
560732814 801234567
560734182 801234567
560734218 801234567
560734821 801234567
560738124 801234567
560738241 801234567
560738412 801234567
560741238 801234567
560741382 801234567
560741823 801234567
560742183 801234567
560742318 801234567
560742831 801234567
560743128 801234567
560743281 801234567
560743812 801234567
560748132 801234567
560748213 801234567
560748321 801234567
560781243 801234567
560781324 801234567
560781432 801234567
560782134 801234567
560782341 801234567
560782413 801234567
560783142 801234567
560783214 801234567
560783421 801234567
560784123 801234567
560784231 801234567
560784312 801234567
560812347 801234567
560812473 801234567
560812734 801234567
560813274 801234567
560813427 801234567
560813742 801234567
560814237 801234567
560814372 801234567
560814723 801234567
560817243 801234567
560817324 801234567
560817432 801234567
560821374 801234567
560821437 801234567
560821743 801234567
560823147 801234567
560823471 801234567
560823714 801234567
560824173 801234567
560824317 801234567
560824731 801234567
560827134 801234567
560827341 801234567
560827413 801234567
560831247 801234567
560831472 801234567
560831724 801234567
560832174 801234567
560832417 801234567
560832741 801234567
560834127 801234567
560834271 801234567
560834712 801234567
560837142 801234567
560837214 801234567
560837421 801234567
560841273 801234567
560841327 801234567
560841732 801234567
560842137 801234567
560842371 801234567
560842713 801234567
560843172 801234567
560843217 801234567
560843721 801234567
560847123 801234567
560847231 801234567
560847312 801234567
560871234 801234567
560871342 801234567
560871423 801234567
560872143 801234567
560872314 801234567
560872431 801234567
560873124 801234567
560873241 801234567
560873412 801234567
560874132 801234567
560874213 801234567
560874321 801234567
561023478 801234567
561023784 801234567
561023847 801234567
561024387 801234567
561024738 801234567
561024873 801234567
561027348 801234567
561027483 801234567
561027834 801234567
561028374 801234567
561028437 801234567
561028743 801234567
