746310528 801234567
746310852 801234567
746312058 801234567
746312580 801234567
746312805 801234567
746315082 801234567
746315208 801234567
746315820 801234567
746318025 801234567
746318250 801234567
746318502 801234567
746320158 801234567
746320581 801234567
746320815 801234567
746321085 801234567
746321508 801234567
746321850 801234567
746325018 801234567
746325180 801234567
746325801 801234567
746328051 801234567
746328105 801234567
746328510 801234567
746350182 801234567
746350218 801234567
746350821 801234567
746351028 801234567
746351280 801234567
746351802 801234567
746352081 801234567
746352108 801234567
746352810 801234567
746358012 801234567
746358120 801234567
746358201 801234567
746380125 801234567
746380251 801234567
746380512 801234567
746381052 801234567
746381205 801234567
746381520 801234567
746382015 801234567
746382150 801234567
746382501 801234567
746385021 801234567
746385102 801234567
746385210 801234567
746501283 801234567
746501328 801234567
746501832 801234567
746502138 801234567
746502381 801234567
746502813 801234567
746503182 801234567
746503218 801234567
746503821 801234567
746508123 801234567
746508231 801234567
746508312 801234567
746510238 801234567
746510382 801234567
746510823 801234567
746512083 801234567
746512308 801234567
746512830 801234567
746513028 801234567
746513280 801234567
746513802 801234567
746518032 801234567
746518203 801234567
746518320 801234567
746520183 801234567
746520318 801234567
746520831 801234567
746521038 801234567
746521380 801234567
746521803 801234567
746523081 801234567
746523108 801234567
746523810 801234567
746528013 801234567
746528130 801234567
746528301 801234567
746530128 801234567
746530281 801234567
746530812 801234567
746531082 801234567
746531208 801234567
746531820 801234567
746532018 801234567
746532180 801234567
746532801 801234567
746538021 801234567
746538102 801234567
746538210 801234567
746580132 801234567
746580213 801234567
746580321 801234567
746581023 801234567
746581230 801234567
746581302 801234567
746582031 801234567
746582103 801234567
746582310 801234567
746583012 801234567
746583120 801234567
746583201 801234567
746801235 801234567
746801352 801234567
746801523 801234567
746802153 801234567
746802315 801234567
746802531 801234567
746803125 801234567
746803251 801234567
746803512 801234567
746805132 801234567
746805213 801234567
746805321 801234567
746810253 801234567
746810325 801234567
746810532 801234567
746812035 801234567
746812350 801234567
746812503 801234567
746813052 801234567
746813205 801234567
746813520 801234567
746815023 801234567
746815230 801234567
746815302 801234567
746820135 801234567
746820351 801234567
746820513 801234567
746821053 801234567
746821305 801234567
746821530 801234567
746823015 801234567
746823150 801234567
746823501 801234567
746825031 801234567
746825103 801234567
746825310 801234567
746830152 801234567
746830215 801234567
746830521 801234567
746831025 801234567
746831250 801234567
746831502 801234567
746832051 801234567
746832105 801234567
746832510 801234567
746835012 801234567
746835120 801234567
746835201 801234567
746850123 801234567
746850231 801234567
746850312 801234567
746851032 801234567
746851203 801234567
746851320 801234567
746852013 801234567
746852130 801234567
746852301 801234567
746853021 801234567
746853102 801234567
746853210 801234567
748012356 801234567
748012563 801234567
748012635 801234567
748013265 801234567
748013526 801234567
748013652 801234567
748015236 801234567
748015362 801234567
748015623 801234567
748016253 801234567
748016325 801234567
748016532 801234567
748021365 801234567
748021536 801234567
748021653 801234567
748023156 801234567
748023561 801234567
748023615 801234567
748025163 801234567
748025316 801234567
748025631 801234567
748026135 801234567
748026351 801234567
748026513 801234567
748031256 801234567
748031562 801234567
748031625 801234567
748032165 801234567
748032516 801234567
748032651 801234567
748035126 801234567
748035261 801234567
748035612 801234567
748036152 801234567
748036215 801234567
748036521 801234567
748051263 801234567
748051326 801234567
748051632 801234567
748052136 801234567
748052361 801234567
748052613 801234567
748053162 801234567
748053216 801234567
748053621 801234567
748056123 801234567
748056231 801234567
748056312 801234567
748061235 801234567
748061352 801234567
748061523 801234567
748062153 801234567
748062315 801234567
748062531 801234567
748063125 801234567
748063251 801234567
748063512 801234567
748065132 801234567
748065213 801234567
748065321 801234567
748102365 801234567
748102536 801234567
748102653 801234567
748103256 801234567
748103562 801234567
748103625 801234567
748105263 801234567
748105326 801234567
748105632 801234567
748106235 801234567
748106352 801234567
748106523 801234567
748120356 801234567
748120563 801234567
748120635 801234567
748123065 801234567
748123506 801234567
748123650 801234567
748125036 801234567
748125360 801234567
748125603 801234567
748126053 801234567
748126305 801234567
748126530 801234567
748130265 801234567
748130526 801234567
748130652 801234567
748132056 801234567
748132560 801234567
748132605 801234567
748135062 801234567
748135206 801234567
748135620 801234567
748136025 801234567
748136250 801234567
748136502 801234567
748150236 801234567
748150362 801234567
748150623 801234567
748152063 801234567
748152306 801234567
748152630 801234567
748153026 801234567
748153260 801234567
748153602 801234567
748156032 801234567
748156203 801234567
748156320 801234567
748160253 801234567
748160325 801234567
748160532 801234567
748162035 801234567
748162350 801234567
748162503 801234567
748163052 801234567
748163205 801234567
748163520 801234567
748165023 801234567
748165230 801234567
748165302 801234567
748201356 801234567
748201563 801234567
748201635 801234567
748203165 801234567
748203516 801234567
748203651 801234567
748205136 801234567
748205361 801234567
748205613 801234567
748206153 801234567
748206315 801234567
748206531 801234567
748210365 801234567
748210536 801234567
748210653 801234567
748213056 801234567
748213560 801234567
748213605 801234567
748215063 801234567
748215306 801234567
748215630 801234567
748216035 801234567
748216350 801234567
748216503 801234567
748230156 801234567
748230561 801234567
748230615 801234567
748231065 801234567
748231506 801234567
748231650 801234567
748235016 801234567
748235160 801234567
748235601 801234567
748236051 801234567
748236105 801234567
748236510 801234567
748250163 801234567
748250316 801234567
748250631 801234567
748251036 801234567
748251360 801234567
748251603 801234567
748253061 801234567
748253106 801234567
748253610 801234567
748256013 801234567
748256130 801234567
748256301 801234567
748260135 801234567
748260351 801234567
748260513 801234567
748261053 801234567
748261305 801234567
748261530 801234567
748263015 801234567
748263150 801234567
748263501 801234567
748265031 801234567
748265103 801234567
748265310 801234567
748301265 801234567
748301526 801234567
748301652 801234567
748302156 801234567
748302561 801234567
748302615 801234567
748305162 801234567
748305216 801234567
748305621 801234567
748306125 801234567
748306251 801234567
748306512 801234567
748310256 801234567
748310562 801234567
748310625 801234567
748312065 801234567
748312506 801234567
748312650 801234567
748315026 801234567
748315260 801234567
748315602 801234567
748316052 801234567
748316205 801234567
748316520 801234567
748320165 801234567
748320516 801234567
748320651 801234567
748321056 801234567
748321560 801234567
748321605 801234567
748325061 801234567
748325106 801234567
748325610 801234567
748326015 801234567
748326150 801234567
748326501 801234567
748350126 801234567
748350261 801234567
748350612 801234567
748351062 801234567
748351206 801234567
748351620 801234567
748352016 801234567
748352160 801234567
748352601 801234567
748356021 801234567
748356102 801234567
748356210 801234567
748360152 801234567
748360215 801234567
748360521 801234567
748361025 801234567
748361250 801234567
748361502 801234567
748362051 801234567
748362105 801234567
748362510 801234567
748365012 801234567
748365120 801234567
748365201 801234567
748501236 801234567
748501362 801234567
748501623 801234567
748502163 801234567
748502316 801234567
748502631 801234567
748503126 801234567
748503261 801234567
748503612 801234567
748506132 801234567
748506213 801234567
748506321 801234567
748510263 801234567
748510326 801234567
748510632 801234567
748512036 801234567
748512360 801234567
748512603 801234567
748513062 801234567
748513206 801234567
748513620 801234567
748516023 801234567
748516230 801234567
748516302 801234567
748520136 801234567
748520361 801234567
748520613 801234567
748521063 801234567
748521306 801234567
748521630 801234567
748523016 801234567
748523160 801234567
748523601 801234567
748526031 801234567
748526103 801234567
748526310 801234567
748530162 801234567
748530216 801234567
748530621 801234567
748531026 801234567
748531260 801234567
748531602 801234567
748532061 801234567
748532106 801234567
748532610 801234567
748536012 801234567
748536120 801234567
748536201 801234567
748560123 801234567
748560231 801234567
748560312 801234567
748561032 801234567
748561203 801234567
748561320 801234567
748562013 801234567
748562130 801234567
748562301 801234567
748563021 801234567
748563102 801234567
748563210 801234567
748601253 801234567
748601325 801234567
748601532 801234567
748602135 801234567
748602351 801234567
748602513 801234567
748603152 801234567
748603215 801234567
748603521 801234567
748605123 801234567
748605231 801234567
748605312 801234567
748610235 801234567
748610352 801234567
748610523 801234567
748612053 801234567
748612305 801234567
748612530 801234567
748613025 801234567
748613250 801234567
748613502 801234567
748615032 801234567
748615203 801234567
748615320 801234567
748620153 801234567
748620315 801234567
748620531 801234567
748621035 801234567
748621350 801234567
748621503 801234567
748623051 801234567
748623105 801234567
