645710832 801234567
645712038 801234567
645712380 801234567
645712803 801234567
645713082 801234567
645713208 801234567
645713820 801234567
645718023 801234567
645718230 801234567
645718302 801234567
645720138 801234567
645720381 801234567
645720813 801234567
645721083 801234567
645721308 801234567
645721830 801234567
645723018 801234567
645723180 801234567
645723801 801234567
645728031 801234567
645728103 801234567
645728310 801234567
645730182 801234567
645730218 801234567
645730821 801234567
645731028 801234567
645731280 801234567
645731802 801234567
645732081 801234567
645732108 801234567
645732810 801234567
645738012 801234567
645738120 801234567
645738201 801234567
645780123 801234567
645780231 801234567
645780312 801234567
645781032 801234567
645781203 801234567
645781320 801234567
645782013 801234567
645782130 801234567
645782301 801234567
645783021 801234567
645783102 801234567
645783210 801234567
645801273 801234567
645801327 801234567
645801732 801234567
645802137 801234567
645802371 801234567
645802713 801234567
645803172 801234567
645803217 801234567
645803721 801234567
645807123 801234567
645807231 801234567
645807312 801234567
645810237 801234567
645810372 801234567
645810723 801234567
645812073 801234567
645812307 801234567
645812730 801234567
645813027 801234567
645813270 801234567
645813702 801234567
645817032 801234567
645817203 801234567
645817320 801234567
645820173 801234567
645820317 801234567
645820731 801234567
645821037 801234567
645821370 801234567
645821703 801234567
645823071 801234567
645823107 801234567
645823710 801234567
645827013 801234567
645827130 801234567
645827301 801234567
645830127 801234567
645830271 801234567
645830712 801234567
645831072 801234567
645831207 801234567
645831720 801234567
645832017 801234567
645832170 801234567
645832701 801234567
645837021 801234567
645837102 801234567
645837210 801234567
645870132 801234567
645870213 801234567
645870321 801234567
645871023 801234567
645871230 801234567
645871302 801234567
645872031 801234567
645872103 801234567
645872310 801234567
645873012 801234567
645873120 801234567
645873201 801234567
647012385 801234567
647012538 801234567
647012853 801234567
647013258 801234567
647013582 801234567
647013825 801234567
647015283 801234567
647015328 801234567
647015832 801234567
647018235 801234567
647018352 801234567
647018523 801234567
647021358 801234567
647021583 801234567
647021835 801234567
647023185 801234567
647023518 801234567
647023851 801234567
647025138 801234567
647025381 801234567
647025813 801234567
647028153 801234567
647028315 801234567
647028531 801234567
647031285 801234567
647031528 801234567
647031852 801234567
647032158 801234567
647032581 801234567
647032815 801234567
647035182 801234567
647035218 801234567
647035821 801234567
647038125 801234567
647038251 801234567
647038512 801234567
647051238 801234567
647051382 801234567
647051823 801234567
647052183 801234567
647052318 801234567
647052831 801234567
647053128 801234567
647053281 801234567
647053812 801234567
647058132 801234567
647058213 801234567
647058321 801234567
647081253 801234567
647081325 801234567
647081532 801234567
647082135 801234567
647082351 801234567
647082513 801234567
647083152 801234567
647083215 801234567
647083521 801234567
647085123 801234567
647085231 801234567
647085312 801234567
647102358 801234567
647102583 801234567
647102835 801234567
647103285 801234567
647103528 801234567
647103852 801234567
647105238 801234567
647105382 801234567
647105823 801234567
647108253 801234567
647108325 801234567
647108532 801234567
647120385 801234567
647120538 801234567
647120853 801234567
647123058 801234567
647123580 801234567
647123805 801234567
647125083 801234567
647125308 801234567
647125830 801234567
647128035 801234567
647128350 801234567
647128503 801234567
647130258 801234567
647130582 801234567
647130825 801234567
647132085 801234567
647132508 801234567
647132850 801234567
647135028 801234567
647135280 801234567
647135802 801234567
647138052 801234567
647138205 801234567
647138520 801234567
647150283 801234567
647150328 801234567
647150832 801234567
647152038 801234567
647152380 801234567
647152803 801234567
647153082 801234567
647153208 801234567
647153820 801234567
647158023 801234567
647158230 801234567
647158302 801234567
647180235 801234567
647180352 801234567
647180523 801234567
647182053 801234567
647182305 801234567
647182530 801234567
647183025 801234567
647183250 801234567
647183502 801234567
647185032 801234567
647185203 801234567
647185320 801234567
647201385 801234567
647201538 801234567
647201853 801234567
647203158 801234567
647203581 801234567
647203815 801234567
647205183 801234567
647205318 801234567
647205831 801234567
647208135 801234567
647208351 801234567
647208513 801234567
647210358 801234567
647210583 801234567
647210835 801234567
647213085 801234567
647213508 801234567
647213850 801234567
647215038 801234567
647215380 801234567
647215803 801234567
647218053 801234567
647218305 801234567
647218530 801234567
647230185 801234567
647230518 801234567
647230851 801234567
647231058 801234567
647231580 801234567
647231805 801234567
647235081 801234567
647235108 801234567
647235810 801234567
647238015 801234567
647238150 801234567
647238501 801234567
647250138 801234567
647250381 801234567
647250813 801234567
647251083 801234567
647251308 801234567
647251830 801234567
647253018 801234567
647253180 801234567
647253801 801234567
647258031 801234567
647258103 801234567
647258310 801234567
647280153 801234567
647280315 801234567
647280531 801234567
647281035 801234567
647281350 801234567
647281503 801234567
647283051 801234567
647283105 801234567
647283510 801234567
647285013 801234567
647285130 801234567
647285301 801234567
647301258 801234567
647301582 801234567
647301825 801234567
647302185 801234567
647302518 801234567
647302851 801234567
647305128 801234567
647305281 801234567
647305812 801234567
647308152 801234567
647308215 801234567
647308521 801234567
647310285 801234567
647310528 801234567
647310852 801234567
647312058 801234567
647312580 801234567
647312805 801234567
647315082 801234567
647315208 801234567
647315820 801234567
647318025 801234567
647318250 801234567
647318502 801234567
647320158 801234567
647320581 801234567
647320815 801234567
647321085 801234567
647321508 801234567
647321850 801234567
647325018 801234567
647325180 801234567
647325801 801234567
647328051 801234567
647328105 801234567
647328510 801234567
647350182 801234567
647350218 801234567
647350821 801234567
647351028 801234567
647351280 801234567
647351802 801234567
647352081 801234567
647352108 801234567
647352810 801234567
647358012 801234567
647358120 801234567
647358201 801234567
647380125 801234567
647380251 801234567
647380512 801234567
647381052 801234567
647381205 801234567
647381520 801234567
647382015 801234567
647382150 801234567
647382501 801234567
647385021 801234567
647385102 801234567
647385210 801234567
647501283 801234567
647501328 801234567
647501832 801234567
647502138 801234567
647502381 801234567
647502813 801234567
647503182 801234567
647503218 801234567
647503821 801234567
647508123 801234567
647508231 801234567
647508312 801234567
647510238 801234567
647510382 801234567
647510823 801234567
647512083 801234567
647512308 801234567
647512830 801234567
647513028 801234567
647513280 801234567
647513802 801234567
647518032 801234567
647518203 801234567
647518320 801234567
647520183 801234567
647520318 801234567
647520831 801234567
647521038 801234567
647521380 801234567
647521803 801234567
647523081 801234567
647523108 801234567
647523810 801234567
647528013 801234567
647528130 801234567
647528301 801234567
647530128 801234567
647530281 801234567
647530812 801234567
647531082 801234567
647531208 801234567
647531820 801234567
647532018 801234567
647532180 801234567
647532801 801234567
647538021 801234567
647538102 801234567
647538210 801234567
647580132 801234567
647580213 801234567
647580321 801234567
647581023 801234567
647581230 801234567
647581302 801234567
647582031 801234567
647582103 801234567
647582310 801234567
647583012 801234567
647583120 801234567
647583201 801234567
647801235 801234567
647801352 801234567
647801523 801234567
647802153 801234567
647802315 801234567
647802531 801234567
647803125 801234567
647803251 801234567
647803512 801234567
647805132 801234567
647805213 801234567
647805321 801234567
647810253 801234567
647810325 801234567
647810532 801234567
647812035 801234567
647812350 801234567
647812503 801234567
647813052 801234567
647813205 801234567
647813520 801234567
647815023 801234567
647815230 801234567
647815302 801234567
647820135 801234567
647820351 801234567
647820513 801234567
647821053 801234567
647821305 801234567
647821530 801234567
647823015 801234567
647823150 801234567
647823501 801234567
647825031 801234567
647825103 801234567
647825310 801234567
647830152 801234567
647830215 801234567
647830521 801234567
647831025 801234567
647831250 801234567
647831502 801234567
647832051 801234567
647832105 801234567
647832510 801234567
647835012 801234567
647835120 801234567
647835201 801234567
647850123 801234567
647850231 801234567
647850312 801234567
647851032 801234567
647851203 801234567
647851320 801234567
647852013 801234567
647852130 801234567
647852301 801234567
647853021 801234567
647853102 801234567
647853210 801234567
648012357 801234567
648012573 801234567
648012735 801234567
648013275 801234567
648013527 801234567
648013752 801234567
648015237 801234567
648015372 801234567
648015723 801234567
648017253 801234567
648017325 801234567
648017532 801234567
648021375 801234567
648021537 801234567
648021753 801234567
648023157 801234567
648023571 801234567
648023715 801234567
648025173 801234567
648025317 801234567
648025731 801234567
648027135 801234567
648027351 801234567
648027513 801234567
648031257 801234567
648031572 801234567
648031725 801234567
648032175 801234567
648032517 801234567
648032751 801234567
648035127 801234567
648035271 801234567
648035712 801234567
