712546308 801234567
712546830 801234567
712548036 801234567
712548360 801234567
712548603 801234567
712560348 801234567
712560483 801234567
712560834 801234567
712563084 801234567
712563408 801234567
712563840 801234567
712564038 801234567
712564380 801234567
712564803 801234567
712568043 801234567
712568304 801234567
712568430 801234567
712580364 801234567
712580436 801234567
712580643 801234567
712583046 801234567
712583460 801234567
712583604 801234567
712584063 801234567
712584306 801234567
712584630 801234567
712586034 801234567
712586340 801234567
712586403 801234567
712603458 801234567
712603584 801234567
712603845 801234567
712604385 801234567
712604538 801234567
712604853 801234567
712605348 801234567
712605483 801234567
712605834 801234567
712608354 801234567
712608435 801234567
712608543 801234567
712630485 801234567
712630548 801234567
712630854 801234567
712634058 801234567
712634580 801234567
712634805 801234567
712635084 801234567
712635408 801234567
712635840 801234567
712638045 801234567
712638450 801234567
712638504 801234567
712640358 801234567
712640583 801234567
712640835 801234567
712643085 801234567
712643508 801234567
712643850 801234567
712645038 801234567
712645380 801234567
712645803 801234567
712648053 801234567
712648305 801234567
712648530 801234567
712650384 801234567
712650438 801234567
712650843 801234567
712653048 801234567
712653480 801234567
712653804 801234567
712654083 801234567
712654308 801234567
712654830 801234567
712658034 801234567
712658340 801234567
712658403 801234567
712680345 801234567
712680453 801234567
712680534 801234567
712683054 801234567
712683405 801234567
712683540 801234567
712684035 801234567
712684350 801234567
712684503 801234567
712685043 801234567
712685304 801234567
712685430 801234567
712803465 801234567
712803546 801234567
712803654 801234567
712804356 801234567
712804563 801234567
712804635 801234567
712805364 801234567
712805436 801234567
712805643 801234567
712806345 801234567
712806453 801234567
712806534 801234567
712830456 801234567
712830564 801234567
712830645 801234567
712834065 801234567
712834506 801234567
712834650 801234567
712835046 801234567
712835460 801234567
712835604 801234567
712836054 801234567
712836405 801234567
712836540 801234567
712840365 801234567
712840536 801234567
712840653 801234567
712843056 801234567
712843560 801234567
712843605 801234567
712845063 801234567
712845306 801234567
712845630 801234567
712846035 801234567
712846350 801234567
712846503 801234567
712850346 801234567
712850463 801234567
712850634 801234567
712853064 801234567
712853406 801234567
712853640 801234567
712854036 801234567
712854360 801234567
712854603 801234567
712856043 801234567
712856304 801234567
712856430 801234567
712860354 801234567
712860435 801234567
712860543 801234567
712863045 801234567
712863450 801234567
712863504 801234567
712864053 801234567
712864305 801234567
712864530 801234567
712865034 801234567
712865340 801234567
712865403 801234567
713024586 801234567
713024658 801234567
713024865 801234567
713025468 801234567
713025684 801234567
713025846 801234567
713026485 801234567
713026548 801234567
713026854 801234567
713028456 801234567
713028564 801234567
713028645 801234567
713042568 801234567
713042685 801234567
713042856 801234567
713045286 801234567
713045628 801234567
713045862 801234567
713046258 801234567
713046582 801234567
713046825 801234567
713048265 801234567
713048526 801234567
713048652 801234567
713052486 801234567
713052648 801234567
713052864 801234567
713054268 801234567
713054682 801234567
713054826 801234567
713056284 801234567
713056428 801234567
713056842 801234567
713058246 801234567
713058462 801234567
713058624 801234567
713062458 801234567
713062584 801234567
713062845 801234567
713064285 801234567
713064528 801234567
713064852 801234567
713065248 801234567
713065482 801234567
713065824 801234567
713068254 801234567
713068425 801234567
713068542 801234567
713082465 801234567
713082546 801234567
713082654 801234567
713084256 801234567
713084562 801234567
713084625 801234567
713085264 801234567
713085426 801234567
713085642 801234567
713086245 801234567
713086452 801234567
713086524 801234567
713204568 801234567
713204685 801234567
713204856 801234567
713205486 801234567
713205648 801234567
713205864 801234567
713206458 801234567
713206584 801234567
713206845 801234567
713208465 801234567
713208546 801234567
713208654 801234567
713240586 801234567
713240658 801234567
713240865 801234567
713245068 801234567
713245680 801234567
713245806 801234567
713246085 801234567
713246508 801234567
713246850 801234567
713248056 801234567
713248560 801234567
713248605 801234567
713250468 801234567
713250684 801234567
713250846 801234567
713254086 801234567
713254608 801234567
713254860 801234567
713256048 801234567
713256480 801234567
713256804 801234567
713258064 801234567
713258406 801234567
713258640 801234567
713260485 801234567
713260548 801234567
713260854 801234567
713264058 801234567
713264580 801234567
713264805 801234567
713265084 801234567
713265408 801234567
713265840 801234567
713268045 801234567
713268450 801234567
713268504 801234567
713280456 801234567
713280564 801234567
713280645 801234567
713284065 801234567
713284506 801234567
713284650 801234567
713285046 801234567
713285460 801234567
713285604 801234567
713286054 801234567
713286405 801234567
713286540 801234567
713402586 801234567
713402658 801234567
713402865 801234567
713405268 801234567
713405682 801234567
713405826 801234567
713406285 801234567
713406528 801234567
713406852 801234567
713408256 801234567
713408562 801234567
713408625 801234567
713420568 801234567
713420685 801234567
713420856 801234567
713425086 801234567
713425608 801234567
713425860 801234567
713426058 801234567
713426580 801234567
713426805 801234567
713428065 801234567
713428506 801234567
713428650 801234567
713450286 801234567
713450628 801234567
713450862 801234567
713452068 801234567
713452680 801234567
713452806 801234567
713456082 801234567
713456208 801234567
713456820 801234567
713458026 801234567
713458260 801234567
713458602 801234567
713460258 801234567
713460582 801234567
713460825 801234567
713462085 801234567
713462508 801234567
713462850 801234567
713465028 801234567
713465280 801234567
713465802 801234567
713468052 801234567
713468205 801234567
713468520 801234567
713480265 801234567
713480526 801234567
713480652 801234567
713482056 801234567
713482560 801234567
713482605 801234567
713485062 801234567
713485206 801234567
713485620 801234567
713486025 801234567
713486250 801234567
713486502 801234567
713502468 801234567
713502684 801234567
713502846 801234567
713504286 801234567
713504628 801234567
713504862 801234567
713506248 801234567
713506482 801234567
713506824 801234567
713508264 801234567
713508426 801234567
713508642 801234567
713520486 801234567
713520648 801234567
713520864 801234567
713524068 801234567
713524680 801234567
713524806 801234567
713526084 801234567
713526408 801234567
713526840 801234567
713528046 801234567
713528460 801234567
713528604 801234567
713540268 801234567
713540682 801234567
713540826 801234567
713542086 801234567
713542608 801234567
713542860 801234567
713546028 801234567
713546280 801234567
713546802 801234567
713548062 801234567
713548206 801234567
713548620 801234567
713560284 801234567
713560428 801234567
713560842 801234567
713562048 801234567
713562480 801234567
713562804 801234567
713564082 801234567
713564208 801234567
713564820 801234567
713568024 801234567
713568240 801234567
713568402 801234567
713580246 801234567
713580462 801234567
713580624 801234567
713582064 801234567
713582406 801234567
713582640 801234567
713584026 801234567
713584260 801234567
713584602 801234567
713586042 801234567
713586204 801234567
713586420 801234567
713602485 801234567
713602548 801234567
713602854 801234567
713604258 801234567
713604582 801234567
713604825 801234567
713605284 801234567
713605428 801234567
713605842 801234567
713608245 801234567
713608452 801234567
713608524 801234567
713620458 801234567
713620584 801234567
713620845 801234567
713624085 801234567
713624508 801234567
713624850 801234567
713625048 801234567
713625480 801234567
713625804 801234567
713628054 801234567
713628405 801234567
713628540 801234567
713640285 801234567
713640528 801234567
713640852 801234567
713642058 801234567
713642580 801234567
713642805 801234567
713645082 801234567
713645208 801234567
713645820 801234567
713648025 801234567
713648250 801234567
713648502 801234567
713650248 801234567
713650482 801234567
713650824 801234567
713652084 801234567
713652408 801234567
713652840 801234567
713654028 801234567
713654280 801234567
713654802 801234567
713658042 801234567
713658204 801234567
713658420 801234567
713680254 801234567
713680425 801234567
713680542 801234567
713682045 801234567
713682450 801234567
713682504 801234567
713684052 801234567
713684205 801234567
713684520 801234567
713685024 801234567
713685240 801234567
713685402 801234567
713802456 801234567
713802564 801234567
713802645 801234567
713804265 801234567
713804526 801234567
713804652 801234567
713805246 801234567
713805462 801234567
713805624 801234567
713806254 801234567
713806425 801234567
713806542 801234567
713820465 801234567
713820546 801234567
713820654 801234567
713824056 801234567
713824560 801234567
713824605 801234567
713825064 801234567
713825406 801234567
713825640 801234567
713826045 801234567
713826450 801234567
713826504 801234567
713840256 801234567
713840562 801234567
713840625 801234567
713842065 801234567
713842506 801234567
713842650 801234567
713845026 801234567
713845260 801234567
713845602 801234567
713846052 801234567
713846205 801234567
713846520 801234567
713850264 801234567
713850426 801234567
713850642 801234567
713852046 801234567
713852460 801234567
713852604 801234567
713854062 801234567
713854206 801234567
713854620 801234567
713856024 801234567
713856240 801234567
713856402 801234567
713860245 801234567
713860452 801234567
