632014758 801234567
632014875 801234567
632015478 801234567
632015784 801234567
632015847 801234567
632017485 801234567
632017548 801234567
632017854 801234567
632018457 801234567
632018574 801234567
632018745 801234567
632041578 801234567
632041785 801234567
632041857 801234567
632045187 801234567
632045718 801234567
632045871 801234567
632047158 801234567
632047581 801234567
632047815 801234567
632048175 801234567
632048517 801234567
632048751 801234567
632051487 801234567
632051748 801234567
632051874 801234567
632054178 801234567
632054781 801234567
632054817 801234567
632057184 801234567
632057418 801234567
632057841 801234567
632058147 801234567
632058471 801234567
632058714 801234567
632071458 801234567
632071584 801234567
632071845 801234567
632074185 801234567
632074518 801234567
632074851 801234567
632075148 801234567
632075481 801234567
632075814 801234567
632078154 801234567
632078415 801234567
632078541 801234567
632081475 801234567
632081547 801234567
632081754 801234567
632084157 801234567
632084571 801234567
632084715 801234567
632085174 801234567
632085417 801234567
632085741 801234567
632087145 801234567
632087451 801234567
632087514 801234567
632104578 801234567
632104785 801234567
632104857 801234567
632105487 801234567
632105748 801234567
632105874 801234567
632107458 801234567
632107584 801234567
632107845 801234567
632108475 801234567
632108547 801234567
632108754 801234567
632140587 801234567
632140758 801234567
632140875 801234567
632145078 801234567
632145780 801234567
632145807 801234567
632147085 801234567
632147508 801234567
632147850 801234567
632148057 801234567
632148570 801234567
632148705 801234567
632150478 801234567
632150784 801234567
632150847 801234567
632154087 801234567
632154708 801234567
632154870 801234567
632157048 801234567
632157480 801234567
632157804 801234567
632158074 801234567
632158407 801234567
632158740 801234567
632170485 801234567
632170548 801234567
632170854 801234567
632174058 801234567
632174580 801234567
632174805 801234567
632175084 801234567
632175408 801234567
632175840 801234567
632178045 801234567
632178450 801234567
632178504 801234567
632180457 801234567
632180574 801234567
632180745 801234567
632184075 801234567
632184507 801234567
632184750 801234567
632185047 801234567
632185470 801234567
632185704 801234567
632187054 801234567
632187405 801234567
632187540 801234567
632401587 801234567
632401758 801234567
632401875 801234567
632405178 801234567
632405781 801234567
632405817 801234567
632407185 801234567
632407518 801234567
632407851 801234567
632408157 801234567
632408571 801234567
632408715 801234567
632410578 801234567
632410785 801234567
632410857 801234567
632415087 801234567
632415708 801234567
632415870 801234567
632417058 801234567
632417580 801234567
632417805 801234567
632418075 801234567
632418507 801234567
632418750 801234567
632450187 801234567
632450718 801234567
632450871 801234567
632451078 801234567
632451780 801234567
632451807 801234567
632457081 801234567
632457108 801234567
632457810 801234567
632458017 801234567
632458170 801234567
632458701 801234567
632470158 801234567
632470581 801234567
632470815 801234567
632471085 801234567
632471508 801234567
632471850 801234567
632475018 801234567
632475180 801234567
632475801 801234567
632478051 801234567
632478105 801234567
632478510 801234567
632480175 801234567
632480517 801234567
632480751 801234567
632481057 801234567
632481570 801234567
632481705 801234567
632485071 801234567
632485107 801234567
632485710 801234567
632487015 801234567
632487150 801234567
632487501 801234567
632501478 801234567
632501784 801234567
632501847 801234567
632504187 801234567
632504718 801234567
632504871 801234567
632507148 801234567
632507481 801234567
632507814 801234567
632508174 801234567
632508417 801234567
632508741 801234567
632510487 801234567
632510748 801234567
632510874 801234567
632514078 801234567
632514780 801234567
632514807 801234567
632517084 801234567
632517408 801234567
632517840 801234567
632518047 801234567
632518470 801234567
632518704 801234567
632540178 801234567
632540781 801234567
632540817 801234567
632541087 801234567
632541708 801234567
632541870 801234567
632547018 801234567
632547180 801234567
632547801 801234567
632548071 801234567
632548107 801234567
632548710 801234567
632570184 801234567
632570418 801234567
632570841 801234567
632571048 801234567
632571480 801234567
632571804 801234567
632574081 801234567
632574108 801234567
632574810 801234567
632578014 801234567
632578140 801234567
632578401 801234567
632580147 801234567
632580471 801234567
632580714 801234567
632581074 801234567
632581407 801234567
632581740 801234567
632584017 801234567
632584170 801234567
632584701 801234567
632587041 801234567
632587104 801234567
632587410 801234567
632701485 801234567
632701548 801234567
632701854 801234567
632704158 801234567
632704581 801234567
632704815 801234567
632705184 801234567
632705418 801234567
632705841 801234567
632708145 801234567
632708451 801234567
632708514 801234567
632710458 801234567
632710584 801234567
632710845 801234567
632714085 801234567
632714508 801234567
632714850 801234567
632715048 801234567
632715480 801234567
632715804 801234567
632718054 801234567
632718405 801234567
632718540 801234567
632740185 801234567
632740518 801234567
632740851 801234567
632741058 801234567
632741580 801234567
632741805 801234567
632745081 801234567
632745108 801234567
632745810 801234567
632748015 801234567
632748150 801234567
632748501 801234567
632750148 801234567
632750481 801234567
632750814 801234567
632751084 801234567
632751408 801234567
632751840 801234567
632754018 801234567
632754180 801234567
632754801 801234567
632758041 801234567
632758104 801234567
632758410 801234567
632780154 801234567
632780415 801234567
632780541 801234567
632781045 801234567
632781450 801234567
632781504 801234567
632784051 801234567
632784105 801234567
632784510 801234567
632785014 801234567
632785140 801234567
632785401 801234567
632801457 801234567
632801574 801234567
632801745 801234567
632804175 801234567
632804517 801234567
632804751 801234567
632805147 801234567
632805471 801234567
632805714 801234567
632807154 801234567
632807415 801234567
632807541 801234567
632810475 801234567
632810547 801234567
632810754 801234567
632814057 801234567
632814570 801234567
632814705 801234567
632815074 801234567
632815407 801234567
632815740 801234567
632817045 801234567
632817450 801234567
632817504 801234567
632840157 801234567
632840571 801234567
632840715 801234567
632841075 801234567
632841507 801234567
632841750 801234567
632845017 801234567
632845170 801234567
632845701 801234567
632847051 801234567
632847105 801234567
632847510 801234567
632850174 801234567
632850417 801234567
632850741 801234567
632851047 801234567
632851470 801234567
632851704 801234567
632854071 801234567
632854107 801234567
632854710 801234567
632857014 801234567
632857140 801234567
632857401 801234567
632870145 801234567
632870451 801234567
632870514 801234567
632871054 801234567
632871405 801234567
632871540 801234567
632874015 801234567
632874150 801234567
632874501 801234567
632875041 801234567
632875104 801234567
632875410 801234567
634012578 801234567
634012785 801234567
634012857 801234567
634015287 801234567
634015728 801234567
634015872 801234567
634017258 801234567
634017582 801234567
634017825 801234567
634018275 801234567
634018527 801234567
634018752 801234567
634021587 801234567
634021758 801234567
634021875 801234567
634025178 801234567
634025781 801234567
634025817 801234567
634027185 801234567
634027518 801234567
634027851 801234567
634028157 801234567
634028571 801234567
634028715 801234567
634051278 801234567
634051782 801234567
634051827 801234567
634052187 801234567
634052718 801234567
634052871 801234567
634057128 801234567
634057281 801234567
634057812 801234567
634058172 801234567
634058217 801234567
634058721 801234567
634071285 801234567
634071528 801234567
634071852 801234567
634072158 801234567
634072581 801234567
634072815 801234567
634075182 801234567
634075218 801234567
634075821 801234567
634078125 801234567
634078251 801234567
634078512 801234567
634081257 801234567
634081572 801234567
634081725 801234567
634082175 801234567
634082517 801234567
634082751 801234567
634085127 801234567
634085271 801234567
634085712 801234567
634087152 801234567
634087215 801234567
634087521 801234567
634102587 801234567
634102758 801234567
634102875 801234567
634105278 801234567
634105782 801234567
634105827 801234567
634107285 801234567
634107528 801234567
634107852 801234567
634108257 801234567
634108572 801234567
634108725 801234567
634120578 801234567
634120785 801234567
634120857 801234567
634125087 801234567
634125708 801234567
634125870 801234567
634127058 801234567
634127580 801234567
634127805 801234567
634128075 801234567
634128507 801234567
634128750 801234567
634150287 801234567
634150728 801234567
634150872 801234567
634152078 801234567
634152780 801234567
634152807 801234567
634157082 801234567
634157208 801234567
634157820 801234567
634158027 801234567
634158270 801234567
634158702 801234567
634170258 801234567
634170582 801234567
634170825 801234567
634172085 801234567
634172508 801234567
634172850 801234567
634175028 801234567
634175280 801234567
634175802 801234567
634178052 801234567
634178205 801234567
634178520 801234567
634180275 801234567
634180527 801234567
634180752 801234567
634182057 801234567
634182570 801234567
634182705 801234567
634185072 801234567
634185207 801234567
634185720 801234567
634187025 801234567
634187250 801234567
634187502 801234567
634201578 801234567
634201785 801234567
634201857 801234567
634205187 801234567
634205718 801234567
634205871 801234567
634207158 801234567
634207581 801234567
634207815 801234567
634208175 801234567
634208517 801234567
634208751 801234567
634210587 801234567
634210758 801234567
634210875 801234567
634215078 801234567
634215780 801234567
634215807 801234567
634217085 801234567
634217508 801234567
