761240835 801234567
761243085 801234567
761243508 801234567
761243850 801234567
761245038 801234567
761245380 801234567
761245803 801234567
761248053 801234567
761248305 801234567
761248530 801234567
761250384 801234567
761250438 801234567
761250843 801234567
761253048 801234567
761253480 801234567
761253804 801234567
761254083 801234567
761254308 801234567
761254830 801234567
761258034 801234567
761258340 801234567
761258403 801234567
761280345 801234567
761280453 801234567
761280534 801234567
761283054 801234567
761283405 801234567
761283540 801234567
761284035 801234567
761284350 801234567
761284503 801234567
761285043 801234567
761285304 801234567
761285430 801234567
761302485 801234567
761302548 801234567
761302854 801234567
761304258 801234567
761304582 801234567
761304825 801234567
761305284 801234567
761305428 801234567
761305842 801234567
761308245 801234567
761308452 801234567
761308524 801234567
761320458 801234567
761320584 801234567
761320845 801234567
761324085 801234567
761324508 801234567
761324850 801234567
761325048 801234567
761325480 801234567
761325804 801234567
761328054 801234567
761328405 801234567
761328540 801234567
761340285 801234567
761340528 801234567
761340852 801234567
761342058 801234567
761342580 801234567
761342805 801234567
761345082 801234567
761345208 801234567
761345820 801234567
761348025 801234567
761348250 801234567
761348502 801234567
761350248 801234567
761350482 801234567
761350824 801234567
761352084 801234567
761352408 801234567
761352840 801234567
761354028 801234567
761354280 801234567
761354802 801234567
761358042 801234567
761358204 801234567
761358420 801234567
761380254 801234567
761380425 801234567
761380542 801234567
761382045 801234567
761382450 801234567
761382504 801234567
761384052 801234567
761384205 801234567
761384520 801234567
761385024 801234567
761385240 801234567
761385402 801234567
761402358 801234567
761402583 801234567
761402835 801234567
761403285 801234567
761403528 801234567
761403852 801234567
761405238 801234567
761405382 801234567
761405823 801234567
761408253 801234567
761408325 801234567
761408532 801234567
761420385 801234567
761420538 801234567
761420853 801234567
761423058 801234567
761423580 801234567
761423805 801234567
761425083 801234567
761425308 801234567
761425830 801234567
761428035 801234567
761428350 801234567
761428503 801234567
761430258 801234567
761430582 801234567
761430825 801234567
761432085 801234567
761432508 801234567
761432850 801234567
761435028 801234567
761435280 801234567
761435802 801234567
761438052 801234567
761438205 801234567
761438520 801234567
761450283 801234567
761450328 801234567
761450832 801234567
761452038 801234567
761452380 801234567
761452803 801234567
761453082 801234567
761453208 801234567
761453820 801234567
761458023 801234567
761458230 801234567
761458302 801234567
761480235 801234567
761480352 801234567
761480523 801234567
761482053 801234567
761482305 801234567
761482530 801234567
761483025 801234567
761483250 801234567
761483502 801234567
761485032 801234567
761485203 801234567
761485320 801234567
761502384 801234567
761502438 801234567
761502843 801234567
761503248 801234567
761503482 801234567
761503824 801234567
761504283 801234567
761504328 801234567
761504832 801234567
761508234 801234567
761508342 801234567
761508423 801234567
761520348 801234567
761520483 801234567
761520834 801234567
761523084 801234567
761523408 801234567
761523840 801234567
761524038 801234567
761524380 801234567
761524803 801234567
761528043 801234567
761528304 801234567
761528430 801234567
761530284 801234567
761530428 801234567
761530842 801234567
761532048 801234567
761532480 801234567
761532804 801234567
761534082 801234567
761534208 801234567
761534820 801234567
761538024 801234567
761538240 801234567
761538402 801234567
761540238 801234567
761540382 801234567
761540823 801234567
761542083 801234567
761542308 801234567
761542830 801234567
761543028 801234567
761543280 801234567
761543802 801234567
761548032 801234567
761548203 801234567
761548320 801234567
761580243 801234567
761580324 801234567
761580432 801234567
761582034 801234567
761582340 801234567
761582403 801234567
761583042 801234567
761583204 801234567
761583420 801234567
761584023 801234567
761584230 801234567
761584302 801234567
761802345 801234567
761802453 801234567
761802534 801234567
761803254 801234567
761803425 801234567
761803542 801234567
761804235 801234567
761804352 801234567
761804523 801234567
761805243 801234567
761805324 801234567
761805432 801234567
761820354 801234567
761820435 801234567
761820543 801234567
761823045 801234567
761823450 801234567
761823504 801234567
761824053 801234567
761824305 801234567
761824530 801234567
761825034 801234567
761825340 801234567
761825403 801234567
761830245 801234567
761830452 801234567
761830524 801234567
761832054 801234567
761832405 801234567
761832540 801234567
761834025 801234567
761834250 801234567
761834502 801234567
761835042 801234567
761835204 801234567
761835420 801234567
761840253 801234567
761840325 801234567
761840532 801234567
761842035 801234567
761842350 801234567
761842503 801234567
761843052 801234567
761843205 801234567
761843520 801234567
761845023 801234567
761845230 801234567
761845302 801234567
761850234 801234567
761850342 801234567
761850423 801234567
761852043 801234567
761852304 801234567
761852430 801234567
761853024 801234567
761853240 801234567
761853402 801234567
761854032 801234567
761854203 801234567
761854320 801234567
762013458 801234567
762013584 801234567
762013845 801234567
762014385 801234567
762014538 801234567
762014853 801234567
762015348 801234567
762015483 801234567
762015834 801234567
762018354 801234567
762018435 801234567
762018543 801234567
762031485 801234567
762031548 801234567
762031854 801234567
762034158 801234567
762034581 801234567
762034815 801234567
762035184 801234567
762035418 801234567
762035841 801234567
762038145 801234567
762038451 801234567
762038514 801234567
762041358 801234567
762041583 801234567
762041835 801234567
762043185 801234567
762043518 801234567
762043851 801234567
762045138 801234567
762045381 801234567
762045813 801234567
762048153 801234567
762048315 801234567
762048531 801234567
762051384 801234567
762051438 801234567
762051843 801234567
762053148 801234567
762053481 801234567
762053814 801234567
762054183 801234567
762054318 801234567
762054831 801234567
762058134 801234567
762058341 801234567
762058413 801234567
762081345 801234567
762081453 801234567
762081534 801234567
762083154 801234567
762083415 801234567
762083541 801234567
762084135 801234567
762084351 801234567
762084513 801234567
762085143 801234567
762085314 801234567
762085431 801234567
762103485 801234567
762103548 801234567
762103854 801234567
762104358 801234567
762104583 801234567
762104835 801234567
762105384 801234567
762105438 801234567
762105843 801234567
762108345 801234567
762108453 801234567
762108534 801234567
762130458 801234567
762130584 801234567
762130845 801234567
762134085 801234567
762134508 801234567
762134850 801234567
762135048 801234567
762135480 801234567
762135804 801234567
762138054 801234567
762138405 801234567
762138540 801234567
762140385 801234567
762140538 801234567
762140853 801234567
762143058 801234567
762143580 801234567
762143805 801234567
762145083 801234567
762145308 801234567
762145830 801234567
762148035 801234567
762148350 801234567
762148503 801234567
762150348 801234567
762150483 801234567
762150834 801234567
762153084 801234567
762153408 801234567
762153840 801234567
762154038 801234567
762154380 801234567
762154803 801234567
762158043 801234567
762158304 801234567
762158430 801234567
762180354 801234567
762180435 801234567
762180543 801234567
762183045 801234567
762183450 801234567
762183504 801234567
762184053 801234567
762184305 801234567
762184530 801234567
762185034 801234567
762185340 801234567
762185403 801234567
762301458 801234567
762301584 801234567
762301845 801234567
762304185 801234567
762304518 801234567
762304851 801234567
762305148 801234567
762305481 801234567
762305814 801234567
762308154 801234567
762308415 801234567
762308541 801234567
762310485 801234567
762310548 801234567
762310854 801234567
762314058 801234567
762314580 801234567
762314805 801234567
762315084 801234567
762315408 801234567
762315840 801234567
762318045 801234567
762318450 801234567
762318504 801234567
762340158 801234567
762340581 801234567
762340815 801234567
762341085 801234567
762341508 801234567
762341850 801234567
762345018 801234567
762345180 801234567
762345801 801234567
762348051 801234567
762348105 801234567
762348510 801234567
762350184 801234567
762350418 801234567
762350841 801234567
762351048 801234567
762351480 801234567
762351804 801234567
762354081 801234567
762354108 801234567
762354810 801234567
762358014 801234567
762358140 801234567
762358401 801234567
762380145 801234567
762380451 801234567
762380514 801234567
762381054 801234567
762381405 801234567
762381540 801234567
762384015 801234567
762384150 801234567
762384501 801234567
762385041 801234567
762385104 801234567
762385410 801234567
762401385 801234567
762401538 801234567
762401853 801234567
762403158 801234567
762403581 801234567
762403815 801234567
762405183 801234567
762405318 801234567
762405831 801234567
762408135 801234567
762408351 801234567
762408513 801234567
762410358 801234567
762410583 801234567
762410835 801234567
762413085 801234567
762413508 801234567
762413850 801234567
762415038 801234567
762415380 801234567
762415803 801234567
762418053 801234567
762418305 801234567
762418530 801234567
762430185 801234567
762430518 801234567
762430851 801234567
762431058 801234567
762431580 801234567
762431805 801234567
762435081 801234567
762435108 801234567
762435810 801234567
762438015 801234567
762438150 801234567
762438501 801234567
762450138 801234567
762450381 801234567
762450813 801234567
762451083 801234567
762451308 801234567
762451830 801234567
762453018 801234567
762453180 801234567
762453801 801234567
