416580723 801234567
416582073 801234567
416582307 801234567
416582730 801234567
416583027 801234567
416583270 801234567
416583702 801234567
416587032 801234567
416587203 801234567
416587320 801234567
416702385 801234567
416702538 801234567
416702853 801234567
416703258 801234567
416703582 801234567
416703825 801234567
416705283 801234567
416705328 801234567
416705832 801234567
416708235 801234567
416708352 801234567
416708523 801234567
416720358 801234567
416720583 801234567
416720835 801234567
416723085 801234567
416723508 801234567
416723850 801234567
416725038 801234567
416725380 801234567
416725803 801234567
416728053 801234567
416728305 801234567
416728530 801234567
416730285 801234567
416730528 801234567
416730852 801234567
416732058 801234567
416732580 801234567
416732805 801234567
416735082 801234567
416735208 801234567
416735820 801234567
416738025 801234567
416738250 801234567
416738502 801234567
416750238 801234567
416750382 801234567
416750823 801234567
416752083 801234567
416752308 801234567
416752830 801234567
416753028 801234567
416753280 801234567
416753802 801234567
416758032 801234567
416758203 801234567
416758320 801234567
416780253 801234567
416780325 801234567
416780532 801234567
416782035 801234567
416782350 801234567
416782503 801234567
416783052 801234567
416783205 801234567
416783520 801234567
416785023 801234567
416785230 801234567
416785302 801234567
416802357 801234567
416802573 801234567
416802735 801234567
416803275 801234567
416803527 801234567
416803752 801234567
416805237 801234567
416805372 801234567
416805723 801234567
416807253 801234567
416807325 801234567
416807532 801234567
416820375 801234567
416820537 801234567
416820753 801234567
416823057 801234567
416823570 801234567
416823705 801234567
416825073 801234567
416825307 801234567
416825730 801234567
416827035 801234567
416827350 801234567
416827503 801234567
416830257 801234567
416830572 801234567
416830725 801234567
416832075 801234567
416832507 801234567
416832750 801234567
416835027 801234567
416835270 801234567
416835702 801234567
416837052 801234567
416837205 801234567
416837520 801234567
416850273 801234567
416850327 801234567
416850732 801234567
416852037 801234567
416852370 801234567
416852703 801234567
416853072 801234567
416853207 801234567
416853720 801234567
416857023 801234567
416857230 801234567
416857302 801234567
416870235 801234567
416870352 801234567
416870523 801234567
416872053 801234567
416872305 801234567
416872530 801234567
416873025 801234567
416873250 801234567
416873502 801234567
416875032 801234567
416875203 801234567
416875320 801234567
417023568 801234567
417023685 801234567
417023856 801234567
417025386 801234567
417025638 801234567
417025863 801234567
417026358 801234567
417026583 801234567
417026835 801234567
417028365 801234567
417028536 801234567
417028653 801234567
417032586 801234567
417032658 801234567
417032865 801234567
417035268 801234567
417035682 801234567
417035826 801234567
417036285 801234567
417036528 801234567
417036852 801234567
417038256 801234567
417038562 801234567
417038625 801234567
417052368 801234567
417052683 801234567
417052836 801234567
417053286 801234567
417053628 801234567
417053862 801234567
417056238 801234567
417056382 801234567
417056823 801234567
417058263 801234567
417058326 801234567
417058632 801234567
417062385 801234567
417062538 801234567
417062853 801234567
417063258 801234567
417063582 801234567
417063825 801234567
417065283 801234567
417065328 801234567
417065832 801234567
417068235 801234567
417068352 801234567
417068523 801234567
417082356 801234567
417082563 801234567
417082635 801234567
417083265 801234567
417083526 801234567
417083652 801234567
417085236 801234567
417085362 801234567
417085623 801234567
417086253 801234567
417086325 801234567
417086532 801234567
417203586 801234567
417203658 801234567
417203865 801234567
417205368 801234567
417205683 801234567
417205836 801234567
417206385 801234567
417206538 801234567
417206853 801234567
417208356 801234567
417208563 801234567
417208635 801234567
417230568 801234567
417230685 801234567
417230856 801234567
417235086 801234567
417235608 801234567
417235860 801234567
417236058 801234567
417236580 801234567
417236805 801234567
417238065 801234567
417238506 801234567
417238650 801234567
417250386 801234567
417250638 801234567
417250863 801234567
417253068 801234567
417253680 801234567
417253806 801234567
417256083 801234567
417256308 801234567
417256830 801234567
417258036 801234567
417258360 801234567
417258603 801234567
417260358 801234567
417260583 801234567
417260835 801234567
417263085 801234567
417263508 801234567
417263850 801234567
417265038 801234567
417265380 801234567
417265803 801234567
417268053 801234567
417268305 801234567
417268530 801234567
417280365 801234567
417280536 801234567
417280653 801234567
417283056 801234567
417283560 801234567
417283605 801234567
417285063 801234567
417285306 801234567
417285630 801234567
417286035 801234567
417286350 801234567
417286503 801234567
417302568 801234567
417302685 801234567
417302856 801234567
417305286 801234567
417305628 801234567
417305862 801234567
417306258 801234567
417306582 801234567
417306825 801234567
417308265 801234567
417308526 801234567
417308652 801234567
417320586 801234567
417320658 801234567
417320865 801234567
417325068 801234567
417325680 801234567
417325806 801234567
417326085 801234567
417326508 801234567
417326850 801234567
417328056 801234567
417328560 801234567
417328605 801234567
417350268 801234567
417350682 801234567
417350826 801234567
417352086 801234567
417352608 801234567
417352860 801234567
417356028 801234567
417356280 801234567
417356802 801234567
417358062 801234567
417358206 801234567
417358620 801234567
417360285 801234567
417360528 801234567
417360852 801234567
417362058 801234567
417362580 801234567
417362805 801234567
417365082 801234567
417365208 801234567
417365820 801234567
417368025 801234567
417368250 801234567
417368502 801234567
417380256 801234567
417380562 801234567
417380625 801234567
417382065 801234567
417382506 801234567
417382650 801234567
417385026 801234567
417385260 801234567
417385602 801234567
417386052 801234567
417386205 801234567
417386520 801234567
417502386 801234567
417502638 801234567
417502863 801234567
417503268 801234567
417503682 801234567
417503826 801234567
417506283 801234567
417506328 801234567
417506832 801234567
417508236 801234567
417508362 801234567
417508623 801234567
417520368 801234567
417520683 801234567
417520836 801234567
417523086 801234567
417523608 801234567
417523860 801234567
417526038 801234567
417526380 801234567
417526803 801234567
417528063 801234567
417528306 801234567
417528630 801234567
417530286 801234567
417530628 801234567
417530862 801234567
417532068 801234567
417532680 801234567
417532806 801234567
417536082 801234567
417536208 801234567
417536820 801234567
417538026 801234567
417538260 801234567
417538602 801234567
417560238 801234567
417560382 801234567
417560823 801234567
417562083 801234567
417562308 801234567
417562830 801234567
417563028 801234567
417563280 801234567
417563802 801234567
417568032 801234567
417568203 801234567
417568320 801234567
417580263 801234567
417580326 801234567
417580632 801234567
417582036 801234567
417582360 801234567
417582603 801234567
417583062 801234567
417583206 801234567
417583620 801234567
417586023 801234567
417586230 801234567
417586302 801234567
417602358 801234567
417602583 801234567
417602835 801234567
417603285 801234567
417603528 801234567
417603852 801234567
417605238 801234567
417605382 801234567
417605823 801234567
417608253 801234567
417608325 801234567
417608532 801234567
417620385 801234567
417620538 801234567
417620853 801234567
417623058 801234567
417623580 801234567
417623805 801234567
417625083 801234567
417625308 801234567
417625830 801234567
417628035 801234567
417628350 801234567
417628503 801234567
417630258 801234567
417630582 801234567
417630825 801234567
417632085 801234567
417632508 801234567
417632850 801234567
417635028 801234567
417635280 801234567
417635802 801234567
417638052 801234567
417638205 801234567
417638520 801234567
417650283 801234567
417650328 801234567
417650832 801234567
417652038 801234567
417652380 801234567
417652803 801234567
417653082 801234567
417653208 801234567
417653820 801234567
417658023 801234567
417658230 801234567
417658302 801234567
417680235 801234567
417680352 801234567
417680523 801234567
417682053 801234567
417682305 801234567
417682530 801234567
417683025 801234567
417683250 801234567
417683502 801234567
417685032 801234567
417685203 801234567
417685320 801234567
417802365 801234567
417802536 801234567
417802653 801234567
417803256 801234567
417803562 801234567
417803625 801234567
417805263 801234567
417805326 801234567
417805632 801234567
417806235 801234567
417806352 801234567
417806523 801234567
417820356 801234567
417820563 801234567
417820635 801234567
417823065 801234567
417823506 801234567
417823650 801234567
417825036 801234567
417825360 801234567
417825603 801234567
417826053 801234567
417826305 801234567
417826530 801234567
417830265 801234567
417830526 801234567
417830652 801234567
417832056 801234567
417832560 801234567
417832605 801234567
417835062 801234567
417835206 801234567
417835620 801234567
417836025 801234567
417836250 801234567
417836502 801234567
417850236 801234567
417850362 801234567
417850623 801234567
417852063 801234567
417852306 801234567
417852630 801234567
417853026 801234567
417853260 801234567
417853602 801234567
417856032 801234567
417856203 801234567
417856320 801234567
417860253 801234567
417860325 801234567
417860532 801234567
417862035 801234567
417862350 801234567
417862503 801234567
417863052 801234567
417863205 801234567
417863520 801234567
417865023 801234567
417865230 801234567
417865302 801234567
418023576 801234567
418023657 801234567
418023765 801234567
418025367 801234567
418025673 801234567
418025736 801234567
418026375 801234567
418026537 801234567
418026753 801234567
