372054186 801234567
372054618 801234567
372054861 801234567
372056148 801234567
372056481 801234567
372056814 801234567
372058164 801234567
372058416 801234567
372058641 801234567
372061485 801234567
372061548 801234567
372061854 801234567
372064158 801234567
372064581 801234567
372064815 801234567
372065184 801234567
372065418 801234567
372065841 801234567
372068145 801234567
372068451 801234567
372068514 801234567
372081456 801234567
372081564 801234567
372081645 801234567
372084165 801234567
372084516 801234567
372084651 801234567
372085146 801234567
372085461 801234567
372085614 801234567
372086154 801234567
372086415 801234567
372086541 801234567
372104586 801234567
372104658 801234567
372104865 801234567
372105468 801234567
372105684 801234567
372105846 801234567
372106485 801234567
372106548 801234567
372106854 801234567
372108456 801234567
372108564 801234567
372108645 801234567
372140568 801234567
372140685 801234567
372140856 801234567
372145086 801234567
372145608 801234567
372145860 801234567
372146058 801234567
372146580 801234567
372146805 801234567
372148065 801234567
372148506 801234567
372148650 801234567
372150486 801234567
372150648 801234567
372150864 801234567
372154068 801234567
372154680 801234567
372154806 801234567
372156084 801234567
372156408 801234567
372156840 801234567
372158046 801234567
372158460 801234567
372158604 801234567
372160458 801234567
372160584 801234567
372160845 801234567
372164085 801234567
372164508 801234567
372164850 801234567
372165048 801234567
372165480 801234567
372165804 801234567
372168054 801234567
372168405 801234567
372168540 801234567
372180465 801234567
372180546 801234567
372180654 801234567
372184056 801234567
372184560 801234567
372184605 801234567
372185064 801234567
372185406 801234567
372185640 801234567
372186045 801234567
372186450 801234567
372186504 801234567
372401568 801234567
372401685 801234567
372401856 801234567
372405186 801234567
372405618 801234567
372405861 801234567
372406158 801234567
372406581 801234567
372406815 801234567
372408165 801234567
372408516 801234567
372408651 801234567
372410586 801234567
372410658 801234567
372410865 801234567
372415068 801234567
372415680 801234567
372415806 801234567
372416085 801234567
372416508 801234567
372416850 801234567
372418056 801234567
372418560 801234567
372418605 801234567
372450168 801234567
372450681 801234567
372450816 801234567
372451086 801234567
372451608 801234567
372451860 801234567
372456018 801234567
372456180 801234567
372456801 801234567
372458061 801234567
372458106 801234567
372458610 801234567
372460185 801234567
372460518 801234567
372460851 801234567
372461058 801234567
372461580 801234567
372461805 801234567
372465081 801234567
372465108 801234567
372465810 801234567
372468015 801234567
372468150 801234567
372468501 801234567
372480156 801234567
372480561 801234567
372480615 801234567
372481065 801234567
372481506 801234567
372481650 801234567
372485016 801234567
372485160 801234567
372485601 801234567
372486051 801234567
372486105 801234567
372486510 801234567
372501486 801234567
372501648 801234567
372501864 801234567
372504168 801234567
372504681 801234567
372504816 801234567
372506184 801234567
372506418 801234567
372506841 801234567
372508146 801234567
372508461 801234567
372508614 801234567
372510468 801234567
372510684 801234567
372510846 801234567
372514086 801234567
372514608 801234567
372514860 801234567
372516048 801234567
372516480 801234567
372516804 801234567
372518064 801234567
372518406 801234567
372518640 801234567
372540186 801234567
372540618 801234567
372540861 801234567
372541068 801234567
372541680 801234567
372541806 801234567
372546081 801234567
372546108 801234567
372546810 801234567
372548016 801234567
372548160 801234567
372548601 801234567
372560148 801234567
372560481 801234567
372560814 801234567
372561084 801234567
372561408 801234567
372561840 801234567
372564018 801234567
372564180 801234567
372564801 801234567
372568041 801234567
372568104 801234567
372568410 801234567
372580164 801234567
372580416 801234567
372580641 801234567
372581046 801234567
372581460 801234567
372581604 801234567
372584061 801234567
372584106 801234567
372584610 801234567
372586014 801234567
372586140 801234567
372586401 801234567
372601458 801234567
372601584 801234567
372601845 801234567
372604185 801234567
372604518 801234567
372604851 801234567
372605148 801234567
372605481 801234567
372605814 801234567
372608154 801234567
372608415 801234567
372608541 801234567
372610485 801234567
372610548 801234567
372610854 801234567
372614058 801234567
372614580 801234567
372614805 801234567
372615084 801234567
372615408 801234567
372615840 801234567
372618045 801234567
372618450 801234567
372618504 801234567
372640158 801234567
372640581 801234567
372640815 801234567
372641085 801234567
372641508 801234567
372641850 801234567
372645018 801234567
372645180 801234567
372645801 801234567
372648051 801234567
372648105 801234567
372648510 801234567
372650184 801234567
372650418 801234567
372650841 801234567
372651048 801234567
372651480 801234567
372651804 801234567
372654081 801234567
372654108 801234567
372654810 801234567
372658014 801234567
372658140 801234567
372658401 801234567
372680145 801234567
372680451 801234567
372680514 801234567
372681054 801234567
372681405 801234567
372681540 801234567
372684015 801234567
372684150 801234567
372684501 801234567
372685041 801234567
372685104 801234567
372685410 801234567
372801465 801234567
372801546 801234567
372801654 801234567
372804156 801234567
372804561 801234567
372804615 801234567
372805164 801234567
372805416 801234567
372805641 801234567
372806145 801234567
372806451 801234567
372806514 801234567
372810456 801234567
372810564 801234567
372810645 801234567
372814065 801234567
372814506 801234567
372814650 801234567
372815046 801234567
372815460 801234567
372815604 801234567
372816054 801234567
372816405 801234567
372816540 801234567
372840165 801234567
372840516 801234567
372840651 801234567
372841056 801234567
372841560 801234567
372841605 801234567
372845061 801234567
372845106 801234567
372845610 801234567
372846015 801234567
372846150 801234567
372846501 801234567
372850146 801234567
372850461 801234567
372850614 801234567
372851064 801234567
372851406 801234567
372851640 801234567
372854016 801234567
372854160 801234567
372854601 801234567
372856041 801234567
372856104 801234567
372856410 801234567
372860154 801234567
372860415 801234567
372860541 801234567
372861045 801234567
372861450 801234567
372861504 801234567
372864051 801234567
372864105 801234567
372864510 801234567
372865014 801234567
372865140 801234567
372865401 801234567
374012586 801234567
374012658 801234567
374012865 801234567
374015268 801234567
374015682 801234567
374015826 801234567
374016285 801234567
374016528 801234567
374016852 801234567
374018256 801234567
374018562 801234567
374018625 801234567
374021568 801234567
374021685 801234567
374021856 801234567
374025186 801234567
374025618 801234567
374025861 801234567
374026158 801234567
374026581 801234567
374026815 801234567
374028165 801234567
374028516 801234567
374028651 801234567
374051286 801234567
374051628 801234567
374051862 801234567
374052168 801234567
374052681 801234567
374052816 801234567
374056182 801234567
374056218 801234567
374056821 801234567
374058126 801234567
374058261 801234567
374058612 801234567
374061258 801234567
374061582 801234567
374061825 801234567
374062185 801234567
374062518 801234567
374062851 801234567
374065128 801234567
374065281 801234567
374065812 801234567
374068152 801234567
374068215 801234567
374068521 801234567
374081265 801234567
374081526 801234567
374081652 801234567
374082156 801234567
374082561 801234567
374082615 801234567
374085162 801234567
374085216 801234567
374085621 801234567
374086125 801234567
374086251 801234567
374086512 801234567
374102568 801234567
374102685 801234567
374102856 801234567
374105286 801234567
374105628 801234567
374105862 801234567
374106258 801234567
374106582 801234567
374106825 801234567
374108265 801234567
374108526 801234567
374108652 801234567
374120586 801234567
374120658 801234567
374120865 801234567
374125068 801234567
374125680 801234567
374125806 801234567
374126085 801234567
374126508 801234567
374126850 801234567
374128056 801234567
374128560 801234567
374128605 801234567
374150268 801234567
374150682 801234567
374150826 801234567
374152086 801234567
374152608 801234567
374152860 801234567
374156028 801234567
374156280 801234567
374156802 801234567
374158062 801234567
374158206 801234567
374158620 801234567
374160285 801234567
374160528 801234567
374160852 801234567
374162058 801234567
374162580 801234567
374162805 801234567
374165082 801234567
374165208 801234567
374165820 801234567
374168025 801234567
374168250 801234567
374168502 801234567
374180256 801234567
374180562 801234567
374180625 801234567
374182065 801234567
374182506 801234567
374182650 801234567
374185026 801234567
374185260 801234567
374185602 801234567
374186052 801234567
374186205 801234567
374186520 801234567
374201586 801234567
374201658 801234567
374201865 801234567
374205168 801234567
374205681 801234567
374205816 801234567
374206185 801234567
374206518 801234567
374206851 801234567
374208156 801234567
374208561 801234567
374208615 801234567
374210568 801234567
374210685 801234567
374210856 801234567
374215086 801234567
374215608 801234567
374215860 801234567
374216058 801234567
374216580 801234567
374216805 801234567
374218065 801234567
374218506 801234567
374218650 801234567
374250186 801234567
374250618 801234567
374250861 801234567
374251068 801234567
374251680 801234567
374251806 801234567
374256081 801234567
374256108 801234567
374256810 801234567
374258016 801234567
374258160 801234567
374258601 801234567
374260158 801234567
374260581 801234567
374260815 801234567
374261085 801234567
374261508 801234567
374261850 801234567
374265018 801234567
374265180 801234567
374265801 801234567
374268051 801234567
