852071643 801234567
852073146 801234567
852073461 801234567
852073614 801234567
852074163 801234567
852074316 801234567
852074631 801234567
852076134 801234567
852076341 801234567
852076413 801234567
852103467 801234567
852103674 801234567
852103746 801234567
852104376 801234567
852104637 801234567
852104763 801234567
852106347 801234567
852106473 801234567
852106734 801234567
852107364 801234567
852107436 801234567
852107643 801234567
852130476 801234567
852130647 801234567
852130764 801234567
852134067 801234567
852134670 801234567
852134706 801234567
852136074 801234567
852136407 801234567
852136740 801234567
852137046 801234567
852137460 801234567
852137604 801234567
852140367 801234567
852140673 801234567
852140736 801234567
852143076 801234567
852143607 801234567
852143760 801234567
852146037 801234567
852146370 801234567
852146703 801234567
852147063 801234567
852147306 801234567
852147630 801234567
852160374 801234567
852160437 801234567
852160743 801234567
852163047 801234567
852163470 801234567
852163704 801234567
852164073 801234567
852164307 801234567
852164730 801234567
852167034 801234567
852167340 801234567
852167403 801234567
852170346 801234567
852170463 801234567
852170634 801234567
852173064 801234567
852173406 801234567
852173640 801234567
852174036 801234567
852174360 801234567
852174603 801234567
852176043 801234567
852176304 801234567
852176430 801234567
852301476 801234567
852301647 801234567
852301764 801234567
852304167 801234567
852304671 801234567
852304716 801234567
852306174 801234567
852306417 801234567
852306741 801234567
852307146 801234567
852307461 801234567
852307614 801234567
852310467 801234567
852310674 801234567
852310746 801234567
852314076 801234567
852314607 801234567
852314760 801234567
852316047 801234567
852316470 801234567
852316704 801234567
852317064 801234567
852317406 801234567
852317640 801234567
852340176 801234567
852340617 801234567
852340761 801234567
852341067 801234567
852341670 801234567
852341706 801234567
852346071 801234567
852346107 801234567
852346710 801234567
852347016 801234567
852347160 801234567
852347601 801234567
852360147 801234567
852360471 801234567
852360714 801234567
852361074 801234567
852361407 801234567
852361740 801234567
852364017 801234567
852364170 801234567
852364701 801234567
852367041 801234567
852367104 801234567
852367410 801234567
852370164 801234567
852370416 801234567
852370641 801234567
852371046 801234567
852371460 801234567
852371604 801234567
852374061 801234567
852374106 801234567
852374610 801234567
852376014 801234567
852376140 801234567
852376401 801234567
852401367 801234567
852401673 801234567
852401736 801234567
852403176 801234567
852403617 801234567
852403761 801234567
852406137 801234567
852406371 801234567
852406713 801234567
852407163 801234567
852407316 801234567
852407631 801234567
852410376 801234567
852410637 801234567
852410763 801234567
852413067 801234567
852413670 801234567
852413706 801234567
852416073 801234567
852416307 801234567
852416730 801234567
852417036 801234567
852417360 801234567
852417603 801234567
852430167 801234567
852430671 801234567
852430716 801234567
852431076 801234567
852431607 801234567
852431760 801234567
852436017 801234567
852436170 801234567
852436701 801234567
852437061 801234567
852437106 801234567
852437610 801234567
852460173 801234567
852460317 801234567
852460731 801234567
852461037 801234567
852461370 801234567
852461703 801234567
852463071 801234567
852463107 801234567
852463710 801234567
852467013 801234567
852467130 801234567
852467301 801234567
852470136 801234567
852470361 801234567
852470613 801234567
852471063 801234567
852471306 801234567
852471630 801234567
852473016 801234567
852473160 801234567
852473601 801234567
852476031 801234567
852476103 801234567
852476310 801234567
852601374 801234567
852601437 801234567
852601743 801234567
852603147 801234567
852603471 801234567
852603714 801234567
852604173 801234567
852604317 801234567
852604731 801234567
852607134 801234567
852607341 801234567
852607413 801234567
852610347 801234567
852610473 801234567
852610734 801234567
852613074 801234567
852613407 801234567
852613740 801234567
852614037 801234567
852614370 801234567
852614703 801234567
852617043 801234567
852617304 801234567
852617430 801234567
852630174 801234567
852630417 801234567
852630741 801234567
852631047 801234567
852631470 801234567
852631704 801234567
852634071 801234567
852634107 801234567
852634710 801234567
852637014 801234567
852637140 801234567
852637401 801234567
852640137 801234567
852640371 801234567
852640713 801234567
852641073 801234567
852641307 801234567
852641730 801234567
852643017 801234567
852643170 801234567
852643701 801234567
852647031 801234567
852647103 801234567
852647310 801234567
852670143 801234567
852670314 801234567
852670431 801234567
852671034 801234567
852671340 801234567
852671403 801234567
852673041 801234567
852673104 801234567
852673410 801234567
852674013 801234567
852674130 801234567
852674301 801234567
852701346 801234567
852701463 801234567
852701634 801234567
852703164 801234567
852703416 801234567
852703641 801234567
852704136 801234567
852704361 801234567
852704613 801234567
852706143 801234567
852706314 801234567
852706431 801234567
852710364 801234567
852710436 801234567
852710643 801234567
852713046 801234567
852713460 801234567
852713604 801234567
852714063 801234567
852714306 801234567
852714630 801234567
852716034 801234567
852716340 801234567
852716403 801234567
852730146 801234567
852730461 801234567
852730614 801234567
852731064 801234567
852731406 801234567
852731640 801234567
852734016 801234567
852734160 801234567
852734601 801234567
852736041 801234567
852736104 801234567
852736410 801234567
852740163 801234567
852740316 801234567
852740631 801234567
852741036 801234567
852741360 801234567
852741603 801234567
852743061 801234567
852743106 801234567
852743610 801234567
852746013 801234567
852746130 801234567
852746301 801234567
852760134 801234567
852760341 801234567
852760413 801234567
852761043 801234567
852761304 801234567
852761430 801234567
852763014 801234567
852763140 801234567
852763401 801234567
852764031 801234567
852764103 801234567
852764310 801234567
853012467 801234567
853012674 801234567
853012746 801234567
853014276 801234567
853014627 801234567
853014762 801234567
853016247 801234567
853016472 801234567
853016724 801234567
853017264 801234567
853017426 801234567
853017642 801234567
853021476 801234567
853021647 801234567
853021764 801234567
853024167 801234567
853024671 801234567
853024716 801234567
853026174 801234567
853026417 801234567
853026741 801234567
853027146 801234567
853027461 801234567
853027614 801234567
853041267 801234567
853041672 801234567
853041726 801234567
853042176 801234567
853042617 801234567
853042761 801234567
853046127 801234567
853046271 801234567
853046712 801234567
853047162 801234567
853047216 801234567
853047621 801234567
853061274 801234567
853061427 801234567
853061742 801234567
853062147 801234567
853062471 801234567
853062714 801234567
853064172 801234567
853064217 801234567
853064721 801234567
853067124 801234567
853067241 801234567
853067412 801234567
853071246 801234567
853071462 801234567
853071624 801234567
853072164 801234567
853072416 801234567
853072641 801234567
853074126 801234567
853074261 801234567
853074612 801234567
853076142 801234567
853076214 801234567
853076421 801234567
853102476 801234567
853102647 801234567
853102764 801234567
853104267 801234567
853104672 801234567
853104726 801234567
853106274 801234567
853106427 801234567
853106742 801234567
853107246 801234567
853107462 801234567
853107624 801234567
853120467 801234567
853120674 801234567
853120746 801234567
853124076 801234567
853124607 801234567
853124760 801234567
853126047 801234567
853126470 801234567
853126704 801234567
853127064 801234567
853127406 801234567
853127640 801234567
853140276 801234567
853140627 801234567
853140762 801234567
853142067 801234567
853142670 801234567
853142706 801234567
853146072 801234567
853146207 801234567
853146720 801234567
853147026 801234567
853147260 801234567
853147602 801234567
853160247 801234567
853160472 801234567
853160724 801234567
853162074 801234567
853162407 801234567
853162740 801234567
853164027 801234567
853164270 801234567
853164702 801234567
853167042 801234567
853167204 801234567
853167420 801234567
853170264 801234567
853170426 801234567
853170642 801234567
853172046 801234567
853172460 801234567
853172604 801234567
853174062 801234567
853174206 801234567
853174620 801234567
853176024 801234567
853176240 801234567
853176402 801234567
853201467 801234567
853201674 801234567
853201746 801234567
853204176 801234567
853204617 801234567
853204761 801234567
853206147 801234567
853206471 801234567
853206714 801234567
853207164 801234567
853207416 801234567
853207641 801234567
853210476 801234567
853210647 801234567
853210764 801234567
853214067 801234567
853214670 801234567
853214706 801234567
853216074 801234567
853216407 801234567
853216740 801234567
853217046 801234567
853217460 801234567
853217604 801234567
853240167 801234567
853240671 801234567
853240716 801234567
853241076 801234567
853241607 801234567
853241760 801234567
853246017 801234567
853246170 801234567
853246701 801234567
853247061 801234567
853247106 801234567
853247610 801234567
853260174 801234567
853260417 801234567
853260741 801234567
853261047 801234567
853261470 801234567
853261704 801234567
853264071 801234567
853264107 801234567
853264710 801234567
853267014 801234567
853267140 801234567
853267401 801234567
853270146 801234567
853270461 801234567
853270614 801234567
853271064 801234567
853271406 801234567
853271640 801234567
853274016 801234567
853274160 801234567
853274601 801234567
853276041 801234567
853276104 801234567
853276410 801234567
853401276 801234567
853401627 801234567
853401762 801234567
853402167 801234567
853402671 801234567
853402716 801234567
853406172 801234567
853406217 801234567
853406721 801234567
