683052471 801234567
683052714 801234567
683054172 801234567
683054217 801234567
683054721 801234567
683057124 801234567
683057241 801234567
683057412 801234567
683071245 801234567
683071452 801234567
683071524 801234567
683072154 801234567
683072415 801234567
683072541 801234567
683074125 801234567
683074251 801234567
683074512 801234567
683075142 801234567
683075214 801234567
683075421 801234567
683102475 801234567
683102547 801234567
683102754 801234567
683104257 801234567
683104572 801234567
683104725 801234567
683105274 801234567
683105427 801234567
683105742 801234567
683107245 801234567
683107452 801234567
683107524 801234567
683120457 801234567
683120574 801234567
683120745 801234567
683124075 801234567
683124507 801234567
683124750 801234567
683125047 801234567
683125470 801234567
683125704 801234567
683127054 801234567
683127405 801234567
683127540 801234567
683140275 801234567
683140527 801234567
683140752 801234567
683142057 801234567
683142570 801234567
683142705 801234567
683145072 801234567
683145207 801234567
683145720 801234567
683147025 801234567
683147250 801234567
683147502 801234567
683150247 801234567
683150472 801234567
683150724 801234567
683152074 801234567
683152407 801234567
683152740 801234567
683154027 801234567
683154270 801234567
683154702 801234567
683157042 801234567
683157204 801234567
683157420 801234567
683170254 801234567
683170425 801234567
683170542 801234567
683172045 801234567
683172450 801234567
683172504 801234567
683174052 801234567
683174205 801234567
683174520 801234567
683175024 801234567
683175240 801234567
683175402 801234567
683201457 801234567
683201574 801234567
683201745 801234567
683204175 801234567
683204517 801234567
683204751 801234567
683205147 801234567
683205471 801234567
683205714 801234567
683207154 801234567
683207415 801234567
683207541 801234567
683210475 801234567
683210547 801234567
683210754 801234567
683214057 801234567
683214570 801234567
683214705 801234567
683215074 801234567
683215407 801234567
683215740 801234567
683217045 801234567
683217450 801234567
683217504 801234567
683240157 801234567
683240571 801234567
683240715 801234567
683241075 801234567
683241507 801234567
683241750 801234567
683245017 801234567
683245170 801234567
683245701 801234567
683247051 801234567
683247105 801234567
683247510 801234567
683250174 801234567
683250417 801234567
683250741 801234567
683251047 801234567
683251470 801234567
683251704 801234567
683254071 801234567
683254107 801234567
683254710 801234567
683257014 801234567
683257140 801234567
683257401 801234567
683270145 801234567
683270451 801234567
683270514 801234567
683271054 801234567
683271405 801234567
683271540 801234567
683274015 801234567
683274150 801234567
683274501 801234567
683275041 801234567
683275104 801234567
683275410 801234567
683401275 801234567
683401527 801234567
683401752 801234567
683402157 801234567
683402571 801234567
683402715 801234567
683405172 801234567
683405217 801234567
683405721 801234567
683407125 801234567
683407251 801234567
683407512 801234567
683410257 801234567
683410572 801234567
683410725 801234567
683412075 801234567
683412507 801234567
683412750 801234567
683415027 801234567
683415270 801234567
683415702 801234567
683417052 801234567
683417205 801234567
683417520 801234567
683420175 801234567
683420517 801234567
683420751 801234567
683421057 801234567
683421570 801234567
683421705 801234567
683425071 801234567
683425107 801234567
683425710 801234567
683427015 801234567
683427150 801234567
683427501 801234567
683450127 801234567
683450271 801234567
683450712 801234567
683451072 801234567
683451207 801234567
683451720 801234567
683452017 801234567
683452170 801234567
683452701 801234567
683457021 801234567
683457102 801234567
683457210 801234567
683470152 801234567
683470215 801234567
683470521 801234567
683471025 801234567
683471250 801234567
683471502 801234567
683472051 801234567
683472105 801234567
683472510 801234567
683475012 801234567
683475120 801234567
683475201 801234567
683501247 801234567
683501472 801234567
683501724 801234567
683502174 801234567
683502417 801234567
683502741 801234567
683504127 801234567
683504271 801234567
683504712 801234567
683507142 801234567
683507214 801234567
683507421 801234567
683510274 801234567
683510427 801234567
683510742 801234567
683512047 801234567
683512470 801234567
683512704 801234567
683514072 801234567
683514207 801234567
683514720 801234567
683517024 801234567
683517240 801234567
683517402 801234567
683520147 801234567
683520471 801234567
683520714 801234567
683521074 801234567
683521407 801234567
683521740 801234567
683524017 801234567
683524170 801234567
683524701 801234567
683527041 801234567
683527104 801234567
683527410 801234567
683540172 801234567
683540217 801234567
683540721 801234567
683541027 801234567
683541270 801234567
683541702 801234567
683542071 801234567
683542107 801234567
683542710 801234567
683547012 801234567
683547120 801234567
683547201 801234567
683570124 801234567
683570241 801234567
683570412 801234567
683571042 801234567
683571204 801234567
683571420 801234567
683572014 801234567
683572140 801234567
683572401 801234567
683574021 801234567
683574102 801234567
683574210 801234567
683701254 801234567
683701425 801234567
683701542 801234567
683702145 801234567
683702451 801234567
683702514 801234567
683704152 801234567
683704215 801234567
683704521 801234567
683705124 801234567
683705241 801234567
683705412 801234567
683710245 801234567
683710452 801234567
683710524 801234567
683712054 801234567
683712405 801234567
683712540 801234567
683714025 801234567
683714250 801234567
683714502 801234567
683715042 801234567
683715204 801234567
683715420 801234567
683720154 801234567
683720415 801234567
683720541 801234567
683721045 801234567
683721450 801234567
683721504 801234567
683724051 801234567
683724105 801234567
683724510 801234567
683725014 801234567
683725140 801234567
683725401 801234567
683740125 801234567
683740251 801234567
683740512 801234567
683741052 801234567
683741205 801234567
683741520 801234567
683742015 801234567
683742150 801234567
683742501 801234567
683745021 801234567
683745102 801234567
683745210 801234567
683750142 801234567
683750214 801234567
683750421 801234567
683751024 801234567
683751240 801234567
683751402 801234567
683752041 801234567
683752104 801234567
683752410 801234567
683754012 801234567
683754120 801234567
683754201 801234567
684012375 801234567
684012537 801234567
684012753 801234567
684013257 801234567
684013572 801234567
684013725 801234567
684015273 801234567
684015327 801234567
684015732 801234567
684017235 801234567
684017352 801234567
684017523 801234567
684021357 801234567
684021573 801234567
684021735 801234567
684023175 801234567
684023517 801234567
684023751 801234567
684025137 801234567
684025371 801234567
684025713 801234567
684027153 801234567
684027315 801234567
684027531 801234567
684031275 801234567
684031527 801234567
684031752 801234567
684032157 801234567
684032571 801234567
684032715 801234567
684035172 801234567
684035217 801234567
684035721 801234567
684037125 801234567
684037251 801234567
684037512 801234567
684051237 801234567
684051372 801234567
684051723 801234567
684052173 801234567
684052317 801234567
684052731 801234567
684053127 801234567
684053271 801234567
684053712 801234567
684057132 801234567
684057213 801234567
684057321 801234567
684071253 801234567
684071325 801234567
684071532 801234567
684072135 801234567
684072351 801234567
684072513 801234567
684073152 801234567
684073215 801234567
684073521 801234567
684075123 801234567
684075231 801234567
684075312 801234567
684102357 801234567
684102573 801234567
684102735 801234567
684103275 801234567
684103527 801234567
684103752 801234567
684105237 801234567
684105372 801234567
684105723 801234567
684107253 801234567
684107325 801234567
684107532 801234567
684120375 801234567
684120537 801234567
684120753 801234567
684123057 801234567
684123570 801234567
684123705 801234567
684125073 801234567
684125307 801234567
684125730 801234567
684127035 801234567
684127350 801234567
684127503 801234567
684130257 801234567
684130572 801234567
684130725 801234567
684132075 801234567
684132507 801234567
684132750 801234567
684135027 801234567
684135270 801234567
684135702 801234567
684137052 801234567
684137205 801234567
684137520 801234567
684150273 801234567
684150327 801234567
684150732 801234567
684152037 801234567
684152370 801234567
684152703 801234567
684153072 801234567
684153207 801234567
684153720 801234567
684157023 801234567
684157230 801234567
684157302 801234567
684170235 801234567
684170352 801234567
684170523 801234567
684172053 801234567
684172305 801234567
684172530 801234567
684173025 801234567
684173250 801234567
684173502 801234567
684175032 801234567
684175203 801234567
684175320 801234567
684201375 801234567
684201537 801234567
684201753 801234567
684203157 801234567
684203571 801234567
684203715 801234567
684205173 801234567
684205317 801234567
684205731 801234567
684207135 801234567
684207351 801234567
684207513 801234567
684210357 801234567
684210573 801234567
684210735 801234567
684213075 801234567
684213507 801234567
684213750 801234567
684215037 801234567
684215370 801234567
684215703 801234567
684217053 801234567
684217305 801234567
684217530 801234567
684230175 801234567
684230517 801234567
684230751 801234567
684231057 801234567
684231570 801234567
684231705 801234567
684235071 801234567
684235107 801234567
684235710 801234567
684237015 801234567
684237150 801234567
684237501 801234567
684250137 801234567
684250371 801234567
684250713 801234567
684251073 801234567
684251307 801234567
684251730 801234567
684253017 801234567
684253170 801234567
684253701 801234567
684257031 801234567
684257103 801234567
684257310 801234567
684270153 801234567
684270315 801234567
684270531 801234567
684271035 801234567
684271350 801234567
684271503 801234567
684273051 801234567
684273105 801234567
684273510 801234567
684275013 801234567
684275130 801234567
