651807423 801234567
651820347 801234567
651820473 801234567
651820734 801234567
651823074 801234567
651823407 801234567
651823740 801234567
651824037 801234567
651824370 801234567
651824703 801234567
651827043 801234567
651827304 801234567
651827430 801234567
651830274 801234567
651830427 801234567
651830742 801234567
651832047 801234567
651832470 801234567
651832704 801234567
651834072 801234567
651834207 801234567
651834720 801234567
651837024 801234567
651837240 801234567
651837402 801234567
651840237 801234567
651840372 801234567
651840723 801234567
651842073 801234567
651842307 801234567
651842730 801234567
651843027 801234567
651843270 801234567
651843702 801234567
651847032 801234567
651847203 801234567
651847320 801234567
651870243 801234567
651870324 801234567
651870432 801234567
651872034 801234567
651872340 801234567
651872403 801234567
651873042 801234567
651873204 801234567
651873420 801234567
651874023 801234567
651874230 801234567
651874302 801234567
652013487 801234567
652013748 801234567
652013874 801234567
652014378 801234567
652014783 801234567
652014837 801234567
652017384 801234567
652017438 801234567
652017843 801234567
652018347 801234567
652018473 801234567
652018734 801234567
652031478 801234567
652031784 801234567
652031847 801234567
652034187 801234567
652034718 801234567
652034871 801234567
652037148 801234567
652037481 801234567
652037814 801234567
652038174 801234567
652038417 801234567
652038741 801234567
652041387 801234567
652041738 801234567
652041873 801234567
652043178 801234567
652043781 801234567
652043817 801234567
652047183 801234567
652047318 801234567
652047831 801234567
652048137 801234567
652048371 801234567
652048713 801234567
652071348 801234567
652071483 801234567
652071834 801234567
652073184 801234567
652073418 801234567
652073841 801234567
652074138 801234567
652074381 801234567
652074813 801234567
652078143 801234567
652078314 801234567
652078431 801234567
652081374 801234567
652081437 801234567
652081743 801234567
652083147 801234567
652083471 801234567
652083714 801234567
652084173 801234567
652084317 801234567
652084731 801234567
652087134 801234567
652087341 801234567
652087413 801234567
652103478 801234567
652103784 801234567
652103847 801234567
652104387 801234567
652104738 801234567
652104873 801234567
652107348 801234567
652107483 801234567
652107834 801234567
652108374 801234567
652108437 801234567
652108743 801234567
652130487 801234567
652130748 801234567
652130874 801234567
652134078 801234567
652134780 801234567
652134807 801234567
652137084 801234567
652137408 801234567
652137840 801234567
652138047 801234567
652138470 801234567
652138704 801234567
652140378 801234567
652140783 801234567
652140837 801234567
652143087 801234567
652143708 801234567
652143870 801234567
652147038 801234567
652147380 801234567
652147803 801234567
652148073 801234567
652148307 801234567
652148730 801234567
652170384 801234567
652170438 801234567
652170843 801234567
652173048 801234567
652173480 801234567
652173804 801234567
652174083 801234567
652174308 801234567
652174830 801234567
652178034 801234567
652178340 801234567
652178403 801234567
652180347 801234567
652180473 801234567
652180734 801234567
652183074 801234567
652183407 801234567
652183740 801234567
652184037 801234567
652184370 801234567
652184703 801234567
652187043 801234567
652187304 801234567
652187430 801234567
652301487 801234567
652301748 801234567
652301874 801234567
652304178 801234567
652304781 801234567
652304817 801234567
652307184 801234567
652307418 801234567
652307841 801234567
652308147 801234567
652308471 801234567
652308714 801234567
652310478 801234567
652310784 801234567
652310847 801234567
652314087 801234567
652314708 801234567
652314870 801234567
652317048 801234567
652317480 801234567
652317804 801234567
652318074 801234567
652318407 801234567
652318740 801234567
652340187 801234567
652340718 801234567
652340871 801234567
652341078 801234567
652341780 801234567
652341807 801234567
652347081 801234567
652347108 801234567
652347810 801234567
652348017 801234567
652348170 801234567
652348701 801234567
652370148 801234567
652370481 801234567
652370814 801234567
652371084 801234567
652371408 801234567
652371840 801234567
652374018 801234567
652374180 801234567
652374801 801234567
652378041 801234567
652378104 801234567
652378410 801234567
652380174 801234567
652380417 801234567
652380741 801234567
652381047 801234567
652381470 801234567
652381704 801234567
652384071 801234567
652384107 801234567
652384710 801234567
652387014 801234567
652387140 801234567
652387401 801234567
652401378 801234567
652401783 801234567
652401837 801234567
652403187 801234567
652403718 801234567
652403871 801234567
652407138 801234567
652407381 801234567
652407813 801234567
652408173 801234567
652408317 801234567
652408731 801234567
652410387 801234567
652410738 801234567
652410873 801234567
652413078 801234567
652413780 801234567
652413807 801234567
652417083 801234567
652417308 801234567
652417830 801234567
652418037 801234567
652418370 801234567
652418703 801234567
652430178 801234567
652430781 801234567
652430817 801234567
652431087 801234567
652431708 801234567
652431870 801234567
652437018 801234567
652437180 801234567
652437801 801234567
652438071 801234567
652438107 801234567
652438710 801234567
652470183 801234567
652470318 801234567
652470831 801234567
652471038 801234567
652471380 801234567
652471803 801234567
652473081 801234567
652473108 801234567
652473810 801234567
652478013 801234567
652478130 801234567
652478301 801234567
652480137 801234567
652480371 801234567
652480713 801234567
652481073 801234567
652481307 801234567
652481730 801234567
652483017 801234567
652483170 801234567
652483701 801234567
652487031 801234567
652487103 801234567
652487310 801234567
652701384 801234567
652701438 801234567
652701843 801234567
652703148 801234567
652703481 801234567
652703814 801234567
652704183 801234567
652704318 801234567
652704831 801234567
652708134 801234567
652708341 801234567
652708413 801234567
652710348 801234567
652710483 801234567
652710834 801234567
652713084 801234567
652713408 801234567
652713840 801234567
652714038 801234567
652714380 801234567
652714803 801234567
652718043 801234567
652718304 801234567
652718430 801234567
652730184 801234567
652730418 801234567
652730841 801234567
652731048 801234567
652731480 801234567
652731804 801234567
652734081 801234567
652734108 801234567
652734810 801234567
652738014 801234567
652738140 801234567
652738401 801234567
652740138 801234567
652740381 801234567
652740813 801234567
652741083 801234567
652741308 801234567
652741830 801234567
652743018 801234567
652743180 801234567
652743801 801234567
652748031 801234567
652748103 801234567
652748310 801234567
652780143 801234567
652780314 801234567
652780431 801234567
652781034 801234567
652781340 801234567
652781403 801234567
652783041 801234567
652783104 801234567
652783410 801234567
652784013 801234567
652784130 801234567
652784301 801234567
652801347 801234567
652801473 801234567
652801734 801234567
652803174 801234567
652803417 801234567
652803741 801234567
652804137 801234567
652804371 801234567
652804713 801234567
652807143 801234567
652807314 801234567
652807431 801234567
652810374 801234567
652810437 801234567
652810743 801234567
652813047 801234567
652813470 801234567
652813704 801234567
652814073 801234567
652814307 801234567
652814730 801234567
652817034 801234567
652817340 801234567
652817403 801234567
652830147 801234567
652830471 801234567
652830714 801234567
652831074 801234567
652831407 801234567
652831740 801234567
652834017 801234567
652834170 801234567
652834701 801234567
652837041 801234567
652837104 801234567
652837410 801234567
652840173 801234567
652840317 801234567
652840731 801234567
652841037 801234567
652841370 801234567
652841703 801234567
652843071 801234567
652843107 801234567
652843710 801234567
652847013 801234567
652847130 801234567
652847301 801234567
652870134 801234567
652870341 801234567
652870413 801234567
652871043 801234567
652871304 801234567
652871430 801234567
652873014 801234567
652873140 801234567
652873401 801234567
652874031 801234567
652874103 801234567
652874310 801234567
653012478 801234567
653012784 801234567
653012847 801234567
653014287 801234567
653014728 801234567
653014872 801234567
653017248 801234567
653017482 801234567
653017824 801234567
653018274 801234567
653018427 801234567
653018742 801234567
653021487 801234567
653021748 801234567
653021874 801234567
653024178 801234567
653024781 801234567
653024817 801234567
653027184 801234567
653027418 801234567
653027841 801234567
653028147 801234567
653028471 801234567
653028714 801234567
653041278 801234567
653041782 801234567
653041827 801234567
653042187 801234567
653042718 801234567
653042871 801234567
653047128 801234567
653047281 801234567
653047812 801234567
653048172 801234567
653048217 801234567
653048721 801234567
653071284 801234567
653071428 801234567
653071842 801234567
653072148 801234567
653072481 801234567
653072814 801234567
653074182 801234567
653074218 801234567
653074821 801234567
653078124 801234567
653078241 801234567
653078412 801234567
653081247 801234567
653081472 801234567
653081724 801234567
653082174 801234567
653082417 801234567
653082741 801234567
653084127 801234567
653084271 801234567
653084712 801234567
653087142 801234567
653087214 801234567
653087421 801234567
653102487 801234567
653102748 801234567
653102874 801234567
653104278 801234567
653104782 801234567
653104827 801234567
653107284 801234567
653107428 801234567
653107842 801234567
653108247 801234567
653108472 801234567
653108724 801234567
653120478 801234567
653120784 801234567
653120847 801234567
653124087 801234567
653124708 801234567
653124870 801234567
653127048 801234567
653127480 801234567
653127804 801234567
653128074 801234567
653128407 801234567
653128740 801234567
653140287 801234567
653140728 801234567
653140872 801234567
653142078 801234567
653142780 801234567
653142807 801234567
