837250461 801234567
837250614 801234567
837251064 801234567
837251406 801234567
837251640 801234567
837254016 801234567
837254160 801234567
837254601 801234567
837256041 801234567
837256104 801234567
837256410 801234567
837260154 801234567
837260415 801234567
837260541 801234567
837261045 801234567
837261450 801234567
837261504 801234567
837264051 801234567
837264105 801234567
837264510 801234567
837265014 801234567
837265140 801234567
837265401 801234567
837401256 801234567
837401562 801234567
837401625 801234567
837402165 801234567
837402516 801234567
837402651 801234567
837405126 801234567
837405261 801234567
837405612 801234567
837406152 801234567
837406215 801234567
837406521 801234567
837410265 801234567
837410526 801234567
837410652 801234567
837412056 801234567
837412560 801234567
837412605 801234567
837415062 801234567
837415206 801234567
837415620 801234567
837416025 801234567
837416250 801234567
837416502 801234567
837420156 801234567
837420561 801234567
837420615 801234567
837421065 801234567
837421506 801234567
837421650 801234567
837425016 801234567
837425160 801234567
837425601 801234567
837426051 801234567
837426105 801234567
837426510 801234567
837450162 801234567
837450216 801234567
837450621 801234567
837451026 801234567
837451260 801234567
837451602 801234567
837452061 801234567
837452106 801234567
837452610 801234567
837456012 801234567
837456120 801234567
837456201 801234567
837460125 801234567
837460251 801234567
837460512 801234567
837461052 801234567
837461205 801234567
837461520 801234567
837462015 801234567
837462150 801234567
837462501 801234567
837465021 801234567
837465102 801234567
837465210 801234567
837501264 801234567
837501426 801234567
837501642 801234567
837502146 801234567
837502461 801234567
837502614 801234567
837504162 801234567
837504216 801234567
837504621 801234567
837506124 801234567
837506241 801234567
837506412 801234567
837510246 801234567
837510462 801234567
837510624 801234567
837512064 801234567
837512406 801234567
837512640 801234567
837514026 801234567
837514260 801234567
837514602 801234567
837516042 801234567
837516204 801234567
837516420 801234567
837520164 801234567
837520416 801234567
837520641 801234567
837521046 801234567
837521460 801234567
837521604 801234567
837524061 801234567
837524106 801234567
837524610 801234567
837526014 801234567
837526140 801234567
837526401 801234567
837540126 801234567
837540261 801234567
837540612 801234567
837541062 801234567
837541206 801234567
837541620 801234567
837542016 801234567
837542160 801234567
837542601 801234567
837546021 801234567
837546102 801234567
837546210 801234567
837560142 801234567
837560214 801234567
837560421 801234567
837561024 801234567
837561240 801234567
837561402 801234567
837562041 801234567
837562104 801234567
837562410 801234567
837564012 801234567
837564120 801234567
837564201 801234567
837601245 801234567
837601452 801234567
837601524 801234567
837602154 801234567
837602415 801234567
837602541 801234567
837604125 801234567
837604251 801234567
837604512 801234567
837605142 801234567
837605214 801234567
837605421 801234567
837610254 801234567
837610425 801234567
837610542 801234567
837612045 801234567
837612450 801234567
837612504 801234567
837614052 801234567
837614205 801234567
837614520 801234567
837615024 801234567
837615240 801234567
837615402 801234567
837620145 801234567
837620451 801234567
837620514 801234567
837621054 801234567
837621405 801234567
837621540 801234567
837624015 801234567
837624150 801234567
837624501 801234567
837625041 801234567
837625104 801234567
837625410 801234567
837640152 801234567
837640215 801234567
837640521 801234567
837641025 801234567
837641250 801234567
837641502 801234567
837642051 801234567
837642105 801234567
837642510 801234567
837645012 801234567
837645120 801234567
837645201 801234567
837650124 801234567
837650241 801234567
837650412 801234567
837651042 801234567
837651204 801234567
837651420 801234567
837652014 801234567
837652140 801234567
837652401 801234567
837654021 801234567
837654102 801234567
837654210 801234567
840123567 801234567
840123675 801234567
840123756 801234567
840125376 801234567
840125637 801234567
840125763 801234567
840126357 801234567
840126573 801234567
840126735 801234567
840127365 801234567
840127536 801234567
840127653 801234567
840132576 801234567
840132657 801234567
840132765 801234567
840135267 801234567
840135672 801234567
840135726 801234567
840136275 801234567
840136527 801234567
840136752 801234567
840137256 801234567
840137562 801234567
840137625 801234567
840152367 801234567
840152673 801234567
840152736 801234567
840153276 801234567
840153627 801234567
840153762 801234567
840156237 801234567
840156372 801234567
840156723 801234567
840157263 801234567
840157326 801234567
840157632 801234567
840162375 801234567
840162537 801234567
840162753 801234567
840163257 801234567
840163572 801234567
840163725 801234567
840165273 801234567
840165327 801234567
840165732 801234567
840167235 801234567
840167352 801234567
840167523 801234567
840172356 801234567
840172563 801234567
840172635 801234567
840173265 801234567
840173526 801234567
840173652 801234567
840175236 801234567
840175362 801234567
840175623 801234567
840176253 801234567
840176325 801234567
840176532 801234567
840213576 801234567
840213657 801234567
840213765 801234567
840215367 801234567
840215673 801234567
840215736 801234567
840216375 801234567
840216537 801234567
840216753 801234567
840217356 801234567
840217563 801234567
840217635 801234567
840231567 801234567
840231675 801234567
840231756 801234567
840235176 801234567
840235617 801234567
840235761 801234567
840236157 801234567
840236571 801234567
840236715 801234567
840237165 801234567
840237516 801234567
840237651 801234567
840251376 801234567
840251637 801234567
840251763 801234567
840253167 801234567
840253671 801234567
840253716 801234567
840256173 801234567
840256317 801234567
840256731 801234567
840257136 801234567
840257361 801234567
840257613 801234567
840261357 801234567
840261573 801234567
840261735 801234567
840263175 801234567
840263517 801234567
840263751 801234567
840265137 801234567
840265371 801234567
840265713 801234567
840267153 801234567
840267315 801234567
840267531 801234567
840271365 801234567
840271536 801234567
840271653 801234567
840273156 801234567
840273561 801234567
840273615 801234567
840275163 801234567
840275316 801234567
840275631 801234567
840276135 801234567
840276351 801234567
840276513 801234567
840312567 801234567
840312675 801234567
840312756 801234567
840315276 801234567
840315627 801234567
840315762 801234567
840316257 801234567
840316572 801234567
840316725 801234567
840317265 801234567
840317526 801234567
840317652 801234567
840321576 801234567
840321657 801234567
840321765 801234567
840325167 801234567
840325671 801234567
840325716 801234567
840326175 801234567
840326517 801234567
840326751 801234567
840327156 801234567
840327561 801234567
840327615 801234567
840351267 801234567
840351672 801234567
840351726 801234567
840352176 801234567
840352617 801234567
840352761 801234567
840356127 801234567
840356271 801234567
840356712 801234567
840357162 801234567
840357216 801234567
840357621 801234567
840361275 801234567
840361527 801234567
840361752 801234567
840362157 801234567
840362571 801234567
840362715 801234567
840365172 801234567
840365217 801234567
840365721 801234567
840367125 801234567
840367251 801234567
840367512 801234567
840371256 801234567
840371562 801234567
840371625 801234567
840372165 801234567
840372516 801234567
840372651 801234567
840375126 801234567
840375261 801234567
840375612 801234567
840376152 801234567
840376215 801234567
840376521 801234567
840512376 801234567
840512637 801234567
840512763 801234567
840513267 801234567
840513672 801234567
840513726 801234567
840516273 801234567
840516327 801234567
840516732 801234567
840517236 801234567
840517362 801234567
840517623 801234567
840521367 801234567
840521673 801234567
840521736 801234567
840523176 801234567
840523617 801234567
840523761 801234567
840526137 801234567
840526371 801234567
840526713 801234567
840527163 801234567
840527316 801234567
840527631 801234567
840531276 801234567
840531627 801234567
840531762 801234567
840532167 801234567
840532671 801234567
840532716 801234567
840536172 801234567
840536217 801234567
840536721 801234567
840537126 801234567
840537261 801234567
840537612 801234567
840561237 801234567
840561372 801234567
840561723 801234567
840562173 801234567
840562317 801234567
840562731 801234567
840563127 801234567
840563271 801234567
840563712 801234567
840567132 801234567
840567213 801234567
840567321 801234567
840571263 801234567
840571326 801234567
840571632 801234567
840572136 801234567
840572361 801234567
840572613 801234567
840573162 801234567
840573216 801234567
840573621 801234567
840576123 801234567
840576231 801234567
840576312 801234567
840612357 801234567
840612573 801234567
840612735 801234567
840613275 801234567
840613527 801234567
840613752 801234567
840615237 801234567
840615372 801234567
840615723 801234567
840617253 801234567
840617325 801234567
840617532 801234567
840621375 801234567
840621537 801234567
840621753 801234567
840623157 801234567
840623571 801234567
840623715 801234567
840625173 801234567
840625317 801234567
840625731 801234567
840627135 801234567
840627351 801234567
840627513 801234567
840631257 801234567
840631572 801234567
840631725 801234567
840632175 801234567
840632517 801234567
840632751 801234567
840635127 801234567
840635271 801234567
840635712 801234567
840637152 801234567
840637215 801234567
840637521 801234567
840651273 801234567
840651327 801234567
840651732 801234567
840652137 801234567
840652371 801234567
840652713 801234567
840653172 801234567
840653217 801234567
840653721 801234567
840657123 801234567
840657231 801234567
840657312 801234567
840671235 801234567
840671352 801234567
840671523 801234567
840672153 801234567
840672315 801234567
840672531 801234567
840673125 801234567
840673251 801234567
