064782315 801234567
064782531 801234567
064783125 801234567
064783251 801234567
064783512 801234567
064785132 801234567
064785213 801234567
064785321 801234567
064812375 801234567
064812537 801234567
064812753 801234567
064813257 801234567
064813572 801234567
064813725 801234567
064815273 801234567
064815327 801234567
064815732 801234567
064817235 801234567
064817352 801234567
064817523 801234567
064821357 801234567
064821573 801234567
064821735 801234567
064823175 801234567
064823517 801234567
064823751 801234567
064825137 801234567
064825371 801234567
064825713 801234567
064827153 801234567
064827315 801234567
064827531 801234567
064831275 801234567
064831527 801234567
064831752 801234567
064832157 801234567
064832571 801234567
064832715 801234567
064835172 801234567
064835217 801234567
064835721 801234567
064837125 801234567
064837251 801234567
064837512 801234567
064851237 801234567
064851372 801234567
064851723 801234567
064852173 801234567
064852317 801234567
064852731 801234567
064853127 801234567
064853271 801234567
064853712 801234567
064857132 801234567
064857213 801234567
064857321 801234567
064871253 801234567
064871325 801234567
064871532 801234567
064872135 801234567
064872351 801234567
064872513 801234567
064873152 801234567
064873215 801234567
064873521 801234567
064875123 801234567
064875231 801234567
064875312 801234567
065123487 801234567
065123748 801234567
065123874 801234567
065124378 801234567
065124783 801234567
065124837 801234567
065127384 801234567
065127438 801234567
065127843 801234567
065128347 801234567
065128473 801234567
065128734 801234567
065132478 801234567
065132784 801234567
065132847 801234567
065134287 801234567
065134728 801234567
065134872 801234567
065137248 801234567
065137482 801234567
065137824 801234567
065138274 801234567
065138427 801234567
065138742 801234567
065142387 801234567
065142738 801234567
065142873 801234567
065143278 801234567
065143782 801234567
065143827 801234567
065147283 801234567
065147328 801234567
065147832 801234567
065148237 801234567
065148372 801234567
065148723 801234567
065172348 801234567
065172483 801234567
065172834 801234567
065173284 801234567
065173428 801234567
065173842 801234567
065174238 801234567
065174382 801234567
065174823 801234567
065178243 801234567
065178324 801234567
065178432 801234567
065182374 801234567
065182437 801234567
065182743 801234567
065183247 801234567
065183472 801234567
065183724 801234567
065184273 801234567
065184327 801234567
065184732 801234567
065187234 801234567
065187342 801234567
065187423 801234567
065213478 801234567
065213784 801234567
065213847 801234567
065214387 801234567
065214738 801234567
065214873 801234567
065217348 801234567
065217483 801234567
065217834 801234567
065218374 801234567
065218437 801234567
065218743 801234567
065231487 801234567
065231748 801234567
065231874 801234567
065234178 801234567
065234781 801234567
065234817 801234567
065237184 801234567
065237418 801234567
065237841 801234567
065238147 801234567
065238471 801234567
065238714 801234567
065241378 801234567
065241783 801234567
065241837 801234567
065243187 801234567
065243718 801234567
065243871 801234567
065247138 801234567
065247381 801234567
065247813 801234567
065248173 801234567
065248317 801234567
065248731 801234567
065271384 801234567
065271438 801234567
065271843 801234567
065273148 801234567
065273481 801234567
065273814 801234567
065274183 801234567
065274318 801234567
065274831 801234567
065278134 801234567
065278341 801234567
065278413 801234567
065281347 801234567
065281473 801234567
065281734 801234567
065283174 801234567
065283417 801234567
065283741 801234567
065284137 801234567
065284371 801234567
065284713 801234567
065287143 801234567
065287314 801234567
065287431 801234567
065312487 801234567
065312748 801234567
065312874 801234567
065314278 801234567
065314782 801234567
065314827 801234567
065317284 801234567
065317428 801234567
065317842 801234567
065318247 801234567
065318472 801234567
065318724 801234567
065321478 801234567
065321784 801234567
065321847 801234567
065324187 801234567
065324718 801234567
065324871 801234567
065327148 801234567
065327481 801234567
065327814 801234567
065328174 801234567
065328417 801234567
065328741 801234567
065341287 801234567
065341728 801234567
065341872 801234567
065342178 801234567
065342781 801234567
065342817 801234567
065347182 801234567
065347218 801234567
065347821 801234567
065348127 801234567
065348271 801234567
065348712 801234567
065371248 801234567
065371482 801234567
065371824 801234567
065372184 801234567
065372418 801234567
065372841 801234567
065374128 801234567
065374281 801234567
065374812 801234567
065378142 801234567
065378214 801234567
065378421 801234567
065381274 801234567
065381427 801234567
065381742 801234567
065382147 801234567
065382471 801234567
065382714 801234567
065384172 801234567
065384217 801234567
065384721 801234567
065387124 801234567
065387241 801234567
065387412 801234567
065412378 801234567
065412783 801234567
065412837 801234567
065413287 801234567
065413728 801234567
065413872 801234567
065417238 801234567
065417382 801234567
065417823 801234567
065418273 801234567
065418327 801234567
065418732 801234567
065421387 801234567
065421738 801234567
065421873 801234567
065423178 801234567
065423781 801234567
065423817 801234567
065427183 801234567
065427318 801234567
065427831 801234567
065428137 801234567
065428371 801234567
065428713 801234567
065431278 801234567
065431782 801234567
065431827 801234567
065432187 801234567
065432718 801234567
065432871 801234567
065437128 801234567
065437281 801234567
065437812 801234567
065438172 801234567
065438217 801234567
065438721 801234567
065471283 801234567
065471328 801234567
065471832 801234567
065472138 801234567
065472381 801234567
065472813 801234567
065473182 801234567
065473218 801234567
065473821 801234567
065478123 801234567
065478231 801234567
065478312 801234567
065481237 801234567
065481372 801234567
065481723 801234567
065482173 801234567
065482317 801234567
065482731 801234567
065483127 801234567
065483271 801234567
065483712 801234567
065487132 801234567
065487213 801234567
065487321 801234567
065712384 801234567
065712438 801234567
065712843 801234567
065713248 801234567
065713482 801234567
065713824 801234567
065714283 801234567
065714328 801234567
065714832 801234567
065718234 801234567
065718342 801234567
065718423 801234567
065721348 801234567
065721483 801234567
065721834 801234567
065723184 801234567
065723418 801234567
065723841 801234567
065724138 801234567
065724381 801234567
065724813 801234567
065728143 801234567
065728314 801234567
065728431 801234567
065731284 801234567
065731428 801234567
065731842 801234567
065732148 801234567
065732481 801234567
065732814 801234567
065734182 801234567
065734218 801234567
065734821 801234567
065738124 801234567
065738241 801234567
065738412 801234567
065741238 801234567
065741382 801234567
065741823 801234567
065742183 801234567
065742318 801234567
065742831 801234567
065743128 801234567
065743281 801234567
065743812 801234567
065748132 801234567
065748213 801234567
065748321 801234567
065781243 801234567
065781324 801234567
065781432 801234567
065782134 801234567
065782341 801234567
065782413 801234567
065783142 801234567
065783214 801234567
065783421 801234567
065784123 801234567
065784231 801234567
065784312 801234567
065812347 801234567
065812473 801234567
065812734 801234567
065813274 801234567
065813427 801234567
065813742 801234567
065814237 801234567
065814372 801234567
065814723 801234567
065817243 801234567
065817324 801234567
065817432 801234567
065821374 801234567
065821437 801234567
065821743 801234567
065823147 801234567
065823471 801234567
065823714 801234567
065824173 801234567
065824317 801234567
065824731 801234567
065827134 801234567
065827341 801234567
065827413 801234567
065831247 801234567
065831472 801234567
065831724 801234567
065832174 801234567
065832417 801234567
065832741 801234567
065834127 801234567
065834271 801234567
065834712 801234567
065837142 801234567
065837214 801234567
065837421 801234567
065841273 801234567
065841327 801234567
065841732 801234567
065842137 801234567
065842371 801234567
065842713 801234567
065843172 801234567
065843217 801234567
065843721 801234567
065847123 801234567
065847231 801234567
065847312 801234567
065871234 801234567
065871342 801234567
065871423 801234567
065872143 801234567
065872314 801234567
065872431 801234567
065873124 801234567
065873241 801234567
065873412 801234567
065874132 801234567
065874213 801234567
065874321 801234567
067123458 801234567
067123584 801234567
067123845 801234567
067124385 801234567
067124538 801234567
067124853 801234567
067125348 801234567
067125483 801234567
067125834 801234567
067128354 801234567
067128435 801234567
067128543 801234567
067132485 801234567
067132548 801234567
067132854 801234567
067134258 801234567
067134582 801234567
067134825 801234567
067135284 801234567
067135428 801234567
067135842 801234567
067138245 801234567
067138452 801234567
067138524 801234567
067142358 801234567
067142583 801234567
067142835 801234567
067143285 801234567
067143528 801234567
067143852 801234567
067145238 801234567
067145382 801234567
067145823 801234567
067148253 801234567
067148325 801234567
067148532 801234567
067152384 801234567
067152438 801234567
067152843 801234567
067153248 801234567
067153482 801234567
067153824 801234567
067154283 801234567
067154328 801234567
067154832 801234567
067158234 801234567
067158342 801234567
067158423 801234567
067182345 801234567
067182453 801234567
067182534 801234567
067183254 801234567
067183425 801234567
067183542 801234567
067184235 801234567
067184352 801234567
067184523 801234567
067185243 801234567
067185324 801234567
067185432 801234567
067213485 801234567
067213548 801234567
067213854 801234567
067214358 801234567
067214583 801234567
067214835 801234567
067215384 801234567
067215438 801234567
067215843 801234567
067218345 801234567
067218453 801234567
