263710458 801234567
263710584 801234567
263710845 801234567
263714085 801234567
263714508 801234567
263714850 801234567
263715048 801234567
263715480 801234567
263715804 801234567
263718054 801234567
263718405 801234567
263718540 801234567
263740185 801234567
263740518 801234567
263740851 801234567
263741058 801234567
263741580 801234567
263741805 801234567
263745081 801234567
263745108 801234567
263745810 801234567
263748015 801234567
263748150 801234567
263748501 801234567
263750148 801234567
263750481 801234567
263750814 801234567
263751084 801234567
263751408 801234567
263751840 801234567
263754018 801234567
263754180 801234567
263754801 801234567
263758041 801234567
263758104 801234567
263758410 801234567
263780154 801234567
263780415 801234567
263780541 801234567
263781045 801234567
263781450 801234567
263781504 801234567
263784051 801234567
263784105 801234567
263784510 801234567
263785014 801234567
263785140 801234567
263785401 801234567
263801457 801234567
263801574 801234567
263801745 801234567
263804175 801234567
263804517 801234567
263804751 801234567
263805147 801234567
263805471 801234567
263805714 801234567
263807154 801234567
263807415 801234567
263807541 801234567
263810475 801234567
263810547 801234567
263810754 801234567
263814057 801234567
263814570 801234567
263814705 801234567
263815074 801234567
263815407 801234567
263815740 801234567
263817045 801234567
263817450 801234567
263817504 801234567
263840157 801234567
263840571 801234567
263840715 801234567
263841075 801234567
263841507 801234567
263841750 801234567
263845017 801234567
263845170 801234567
263845701 801234567
263847051 801234567
263847105 801234567
263847510 801234567
263850174 801234567
263850417 801234567
263850741 801234567
263851047 801234567
263851470 801234567
263851704 801234567
263854071 801234567
263854107 801234567
263854710 801234567
263857014 801234567
263857140 801234567
263857401 801234567
263870145 801234567
263870451 801234567
263870514 801234567
263871054 801234567
263871405 801234567
263871540 801234567
263874015 801234567
263874150 801234567
263874501 801234567
263875041 801234567
263875104 801234567
263875410 801234567
264013578 801234567
264013785 801234567
264013857 801234567
264015387 801234567
264015738 801234567
264015873 801234567
264017358 801234567
264017583 801234567
264017835 801234567
264018375 801234567
264018537 801234567
264018753 801234567
264031587 801234567
264031758 801234567
264031875 801234567
264035178 801234567
264035781 801234567
264035817 801234567
264037185 801234567
264037518 801234567
264037851 801234567
264038157 801234567
264038571 801234567
264038715 801234567
264051378 801234567
264051783 801234567
264051837 801234567
264053187 801234567
264053718 801234567
264053871 801234567
264057138 801234567
264057381 801234567
264057813 801234567
264058173 801234567
264058317 801234567
264058731 801234567
264071385 801234567
264071538 801234567
264071853 801234567
264073158 801234567
264073581 801234567
264073815 801234567
264075183 801234567
264075318 801234567
264075831 801234567
264078135 801234567
264078351 801234567
264078513 801234567
264081357 801234567
264081573 801234567
264081735 801234567
264083175 801234567
264083517 801234567
264083751 801234567
264085137 801234567
264085371 801234567
264085713 801234567
264087153 801234567
264087315 801234567
264087531 801234567
264103587 801234567
264103758 801234567
264103875 801234567
264105378 801234567
264105783 801234567
264105837 801234567
264107385 801234567
264107538 801234567
264107853 801234567
264108357 801234567
264108573 801234567
264108735 801234567
264130578 801234567
264130785 801234567
264130857 801234567
264135087 801234567
264135708 801234567
264135870 801234567
264137058 801234567
264137580 801234567
264137805 801234567
264138075 801234567
264138507 801234567
264138750 801234567
264150387 801234567
264150738 801234567
264150873 801234567
264153078 801234567
264153780 801234567
264153807 801234567
264157083 801234567
264157308 801234567
264157830 801234567
264158037 801234567
264158370 801234567
264158703 801234567
264170358 801234567
264170583 801234567
264170835 801234567
264173085 801234567
264173508 801234567
264173850 801234567
264175038 801234567
264175380 801234567
264175803 801234567
264178053 801234567
264178305 801234567
264178530 801234567
264180375 801234567
264180537 801234567
264180753 801234567
264183057 801234567
264183570 801234567
264183705 801234567
264185073 801234567
264185307 801234567
264185730 801234567
264187035 801234567
264187350 801234567
264187503 801234567
264301578 801234567
264301785 801234567
264301857 801234567
264305187 801234567
264305718 801234567
264305871 801234567
264307158 801234567
264307581 801234567
264307815 801234567
264308175 801234567
264308517 801234567
264308751 801234567
264310587 801234567
264310758 801234567
264310875 801234567
264315078 801234567
264315780 801234567
264315807 801234567
264317085 801234567
264317508 801234567
264317850 801234567
264318057 801234567
264318570 801234567
264318705 801234567
264350178 801234567
264350781 801234567
264350817 801234567
264351087 801234567
264351708 801234567
264351870 801234567
264357018 801234567
264357180 801234567
264357801 801234567
264358071 801234567
264358107 801234567
264358710 801234567
264370185 801234567
264370518 801234567
264370851 801234567
264371058 801234567
264371580 801234567
264371805 801234567
264375081 801234567
264375108 801234567
264375810 801234567
264378015 801234567
264378150 801234567
264378501 801234567
264380157 801234567
264380571 801234567
264380715 801234567
264381075 801234567
264381507 801234567
264381750 801234567
264385017 801234567
264385170 801234567
264385701 801234567
264387051 801234567
264387105 801234567
264387510 801234567
264501387 801234567
264501738 801234567
264501873 801234567
264503178 801234567
264503781 801234567
264503817 801234567
264507183 801234567
264507318 801234567
264507831 801234567
264508137 801234567
264508371 801234567
264508713 801234567
264510378 801234567
264510783 801234567
264510837 801234567
264513087 801234567
264513708 801234567
264513870 801234567
264517038 801234567
264517380 801234567
264517803 801234567
264518073 801234567
264518307 801234567
264518730 801234567
264530187 801234567
264530718 801234567
264530871 801234567
264531078 801234567
264531780 801234567
264531807 801234567
264537081 801234567
264537108 801234567
264537810 801234567
264538017 801234567
264538170 801234567
264538701 801234567
264570138 801234567
264570381 801234567
264570813 801234567
264571083 801234567
264571308 801234567
264571830 801234567
264573018 801234567
264573180 801234567
264573801 801234567
264578031 801234567
264578103 801234567
264578310 801234567
264580173 801234567
264580317 801234567
264580731 801234567
264581037 801234567
264581370 801234567
264581703 801234567
264583071 801234567
264583107 801234567
264583710 801234567
264587013 801234567
264587130 801234567
264587301 801234567
264701358 801234567
264701583 801234567
264701835 801234567
264703185 801234567
264703518 801234567
264703851 801234567
264705138 801234567
264705381 801234567
264705813 801234567
264708153 801234567
264708315 801234567
264708531 801234567
264710385 801234567
264710538 801234567
264710853 801234567
264713058 801234567
264713580 801234567
264713805 801234567
264715083 801234567
264715308 801234567
264715830 801234567
264718035 801234567
264718350 801234567
264718503 801234567
264730158 801234567
264730581 801234567
264730815 801234567
264731085 801234567
264731508 801234567
264731850 801234567
264735018 801234567
264735180 801234567
264735801 801234567
264738051 801234567
264738105 801234567
264738510 801234567
264750183 801234567
264750318 801234567
264750831 801234567
264751038 801234567
264751380 801234567
264751803 801234567
264753081 801234567
264753108 801234567
264753810 801234567
264758013 801234567
264758130 801234567
264758301 801234567
264780135 801234567
264780351 801234567
264780513 801234567
264781053 801234567
264781305 801234567
264781530 801234567
264783015 801234567
264783150 801234567
264783501 801234567
264785031 801234567
264785103 801234567
264785310 801234567
264801375 801234567
264801537 801234567
264801753 801234567
264803157 801234567
264803571 801234567
264803715 801234567
264805173 801234567
264805317 801234567
264805731 801234567
264807135 801234567
264807351 801234567
264807513 801234567
264810357 801234567
264810573 801234567
264810735 801234567
264813075 801234567
264813507 801234567
264813750 801234567
264815037 801234567
264815370 801234567
264815703 801234567
264817053 801234567
264817305 801234567
264817530 801234567
264830175 801234567
264830517 801234567
264830751 801234567
264831057 801234567
264831570 801234567
264831705 801234567
264835071 801234567
264835107 801234567
264835710 801234567
264837015 801234567
264837150 801234567
264837501 801234567
264850137 801234567
264850371 801234567
264850713 801234567
264851073 801234567
264851307 801234567
264851730 801234567
264853017 801234567
264853170 801234567
264853701 801234567
264857031 801234567
264857103 801234567
264857310 801234567
264870153 801234567
264870315 801234567
264870531 801234567
264871035 801234567
264871350 801234567
264871503 801234567
264873051 801234567
264873105 801234567
264873510 801234567
264875013 801234567
264875130 801234567
264875301 801234567
265013487 801234567
265013748 801234567
265013874 801234567
265014378 801234567
265014783 801234567
265014837 801234567
265017384 801234567
265017438 801234567
265017843 801234567
265018347 801234567
265018473 801234567
265018734 801234567
265031478 801234567
265031784 801234567
265031847 801234567
265034187 801234567
265034718 801234567
265034871 801234567
265037148 801234567
265037481 801234567
265037814 801234567
265038174 801234567
265038417 801234567
265038741 801234567
265041387 801234567
265041738 801234567
265041873 801234567
265043178 801234567
265043781 801234567
265043817 801234567
265047183 801234567
