512384670 801234567
512384706 801234567
512386074 801234567
512386407 801234567
512386740 801234567
512387046 801234567
512387460 801234567
512387604 801234567
512403678 801234567
512403786 801234567
512403867 801234567
512406387 801234567
512406738 801234567
512406873 801234567
512407368 801234567
512407683 801234567
512407836 801234567
512408376 801234567
512408637 801234567
512408763 801234567
512430687 801234567
512430768 801234567
512430876 801234567
512436078 801234567
512436780 801234567
512436807 801234567
512437086 801234567
512437608 801234567
512437860 801234567
512438067 801234567
512438670 801234567
512438706 801234567
512460378 801234567
512460783 801234567
512460837 801234567
512463087 801234567
512463708 801234567
512463870 801234567
512467038 801234567
512467380 801234567
512467803 801234567
512468073 801234567
512468307 801234567
512468730 801234567
512470386 801234567
512470638 801234567
512470863 801234567
512473068 801234567
512473680 801234567
512473806 801234567
512476083 801234567
512476308 801234567
512476830 801234567
512478036 801234567
512478360 801234567
512478603 801234567
512480367 801234567
512480673 801234567
512480736 801234567
512483076 801234567
512483607 801234567
512483760 801234567
512486037 801234567
512486370 801234567
512486703 801234567
512487063 801234567
512487306 801234567
512487630 801234567
512603487 801234567
512603748 801234567
512603874 801234567
512604378 801234567
512604783 801234567
512604837 801234567
512607384 801234567
512607438 801234567
512607843 801234567
512608347 801234567
512608473 801234567
512608734 801234567
512630478 801234567
512630784 801234567
512630847 801234567
512634087 801234567
512634708 801234567
512634870 801234567
512637048 801234567
512637480 801234567
512637804 801234567
512638074 801234567
512638407 801234567
512638740 801234567
512640387 801234567
512640738 801234567
512640873 801234567
512643078 801234567
512643780 801234567
512643807 801234567
512647083 801234567
512647308 801234567
512647830 801234567
512648037 801234567
512648370 801234567
512648703 801234567
512670348 801234567
512670483 801234567
512670834 801234567
512673084 801234567
512673408 801234567
512673840 801234567
512674038 801234567
512674380 801234567
512674803 801234567
512678043 801234567
512678304 801234567
512678430 801234567
512680374 801234567
512680437 801234567
512680743 801234567
512683047 801234567
512683470 801234567
512683704 801234567
512684073 801234567
512684307 801234567
512684730 801234567
512687034 801234567
512687340 801234567
512687403 801234567
512703468 801234567
512703684 801234567
512703846 801234567
512704386 801234567
512704638 801234567
512704863 801234567
512706348 801234567
512706483 801234567
512706834 801234567
512708364 801234567
512708436 801234567
512708643 801234567
512730486 801234567
512730648 801234567
512730864 801234567
512734068 801234567
512734680 801234567
512734806 801234567
512736084 801234567
512736408 801234567
512736840 801234567
512738046 801234567
512738460 801234567
512738604 801234567
512740368 801234567
512740683 801234567
512740836 801234567
512743086 801234567
512743608 801234567
512743860 801234567
512746038 801234567
512746380 801234567
512746803 801234567
512748063 801234567
512748306 801234567
512748630 801234567
512760384 801234567
512760438 801234567
512760843 801234567
512763048 801234567
512763480 801234567
512763804 801234567
512764083 801234567
512764308 801234567
512764830 801234567
512768034 801234567
512768340 801234567
512768403 801234567
512780346 801234567
512780463 801234567
512780634 801234567
512783064 801234567
512783406 801234567
512783640 801234567
512784036 801234567
512784360 801234567
512784603 801234567
512786043 801234567
512786304 801234567
512786430 801234567
512803476 801234567
512803647 801234567
512803764 801234567
512804367 801234567
512804673 801234567
512804736 801234567
512806374 801234567
512806437 801234567
512806743 801234567
512807346 801234567
512807463 801234567
512807634 801234567
512830467 801234567
512830674 801234567
512830746 801234567
512834076 801234567
512834607 801234567
512834760 801234567
512836047 801234567
512836470 801234567
512836704 801234567
512837064 801234567
512837406 801234567
512837640 801234567
512840376 801234567
512840637 801234567
512840763 801234567
512843067 801234567
512843670 801234567
512843706 801234567
512846073 801234567
512846307 801234567
512846730 801234567
512847036 801234567
512847360 801234567
512847603 801234567
512860347 801234567
512860473 801234567
512860734 801234567
512863074 801234567
512863407 801234567
512863740 801234567
512864037 801234567
512864370 801234567
512864703 801234567
512867043 801234567
512867304 801234567
512867430 801234567
512870364 801234567
512870436 801234567
512870643 801234567
512873046 801234567
512873460 801234567
512873604 801234567
512874063 801234567
512874306 801234567
512874630 801234567
512876034 801234567
512876340 801234567
512876403 801234567
513024687 801234567
513024768 801234567
513024876 801234567
513026478 801234567
513026784 801234567
513026847 801234567
513027486 801234567
513027648 801234567
513027864 801234567
513028467 801234567
513028674 801234567
513028746 801234567
513042678 801234567
513042786 801234567
513042867 801234567
513046287 801234567
513046728 801234567
513046872 801234567
513047268 801234567
513047682 801234567
513047826 801234567
513048276 801234567
513048627 801234567
513048762 801234567
513062487 801234567
513062748 801234567
513062874 801234567
513064278 801234567
513064782 801234567
513064827 801234567
513067284 801234567
513067428 801234567
513067842 801234567
513068247 801234567
513068472 801234567
513068724 801234567
513072468 801234567
513072684 801234567
513072846 801234567
513074286 801234567
513074628 801234567
513074862 801234567
513076248 801234567
513076482 801234567
513076824 801234567
513078264 801234567
513078426 801234567
513078642 801234567
513082476 801234567
513082647 801234567
513082764 801234567
513084267 801234567
513084672 801234567
513084726 801234567
513086274 801234567
513086427 801234567
513086742 801234567
513087246 801234567
513087462 801234567
513087624 801234567
513204678 801234567
513204786 801234567
513204867 801234567
513206487 801234567
513206748 801234567
513206874 801234567
513207468 801234567
513207684 801234567
513207846 801234567
513208476 801234567
513208647 801234567
513208764 801234567
513240687 801234567
513240768 801234567
513240876 801234567
513246078 801234567
513246780 801234567
513246807 801234567
513247086 801234567
513247608 801234567
513247860 801234567
513248067 801234567
513248670 801234567
513248706 801234567
513260478 801234567
513260784 801234567
513260847 801234567
513264087 801234567
513264708 801234567
513264870 801234567
513267048 801234567
513267480 801234567
513267804 801234567
513268074 801234567
513268407 801234567
513268740 801234567
513270486 801234567
513270648 801234567
513270864 801234567
513274068 801234567
513274680 801234567
513274806 801234567
513276084 801234567
513276408 801234567
513276840 801234567
513278046 801234567
513278460 801234567
513278604 801234567
513280467 801234567
513280674 801234567
513280746 801234567
513284076 801234567
513284607 801234567
513284760 801234567
513286047 801234567
513286470 801234567
513286704 801234567
513287064 801234567
513287406 801234567
513287640 801234567
513402687 801234567
513402768 801234567
513402876 801234567
513406278 801234567
513406782 801234567
513406827 801234567
513407286 801234567
513407628 801234567
513407862 801234567
513408267 801234567
513408672 801234567
513408726 801234567
513420678 801234567
513420786 801234567
513420867 801234567
513426087 801234567
513426708 801234567
513426870 801234567
513427068 801234567
513427680 801234567
513427806 801234567
513428076 801234567
513428607 801234567
513428760 801234567
513460287 801234567
513460728 801234567
513460872 801234567
513462078 801234567
513462780 801234567
513462807 801234567
513467082 801234567
513467208 801234567
513467820 801234567
513468027 801234567
513468270 801234567
513468702 801234567
513470268 801234567
513470682 801234567
513470826 801234567
513472086 801234567
513472608 801234567
513472860 801234567
513476028 801234567
513476280 801234567
513476802 801234567
513478062 801234567
513478206 801234567
513478620 801234567
513480276 801234567
513480627 801234567
513480762 801234567
513482067 801234567
513482670 801234567
513482706 801234567
513486072 801234567
513486207 801234567
513486720 801234567
513487026 801234567
513487260 801234567
513487602 801234567
513602478 801234567
513602784 801234567
513602847 801234567
513604287 801234567
513604728 801234567
513604872 801234567
513607248 801234567
513607482 801234567
513607824 801234567
513608274 801234567
513608427 801234567
513608742 801234567
513620487 801234567
513620748 801234567
513620874 801234567
513624078 801234567
513624780 801234567
513624807 801234567
513627084 801234567
513627408 801234567
513627840 801234567
513628047 801234567
513628470 801234567
513628704 801234567
513640278 801234567
513640782 801234567
513640827 801234567
513642087 801234567
513642708 801234567
513642870 801234567
513647028 801234567
513647280 801234567
513647802 801234567
513648072 801234567
513648207 801234567
513648720 801234567
513670284 801234567
513670428 801234567
513670842 801234567
513672048 801234567
513672480 801234567
513672804 801234567
513674082 801234567
513674208 801234567
513674820 801234567
513678024 801234567
513678240 801234567
513678402 801234567
513680247 801234567
513680472 801234567
513680724 801234567
513682074 801234567
513682407 801234567
513682740 801234567
513684027 801234567
513684270 801234567
513684702 801234567
513687042 801234567
513687204 801234567
513687420 801234567
513702486 801234567
513702648 801234567
513702864 801234567
513704268 801234567
513704682 801234567
513704826 801234567
513706284 801234567
513706428 801234567
513706842 801234567
513708246 801234567
513708462 801234567
