053487216 801234567
053487621 801234567
053612487 801234567
053612748 801234567
053612874 801234567
053614278 801234567
053614782 801234567
053614827 801234567
053617284 801234567
053617428 801234567
053617842 801234567
053618247 801234567
053618472 801234567
053618724 801234567
053621478 801234567
053621784 801234567
053621847 801234567
053624187 801234567
053624718 801234567
053624871 801234567
053627148 801234567
053627481 801234567
053627814 801234567
053628174 801234567
053628417 801234567
053628741 801234567
053641287 801234567
053641728 801234567
053641872 801234567
053642178 801234567
053642781 801234567
053642817 801234567
053647182 801234567
053647218 801234567
053647821 801234567
053648127 801234567
053648271 801234567
053648712 801234567
053671248 801234567
053671482 801234567
053671824 801234567
053672184 801234567
053672418 801234567
053672841 801234567
053674128 801234567
053674281 801234567
053674812 801234567
053678142 801234567
053678214 801234567
053678421 801234567
053681274 801234567
053681427 801234567
053681742 801234567
053682147 801234567
053682471 801234567
053682714 801234567
053684172 801234567
053684217 801234567
053684721 801234567
053687124 801234567
053687241 801234567
053687412 801234567
053712468 801234567
053712684 801234567
053712846 801234567
053714286 801234567
053714628 801234567
053714862 801234567
053716248 801234567
053716482 801234567
053716824 801234567
053718264 801234567
053718426 801234567
053718642 801234567
053721486 801234567
053721648 801234567
053721864 801234567
053724168 801234567
053724681 801234567
053724816 801234567
053726184 801234567
053726418 801234567
053726841 801234567
053728146 801234567
053728461 801234567
053728614 801234567
053741268 801234567
053741682 801234567
053741826 801234567
053742186 801234567
053742618 801234567
053742861 801234567
053746128 801234567
053746281 801234567
053746812 801234567
053748162 801234567
053748216 801234567
053748621 801234567
053761284 801234567
053761428 801234567
053761842 801234567
053762148 801234567
053762481 801234567
053762814 801234567
053764182 801234567
053764218 801234567
053764821 801234567
053768124 801234567
053768241 801234567
053768412 801234567
053781246 801234567
053781462 801234567
053781624 801234567
053782164 801234567
053782416 801234567
053782641 801234567
053784126 801234567
053784261 801234567
053784612 801234567
053786142 801234567
053786214 801234567
053786421 801234567
053812476 801234567
053812647 801234567
053812764 801234567
053814267 801234567
053814672 801234567
053814726 801234567
053816274 801234567
053816427 801234567
053816742 801234567
053817246 801234567
053817462 801234567
053817624 801234567
053821467 801234567
053821674 801234567
053821746 801234567
053824176 801234567
053824617 801234567
053824761 801234567
053826147 801234567
053826471 801234567
053826714 801234567
053827164 801234567
053827416 801234567
053827641 801234567
053841276 801234567
053841627 801234567
053841762 801234567
053842167 801234567
053842671 801234567
053842716 801234567
053846172 801234567
053846217 801234567
053846721 801234567
053847126 801234567
053847261 801234567
053847612 801234567
053861247 801234567
053861472 801234567
053861724 801234567
053862174 801234567
053862417 801234567
053862741 801234567
053864127 801234567
053864271 801234567
053864712 801234567
053867142 801234567
053867214 801234567
053867421 801234567
053871264 801234567
053871426 801234567
053871642 801234567
053872146 801234567
053872461 801234567
053872614 801234567
053874162 801234567
053874216 801234567
053874621 801234567
053876124 801234567
053876241 801234567
053876412 801234567
054123687 801234567
054123768 801234567
054123876 801234567
054126378 801234567
054126783 801234567
054126837 801234567
054127386 801234567
054127638 801234567
054127863 801234567
054128367 801234567
054128673 801234567
054128736 801234567
054132678 801234567
054132786 801234567
054132867 801234567
054136287 801234567
054136728 801234567
054136872 801234567
054137268 801234567
054137682 801234567
054137826 801234567
054138276 801234567
054138627 801234567
054138762 801234567
054162387 801234567
054162738 801234567
054162873 801234567
054163278 801234567
054163782 801234567
054163827 801234567
054167283 801234567
054167328 801234567
054167832 801234567
054168237 801234567
054168372 801234567
054168723 801234567
054172368 801234567
054172683 801234567
054172836 801234567
054173286 801234567
054173628 801234567
054173862 801234567
054176238 801234567
054176382 801234567
054176823 801234567
054178263 801234567
054178326 801234567
054178632 801234567
054182376 801234567
054182637 801234567
054182763 801234567
054183267 801234567
054183672 801234567
054183726 801234567
054186273 801234567
054186327 801234567
054186732 801234567
054187236 801234567
054187362 801234567
054187623 801234567
054213678 801234567
054213786 801234567
054213867 801234567
054216387 801234567
054216738 801234567
054216873 801234567
054217368 801234567
054217683 801234567
054217836 801234567
054218376 801234567
054218637 801234567
054218763 801234567
054231687 801234567
054231768 801234567
054231876 801234567
054236178 801234567
054236781 801234567
054236817 801234567
054237186 801234567
054237618 801234567
054237861 801234567
054238167 801234567
054238671 801234567
054238716 801234567
054261378 801234567
054261783 801234567
054261837 801234567
054263187 801234567
054263718 801234567
054263871 801234567
054267138 801234567
054267381 801234567
054267813 801234567
054268173 801234567
054268317 801234567
054268731 801234567
054271386 801234567
054271638 801234567
054271863 801234567
054273168 801234567
054273681 801234567
054273816 801234567
054276183 801234567
054276318 801234567
054276831 801234567
054278136 801234567
054278361 801234567
054278613 801234567
054281367 801234567
054281673 801234567
054281736 801234567
054283176 801234567
054283617 801234567
054283761 801234567
054286137 801234567
054286371 801234567
054286713 801234567
054287163 801234567
054287316 801234567
054287631 801234567
054312687 801234567
054312768 801234567
054312876 801234567
054316278 801234567
054316782 801234567
054316827 801234567
054317286 801234567
054317628 801234567
054317862 801234567
054318267 801234567
054318672 801234567
054318726 801234567
054321678 801234567
054321786 801234567
054321867 801234567
054326187 801234567
054326718 801234567
054326871 801234567
054327168 801234567
054327681 801234567
054327816 801234567
054328176 801234567
054328617 801234567
054328761 801234567
054361287 801234567
054361728 801234567
054361872 801234567
054362178 801234567
054362781 801234567
054362817 801234567
054367182 801234567
054367218 801234567
054367821 801234567
054368127 801234567
054368271 801234567
054368712 801234567
054371268 801234567
054371682 801234567
054371826 801234567
054372186 801234567
054372618 801234567
054372861 801234567
054376128 801234567
054376281 801234567
054376812 801234567
054378162 801234567
054378216 801234567
054378621 801234567
054381276 801234567
054381627 801234567
054381762 801234567
054382167 801234567
054382671 801234567
054382716 801234567
054386172 801234567
054386217 801234567
054386721 801234567
054387126 801234567
054387261 801234567
054387612 801234567
054612378 801234567
054612783 801234567
054612837 801234567
054613287 801234567
054613728 801234567
054613872 801234567
054617238 801234567
054617382 801234567
054617823 801234567
054618273 801234567
054618327 801234567
054618732 801234567
054621387 801234567
054621738 801234567
054621873 801234567
054623178 801234567
054623781 801234567
054623817 801234567
054627183 801234567
054627318 801234567
054627831 801234567
054628137 801234567
054628371 801234567
054628713 801234567
054631278 801234567
054631782 801234567
054631827 801234567
054632187 801234567
054632718 801234567
054632871 801234567
054637128 801234567
054637281 801234567
054637812 801234567
054638172 801234567
054638217 801234567
054638721 801234567
054671283 801234567
054671328 801234567
054671832 801234567
054672138 801234567
054672381 801234567
054672813 801234567
054673182 801234567
054673218 801234567
054673821 801234567
054678123 801234567
054678231 801234567
054678312 801234567
054681237 801234567
054681372 801234567
054681723 801234567
054682173 801234567
054682317 801234567
054682731 801234567
054683127 801234567
054683271 801234567
054683712 801234567
054687132 801234567
054687213 801234567
054687321 801234567
054712386 801234567
054712638 801234567
054712863 801234567
054713268 801234567
054713682 801234567
054713826 801234567
054716283 801234567
054716328 801234567
054716832 801234567
054718236 801234567
054718362 801234567
054718623 801234567
054721368 801234567
054721683 801234567
054721836 801234567
054723186 801234567
054723618 801234567
054723861 801234567
054726138 801234567
054726381 801234567
054726813 801234567
054728163 801234567
054728316 801234567
054728631 801234567
054731286 801234567
054731628 801234567
054731862 801234567
054732168 801234567
054732681 801234567
054732816 801234567
054736182 801234567
054736218 801234567
054736821 801234567
054738126 801234567
054738261 801234567
054738612 801234567
054761238 801234567
054761382 801234567
054761823 801234567
054762183 801234567
054762318 801234567
054762831 801234567
054763128 801234567
054763281 801234567
054763812 801234567
054768132 801234567
054768213 801234567
054768321 801234567
054781263 801234567
054781326 801234567
054781632 801234567
054782136 801234567
054782361 801234567
054782613 801234567
054783162 801234567
054783216 801234567
054783621 801234567
054786123 801234567
054786231 801234567
054786312 801234567
054812367 801234567
054812673 801234567
054812736 801234567
054813276 801234567
054813627 801234567
054813762 801234567
054816237 801234567
054816372 801234567
054816723 801234567
054817263 801234567
054817326 801234567
054817632 801234567
054821376 801234567
054821637 801234567
054821763 801234567
054823167 801234567
054823671 801234567
