462871053 801234567
462871305 801234567
462871530 801234567
462873015 801234567
462873150 801234567
462873501 801234567
462875031 801234567
462875103 801234567
462875310 801234567
463012578 801234567
463012785 801234567
463012857 801234567
463015287 801234567
463015728 801234567
463015872 801234567
463017258 801234567
463017582 801234567
463017825 801234567
463018275 801234567
463018527 801234567
463018752 801234567
463021587 801234567
463021758 801234567
463021875 801234567
463025178 801234567
463025781 801234567
463025817 801234567
463027185 801234567
463027518 801234567
463027851 801234567
463028157 801234567
463028571 801234567
463028715 801234567
463051278 801234567
463051782 801234567
463051827 801234567
463052187 801234567
463052718 801234567
463052871 801234567
463057128 801234567
463057281 801234567
463057812 801234567
463058172 801234567
463058217 801234567
463058721 801234567
463071285 801234567
463071528 801234567
463071852 801234567
463072158 801234567
463072581 801234567
463072815 801234567
463075182 801234567
463075218 801234567
463075821 801234567
463078125 801234567
463078251 801234567
463078512 801234567
463081257 801234567
463081572 801234567
463081725 801234567
463082175 801234567
463082517 801234567
463082751 801234567
463085127 801234567
463085271 801234567
463085712 801234567
463087152 801234567
463087215 801234567
463087521 801234567
463102587 801234567
463102758 801234567
463102875 801234567
463105278 801234567
463105782 801234567
463105827 801234567
463107285 801234567
463107528 801234567
463107852 801234567
463108257 801234567
463108572 801234567
463108725 801234567
463120578 801234567
463120785 801234567
463120857 801234567
463125087 801234567
463125708 801234567
463125870 801234567
463127058 801234567
463127580 801234567
463127805 801234567
463128075 801234567
463128507 801234567
463128750 801234567
463150287 801234567
463150728 801234567
463150872 801234567
463152078 801234567
463152780 801234567
463152807 801234567
463157082 801234567
463157208 801234567
463157820 801234567
463158027 801234567
463158270 801234567
463158702 801234567
463170258 801234567
463170582 801234567
463170825 801234567
463172085 801234567
463172508 801234567
463172850 801234567
463175028 801234567
463175280 801234567
463175802 801234567
463178052 801234567
463178205 801234567
463178520 801234567
463180275 801234567
463180527 801234567
463180752 801234567
463182057 801234567
463182570 801234567
463182705 801234567
463185072 801234567
463185207 801234567
463185720 801234567
463187025 801234567
463187250 801234567
463187502 801234567
463201578 801234567
463201785 801234567
463201857 801234567
463205187 801234567
463205718 801234567
463205871 801234567
463207158 801234567
463207581 801234567
463207815 801234567
463208175 801234567
463208517 801234567
463208751 801234567
463210587 801234567
463210758 801234567
463210875 801234567
463215078 801234567
463215780 801234567
463215807 801234567
463217085 801234567
463217508 801234567
463217850 801234567
463218057 801234567
463218570 801234567
463218705 801234567
463250178 801234567
463250781 801234567
463250817 801234567
463251087 801234567
463251708 801234567
463251870 801234567
463257018 801234567
463257180 801234567
463257801 801234567
463258071 801234567
463258107 801234567
463258710 801234567
463270185 801234567
463270518 801234567
463270851 801234567
463271058 801234567
463271580 801234567
463271805 801234567
463275081 801234567
463275108 801234567
463275810 801234567
463278015 801234567
463278150 801234567
463278501 801234567
463280157 801234567
463280571 801234567
463280715 801234567
463281075 801234567
463281507 801234567
463281750 801234567
463285017 801234567
463285170 801234567
463285701 801234567
463287051 801234567
463287105 801234567
463287510 801234567
463501287 801234567
463501728 801234567
463501872 801234567
463502178 801234567
463502781 801234567
463502817 801234567
463507182 801234567
463507218 801234567
463507821 801234567
463508127 801234567
463508271 801234567
463508712 801234567
463510278 801234567
463510782 801234567
463510827 801234567
463512087 801234567
463512708 801234567
463512870 801234567
463517028 801234567
463517280 801234567
463517802 801234567
463518072 801234567
463518207 801234567
463518720 801234567
463520187 801234567
463520718 801234567
463520871 801234567
463521078 801234567
463521780 801234567
463521807 801234567
463527081 801234567
463527108 801234567
463527810 801234567
463528017 801234567
463528170 801234567
463528701 801234567
463570128 801234567
463570281 801234567
463570812 801234567
463571082 801234567
463571208 801234567
463571820 801234567
463572018 801234567
463572180 801234567
463572801 801234567
463578021 801234567
463578102 801234567
463578210 801234567
463580172 801234567
463580217 801234567
463580721 801234567
463581027 801234567
463581270 801234567
463581702 801234567
463582071 801234567
463582107 801234567
463582710 801234567
463587012 801234567
463587120 801234567
463587201 801234567
463701258 801234567
463701582 801234567
463701825 801234567
463702185 801234567
463702518 801234567
463702851 801234567
463705128 801234567
463705281 801234567
463705812 801234567
463708152 801234567
463708215 801234567
463708521 801234567
463710285 801234567
463710528 801234567
463710852 801234567
463712058 801234567
463712580 801234567
463712805 801234567
463715082 801234567
463715208 801234567
463715820 801234567
463718025 801234567
463718250 801234567
463718502 801234567
463720158 801234567
463720581 801234567
463720815 801234567
463721085 801234567
463721508 801234567
463721850 801234567
463725018 801234567
463725180 801234567
463725801 801234567
463728051 801234567
463728105 801234567
463728510 801234567
463750182 801234567
463750218 801234567
463750821 801234567
463751028 801234567
463751280 801234567
463751802 801234567
463752081 801234567
463752108 801234567
463752810 801234567
463758012 801234567
463758120 801234567
463758201 801234567
463780125 801234567
463780251 801234567
463780512 801234567
463781052 801234567
463781205 801234567
463781520 801234567
463782015 801234567
463782150 801234567
463782501 801234567
463785021 801234567
463785102 801234567
463785210 801234567
463801275 801234567
463801527 801234567
463801752 801234567
463802157 801234567
463802571 801234567
463802715 801234567
463805172 801234567
463805217 801234567
463805721 801234567
463807125 801234567
463807251 801234567
463807512 801234567
463810257 801234567
463810572 801234567
463810725 801234567
463812075 801234567
463812507 801234567
463812750 801234567
463815027 801234567
463815270 801234567
463815702 801234567
463817052 801234567
463817205 801234567
463817520 801234567
463820175 801234567
463820517 801234567
463820751 801234567
463821057 801234567
463821570 801234567
463821705 801234567
463825071 801234567
463825107 801234567
463825710 801234567
463827015 801234567
463827150 801234567
463827501 801234567
463850127 801234567
463850271 801234567
463850712 801234567
463851072 801234567
463851207 801234567
463851720 801234567
463852017 801234567
463852170 801234567
463852701 801234567
463857021 801234567
463857102 801234567
463857210 801234567
463870152 801234567
463870215 801234567
463870521 801234567
463871025 801234567
463871250 801234567
463871502 801234567
463872051 801234567
463872105 801234567
463872510 801234567
463875012 801234567
463875120 801234567
463875201 801234567
465012387 801234567
465012738 801234567
465012873 801234567
465013278 801234567
465013782 801234567
465013827 801234567
465017283 801234567
465017328 801234567
465017832 801234567
465018237 801234567
465018372 801234567
465018723 801234567
465021378 801234567
465021783 801234567
465021837 801234567
465023187 801234567
465023718 801234567
465023871 801234567
465027138 801234567
465027381 801234567
465027813 801234567
465028173 801234567
465028317 801234567
465028731 801234567
465031287 801234567
465031728 801234567
465031872 801234567
465032178 801234567
465032781 801234567
465032817 801234567
465037182 801234567
465037218 801234567
465037821 801234567
465038127 801234567
465038271 801234567
465038712 801234567
465071238 801234567
465071382 801234567
465071823 801234567
465072183 801234567
465072318 801234567
465072831 801234567
465073128 801234567
465073281 801234567
465073812 801234567
465078132 801234567
465078213 801234567
465078321 801234567
465081273 801234567
465081327 801234567
465081732 801234567
465082137 801234567
465082371 801234567
465082713 801234567
465083172 801234567
465083217 801234567
465083721 801234567
465087123 801234567
465087231 801234567
465087312 801234567
465102378 801234567
465102783 801234567
465102837 801234567
465103287 801234567
465103728 801234567
465103872 801234567
465107238 801234567
465107382 801234567
465107823 801234567
465108273 801234567
465108327 801234567
465108732 801234567
465120387 801234567
465120738 801234567
465120873 801234567
465123078 801234567
465123780 801234567
465123807 801234567
465127083 801234567
465127308 801234567
465127830 801234567
465128037 801234567
465128370 801234567
465128703 801234567
465130278 801234567
465130782 801234567
465130827 801234567
465132087 801234567
465132708 801234567
465132870 801234567
465137028 801234567
465137280 801234567
465137802 801234567
465138072 801234567
465138207 801234567
465138720 801234567
465170283 801234567
465170328 801234567
465170832 801234567
465172038 801234567
465172380 801234567
465172803 801234567
465173082 801234567
465173208 801234567
465173820 801234567
465178023 801234567
465178230 801234567
465178302 801234567
465180237 801234567
465180372 801234567
465180723 801234567
465182073 801234567
465182307 801234567
465182730 801234567
465183027 801234567
465183270 801234567
465183702 801234567
465187032 801234567
465187203 801234567
465187320 801234567
465201387 801234567
465201738 801234567
465201873 801234567
465203178 801234567
465203781 801234567
465203817 801234567
465207183 801234567
465207318 801234567
465207831 801234567
465208137 801234567
