401637258 801234567
401637582 801234567
401637825 801234567
401638275 801234567
401638527 801234567
401638752 801234567
401652387 801234567
401652738 801234567
401652873 801234567
401653278 801234567
401653782 801234567
401653827 801234567
401657283 801234567
401657328 801234567
401657832 801234567
401658237 801234567
401658372 801234567
401658723 801234567
401672358 801234567
401672583 801234567
401672835 801234567
401673285 801234567
401673528 801234567
401673852 801234567
401675238 801234567
401675382 801234567
401675823 801234567
401678253 801234567
401678325 801234567
401678532 801234567
401682375 801234567
401682537 801234567
401682753 801234567
401683257 801234567
401683572 801234567
401683725 801234567
401685273 801234567
401685327 801234567
401685732 801234567
401687235 801234567
401687352 801234567
401687523 801234567
401723568 801234567
401723685 801234567
401723856 801234567
401725386 801234567
401725638 801234567
401725863 801234567
401726358 801234567
401726583 801234567
401726835 801234567
401728365 801234567
401728536 801234567
401728653 801234567
401732586 801234567
401732658 801234567
401732865 801234567
401735268 801234567
401735682 801234567
401735826 801234567
401736285 801234567
401736528 801234567
401736852 801234567
401738256 801234567
401738562 801234567
401738625 801234567
401752368 801234567
401752683 801234567
401752836 801234567
401753286 801234567
401753628 801234567
401753862 801234567
401756238 801234567
401756382 801234567
401756823 801234567
401758263 801234567
401758326 801234567
401758632 801234567
401762385 801234567
401762538 801234567
401762853 801234567
401763258 801234567
401763582 801234567
401763825 801234567
401765283 801234567
401765328 801234567
401765832 801234567
401768235 801234567
401768352 801234567
401768523 801234567
401782356 801234567
401782563 801234567
401782635 801234567
401783265 801234567
401783526 801234567
401783652 801234567
401785236 801234567
401785362 801234567
401785623 801234567
401786253 801234567
401786325 801234567
401786532 801234567
401823576 801234567
401823657 801234567
401823765 801234567
401825367 801234567
401825673 801234567
401825736 801234567
401826375 801234567
401826537 801234567
401826753 801234567
401827356 801234567
401827563 801234567
401827635 801234567
401832567 801234567
401832675 801234567
401832756 801234567
401835276 801234567
401835627 801234567
401835762 801234567
401836257 801234567
401836572 801234567
401836725 801234567
401837265 801234567
401837526 801234567
401837652 801234567
401852376 801234567
401852637 801234567
401852763 801234567
401853267 801234567
401853672 801234567
401853726 801234567
401856273 801234567
401856327 801234567
401856732 801234567
401857236 801234567
401857362 801234567
401857623 801234567
401862357 801234567
401862573 801234567
401862735 801234567
401863275 801234567
401863527 801234567
401863752 801234567
401865237 801234567
401865372 801234567
401865723 801234567
401867253 801234567
401867325 801234567
401867532 801234567
401872365 801234567
401872536 801234567
401872653 801234567
401873256 801234567
401873562 801234567
401873625 801234567
401875263 801234567
401875326 801234567
401875632 801234567
401876235 801234567
401876352 801234567
401876523 801234567
402135687 801234567
402135768 801234567
402135876 801234567
402136578 801234567
402136785 801234567
402136857 801234567
402137586 801234567
402137658 801234567
402137865 801234567
402138567 801234567
402138675 801234567
402138756 801234567
402153678 801234567
402153786 801234567
402153867 801234567
402156387 801234567
402156738 801234567
402156873 801234567
402157368 801234567
402157683 801234567
402157836 801234567
402158376 801234567
402158637 801234567
402158763 801234567
402163587 801234567
402163758 801234567
402163875 801234567
402165378 801234567
402165783 801234567
402165837 801234567
402167385 801234567
402167538 801234567
402167853 801234567
402168357 801234567
402168573 801234567
402168735 801234567
402173568 801234567
402173685 801234567
402173856 801234567
402175386 801234567
402175638 801234567
402175863 801234567
402176358 801234567
402176583 801234567
402176835 801234567
402178365 801234567
402178536 801234567
402178653 801234567
402183576 801234567
402183657 801234567
402183765 801234567
402185367 801234567
402185673 801234567
402185736 801234567
402186375 801234567
402186537 801234567
402186753 801234567
402187356 801234567
402187563 801234567
402187635 801234567
402315678 801234567
402315786 801234567
402315867 801234567
402316587 801234567
402316758 801234567
402316875 801234567
402317568 801234567
402317685 801234567
402317856 801234567
402318576 801234567
402318657 801234567
402318765 801234567
402351687 801234567
402351768 801234567
402351876 801234567
402356178 801234567
402356781 801234567
402356817 801234567
402357186 801234567
402357618 801234567
402357861 801234567
402358167 801234567
402358671 801234567
402358716 801234567
402361578 801234567
402361785 801234567
402361857 801234567
402365187 801234567
402365718 801234567
402365871 801234567
402367158 801234567
402367581 801234567
402367815 801234567
402368175 801234567
402368517 801234567
402368751 801234567
402371586 801234567
402371658 801234567
402371865 801234567
402375168 801234567
402375681 801234567
402375816 801234567
402376185 801234567
402376518 801234567
402376851 801234567
402378156 801234567
402378561 801234567
402378615 801234567
402381567 801234567
402381675 801234567
402381756 801234567
402385176 801234567
402385617 801234567
402385761 801234567
402386157 801234567
402386571 801234567
402386715 801234567
402387165 801234567
402387516 801234567
402387651 801234567
402513687 801234567
402513768 801234567
402513876 801234567
402516378 801234567
402516783 801234567
402516837 801234567
402517386 801234567
402517638 801234567
402517863 801234567
402518367 801234567
402518673 801234567
402518736 801234567
402531678 801234567
402531786 801234567
402531867 801234567
402536187 801234567
402536718 801234567
402536871 801234567
402537168 801234567
402537681 801234567
402537816 801234567
402538176 801234567
402538617 801234567
402538761 801234567
402561387 801234567
402561738 801234567
402561873 801234567
402563178 801234567
402563781 801234567
402563817 801234567
402567183 801234567
402567318 801234567
402567831 801234567
402568137 801234567
402568371 801234567
402568713 801234567
402571368 801234567
402571683 801234567
402571836 801234567
402573186 801234567
402573618 801234567
402573861 801234567
402576138 801234567
402576381 801234567
402576813 801234567
402578163 801234567
402578316 801234567
402578631 801234567
402581376 801234567
402581637 801234567
402581763 801234567
402583167 801234567
402583671 801234567
402583716 801234567
402586173 801234567
402586317 801234567
402586731 801234567
402587136 801234567
402587361 801234567
402587613 801234567
402613578 801234567
402613785 801234567
402613857 801234567
402615387 801234567
402615738 801234567
402615873 801234567
402617358 801234567
402617583 801234567
402617835 801234567
402618375 801234567
402618537 801234567
402618753 801234567
402631587 801234567
402631758 801234567
402631875 801234567
402635178 801234567
402635781 801234567
402635817 801234567
402637185 801234567
402637518 801234567
402637851 801234567
402638157 801234567
402638571 801234567
402638715 801234567
402651378 801234567
402651783 801234567
402651837 801234567
402653187 801234567
402653718 801234567
402653871 801234567
402657138 801234567
402657381 801234567
402657813 801234567
402658173 801234567
402658317 801234567
402658731 801234567
402671385 801234567
402671538 801234567
402671853 801234567
402673158 801234567
402673581 801234567
402673815 801234567
402675183 801234567
402675318 801234567
402675831 801234567
402678135 801234567
402678351 801234567
402678513 801234567
402681357 801234567
402681573 801234567
402681735 801234567
402683175 801234567
402683517 801234567
402683751 801234567
402685137 801234567
402685371 801234567
402685713 801234567
402687153 801234567
402687315 801234567
402687531 801234567
402713586 801234567
402713658 801234567
402713865 801234567
402715368 801234567
402715683 801234567
402715836 801234567
402716385 801234567
402716538 801234567
402716853 801234567
402718356 801234567
402718563 801234567
402718635 801234567
402731568 801234567
402731685 801234567
402731856 801234567
402735186 801234567
402735618 801234567
402735861 801234567
402736158 801234567
402736581 801234567
402736815 801234567
402738165 801234567
402738516 801234567
402738651 801234567
402751386 801234567
402751638 801234567
402751863 801234567
402753168 801234567
402753681 801234567
402753816 801234567
402756183 801234567
402756318 801234567
402756831 801234567
402758136 801234567
402758361 801234567
402758613 801234567
402761358 801234567
402761583 801234567
402761835 801234567
402763185 801234567
402763518 801234567
402763851 801234567
402765138 801234567
402765381 801234567
402765813 801234567
402768153 801234567
402768315 801234567
402768531 801234567
402781365 801234567
402781536 801234567
402781653 801234567
402783156 801234567
402783561 801234567
402783615 801234567
402785163 801234567
402785316 801234567
402785631 801234567
402786135 801234567
402786351 801234567
402786513 801234567
402813567 801234567
402813675 801234567
402813756 801234567
402815376 801234567
402815637 801234567
402815763 801234567
402816357 801234567
402816573 801234567
402816735 801234567
402817365 801234567
402817536 801234567
402817653 801234567
402831576 801234567
402831657 801234567
402831765 801234567
402835167 801234567
402835671 801234567
402835716 801234567
402836175 801234567
402836517 801234567
402836751 801234567
402837156 801234567
402837561 801234567
402837615 801234567
402851367 801234567
402851673 801234567
402851736 801234567
402853176 801234567
402853617 801234567
402853761 801234567
402856137 801234567
402856371 801234567
402856713 801234567
402857163 801234567
402857316 801234567
402857631 801234567
402861375 801234567
