836025174 801234567
836025417 801234567
836025741 801234567
836027145 801234567
836027451 801234567
836027514 801234567
836041257 801234567
836041572 801234567
836041725 801234567
836042175 801234567
836042517 801234567
836042751 801234567
836045127 801234567
836045271 801234567
836045712 801234567
836047152 801234567
836047215 801234567
836047521 801234567
836051274 801234567
836051427 801234567
836051742 801234567
836052147 801234567
836052471 801234567
836052714 801234567
836054172 801234567
836054217 801234567
836054721 801234567
836057124 801234567
836057241 801234567
836057412 801234567
836071245 801234567
836071452 801234567
836071524 801234567
836072154 801234567
836072415 801234567
836072541 801234567
836074125 801234567
836074251 801234567
836074512 801234567
836075142 801234567
836075214 801234567
836075421 801234567
836102475 801234567
836102547 801234567
836102754 801234567
836104257 801234567
836104572 801234567
836104725 801234567
836105274 801234567
836105427 801234567
836105742 801234567
836107245 801234567
836107452 801234567
836107524 801234567
836120457 801234567
836120574 801234567
836120745 801234567
836124075 801234567
836124507 801234567
836124750 801234567
836125047 801234567
836125470 801234567
836125704 801234567
836127054 801234567
836127405 801234567
836127540 801234567
836140275 801234567
836140527 801234567
836140752 801234567
836142057 801234567
836142570 801234567
836142705 801234567
836145072 801234567
836145207 801234567
836145720 801234567
836147025 801234567
836147250 801234567
836147502 801234567
836150247 801234567
836150472 801234567
836150724 801234567
836152074 801234567
836152407 801234567
836152740 801234567
836154027 801234567
836154270 801234567
836154702 801234567
836157042 801234567
836157204 801234567
836157420 801234567
836170254 801234567
836170425 801234567
836170542 801234567
836172045 801234567
836172450 801234567
836172504 801234567
836174052 801234567
836174205 801234567
836174520 801234567
836175024 801234567
836175240 801234567
836175402 801234567
836201457 801234567
836201574 801234567
836201745 801234567
836204175 801234567
836204517 801234567
836204751 801234567
836205147 801234567
836205471 801234567
836205714 801234567
836207154 801234567
836207415 801234567
836207541 801234567
836210475 801234567
836210547 801234567
836210754 801234567
836214057 801234567
836214570 801234567
836214705 801234567
836215074 801234567
836215407 801234567
836215740 801234567
836217045 801234567
836217450 801234567
836217504 801234567
836240157 801234567
836240571 801234567
836240715 801234567
836241075 801234567
836241507 801234567
836241750 801234567
836245017 801234567
836245170 801234567
836245701 801234567
836247051 801234567
836247105 801234567
836247510 801234567
836250174 801234567
836250417 801234567
836250741 801234567
836251047 801234567
836251470 801234567
836251704 801234567
836254071 801234567
836254107 801234567
836254710 801234567
836257014 801234567
836257140 801234567
836257401 801234567
836270145 801234567
836270451 801234567
836270514 801234567
836271054 801234567
836271405 801234567
836271540 801234567
836274015 801234567
836274150 801234567
836274501 801234567
836275041 801234567
836275104 801234567
836275410 801234567
836401275 801234567
836401527 801234567
836401752 801234567
836402157 801234567
836402571 801234567
836402715 801234567
836405172 801234567
836405217 801234567
836405721 801234567
836407125 801234567
836407251 801234567
836407512 801234567
836410257 801234567
836410572 801234567
836410725 801234567
836412075 801234567
836412507 801234567
836412750 801234567
836415027 801234567
836415270 801234567
836415702 801234567
836417052 801234567
836417205 801234567
836417520 801234567
836420175 801234567
836420517 801234567
836420751 801234567
836421057 801234567
836421570 801234567
836421705 801234567
836425071 801234567
836425107 801234567
836425710 801234567
836427015 801234567
836427150 801234567
836427501 801234567
836450127 801234567
836450271 801234567
836450712 801234567
836451072 801234567
836451207 801234567
836451720 801234567
836452017 801234567
836452170 801234567
836452701 801234567
836457021 801234567
836457102 801234567
836457210 801234567
836470152 801234567
836470215 801234567
836470521 801234567
836471025 801234567
836471250 801234567
836471502 801234567
836472051 801234567
836472105 801234567
836472510 801234567
836475012 801234567
836475120 801234567
836475201 801234567
836501247 801234567
836501472 801234567
836501724 801234567
836502174 801234567
836502417 801234567
836502741 801234567
836504127 801234567
836504271 801234567
836504712 801234567
836507142 801234567
836507214 801234567
836507421 801234567
836510274 801234567
836510427 801234567
836510742 801234567
836512047 801234567
836512470 801234567
836512704 801234567
836514072 801234567
836514207 801234567
836514720 801234567
836517024 801234567
836517240 801234567
836517402 801234567
836520147 801234567
836520471 801234567
836520714 801234567
836521074 801234567
836521407 801234567
836521740 801234567
836524017 801234567
836524170 801234567
836524701 801234567
836527041 801234567
836527104 801234567
836527410 801234567
836540172 801234567
836540217 801234567
836540721 801234567
836541027 801234567
836541270 801234567
836541702 801234567
836542071 801234567
836542107 801234567
836542710 801234567
836547012 801234567
836547120 801234567
836547201 801234567
836570124 801234567
836570241 801234567
836570412 801234567
836571042 801234567
836571204 801234567
836571420 801234567
836572014 801234567
836572140 801234567
836572401 801234567
836574021 801234567
836574102 801234567
836574210 801234567
836701254 801234567
836701425 801234567
836701542 801234567
836702145 801234567
836702451 801234567
836702514 801234567
836704152 801234567
836704215 801234567
836704521 801234567
836705124 801234567
836705241 801234567
836705412 801234567
836710245 801234567
836710452 801234567
836710524 801234567
836712054 801234567
836712405 801234567
836712540 801234567
836714025 801234567
836714250 801234567
836714502 801234567
836715042 801234567
836715204 801234567
836715420 801234567
836720154 801234567
836720415 801234567
836720541 801234567
836721045 801234567
836721450 801234567
836721504 801234567
836724051 801234567
836724105 801234567
836724510 801234567
836725014 801234567
836725140 801234567
836725401 801234567
836740125 801234567
836740251 801234567
836740512 801234567
836741052 801234567
836741205 801234567
836741520 801234567
836742015 801234567
836742150 801234567
836742501 801234567
836745021 801234567
836745102 801234567
836745210 801234567
836750142 801234567
836750214 801234567
836750421 801234567
836751024 801234567
836751240 801234567
836751402 801234567
836752041 801234567
836752104 801234567
836752410 801234567
836754012 801234567
836754120 801234567
836754201 801234567
837012465 801234567
837012546 801234567
837012654 801234567
837014256 801234567
837014562 801234567
837014625 801234567
837015264 801234567
837015426 801234567
837015642 801234567
837016245 801234567
837016452 801234567
837016524 801234567
837021456 801234567
837021564 801234567
837021645 801234567
837024165 801234567
837024516 801234567
837024651 801234567
837025146 801234567
837025461 801234567
837025614 801234567
837026154 801234567
837026415 801234567
837026541 801234567
837041265 801234567
837041526 801234567
837041652 801234567
837042156 801234567
837042561 801234567
837042615 801234567
837045162 801234567
837045216 801234567
837045621 801234567
837046125 801234567
837046251 801234567
837046512 801234567
837051246 801234567
837051462 801234567
837051624 801234567
837052164 801234567
837052416 801234567
837052641 801234567
837054126 801234567
837054261 801234567
837054612 801234567
837056142 801234567
837056214 801234567
837056421 801234567
837061254 801234567
837061425 801234567
837061542 801234567
837062145 801234567
837062451 801234567
837062514 801234567
837064152 801234567
837064215 801234567
837064521 801234567
837065124 801234567
837065241 801234567
837065412 801234567
837102456 801234567
837102564 801234567
837102645 801234567
837104265 801234567
837104526 801234567
837104652 801234567
837105246 801234567
837105462 801234567
837105624 801234567
837106254 801234567
837106425 801234567
837106542 801234567
837120465 801234567
837120546 801234567
837120654 801234567
837124056 801234567
837124560 801234567
837124605 801234567
837125064 801234567
837125406 801234567
837125640 801234567
837126045 801234567
837126450 801234567
837126504 801234567
837140256 801234567
837140562 801234567
837140625 801234567
837142065 801234567
837142506 801234567
837142650 801234567
837145026 801234567
837145260 801234567
837145602 801234567
837146052 801234567
837146205 801234567
837146520 801234567
837150264 801234567
837150426 801234567
837150642 801234567
837152046 801234567
837152460 801234567
837152604 801234567
837154062 801234567
837154206 801234567
837154620 801234567
837156024 801234567
837156240 801234567
837156402 801234567
837160245 801234567
837160452 801234567
837160524 801234567
837162054 801234567
837162405 801234567
837162540 801234567
837164025 801234567
837164250 801234567
837164502 801234567
837165042 801234567
837165204 801234567
837165420 801234567
837201465 801234567
837201546 801234567
837201654 801234567
837204156 801234567
837204561 801234567
837204615 801234567
837205164 801234567
837205416 801234567
837205641 801234567
837206145 801234567
837206451 801234567
837206514 801234567
837210456 801234567
837210564 801234567
837210645 801234567
837214065 801234567
837214506 801234567
837214650 801234567
837215046 801234567
837215460 801234567
837215604 801234567
837216054 801234567
837216405 801234567
837216540 801234567
837240165 801234567
837240516 801234567
837240651 801234567
837241056 801234567
837241560 801234567
837241605 801234567
837245061 801234567
837245106 801234567
837245610 801234567
837246015 801234567
837246150 801234567
837246501 801234567
837250146 801234567
