076158324 801234567
076158432 801234567
076182354 801234567
076182435 801234567
076182543 801234567
076183245 801234567
076183452 801234567
076183524 801234567
076184253 801234567
076184325 801234567
076184532 801234567
076185234 801234567
076185342 801234567
076185423 801234567
076213458 801234567
076213584 801234567
076213845 801234567
076214385 801234567
076214538 801234567
076214853 801234567
076215348 801234567
076215483 801234567
076215834 801234567
076218354 801234567
076218435 801234567
076218543 801234567
076231485 801234567
076231548 801234567
076231854 801234567
076234158 801234567
076234581 801234567
076234815 801234567
076235184 801234567
076235418 801234567
076235841 801234567
076238145 801234567
076238451 801234567
076238514 801234567
076241358 801234567
076241583 801234567
076241835 801234567
076243185 801234567
076243518 801234567
076243851 801234567
076245138 801234567
076245381 801234567
076245813 801234567
076248153 801234567
076248315 801234567
076248531 801234567
076251384 801234567
076251438 801234567
076251843 801234567
076253148 801234567
076253481 801234567
076253814 801234567
076254183 801234567
076254318 801234567
076254831 801234567
076258134 801234567
076258341 801234567
076258413 801234567
076281345 801234567
076281453 801234567
076281534 801234567
076283154 801234567
076283415 801234567
076283541 801234567
076284135 801234567
076284351 801234567
076284513 801234567
076285143 801234567
076285314 801234567
076285431 801234567
076312485 801234567
076312548 801234567
076312854 801234567
076314258 801234567
076314582 801234567
076314825 801234567
076315284 801234567
076315428 801234567
076315842 801234567
076318245 801234567
076318452 801234567
076318524 801234567
076321458 801234567
076321584 801234567
076321845 801234567
076324185 801234567
076324518 801234567
076324851 801234567
076325148 801234567
076325481 801234567
076325814 801234567
076328154 801234567
076328415 801234567
076328541 801234567
076341285 801234567
076341528 801234567
076341852 801234567
076342158 801234567
076342581 801234567
076342815 801234567
076345182 801234567
076345218 801234567
076345821 801234567
076348125 801234567
076348251 801234567
076348512 801234567
076351248 801234567
076351482 801234567
076351824 801234567
076352184 801234567
076352418 801234567
076352841 801234567
076354128 801234567
076354281 801234567
076354812 801234567
076358142 801234567
076358214 801234567
076358421 801234567
076381254 801234567
076381425 801234567
076381542 801234567
076382145 801234567
076382451 801234567
076382514 801234567
076384152 801234567
076384215 801234567
076384521 801234567
076385124 801234567
076385241 801234567
076385412 801234567
076412358 801234567
076412583 801234567
076412835 801234567
076413285 801234567
076413528 801234567
076413852 801234567
076415238 801234567
076415382 801234567
076415823 801234567
076418253 801234567
076418325 801234567
076418532 801234567
076421385 801234567
076421538 801234567
076421853 801234567
076423158 801234567
076423581 801234567
076423815 801234567
076425183 801234567
076425318 801234567
076425831 801234567
076428135 801234567
076428351 801234567
076428513 801234567
076431258 801234567
076431582 801234567
076431825 801234567
076432185 801234567
076432518 801234567
076432851 801234567
076435128 801234567
076435281 801234567
076435812 801234567
076438152 801234567
076438215 801234567
076438521 801234567
076451283 801234567
076451328 801234567
076451832 801234567
076452138 801234567
076452381 801234567
076452813 801234567
076453182 801234567
076453218 801234567
076453821 801234567
076458123 801234567
076458231 801234567
076458312 801234567
076481235 801234567
076481352 801234567
076481523 801234567
076482153 801234567
076482315 801234567
076482531 801234567
076483125 801234567
076483251 801234567
076483512 801234567
076485132 801234567
076485213 801234567
076485321 801234567
076512384 801234567
076512438 801234567
076512843 801234567
076513248 801234567
076513482 801234567
076513824 801234567
076514283 801234567
076514328 801234567
076514832 801234567
076518234 801234567
076518342 801234567
076518423 801234567
076521348 801234567
076521483 801234567
076521834 801234567
076523184 801234567
076523418 801234567
076523841 801234567
076524138 801234567
076524381 801234567
076524813 801234567
076528143 801234567
076528314 801234567
076528431 801234567
076531284 801234567
076531428 801234567
076531842 801234567
076532148 801234567
076532481 801234567
076532814 801234567
076534182 801234567
076534218 801234567
076534821 801234567
076538124 801234567
076538241 801234567
076538412 801234567
076541238 801234567
076541382 801234567
076541823 801234567
076542183 801234567
076542318 801234567
076542831 801234567
076543128 801234567
076543281 801234567
076543812 801234567
076548132 801234567
076548213 801234567
076548321 801234567
076581243 801234567
076581324 801234567
076581432 801234567
076582134 801234567
076582341 801234567
076582413 801234567
076583142 801234567
076583214 801234567
076583421 801234567
076584123 801234567
076584231 801234567
076584312 801234567
076812345 801234567
076812453 801234567
076812534 801234567
076813254 801234567
076813425 801234567
076813542 801234567
076814235 801234567
076814352 801234567
076814523 801234567
076815243 801234567
076815324 801234567
076815432 801234567
076821354 801234567
076821435 801234567
076821543 801234567
076823145 801234567
076823451 801234567
076823514 801234567
076824153 801234567
076824315 801234567
076824531 801234567
076825134 801234567
076825341 801234567
076825413 801234567
076831245 801234567
076831452 801234567
076831524 801234567
076832154 801234567
076832415 801234567
076832541 801234567
076834125 801234567
076834251 801234567
076834512 801234567
076835142 801234567
076835214 801234567
076835421 801234567
076841253 801234567
076841325 801234567
076841532 801234567
076842135 801234567
076842351 801234567
076842513 801234567
076843152 801234567
076843215 801234567
076843521 801234567
076845123 801234567
076845231 801234567
076845312 801234567
076851234 801234567
076851342 801234567
076851423 801234567
076852143 801234567
076852314 801234567
076852431 801234567
076853124 801234567
076853241 801234567
076853412 801234567
076854132 801234567
076854213 801234567
076854321 801234567
078123456 801234567
078123564 801234567
078123645 801234567
078124365 801234567
078124536 801234567
078124653 801234567
078125346 801234567
078125463 801234567
078125634 801234567
078126354 801234567
078126435 801234567
078126543 801234567
078132465 801234567
078132546 801234567
078132654 801234567
078134256 801234567
078134562 801234567
078134625 801234567
078135264 801234567
078135426 801234567
078135642 801234567
078136245 801234567
078136452 801234567
078136524 801234567
078142356 801234567
078142563 801234567
078142635 801234567
078143265 801234567
078143526 801234567
078143652 801234567
078145236 801234567
078145362 801234567
078145623 801234567
078146253 801234567
078146325 801234567
078146532 801234567
078152364 801234567
078152436 801234567
078152643 801234567
078153246 801234567
078153462 801234567
078153624 801234567
078154263 801234567
078154326 801234567
078154632 801234567
078156234 801234567
078156342 801234567
078156423 801234567
078162345 801234567
078162453 801234567
078162534 801234567
078163254 801234567
078163425 801234567
078163542 801234567
078164235 801234567
078164352 801234567
078164523 801234567
078165243 801234567
078165324 801234567
078165432 801234567
078213465 801234567
078213546 801234567
078213654 801234567
078214356 801234567
078214563 801234567
078214635 801234567
078215364 801234567
078215436 801234567
078215643 801234567
078216345 801234567
078216453 801234567
078216534 801234567
078231456 801234567
078231564 801234567
078231645 801234567
078234165 801234567
078234516 801234567
078234651 801234567
078235146 801234567
078235461 801234567
078235614 801234567
078236154 801234567
078236415 801234567
078236541 801234567
078241365 801234567
078241536 801234567
078241653 801234567
078243156 801234567
078243561 801234567
078243615 801234567
078245163 801234567
078245316 801234567
078245631 801234567
078246135 801234567
078246351 801234567
078246513 801234567
078251346 801234567
078251463 801234567
078251634 801234567
078253164 801234567
078253416 801234567
078253641 801234567
078254136 801234567
078254361 801234567
078254613 801234567
078256143 801234567
078256314 801234567
078256431 801234567
078261354 801234567
078261435 801234567
078261543 801234567
078263145 801234567
078263451 801234567
078263514 801234567
078264153 801234567
078264315 801234567
078264531 801234567
078265134 801234567
078265341 801234567
078265413 801234567
078312456 801234567
078312564 801234567
078312645 801234567
078314265 801234567
078314526 801234567
078314652 801234567
078315246 801234567
078315462 801234567
078315624 801234567
078316254 801234567
078316425 801234567
078316542 801234567
078321465 801234567
078321546 801234567
078321654 801234567
078324156 801234567
078324561 801234567
078324615 801234567
078325164 801234567
078325416 801234567
078325641 801234567
078326145 801234567
078326451 801234567
078326514 801234567
078341256 801234567
078341562 801234567
078341625 801234567
078342165 801234567
078342516 801234567
078342651 801234567
078345126 801234567
078345261 801234567
078345612 801234567
078346152 801234567
078346215 801234567
078346521 801234567
078351264 801234567
078351426 801234567
078351642 801234567
078352146 801234567
078352461 801234567
078352614 801234567
078354162 801234567
078354216 801234567
078354621 801234567
078356124 801234567
078356241 801234567
078356412 801234567
078361245 801234567
078361452 801234567
078361524 801234567
078362154 801234567
078362415 801234567
078362541 801234567
078364125 801234567
078364251 801234567
078364512 801234567
078365142 801234567
078365214 801234567
078365421 801234567
078412365 801234567
078412536 801234567
078412653 801234567
078413256 801234567
078413562 801234567
