518704623 801234567
518706243 801234567
518706324 801234567
518706432 801234567
518720364 801234567
518720436 801234567
518720643 801234567
518723046 801234567
518723460 801234567
518723604 801234567
518724063 801234567
518724306 801234567
518724630 801234567
518726034 801234567
518726340 801234567
518726403 801234567
518730246 801234567
518730462 801234567
518730624 801234567
518732064 801234567
518732406 801234567
518732640 801234567
518734026 801234567
518734260 801234567
518734602 801234567
518736042 801234567
518736204 801234567
518736420 801234567
518740263 801234567
518740326 801234567
518740632 801234567
518742036 801234567
518742360 801234567
518742603 801234567
518743062 801234567
518743206 801234567
518743620 801234567
518746023 801234567
518746230 801234567
518746302 801234567
518760234 801234567
518760342 801234567
518760423 801234567
518762043 801234567
518762304 801234567
518762430 801234567
518763024 801234567
518763240 801234567
518763402 801234567
518764032 801234567
518764203 801234567
518764320 801234567
520134678 801234567
520134786 801234567
520134867 801234567
520136487 801234567
520136748 801234567
520136874 801234567
520137468 801234567
520137684 801234567
520137846 801234567
520138476 801234567
520138647 801234567
520138764 801234567
520143687 801234567
520143768 801234567
520143876 801234567
520146378 801234567
520146783 801234567
520146837 801234567
520147386 801234567
520147638 801234567
520147863 801234567
520148367 801234567
520148673 801234567
520148736 801234567
520163478 801234567
520163784 801234567
520163847 801234567
520164387 801234567
520164738 801234567
520164873 801234567
520167348 801234567
520167483 801234567
520167834 801234567
520168374 801234567
520168437 801234567
520168743 801234567
520173486 801234567
520173648 801234567
520173864 801234567
520174368 801234567
520174683 801234567
520174836 801234567
520176384 801234567
520176438 801234567
520176843 801234567
520178346 801234567
520178463 801234567
520178634 801234567
520183467 801234567
520183674 801234567
520183746 801234567
520184376 801234567
520184637 801234567
520184763 801234567
520186347 801234567
520186473 801234567
520186734 801234567
520187364 801234567
520187436 801234567
520187643 801234567
520314687 801234567
520314768 801234567
520314876 801234567
520316478 801234567
520316784 801234567
520316847 801234567
520317486 801234567
520317648 801234567
520317864 801234567
520318467 801234567
520318674 801234567
520318746 801234567
520341678 801234567
520341786 801234567
520341867 801234567
520346187 801234567
520346718 801234567
520346871 801234567
520347168 801234567
520347681 801234567
520347816 801234567
520348176 801234567
520348617 801234567
520348761 801234567
520361487 801234567
520361748 801234567
520361874 801234567
520364178 801234567
520364781 801234567
520364817 801234567
520367184 801234567
520367418 801234567
520367841 801234567
520368147 801234567
520368471 801234567
520368714 801234567
520371468 801234567
520371684 801234567
520371846 801234567
520374186 801234567
520374618 801234567
520374861 801234567
520376148 801234567
520376481 801234567
520376814 801234567
520378164 801234567
520378416 801234567
520378641 801234567
520381476 801234567
520381647 801234567
520381764 801234567
520384167 801234567
520384671 801234567
520384716 801234567
520386174 801234567
520386417 801234567
520386741 801234567
520387146 801234567
520387461 801234567
520387614 801234567
520413678 801234567
520413786 801234567
520413867 801234567
520416387 801234567
520416738 801234567
520416873 801234567
520417368 801234567
520417683 801234567
520417836 801234567
520418376 801234567
520418637 801234567
520418763 801234567
520431687 801234567
520431768 801234567
520431876 801234567
520436178 801234567
520436781 801234567
520436817 801234567
520437186 801234567
520437618 801234567
520437861 801234567
520438167 801234567
520438671 801234567
520438716 801234567
520461378 801234567
520461783 801234567
520461837 801234567
520463187 801234567
520463718 801234567
520463871 801234567
520467138 801234567
520467381 801234567
520467813 801234567
520468173 801234567
520468317 801234567
520468731 801234567
520471386 801234567
520471638 801234567
520471863 801234567
520473168 801234567
520473681 801234567
520473816 801234567
520476183 801234567
520476318 801234567
520476831 801234567
520478136 801234567
520478361 801234567
520478613 801234567
520481367 801234567
520481673 801234567
520481736 801234567
520483176 801234567
520483617 801234567
520483761 801234567
520486137 801234567
520486371 801234567
520486713 801234567
520487163 801234567
520487316 801234567
520487631 801234567
520613487 801234567
520613748 801234567
520613874 801234567
520614378 801234567
520614783 801234567
520614837 801234567
520617384 801234567
520617438 801234567
520617843 801234567
520618347 801234567
520618473 801234567
520618734 801234567
520631478 801234567
520631784 801234567
520631847 801234567
520634187 801234567
520634718 801234567
520634871 801234567
520637148 801234567
520637481 801234567
520637814 801234567
520638174 801234567
520638417 801234567
520638741 801234567
520641387 801234567
520641738 801234567
520641873 801234567
520643178 801234567
520643781 801234567
520643817 801234567
520647183 801234567
520647318 801234567
520647831 801234567
520648137 801234567
520648371 801234567
520648713 801234567
520671348 801234567
520671483 801234567
520671834 801234567
520673184 801234567
520673418 801234567
520673841 801234567
520674138 801234567
520674381 801234567
520674813 801234567
520678143 801234567
520678314 801234567
520678431 801234567
520681374 801234567
520681437 801234567
520681743 801234567
520683147 801234567
520683471 801234567
520683714 801234567
520684173 801234567
520684317 801234567
520684731 801234567
520687134 801234567
520687341 801234567
520687413 801234567
520713468 801234567
520713684 801234567
520713846 801234567
520714386 801234567
520714638 801234567
520714863 801234567
520716348 801234567
520716483 801234567
520716834 801234567
520718364 801234567
520718436 801234567
520718643 801234567
520731486 801234567
520731648 801234567
520731864 801234567
520734168 801234567
520734681 801234567
520734816 801234567
520736184 801234567
520736418 801234567
520736841 801234567
520738146 801234567
520738461 801234567
520738614 801234567
520741368 801234567
520741683 801234567
520741836 801234567
520743186 801234567
520743618 801234567
520743861 801234567
520746138 801234567
520746381 801234567
520746813 801234567
520748163 801234567
520748316 801234567
520748631 801234567
520761384 801234567
520761438 801234567
520761843 801234567
520763148 801234567
520763481 801234567
520763814 801234567
520764183 801234567
520764318 801234567
520764831 801234567
520768134 801234567
520768341 801234567
520768413 801234567
520781346 801234567
520781463 801234567
520781634 801234567
520783164 801234567
520783416 801234567
520783641 801234567
520784136 801234567
520784361 801234567
520784613 801234567
520786143 801234567
520786314 801234567
520786431 801234567
520813476 801234567
520813647 801234567
520813764 801234567
520814367 801234567
520814673 801234567
520814736 801234567
520816374 801234567
520816437 801234567
520816743 801234567
520817346 801234567
520817463 801234567
520817634 801234567
520831467 801234567
520831674 801234567
520831746 801234567
520834176 801234567
520834617 801234567
520834761 801234567
520836147 801234567
520836471 801234567
520836714 801234567
520837164 801234567
520837416 801234567
520837641 801234567
520841376 801234567
520841637 801234567
520841763 801234567
520843167 801234567
520843671 801234567
520843716 801234567
520846173 801234567
520846317 801234567
520846731 801234567
520847136 801234567
520847361 801234567
520847613 801234567
520861347 801234567
520861473 801234567
520861734 801234567
520863174 801234567
520863417 801234567
520863741 801234567
520864137 801234567
520864371 801234567
520864713 801234567
520867143 801234567
520867314 801234567
520867431 801234567
520871364 801234567
520871436 801234567
520871643 801234567
520873146 801234567
520873461 801234567
520873614 801234567
520874163 801234567
520874316 801234567
520874631 801234567
520876134 801234567
520876341 801234567
520876413 801234567
521034687 801234567
521034768 801234567
521034876 801234567
521036478 801234567
521036784 801234567
521036847 801234567
521037486 801234567
521037648 801234567
521037864 801234567
521038467 801234567
521038674 801234567
521038746 801234567
521043678 801234567
521043786 801234567
521043867 801234567
521046387 801234567
521046738 801234567
521046873 801234567
521047368 801234567
521047683 801234567
521047836 801234567
521048376 801234567
521048637 801234567
521048763 801234567
521063487 801234567
521063748 801234567
521063874 801234567
521064378 801234567
521064783 801234567
521064837 801234567
521067384 801234567
521067438 801234567
521067843 801234567
521068347 801234567
521068473 801234567
521068734 801234567
521073468 801234567
521073684 801234567
521073846 801234567
521074386 801234567
521074638 801234567
521074863 801234567
521076348 801234567
521076483 801234567
521076834 801234567
521078364 801234567
521078436 801234567
521078643 801234567
521083476 801234567
521083647 801234567
521083764 801234567
521084367 801234567
521084673 801234567
521084736 801234567
521086374 801234567
521086437 801234567
521086743 801234567
521087346 801234567
521087463 801234567
521087634 801234567
521304678 801234567
521304786 801234567
521304867 801234567
521306487 801234567
521306748 801234567
521306874 801234567
521307468 801234567
521307684 801234567
521307846 801234567
521308476 801234567
521308647 801234567
521308764 801234567
521340687 801234567
521340768 801234567
521340876 801234567
521346078 801234567
521346780 801234567
521346807 801234567
521347086 801234567
521347608 801234567
521347860 801234567
521348067 801234567
521348670 801234567
521348706 801234567
521360478 801234567
521360784 801234567
521360847 801234567
