246138057 801234567
246138570 801234567
246138705 801234567
246150378 801234567
246150783 801234567
246150837 801234567
246153087 801234567
246153708 801234567
246153870 801234567
246157038 801234567
246157380 801234567
246157803 801234567
246158073 801234567
246158307 801234567
246158730 801234567
246170385 801234567
246170538 801234567
246170853 801234567
246173058 801234567
246173580 801234567
246173805 801234567
246175083 801234567
246175308 801234567
246175830 801234567
246178035 801234567
246178350 801234567
246178503 801234567
246180357 801234567
246180573 801234567
246180735 801234567
246183075 801234567
246183507 801234567
246183750 801234567
246185037 801234567
246185370 801234567
246185703 801234567
246187053 801234567
246187305 801234567
246187530 801234567
246301587 801234567
246301758 801234567
246301875 801234567
246305178 801234567
246305781 801234567
246305817 801234567
246307185 801234567
246307518 801234567
246307851 801234567
246308157 801234567
246308571 801234567
246308715 801234567
246310578 801234567
246310785 801234567
246310857 801234567
246315087 801234567
246315708 801234567
246315870 801234567
246317058 801234567
246317580 801234567
246317805 801234567
246318075 801234567
246318507 801234567
246318750 801234567
246350187 801234567
246350718 801234567
246350871 801234567
246351078 801234567
246351780 801234567
246351807 801234567
246357081 801234567
246357108 801234567
246357810 801234567
246358017 801234567
246358170 801234567
246358701 801234567
246370158 801234567
246370581 801234567
246370815 801234567
246371085 801234567
246371508 801234567
246371850 801234567
246375018 801234567
246375180 801234567
246375801 801234567
246378051 801234567
246378105 801234567
246378510 801234567
246380175 801234567
246380517 801234567
246380751 801234567
246381057 801234567
246381570 801234567
246381705 801234567
246385071 801234567
246385107 801234567
246385710 801234567
246387015 801234567
246387150 801234567
246387501 801234567
246501378 801234567
246501783 801234567
246501837 801234567
246503187 801234567
246503718 801234567
246503871 801234567
246507138 801234567
246507381 801234567
246507813 801234567
246508173 801234567
246508317 801234567
246508731 801234567
246510387 801234567
246510738 801234567
246510873 801234567
246513078 801234567
246513780 801234567
246513807 801234567
246517083 801234567
246517308 801234567
246517830 801234567
246518037 801234567
246518370 801234567
246518703 801234567
246530178 801234567
246530781 801234567
246530817 801234567
246531087 801234567
246531708 801234567
246531870 801234567
246537018 801234567
246537180 801234567
246537801 801234567
246538071 801234567
246538107 801234567
246538710 801234567
246570183 801234567
246570318 801234567
246570831 801234567
246571038 801234567
246571380 801234567
246571803 801234567
246573081 801234567
246573108 801234567
246573810 801234567
246578013 801234567
246578130 801234567
246578301 801234567
246580137 801234567
246580371 801234567
246580713 801234567
246581073 801234567
246581307 801234567
246581730 801234567
246583017 801234567
246583170 801234567
246583701 801234567
246587031 801234567
246587103 801234567
246587310 801234567
246701385 801234567
246701538 801234567
246701853 801234567
246703158 801234567
246703581 801234567
246703815 801234567
246705183 801234567
246705318 801234567
246705831 801234567
246708135 801234567
246708351 801234567
246708513 801234567
246710358 801234567
246710583 801234567
246710835 801234567
246713085 801234567
246713508 801234567
246713850 801234567
246715038 801234567
246715380 801234567
246715803 801234567
246718053 801234567
246718305 801234567
246718530 801234567
246730185 801234567
246730518 801234567
246730851 801234567
246731058 801234567
246731580 801234567
246731805 801234567
246735081 801234567
246735108 801234567
246735810 801234567
246738015 801234567
246738150 801234567
246738501 801234567
246750138 801234567
246750381 801234567
246750813 801234567
246751083 801234567
246751308 801234567
246751830 801234567
246753018 801234567
246753180 801234567
246753801 801234567
246758031 801234567
246758103 801234567
246758310 801234567
246780153 801234567
246780315 801234567
246780531 801234567
246781035 801234567
246781350 801234567
246781503 801234567
246783051 801234567
246783105 801234567
246783510 801234567
246785013 801234567
246785130 801234567
246785301 801234567
246801357 801234567
246801573 801234567
246801735 801234567
246803175 801234567
246803517 801234567
246803751 801234567
246805137 801234567
246805371 801234567
246805713 801234567
246807153 801234567
246807315 801234567
246807531 801234567
246810375 801234567
246810537 801234567
246810753 801234567
246813057 801234567
246813570 801234567
246813705 801234567
246815073 801234567
246815307 801234567
246815730 801234567
246817035 801234567
246817350 801234567
246817503 801234567
246830157 801234567
246830571 801234567
246830715 801234567
246831075 801234567
246831507 801234567
246831750 801234567
246835017 801234567
246835170 801234567
246835701 801234567
246837051 801234567
246837105 801234567
246837510 801234567
246850173 801234567
246850317 801234567
246850731 801234567
246851037 801234567
246851370 801234567
246851703 801234567
246853071 801234567
246853107 801234567
246853710 801234567
246857013 801234567
246857130 801234567
246857301 801234567
246870135 801234567
246870351 801234567
246870513 801234567
246871053 801234567
246871305 801234567
246871530 801234567
246873015 801234567
246873150 801234567
246873501 801234567
246875031 801234567
246875103 801234567
246875310 801234567
247013568 801234567
247013685 801234567
247013856 801234567
247015386 801234567
247015638 801234567
247015863 801234567
247016358 801234567
247016583 801234567
247016835 801234567
247018365 801234567
247018536 801234567
247018653 801234567
247031586 801234567
247031658 801234567
247031865 801234567
247035168 801234567
247035681 801234567
247035816 801234567
247036185 801234567
247036518 801234567
247036851 801234567
247038156 801234567
247038561 801234567
247038615 801234567
247051368 801234567
247051683 801234567
247051836 801234567
247053186 801234567
247053618 801234567
247053861 801234567
247056138 801234567
247056381 801234567
247056813 801234567
247058163 801234567
247058316 801234567
247058631 801234567
247061385 801234567
247061538 801234567
247061853 801234567
247063158 801234567
247063581 801234567
247063815 801234567
247065183 801234567
247065318 801234567
247065831 801234567
247068135 801234567
247068351 801234567
247068513 801234567
247081356 801234567
247081563 801234567
247081635 801234567
247083165 801234567
247083516 801234567
247083651 801234567
247085136 801234567
247085361 801234567
247085613 801234567
247086153 801234567
247086315 801234567
247086531 801234567
247103586 801234567
247103658 801234567
247103865 801234567
247105368 801234567
247105683 801234567
247105836 801234567
247106385 801234567
247106538 801234567
247106853 801234567
247108356 801234567
247108563 801234567
247108635 801234567
247130568 801234567
247130685 801234567
247130856 801234567
247135086 801234567
247135608 801234567
247135860 801234567
247136058 801234567
247136580 801234567
247136805 801234567
247138065 801234567
247138506 801234567
247138650 801234567
247150386 801234567
247150638 801234567
247150863 801234567
247153068 801234567
247153680 801234567
247153806 801234567
247156083 801234567
247156308 801234567
247156830 801234567
247158036 801234567
247158360 801234567
247158603 801234567
247160358 801234567
247160583 801234567
247160835 801234567
247163085 801234567
247163508 801234567
247163850 801234567
247165038 801234567
247165380 801234567
247165803 801234567
247168053 801234567
247168305 801234567
247168530 801234567
247180365 801234567
247180536 801234567
247180653 801234567
247183056 801234567
247183560 801234567
247183605 801234567
247185063 801234567
247185306 801234567
247185630 801234567
247186035 801234567
247186350 801234567
247186503 801234567
247301568 801234567
247301685 801234567
247301856 801234567
247305186 801234567
247305618 801234567
247305861 801234567
247306158 801234567
247306581 801234567
247306815 801234567
247308165 801234567
247308516 801234567
247308651 801234567
247310586 801234567
247310658 801234567
247310865 801234567
247315068 801234567
247315680 801234567
247315806 801234567
247316085 801234567
247316508 801234567
247316850 801234567
247318056 801234567
247318560 801234567
247318605 801234567
247350168 801234567
247350681 801234567
247350816 801234567
247351086 801234567
247351608 801234567
247351860 801234567
247356018 801234567
247356180 801234567
247356801 801234567
247358061 801234567
247358106 801234567
247358610 801234567
247360185 801234567
247360518 801234567
247360851 801234567
247361058 801234567
247361580 801234567
247361805 801234567
247365081 801234567
247365108 801234567
247365810 801234567
247368015 801234567
247368150 801234567
247368501 801234567
247380156 801234567
247380561 801234567
247380615 801234567
247381065 801234567
247381506 801234567
247381650 801234567
247385016 801234567
247385160 801234567
247385601 801234567
247386051 801234567
247386105 801234567
247386510 801234567
247501386 801234567
247501638 801234567
247501863 801234567
247503168 801234567
247503681 801234567
247503816 801234567
247506183 801234567
247506318 801234567
247506831 801234567
247508136 801234567
247508361 801234567
247508613 801234567
247510368 801234567
247510683 801234567
247510836 801234567
247513086 801234567
247513608 801234567
247513860 801234567
247516038 801234567
247516380 801234567
247516803 801234567
247518063 801234567
247518306 801234567
247518630 801234567
247530186 801234567
247530618 801234567
247530861 801234567
247531068 801234567
247531680 801234567
247531806 801234567
247536081 801234567
247536108 801234567
247536810 801234567
247538016 801234567
247538160 801234567
247538601 801234567
247560138 801234567
247560381 801234567
247560813 801234567
247561083 801234567
