176845023 801234567
176845230 801234567
176845302 801234567
176850234 801234567
176850342 801234567
176850423 801234567
176852043 801234567
176852304 801234567
176852430 801234567
176853024 801234567
176853240 801234567
176853402 801234567
176854032 801234567
176854203 801234567
176854320 801234567
178023456 801234567
178023564 801234567
178023645 801234567
178024365 801234567
178024536 801234567
178024653 801234567
178025346 801234567
178025463 801234567
178025634 801234567
178026354 801234567
178026435 801234567
178026543 801234567
178032465 801234567
178032546 801234567
178032654 801234567
178034256 801234567
178034562 801234567
178034625 801234567
178035264 801234567
178035426 801234567
178035642 801234567
178036245 801234567
178036452 801234567
178036524 801234567
178042356 801234567
178042563 801234567
178042635 801234567
178043265 801234567
178043526 801234567
178043652 801234567
178045236 801234567
178045362 801234567
178045623 801234567
178046253 801234567
178046325 801234567
178046532 801234567
178052364 801234567
178052436 801234567
178052643 801234567
178053246 801234567
178053462 801234567
178053624 801234567
178054263 801234567
178054326 801234567
178054632 801234567
178056234 801234567
178056342 801234567
178056423 801234567
178062345 801234567
178062453 801234567
178062534 801234567
178063254 801234567
178063425 801234567
178063542 801234567
178064235 801234567
178064352 801234567
178064523 801234567
178065243 801234567
178065324 801234567
178065432 801234567
178203465 801234567
178203546 801234567
178203654 801234567
178204356 801234567
178204563 801234567
178204635 801234567
178205364 801234567
178205436 801234567
178205643 801234567
178206345 801234567
178206453 801234567
178206534 801234567
178230456 801234567
178230564 801234567
178230645 801234567
178234065 801234567
178234506 801234567
178234650 801234567
178235046 801234567
178235460 801234567
178235604 801234567
178236054 801234567
178236405 801234567
178236540 801234567
178240365 801234567
178240536 801234567
178240653 801234567
178243056 801234567
178243560 801234567
178243605 801234567
178245063 801234567
178245306 801234567
178245630 801234567
178246035 801234567
178246350 801234567
178246503 801234567
178250346 801234567
178250463 801234567
178250634 801234567
178253064 801234567
178253406 801234567
178253640 801234567
178254036 801234567
178254360 801234567
178254603 801234567
178256043 801234567
178256304 801234567
178256430 801234567
178260354 801234567
178260435 801234567
178260543 801234567
178263045 801234567
178263450 801234567
178263504 801234567
178264053 801234567
178264305 801234567
178264530 801234567
178265034 801234567
178265340 801234567
178265403 801234567
178302456 801234567
178302564 801234567
178302645 801234567
178304265 801234567
178304526 801234567
178304652 801234567
178305246 801234567
178305462 801234567
178305624 801234567
178306254 801234567
178306425 801234567
178306542 801234567
178320465 801234567
178320546 801234567
178320654 801234567
178324056 801234567
178324560 801234567
178324605 801234567
178325064 801234567
178325406 801234567
178325640 801234567
178326045 801234567
178326450 801234567
178326504 801234567
178340256 801234567
178340562 801234567
178340625 801234567
178342065 801234567
178342506 801234567
178342650 801234567
178345026 801234567
178345260 801234567
178345602 801234567
178346052 801234567
178346205 801234567
178346520 801234567
178350264 801234567
178350426 801234567
178350642 801234567
178352046 801234567
178352460 801234567
178352604 801234567
178354062 801234567
178354206 801234567
178354620 801234567
178356024 801234567
178356240 801234567
178356402 801234567
178360245 801234567
178360452 801234567
178360524 801234567
178362054 801234567
178362405 801234567
178362540 801234567
178364025 801234567
178364250 801234567
178364502 801234567
178365042 801234567
178365204 801234567
178365420 801234567
178402365 801234567
178402536 801234567
178402653 801234567
178403256 801234567
178403562 801234567
178403625 801234567
178405263 801234567
178405326 801234567
178405632 801234567
178406235 801234567
178406352 801234567
178406523 801234567
178420356 801234567
178420563 801234567
178420635 801234567
178423065 801234567
178423506 801234567
178423650 801234567
178425036 801234567
178425360 801234567
178425603 801234567
178426053 801234567
178426305 801234567
178426530 801234567
178430265 801234567
178430526 801234567
178430652 801234567
178432056 801234567
178432560 801234567
178432605 801234567
178435062 801234567
178435206 801234567
178435620 801234567
178436025 801234567
178436250 801234567
178436502 801234567
178450236 801234567
178450362 801234567
178450623 801234567
178452063 801234567
178452306 801234567
178452630 801234567
178453026 801234567
178453260 801234567
178453602 801234567
178456032 801234567
178456203 801234567
178456320 801234567
178460253 801234567
178460325 801234567
178460532 801234567
178462035 801234567
178462350 801234567
178462503 801234567
178463052 801234567
178463205 801234567
178463520 801234567
178465023 801234567
178465230 801234567
178465302 801234567
178502346 801234567
178502463 801234567
178502634 801234567
178503264 801234567
178503426 801234567
178503642 801234567
178504236 801234567
178504362 801234567
178504623 801234567
178506243 801234567
178506324 801234567
178506432 801234567
178520364 801234567
178520436 801234567
178520643 801234567
178523046 801234567
178523460 801234567
178523604 801234567
178524063 801234567
178524306 801234567
178524630 801234567
178526034 801234567
178526340 801234567
178526403 801234567
178530246 801234567
178530462 801234567
178530624 801234567
178532064 801234567
178532406 801234567
178532640 801234567
178534026 801234567
178534260 801234567
178534602 801234567
178536042 801234567
178536204 801234567
178536420 801234567
178540263 801234567
178540326 801234567
178540632 801234567
178542036 801234567
178542360 801234567
178542603 801234567
178543062 801234567
178543206 801234567
178543620 801234567
178546023 801234567
178546230 801234567
178546302 801234567
178560234 801234567
178560342 801234567
178560423 801234567
178562043 801234567
178562304 801234567
178562430 801234567
178563024 801234567
178563240 801234567
178563402 801234567
178564032 801234567
178564203 801234567
178564320 801234567
178602354 801234567
178602435 801234567
178602543 801234567
178603245 801234567
178603452 801234567
178603524 801234567
178604253 801234567
178604325 801234567
178604532 801234567
178605234 801234567
178605342 801234567
178605423 801234567
178620345 801234567
178620453 801234567
178620534 801234567
178623054 801234567
178623405 801234567
178623540 801234567
178624035 801234567
178624350 801234567
178624503 801234567
178625043 801234567
178625304 801234567
178625430 801234567
178630254 801234567
178630425 801234567
178630542 801234567
178632045 801234567
178632450 801234567
178632504 801234567
178634052 801234567
178634205 801234567
178634520 801234567
178635024 801234567
178635240 801234567
178635402 801234567
178640235 801234567
178640352 801234567
178640523 801234567
178642053 801234567
178642305 801234567
178642530 801234567
178643025 801234567
178643250 801234567
178643502 801234567
178645032 801234567
178645203 801234567
178645320 801234567
178650243 801234567
178650324 801234567
178650432 801234567
178652034 801234567
178652340 801234567
178652403 801234567
178653042 801234567
178653204 801234567
178653420 801234567
178654023 801234567
178654230 801234567
178654302 801234567
180234576 801234567
180234657 801234567
180234765 801234567
180235467 801234567
180235674 801234567
180235746 801234567
180236475 801234567
180236547 801234567
180236754 801234567
180237456 801234567
180237564 801234567
180237645 801234567
180243567 801234567
180243675 801234567
180243756 801234567
180245376 801234567
180245637 801234567
180245763 801234567
180246357 801234567
180246573 801234567
180246735 801234567
180247365 801234567
180247536 801234567
180247653 801234567
180253476 801234567
180253647 801234567
180253764 801234567
180254367 801234567
180254673 801234567
180254736 801234567
180256374 801234567
180256437 801234567
180256743 801234567
180257346 801234567
180257463 801234567
180257634 801234567
180263457 801234567
180263574 801234567
180263745 801234567
180264375 801234567
180264537 801234567
180264753 801234567
180265347 801234567
180265473 801234567
180265734 801234567
180267354 801234567
180267435 801234567
180267543 801234567
180273465 801234567
180273546 801234567
180273654 801234567
180274356 801234567
180274563 801234567
180274635 801234567
180275364 801234567
180275436 801234567
180275643 801234567
180276345 801234567
180276453 801234567
180276534 801234567
180324567 801234567
180324675 801234567
180324756 801234567
180325476 801234567
180325647 801234567
180325764 801234567
180326457 801234567
180326574 801234567
180326745 801234567
180327465 801234567
180327546 801234567
180327654 801234567
180342576 801234567
180342657 801234567
180342765 801234567
180345267 801234567
180345672 801234567
180345726 801234567
180346275 801234567
180346527 801234567
180346752 801234567
180347256 801234567
180347562 801234567
180347625 801234567
180352467 801234567
180352674 801234567
180352746 801234567
180354276 801234567
180354627 801234567
180354762 801234567
180356247 801234567
180356472 801234567
180356724 801234567
180357264 801234567
180357426 801234567
180357642 801234567
180362475 801234567
180362547 801234567
180362754 801234567
180364257 801234567
180364572 801234567
180364725 801234567
180365274 801234567
180365427 801234567
180365742 801234567
180367245 801234567
180367452 801234567
180367524 801234567
180372456 801234567
180372564 801234567
180372645 801234567
180374265 801234567
180374526 801234567
180374652 801234567
180375246 801234567
180375462 801234567
180375624 801234567
180376254 801234567
180376425 801234567
180376542 801234567
180423576 801234567
180423657 801234567
180423765 801234567
180425367 801234567
