014762853 801234567
014763258 801234567
014763582 801234567
014763825 801234567
014765283 801234567
014765328 801234567
014765832 801234567
014768235 801234567
014768352 801234567
014768523 801234567
014782356 801234567
014782563 801234567
014782635 801234567
014783265 801234567
014783526 801234567
014783652 801234567
014785236 801234567
014785362 801234567
014785623 801234567
014786253 801234567
014786325 801234567
014786532 801234567
014823576 801234567
014823657 801234567
014823765 801234567
014825367 801234567
014825673 801234567
014825736 801234567
014826375 801234567
014826537 801234567
014826753 801234567
014827356 801234567
014827563 801234567
014827635 801234567
014832567 801234567
014832675 801234567
014832756 801234567
014835276 801234567
014835627 801234567
014835762 801234567
014836257 801234567
014836572 801234567
014836725 801234567
014837265 801234567
014837526 801234567
014837652 801234567
014852376 801234567
014852637 801234567
014852763 801234567
014853267 801234567
014853672 801234567
014853726 801234567
014856273 801234567
014856327 801234567
014856732 801234567
014857236 801234567
014857362 801234567
014857623 801234567
014862357 801234567
014862573 801234567
014862735 801234567
014863275 801234567
014863527 801234567
014863752 801234567
014865237 801234567
014865372 801234567
014865723 801234567
014867253 801234567
014867325 801234567
014867532 801234567
014872365 801234567
014872536 801234567
014872653 801234567
014873256 801234567
014873562 801234567
014873625 801234567
014875263 801234567
014875326 801234567
014875632 801234567
014876235 801234567
014876352 801234567
014876523 801234567
015234687 801234567
015234768 801234567
015234876 801234567
015236478 801234567
015236784 801234567
015236847 801234567
015237486 801234567
015237648 801234567
015237864 801234567
015238467 801234567
015238674 801234567
015238746 801234567
015243678 801234567
015243786 801234567
015243867 801234567
015246387 801234567
015246738 801234567
015246873 801234567
015247368 801234567
015247683 801234567
015247836 801234567
015248376 801234567
015248637 801234567
015248763 801234567
015263487 801234567
015263748 801234567
015263874 801234567
015264378 801234567
015264783 801234567
015264837 801234567
015267384 801234567
015267438 801234567
015267843 801234567
015268347 801234567
015268473 801234567
015268734 801234567
015273468 801234567
015273684 801234567
015273846 801234567
015274386 801234567
015274638 801234567
015274863 801234567
015276348 801234567
015276483 801234567
015276834 801234567
015278364 801234567
015278436 801234567
015278643 801234567
015283476 801234567
015283647 801234567
015283764 801234567
015284367 801234567
015284673 801234567
015284736 801234567
015286374 801234567
015286437 801234567
015286743 801234567
015287346 801234567
015287463 801234567
015287634 801234567
015324678 801234567
015324786 801234567
015324867 801234567
015326487 801234567
015326748 801234567
015326874 801234567
015327468 801234567
015327684 801234567
015327846 801234567
015328476 801234567
015328647 801234567
015328764 801234567
015342687 801234567
015342768 801234567
015342876 801234567
015346278 801234567
015346782 801234567
015346827 801234567
015347286 801234567
015347628 801234567
015347862 801234567
015348267 801234567
015348672 801234567
015348726 801234567
015362478 801234567
015362784 801234567
015362847 801234567
015364287 801234567
015364728 801234567
015364872 801234567
015367248 801234567
015367482 801234567
015367824 801234567
015368274 801234567
015368427 801234567
015368742 801234567
015372486 801234567
015372648 801234567
015372864 801234567
015374268 801234567
015374682 801234567
015374826 801234567
015376284 801234567
015376428 801234567
015376842 801234567
015378246 801234567
015378462 801234567
015378624 801234567
015382467 801234567
015382674 801234567
015382746 801234567
015384276 801234567
015384627 801234567
015384762 801234567
015386247 801234567
015386472 801234567
015386724 801234567
015387264 801234567
015387426 801234567
015387642 801234567
015423687 801234567
015423768 801234567
015423876 801234567
015426378 801234567
015426783 801234567
015426837 801234567
015427386 801234567
015427638 801234567
015427863 801234567
015428367 801234567
015428673 801234567
015428736 801234567
015432678 801234567
015432786 801234567
015432867 801234567
015436287 801234567
015436728 801234567
015436872 801234567
015437268 801234567
015437682 801234567
015437826 801234567
015438276 801234567
015438627 801234567
015438762 801234567
015462387 801234567
015462738 801234567
015462873 801234567
015463278 801234567
015463782 801234567
015463827 801234567
015467283 801234567
015467328 801234567
015467832 801234567
015468237 801234567
015468372 801234567
015468723 801234567
015472368 801234567
015472683 801234567
015472836 801234567
015473286 801234567
015473628 801234567
015473862 801234567
015476238 801234567
015476382 801234567
015476823 801234567
015478263 801234567
015478326 801234567
015478632 801234567
015482376 801234567
015482637 801234567
015482763 801234567
015483267 801234567
015483672 801234567
015483726 801234567
015486273 801234567
015486327 801234567
015486732 801234567
015487236 801234567
015487362 801234567
015487623 801234567
015623478 801234567
015623784 801234567
015623847 801234567
015624387 801234567
015624738 801234567
015624873 801234567
015627348 801234567
015627483 801234567
015627834 801234567
015628374 801234567
015628437 801234567
015628743 801234567
015632487 801234567
015632748 801234567
015632874 801234567
015634278 801234567
015634782 801234567
015634827 801234567
015637284 801234567
015637428 801234567
015637842 801234567
015638247 801234567
015638472 801234567
015638724 801234567
015642378 801234567
015642783 801234567
015642837 801234567
015643287 801234567
015643728 801234567
015643872 801234567
015647238 801234567
015647382 801234567
015647823 801234567
015648273 801234567
015648327 801234567
015648732 801234567
015672384 801234567
015672438 801234567
015672843 801234567
015673248 801234567
015673482 801234567
015673824 801234567
015674283 801234567
015674328 801234567
015674832 801234567
015678234 801234567
015678342 801234567
015678423 801234567
015682347 801234567
015682473 801234567
015682734 801234567
015683274 801234567
015683427 801234567
015683742 801234567
015684237 801234567
015684372 801234567
015684723 801234567
015687243 801234567
015687324 801234567
015687432 801234567
015723486 801234567
015723648 801234567
015723864 801234567
015724368 801234567
015724683 801234567
015724836 801234567
015726384 801234567
015726438 801234567
015726843 801234567
015728346 801234567
015728463 801234567
015728634 801234567
015732468 801234567
015732684 801234567
015732846 801234567
015734286 801234567
015734628 801234567
015734862 801234567
015736248 801234567
015736482 801234567
015736824 801234567
015738264 801234567
015738426 801234567
015738642 801234567
015742386 801234567
015742638 801234567
015742863 801234567
015743268 801234567
015743682 801234567
015743826 801234567
015746283 801234567
015746328 801234567
015746832 801234567
015748236 801234567
015748362 801234567
015748623 801234567
015762348 801234567
015762483 801234567
015762834 801234567
015763284 801234567
015763428 801234567
015763842 801234567
015764238 801234567
015764382 801234567
015764823 801234567
015768243 801234567
015768324 801234567
015768432 801234567
015782364 801234567
015782436 801234567
015782643 801234567
015783246 801234567
015783462 801234567
015783624 801234567
015784263 801234567
015784326 801234567
015784632 801234567
015786234 801234567
015786342 801234567
015786423 801234567
015823467 801234567
015823674 801234567
015823746 801234567
015824376 801234567
015824637 801234567
015824763 801234567
015826347 801234567
015826473 801234567
015826734 801234567
015827364 801234567
015827436 801234567
015827643 801234567
015832476 801234567
015832647 801234567
015832764 801234567
015834267 801234567
015834672 801234567
015834726 801234567
015836274 801234567
015836427 801234567
015836742 801234567
015837246 801234567
015837462 801234567
015837624 801234567
015842367 801234567
015842673 801234567
015842736 801234567
015843276 801234567
015843627 801234567
015843762 801234567
015846237 801234567
015846372 801234567
015846723 801234567
015847263 801234567
015847326 801234567
015847632 801234567
015862374 801234567
015862437 801234567
015862743 801234567
015863247 801234567
015863472 801234567
015863724 801234567
015864273 801234567
015864327 801234567
015864732 801234567
015867234 801234567
015867342 801234567
015867423 801234567
015872346 801234567
015872463 801234567
015872634 801234567
015873264 801234567
015873426 801234567
015873642 801234567
015874236 801234567
015874362 801234567
015874623 801234567
015876243 801234567
015876324 801234567
015876432 801234567
016234578 801234567
016234785 801234567
016234857 801234567
016235487 801234567
016235748 801234567
016235874 801234567
016237458 801234567
016237584 801234567
016237845 801234567
016238475 801234567
016238547 801234567
016238754 801234567
016243587 801234567
016243758 801234567
016243875 801234567
016245378 801234567
016245783 801234567
016245837 801234567
016247385 801234567
016247538 801234567
016247853 801234567
016248357 801234567
016248573 801234567
016248735 801234567
016253478 801234567
016253784 801234567
016253847 801234567
016254387 801234567
016254738 801234567
016254873 801234567
016257348 801234567
016257483 801234567
016257834 801234567
016258374 801234567
016258437 801234567
016258743 801234567
016273485 801234567
016273548 801234567
016273854 801234567
016274358 801234567
016274583 801234567
016274835 801234567
016275384 801234567
016275438 801234567
016275843 801234567
016278345 801234567
016278453 801234567
016278534 801234567
016283457 801234567
016283574 801234567
016283745 801234567
016284375 801234567
016284537 801234567
016284753 801234567
016285347 801234567
016285473 801234567
016285734 801234567
