415267308 801234567
415267830 801234567
415268037 801234567
415268370 801234567
415268703 801234567
415270368 801234567
415270683 801234567
415270836 801234567
415273086 801234567
415273608 801234567
415273860 801234567
415276038 801234567
415276380 801234567
415276803 801234567
415278063 801234567
415278306 801234567
415278630 801234567
415280376 801234567
415280637 801234567
415280763 801234567
415283067 801234567
415283670 801234567
415283706 801234567
415286073 801234567
415286307 801234567
415286730 801234567
415287036 801234567
415287360 801234567
415287603 801234567
415302678 801234567
415302786 801234567
415302867 801234567
415306287 801234567
415306728 801234567
415306872 801234567
415307268 801234567
415307682 801234567
415307826 801234567
415308276 801234567
415308627 801234567
415308762 801234567
415320687 801234567
415320768 801234567
415320876 801234567
415326078 801234567
415326780 801234567
415326807 801234567
415327086 801234567
415327608 801234567
415327860 801234567
415328067 801234567
415328670 801234567
415328706 801234567
415360278 801234567
415360782 801234567
415360827 801234567
415362087 801234567
415362708 801234567
415362870 801234567
415367028 801234567
415367280 801234567
415367802 801234567
415368072 801234567
415368207 801234567
415368720 801234567
415370286 801234567
415370628 801234567
415370862 801234567
415372068 801234567
415372680 801234567
415372806 801234567
415376082 801234567
415376208 801234567
415376820 801234567
415378026 801234567
415378260 801234567
415378602 801234567
415380267 801234567
415380672 801234567
415380726 801234567
415382076 801234567
415382607 801234567
415382760 801234567
415386027 801234567
415386270 801234567
415386702 801234567
415387062 801234567
415387206 801234567
415387620 801234567
415602387 801234567
415602738 801234567
415602873 801234567
415603278 801234567
415603782 801234567
415603827 801234567
415607283 801234567
415607328 801234567
415607832 801234567
415608237 801234567
415608372 801234567
415608723 801234567
415620378 801234567
415620783 801234567
415620837 801234567
415623087 801234567
415623708 801234567
415623870 801234567
415627038 801234567
415627380 801234567
415627803 801234567
415628073 801234567
415628307 801234567
415628730 801234567
415630287 801234567
415630728 801234567
415630872 801234567
415632078 801234567
415632780 801234567
415632807 801234567
415637082 801234567
415637208 801234567
415637820 801234567
415638027 801234567
415638270 801234567
415638702 801234567
415670238 801234567
415670382 801234567
415670823 801234567
415672083 801234567
415672308 801234567
415672830 801234567
415673028 801234567
415673280 801234567
415673802 801234567
415678032 801234567
415678203 801234567
415678320 801234567
415680273 801234567
415680327 801234567
415680732 801234567
415682037 801234567
415682370 801234567
415682703 801234567
415683072 801234567
415683207 801234567
415683720 801234567
415687023 801234567
415687230 801234567
415687302 801234567
415702368 801234567
415702683 801234567
415702836 801234567
415703286 801234567
415703628 801234567
415703862 801234567
415706238 801234567
415706382 801234567
415706823 801234567
415708263 801234567
415708326 801234567
415708632 801234567
415720386 801234567
415720638 801234567
415720863 801234567
415723068 801234567
415723680 801234567
415723806 801234567
415726083 801234567
415726308 801234567
415726830 801234567
415728036 801234567
415728360 801234567
415728603 801234567
415730268 801234567
415730682 801234567
415730826 801234567
415732086 801234567
415732608 801234567
415732860 801234567
415736028 801234567
415736280 801234567
415736802 801234567
415738062 801234567
415738206 801234567
415738620 801234567
415760283 801234567
415760328 801234567
415760832 801234567
415762038 801234567
415762380 801234567
415762803 801234567
415763082 801234567
415763208 801234567
415763820 801234567
415768023 801234567
415768230 801234567
415768302 801234567
415780236 801234567
415780362 801234567
415780623 801234567
415782063 801234567
415782306 801234567
415782630 801234567
415783026 801234567
415783260 801234567
415783602 801234567
415786032 801234567
415786203 801234567
415786320 801234567
415802376 801234567
415802637 801234567
415802763 801234567
415803267 801234567
415803672 801234567
415803726 801234567
415806273 801234567
415806327 801234567
415806732 801234567
415807236 801234567
415807362 801234567
415807623 801234567
415820367 801234567
415820673 801234567
415820736 801234567
415823076 801234567
415823607 801234567
415823760 801234567
415826037 801234567
415826370 801234567
415826703 801234567
415827063 801234567
415827306 801234567
415827630 801234567
415830276 801234567
415830627 801234567
415830762 801234567
415832067 801234567
415832670 801234567
415832706 801234567
415836072 801234567
415836207 801234567
415836720 801234567
415837026 801234567
415837260 801234567
415837602 801234567
415860237 801234567
415860372 801234567
415860723 801234567
415862073 801234567
415862307 801234567
415862730 801234567
415863027 801234567
415863270 801234567
415863702 801234567
415867032 801234567
415867203 801234567
415867320 801234567
415870263 801234567
415870326 801234567
415870632 801234567
415872036 801234567
415872360 801234567
415872603 801234567
415873062 801234567
415873206 801234567
415873620 801234567
415876023 801234567
415876230 801234567
415876302 801234567
416023587 801234567
416023758 801234567
416023875 801234567
416025378 801234567
416025783 801234567
416025837 801234567
416027385 801234567
416027538 801234567
416027853 801234567
416028357 801234567
416028573 801234567
416028735 801234567
416032578 801234567
416032785 801234567
416032857 801234567
416035287 801234567
416035728 801234567
416035872 801234567
416037258 801234567
416037582 801234567
416037825 801234567
416038275 801234567
416038527 801234567
416038752 801234567
416052387 801234567
416052738 801234567
416052873 801234567
416053278 801234567
416053782 801234567
416053827 801234567
416057283 801234567
416057328 801234567
416057832 801234567
416058237 801234567
416058372 801234567
416058723 801234567
416072358 801234567
416072583 801234567
416072835 801234567
416073285 801234567
416073528 801234567
416073852 801234567
416075238 801234567
416075382 801234567
416075823 801234567
416078253 801234567
416078325 801234567
416078532 801234567
416082375 801234567
416082537 801234567
416082753 801234567
416083257 801234567
416083572 801234567
416083725 801234567
416085273 801234567
416085327 801234567
416085732 801234567
416087235 801234567
416087352 801234567
416087523 801234567
416203578 801234567
416203785 801234567
416203857 801234567
416205387 801234567
416205738 801234567
416205873 801234567
416207358 801234567
416207583 801234567
416207835 801234567
416208375 801234567
416208537 801234567
416208753 801234567
416230587 801234567
416230758 801234567
416230875 801234567
416235078 801234567
416235780 801234567
416235807 801234567
416237085 801234567
416237508 801234567
416237850 801234567
416238057 801234567
416238570 801234567
416238705 801234567
416250378 801234567
416250783 801234567
416250837 801234567
416253087 801234567
416253708 801234567
416253870 801234567
416257038 801234567
416257380 801234567
416257803 801234567
416258073 801234567
416258307 801234567
416258730 801234567
416270385 801234567
416270538 801234567
416270853 801234567
416273058 801234567
416273580 801234567
416273805 801234567
416275083 801234567
416275308 801234567
416275830 801234567
416278035 801234567
416278350 801234567
416278503 801234567
416280357 801234567
416280573 801234567
416280735 801234567
416283075 801234567
416283507 801234567
416283750 801234567
416285037 801234567
416285370 801234567
416285703 801234567
416287053 801234567
416287305 801234567
416287530 801234567
416302587 801234567
416302758 801234567
416302875 801234567
416305278 801234567
416305782 801234567
416305827 801234567
416307285 801234567
416307528 801234567
416307852 801234567
416308257 801234567
416308572 801234567
416308725 801234567
416320578 801234567
416320785 801234567
416320857 801234567
416325087 801234567
416325708 801234567
416325870 801234567
416327058 801234567
416327580 801234567
416327805 801234567
416328075 801234567
416328507 801234567
416328750 801234567
416350287 801234567
416350728 801234567
416350872 801234567
416352078 801234567
416352780 801234567
416352807 801234567
416357082 801234567
416357208 801234567
416357820 801234567
416358027 801234567
416358270 801234567
416358702 801234567
416370258 801234567
416370582 801234567
416370825 801234567
416372085 801234567
416372508 801234567
416372850 801234567
416375028 801234567
416375280 801234567
416375802 801234567
416378052 801234567
416378205 801234567
416378520 801234567
416380275 801234567
416380527 801234567
416380752 801234567
416382057 801234567
416382570 801234567
416382705 801234567
416385072 801234567
416385207 801234567
416385720 801234567
416387025 801234567
416387250 801234567
416387502 801234567
416502378 801234567
416502783 801234567
416502837 801234567
416503287 801234567
416503728 801234567
416503872 801234567
416507238 801234567
416507382 801234567
416507823 801234567
416508273 801234567
416508327 801234567
416508732 801234567
416520387 801234567
416520738 801234567
416520873 801234567
416523078 801234567
416523780 801234567
416523807 801234567
416527083 801234567
416527308 801234567
416527830 801234567
416528037 801234567
416528370 801234567
416528703 801234567
416530278 801234567
416530782 801234567
416530827 801234567
416532087 801234567
416532708 801234567
416532870 801234567
416537028 801234567
416537280 801234567
416537802 801234567
416538072 801234567
416538207 801234567
416538720 801234567
416570283 801234567
416570328 801234567
416570832 801234567
416572038 801234567
416572380 801234567
416572803 801234567
416573082 801234567
416573208 801234567
416573820 801234567
416578023 801234567
416578230 801234567
416578302 801234567
416580237 801234567
416580372 801234567
