421768530 801234567
421780365 801234567
421780536 801234567
421780653 801234567
421783056 801234567
421783560 801234567
421783605 801234567
421785063 801234567
421785306 801234567
421785630 801234567
421786035 801234567
421786350 801234567
421786503 801234567
421803567 801234567
421803675 801234567
421803756 801234567
421805376 801234567
421805637 801234567
421805763 801234567
421806357 801234567
421806573 801234567
421806735 801234567
421807365 801234567
421807536 801234567
421807653 801234567
421830576 801234567
421830657 801234567
421830765 801234567
421835067 801234567
421835670 801234567
421835706 801234567
421836075 801234567
421836507 801234567
421836750 801234567
421837056 801234567
421837560 801234567
421837605 801234567
421850367 801234567
421850673 801234567
421850736 801234567
421853076 801234567
421853607 801234567
421853760 801234567
421856037 801234567
421856370 801234567
421856703 801234567
421857063 801234567
421857306 801234567
421857630 801234567
421860375 801234567
421860537 801234567
421860753 801234567
421863057 801234567
421863570 801234567
421863705 801234567
421865073 801234567
421865307 801234567
421865730 801234567
421867035 801234567
421867350 801234567
421867503 801234567
421870356 801234567
421870563 801234567
421870635 801234567
421873065 801234567
421873506 801234567
421873650 801234567
421875036 801234567
421875360 801234567
421875603 801234567
421876053 801234567
421876305 801234567
421876530 801234567
423015678 801234567
423015786 801234567
423015867 801234567
423016587 801234567
423016758 801234567
423016875 801234567
423017568 801234567
423017685 801234567
423017856 801234567
423018576 801234567
423018657 801234567
423018765 801234567
423051687 801234567
423051768 801234567
423051876 801234567
423056178 801234567
423056781 801234567
423056817 801234567
423057186 801234567
423057618 801234567
423057861 801234567
423058167 801234567
423058671 801234567
423058716 801234567
423061578 801234567
423061785 801234567
423061857 801234567
423065187 801234567
423065718 801234567
423065871 801234567
423067158 801234567
423067581 801234567
423067815 801234567
423068175 801234567
423068517 801234567
423068751 801234567
423071586 801234567
423071658 801234567
423071865 801234567
423075168 801234567
423075681 801234567
423075816 801234567
423076185 801234567
423076518 801234567
423076851 801234567
423078156 801234567
423078561 801234567
423078615 801234567
423081567 801234567
423081675 801234567
423081756 801234567
423085176 801234567
423085617 801234567
423085761 801234567
423086157 801234567
423086571 801234567
423086715 801234567
423087165 801234567
423087516 801234567
423087651 801234567
423105687 801234567
423105768 801234567
423105876 801234567
423106578 801234567
423106785 801234567
423106857 801234567
423107586 801234567
423107658 801234567
423107865 801234567
423108567 801234567
423108675 801234567
423108756 801234567
423150678 801234567
423150786 801234567
423150867 801234567
423156087 801234567
423156708 801234567
423156870 801234567
423157068 801234567
423157680 801234567
423157806 801234567
423158076 801234567
423158607 801234567
423158760 801234567
423160587 801234567
423160758 801234567
423160875 801234567
423165078 801234567
423165780 801234567
423165807 801234567
423167085 801234567
423167508 801234567
423167850 801234567
423168057 801234567
423168570 801234567
423168705 801234567
423170568 801234567
423170685 801234567
423170856 801234567
423175086 801234567
423175608 801234567
423175860 801234567
423176058 801234567
423176580 801234567
423176805 801234567
423178065 801234567
423178506 801234567
423178650 801234567
423180576 801234567
423180657 801234567
423180765 801234567
423185067 801234567
423185670 801234567
423185706 801234567
423186075 801234567
423186507 801234567
423186750 801234567
423187056 801234567
423187560 801234567
423187605 801234567
423501678 801234567
423501786 801234567
423501867 801234567
423506187 801234567
423506718 801234567
423506871 801234567
423507168 801234567
423507681 801234567
423507816 801234567
423508176 801234567
423508617 801234567
423508761 801234567
423510687 801234567
423510768 801234567
423510876 801234567
423516078 801234567
423516780 801234567
423516807 801234567
423517086 801234567
423517608 801234567
423517860 801234567
423518067 801234567
423518670 801234567
423518706 801234567
423560178 801234567
423560781 801234567
423560817 801234567
423561087 801234567
423561708 801234567
423561870 801234567
423567018 801234567
423567180 801234567
423567801 801234567
423568071 801234567
423568107 801234567
423568710 801234567
423570186 801234567
423570618 801234567
423570861 801234567
423571068 801234567
423571680 801234567
423571806 801234567
423576081 801234567
423576108 801234567
423576810 801234567
423578016 801234567
423578160 801234567
423578601 801234567
423580167 801234567
423580671 801234567
423580716 801234567
423581076 801234567
423581607 801234567
423581760 801234567
423586017 801234567
423586170 801234567
423586701 801234567
423587061 801234567
423587106 801234567
423587610 801234567
423601587 801234567
423601758 801234567
423601875 801234567
423605178 801234567
423605781 801234567
423605817 801234567
423607185 801234567
423607518 801234567
423607851 801234567
423608157 801234567
423608571 801234567
423608715 801234567
423610578 801234567
423610785 801234567
423610857 801234567
423615087 801234567
423615708 801234567
423615870 801234567
423617058 801234567
423617580 801234567
423617805 801234567
423618075 801234567
423618507 801234567
423618750 801234567
423650187 801234567
423650718 801234567
423650871 801234567
423651078 801234567
423651780 801234567
423651807 801234567
423657081 801234567
423657108 801234567
423657810 801234567
423658017 801234567
423658170 801234567
423658701 801234567
423670158 801234567
423670581 801234567
423670815 801234567
423671085 801234567
423671508 801234567
423671850 801234567
423675018 801234567
423675180 801234567
423675801 801234567
423678051 801234567
423678105 801234567
423678510 801234567
423680175 801234567
423680517 801234567
423680751 801234567
423681057 801234567
423681570 801234567
423681705 801234567
423685071 801234567
423685107 801234567
423685710 801234567
423687015 801234567
423687150 801234567
423687501 801234567
423701568 801234567
423701685 801234567
423701856 801234567
423705186 801234567
423705618 801234567
423705861 801234567
423706158 801234567
423706581 801234567
423706815 801234567
423708165 801234567
423708516 801234567
423708651 801234567
423710586 801234567
423710658 801234567
423710865 801234567
423715068 801234567
423715680 801234567
423715806 801234567
423716085 801234567
423716508 801234567
423716850 801234567
423718056 801234567
423718560 801234567
423718605 801234567
423750168 801234567
423750681 801234567
423750816 801234567
423751086 801234567
423751608 801234567
423751860 801234567
423756018 801234567
423756180 801234567
423756801 801234567
423758061 801234567
423758106 801234567
423758610 801234567
423760185 801234567
423760518 801234567
423760851 801234567
423761058 801234567
423761580 801234567
423761805 801234567
423765081 801234567
423765108 801234567
423765810 801234567
423768015 801234567
423768150 801234567
423768501 801234567
423780156 801234567
423780561 801234567
423780615 801234567
423781065 801234567
423781506 801234567
423781650 801234567
423785016 801234567
423785160 801234567
423785601 801234567
423786051 801234567
423786105 801234567
423786510 801234567
423801576 801234567
423801657 801234567
423801765 801234567
423805167 801234567
423805671 801234567
423805716 801234567
423806175 801234567
423806517 801234567
423806751 801234567
423807156 801234567
423807561 801234567
423807615 801234567
423810567 801234567
423810675 801234567
423810756 801234567
423815076 801234567
423815607 801234567
423815760 801234567
423816057 801234567
423816570 801234567
423816705 801234567
423817065 801234567
423817506 801234567
423817650 801234567
423850176 801234567
423850617 801234567
423850761 801234567
423851067 801234567
423851670 801234567
423851706 801234567
423856071 801234567
423856107 801234567
423856710 801234567
423857016 801234567
423857160 801234567
423857601 801234567
423860157 801234567
423860571 801234567
423860715 801234567
423861075 801234567
423861507 801234567
423861750 801234567
423865017 801234567
423865170 801234567
423865701 801234567
423867051 801234567
423867105 801234567
423867510 801234567
423870165 801234567
423870516 801234567
423870651 801234567
423871056 801234567
423871560 801234567
423871605 801234567
423875061 801234567
423875106 801234567
423875610 801234567
423876015 801234567
423876150 801234567
423876501 801234567
425013687 801234567
425013768 801234567
425013876 801234567
425016378 801234567
425016783 801234567
425016837 801234567
425017386 801234567
425017638 801234567
425017863 801234567
425018367 801234567
425018673 801234567
425018736 801234567
425031678 801234567
425031786 801234567
425031867 801234567
425036187 801234567
425036718 801234567
425036871 801234567
425037168 801234567
425037681 801234567
425037816 801234567
425038176 801234567
425038617 801234567
425038761 801234567
425061387 801234567
425061738 801234567
425061873 801234567
425063178 801234567
425063781 801234567
425063817 801234567
425067183 801234567
425067318 801234567
425067831 801234567
425068137 801234567
425068371 801234567
425068713 801234567
425071368 801234567
425071683 801234567
425071836 801234567
425073186 801234567
425073618 801234567
425073861 801234567
425076138 801234567
425076381 801234567
425076813 801234567
425078163 801234567
425078316 801234567
425078631 801234567
425081376 801234567
425081637 801234567
425081763 801234567
425083167 801234567
425083671 801234567
425083716 801234567
425086173 801234567
425086317 801234567
425086731 801234567
425087136 801234567
425087361 801234567
425087613 801234567
425103678 801234567
425103786 801234567
425103867 801234567
425106387 801234567
425106738 801234567
425106873 801234567
