347026851 801234567
347028156 801234567
347028561 801234567
347028615 801234567
347051268 801234567
347051682 801234567
347051826 801234567
347052186 801234567
347052618 801234567
347052861 801234567
347056128 801234567
347056281 801234567
347056812 801234567
347058162 801234567
347058216 801234567
347058621 801234567
347061285 801234567
347061528 801234567
347061852 801234567
347062158 801234567
347062581 801234567
347062815 801234567
347065182 801234567
347065218 801234567
347065821 801234567
347068125 801234567
347068251 801234567
347068512 801234567
347081256 801234567
347081562 801234567
347081625 801234567
347082165 801234567
347082516 801234567
347082651 801234567
347085126 801234567
347085261 801234567
347085612 801234567
347086152 801234567
347086215 801234567
347086521 801234567
347102586 801234567
347102658 801234567
347102865 801234567
347105268 801234567
347105682 801234567
347105826 801234567
347106285 801234567
347106528 801234567
347106852 801234567
347108256 801234567
347108562 801234567
347108625 801234567
347120568 801234567
347120685 801234567
347120856 801234567
347125086 801234567
347125608 801234567
347125860 801234567
347126058 801234567
347126580 801234567
347126805 801234567
347128065 801234567
347128506 801234567
347128650 801234567
347150286 801234567
347150628 801234567
347150862 801234567
347152068 801234567
347152680 801234567
347152806 801234567
347156082 801234567
347156208 801234567
347156820 801234567
347158026 801234567
347158260 801234567
347158602 801234567
347160258 801234567
347160582 801234567
347160825 801234567
347162085 801234567
347162508 801234567
347162850 801234567
347165028 801234567
347165280 801234567
347165802 801234567
347168052 801234567
347168205 801234567
347168520 801234567
347180265 801234567
347180526 801234567
347180652 801234567
347182056 801234567
347182560 801234567
347182605 801234567
347185062 801234567
347185206 801234567
347185620 801234567
347186025 801234567
347186250 801234567
347186502 801234567
347201568 801234567
347201685 801234567
347201856 801234567
347205186 801234567
347205618 801234567
347205861 801234567
347206158 801234567
347206581 801234567
347206815 801234567
347208165 801234567
347208516 801234567
347208651 801234567
347210586 801234567
347210658 801234567
347210865 801234567
347215068 801234567
347215680 801234567
347215806 801234567
347216085 801234567
347216508 801234567
347216850 801234567
347218056 801234567
347218560 801234567
347218605 801234567
347250168 801234567
347250681 801234567
347250816 801234567
347251086 801234567
347251608 801234567
347251860 801234567
347256018 801234567
347256180 801234567
347256801 801234567
347258061 801234567
347258106 801234567
347258610 801234567
347260185 801234567
347260518 801234567
347260851 801234567
347261058 801234567
347261580 801234567
347261805 801234567
347265081 801234567
347265108 801234567
347265810 801234567
347268015 801234567
347268150 801234567
347268501 801234567
347280156 801234567
347280561 801234567
347280615 801234567
347281065 801234567
347281506 801234567
347281650 801234567
347285016 801234567
347285160 801234567
347285601 801234567
347286051 801234567
347286105 801234567
347286510 801234567
347501286 801234567
347501628 801234567
347501862 801234567
347502168 801234567
347502681 801234567
347502816 801234567
347506182 801234567
347506218 801234567
347506821 801234567
347508126 801234567
347508261 801234567
347508612 801234567
347510268 801234567
347510682 801234567
347510826 801234567
347512086 801234567
347512608 801234567
347512860 801234567
347516028 801234567
347516280 801234567
347516802 801234567
347518062 801234567
347518206 801234567
347518620 801234567
347520186 801234567
347520618 801234567
347520861 801234567
347521068 801234567
347521680 801234567
347521806 801234567
347526081 801234567
347526108 801234567
347526810 801234567
347528016 801234567
347528160 801234567
347528601 801234567
347560128 801234567
347560281 801234567
347560812 801234567
347561082 801234567
347561208 801234567
347561820 801234567
347562018 801234567
347562180 801234567
347562801 801234567
347568021 801234567
347568102 801234567
347568210 801234567
347580162 801234567
347580216 801234567
347580621 801234567
347581026 801234567
347581260 801234567
347581602 801234567
347582061 801234567
347582106 801234567
347582610 801234567
347586012 801234567
347586120 801234567
347586201 801234567
347601258 801234567
347601582 801234567
347601825 801234567
347602185 801234567
347602518 801234567
347602851 801234567
347605128 801234567
347605281 801234567
347605812 801234567
347608152 801234567
347608215 801234567
347608521 801234567
347610285 801234567
347610528 801234567
347610852 801234567
347612058 801234567
347612580 801234567
347612805 801234567
347615082 801234567
347615208 801234567
347615820 801234567
347618025 801234567
347618250 801234567
347618502 801234567
347620158 801234567
347620581 801234567
347620815 801234567
347621085 801234567
347621508 801234567
347621850 801234567
347625018 801234567
347625180 801234567
347625801 801234567
347628051 801234567
347628105 801234567
347628510 801234567
347650182 801234567
347650218 801234567
347650821 801234567
347651028 801234567
347651280 801234567
347651802 801234567
347652081 801234567
347652108 801234567
347652810 801234567
347658012 801234567
347658120 801234567
347658201 801234567
347680125 801234567
347680251 801234567
347680512 801234567
347681052 801234567
347681205 801234567
347681520 801234567
347682015 801234567
347682150 801234567
347682501 801234567
347685021 801234567
347685102 801234567
347685210 801234567
347801265 801234567
347801526 801234567
347801652 801234567
347802156 801234567
347802561 801234567
347802615 801234567
347805162 801234567
347805216 801234567
347805621 801234567
347806125 801234567
347806251 801234567
347806512 801234567
347810256 801234567
347810562 801234567
347810625 801234567
347812065 801234567
347812506 801234567
347812650 801234567
347815026 801234567
347815260 801234567
347815602 801234567
347816052 801234567
347816205 801234567
347816520 801234567
347820165 801234567
347820516 801234567
347820651 801234567
347821056 801234567
347821560 801234567
347821605 801234567
347825061 801234567
347825106 801234567
347825610 801234567
347826015 801234567
347826150 801234567
347826501 801234567
347850126 801234567
347850261 801234567
347850612 801234567
347851062 801234567
347851206 801234567
347851620 801234567
347852016 801234567
347852160 801234567
347852601 801234567
347856021 801234567
347856102 801234567
347856210 801234567
347860152 801234567
347860215 801234567
347860521 801234567
347861025 801234567
347861250 801234567
347861502 801234567
347862051 801234567
347862105 801234567
347862510 801234567
347865012 801234567
347865120 801234567
347865201 801234567
348012576 801234567
348012657 801234567
348012765 801234567
348015267 801234567
348015672 801234567
348015726 801234567
348016275 801234567
348016527 801234567
348016752 801234567
348017256 801234567
348017562 801234567
348017625 801234567
348021567 801234567
348021675 801234567
348021756 801234567
348025176 801234567
348025617 801234567
348025761 801234567
348026157 801234567
348026571 801234567
348026715 801234567
348027165 801234567
348027516 801234567
348027651 801234567
348051276 801234567
348051627 801234567
348051762 801234567
348052167 801234567
348052671 801234567
348052716 801234567
348056172 801234567
348056217 801234567
348056721 801234567
348057126 801234567
348057261 801234567
348057612 801234567
348061257 801234567
348061572 801234567
348061725 801234567
348062175 801234567
348062517 801234567
348062751 801234567
348065127 801234567
348065271 801234567
348065712 801234567
348067152 801234567
348067215 801234567
348067521 801234567
348071265 801234567
348071526 801234567
348071652 801234567
348072156 801234567
348072561 801234567
348072615 801234567
348075162 801234567
348075216 801234567
348075621 801234567
348076125 801234567
348076251 801234567
348076512 801234567
348102567 801234567
348102675 801234567
348102756 801234567
348105276 801234567
348105627 801234567
348105762 801234567
348106257 801234567
348106572 801234567
348106725 801234567
348107265 801234567
348107526 801234567
348107652 801234567
348120576 801234567
348120657 801234567
348120765 801234567
348125067 801234567
348125670 801234567
348125706 801234567
348126075 801234567
348126507 801234567
348126750 801234567
348127056 801234567
348127560 801234567
348127605 801234567
348150267 801234567
348150672 801234567
348150726 801234567
348152076 801234567
348152607 801234567
348152760 801234567
348156027 801234567
348156270 801234567
348156702 801234567
348157062 801234567
348157206 801234567
348157620 801234567
348160275 801234567
348160527 801234567
348160752 801234567
348162057 801234567
348162570 801234567
348162705 801234567
348165072 801234567
348165207 801234567
348165720 801234567
348167025 801234567
348167250 801234567
348167502 801234567
348170256 801234567
348170562 801234567
348170625 801234567
348172065 801234567
348172506 801234567
348172650 801234567
348175026 801234567
348175260 801234567
348175602 801234567
348176052 801234567
348176205 801234567
348176520 801234567
348201576 801234567
348201657 801234567
348201765 801234567
348205167 801234567
348205671 801234567
348205716 801234567
348206175 801234567
348206517 801234567
348206751 801234567
348207156 801234567
348207561 801234567
348207615 801234567
348210567 801234567
348210675 801234567
348210756 801234567
348215076 801234567
348215607 801234567
348215760 801234567
348216057 801234567
348216570 801234567
348216705 801234567
348217065 801234567
348217506 801234567
348217650 801234567
348250176 801234567
348250617 801234567
348250761 801234567
348251067 801234567
348251670 801234567
348251706 801234567
348256071 801234567
348256107 801234567
348256710 801234567
348257016 801234567
348257160 801234567
348257601 801234567
348260157 801234567
348260571 801234567
348260715 801234567
