230184675 801234567
230184756 801234567
230185476 801234567
230185647 801234567
230185764 801234567
230186457 801234567
230186574 801234567
230186745 801234567
230187465 801234567
230187546 801234567
230187654 801234567
230415687 801234567
230415768 801234567
230415876 801234567
230416578 801234567
230416785 801234567
230416857 801234567
230417586 801234567
230417658 801234567
230417865 801234567
230418567 801234567
230418675 801234567
230418756 801234567
230451678 801234567
230451786 801234567
230451867 801234567
230456187 801234567
230456718 801234567
230456871 801234567
230457168 801234567
230457681 801234567
230457816 801234567
230458176 801234567
230458617 801234567
230458761 801234567
230461587 801234567
230461758 801234567
230461875 801234567
230465178 801234567
230465781 801234567
230465817 801234567
230467185 801234567
230467518 801234567
230467851 801234567
230468157 801234567
230468571 801234567
230468715 801234567
230471568 801234567
230471685 801234567
230471856 801234567
230475186 801234567
230475618 801234567
230475861 801234567
230476158 801234567
230476581 801234567
230476815 801234567
230478165 801234567
230478516 801234567
230478651 801234567
230481576 801234567
230481657 801234567
230481765 801234567
230485167 801234567
230485671 801234567
230485716 801234567
230486175 801234567
230486517 801234567
230486751 801234567
230487156 801234567
230487561 801234567
230487615 801234567
230514678 801234567
230514786 801234567
230514867 801234567
230516487 801234567
230516748 801234567
230516874 801234567
230517468 801234567
230517684 801234567
230517846 801234567
230518476 801234567
230518647 801234567
230518764 801234567
230541687 801234567
230541768 801234567
230541876 801234567
230546178 801234567
230546781 801234567
230546817 801234567
230547186 801234567
230547618 801234567
230547861 801234567
230548167 801234567
230548671 801234567
230548716 801234567
230561478 801234567
230561784 801234567
230561847 801234567
230564187 801234567
230564718 801234567
230564871 801234567
230567148 801234567
230567481 801234567
230567814 801234567
230568174 801234567
230568417 801234567
230568741 801234567
230571486 801234567
230571648 801234567
230571864 801234567
230574168 801234567
230574681 801234567
230574816 801234567
230576184 801234567
230576418 801234567
230576841 801234567
230578146 801234567
230578461 801234567
230578614 801234567
230581467 801234567
230581674 801234567
230581746 801234567
230584176 801234567
230584617 801234567
230584761 801234567
230586147 801234567
230586471 801234567
230586714 801234567
230587164 801234567
230587416 801234567
230587641 801234567
230614587 801234567
230614758 801234567
230614875 801234567
230615478 801234567
230615784 801234567
230615847 801234567
230617485 801234567
230617548 801234567
230617854 801234567
230618457 801234567
230618574 801234567
230618745 801234567
230641578 801234567
230641785 801234567
230641857 801234567
230645187 801234567
230645718 801234567
230645871 801234567
230647158 801234567
230647581 801234567
230647815 801234567
230648175 801234567
230648517 801234567
230648751 801234567
230651487 801234567
230651748 801234567
230651874 801234567
230654178 801234567
230654781 801234567
230654817 801234567
230657184 801234567
230657418 801234567
230657841 801234567
230658147 801234567
230658471 801234567
230658714 801234567
230671458 801234567
230671584 801234567
230671845 801234567
230674185 801234567
230674518 801234567
230674851 801234567
230675148 801234567
230675481 801234567
230675814 801234567
230678154 801234567
230678415 801234567
230678541 801234567
230681475 801234567
230681547 801234567
230681754 801234567
230684157 801234567
230684571 801234567
230684715 801234567
230685174 801234567
230685417 801234567
230685741 801234567
230687145 801234567
230687451 801234567
230687514 801234567
230714568 801234567
230714685 801234567
230714856 801234567
230715486 801234567
230715648 801234567
230715864 801234567
230716458 801234567
230716584 801234567
230716845 801234567
230718465 801234567
230718546 801234567
230718654 801234567
230741586 801234567
230741658 801234567
230741865 801234567
230745168 801234567
230745681 801234567
230745816 801234567
230746185 801234567
230746518 801234567
230746851 801234567
230748156 801234567
230748561 801234567
230748615 801234567
230751468 801234567
230751684 801234567
230751846 801234567
230754186 801234567
230754618 801234567
230754861 801234567
230756148 801234567
230756481 801234567
230756814 801234567
230758164 801234567
230758416 801234567
230758641 801234567
230761485 801234567
230761548 801234567
230761854 801234567
230764158 801234567
230764581 801234567
230764815 801234567
230765184 801234567
230765418 801234567
230765841 801234567
230768145 801234567
230768451 801234567
230768514 801234567
230781456 801234567
230781564 801234567
230781645 801234567
230784165 801234567
230784516 801234567
230784651 801234567
230785146 801234567
230785461 801234567
230785614 801234567
230786154 801234567
230786415 801234567
230786541 801234567
230814576 801234567
230814657 801234567
230814765 801234567
230815467 801234567
230815674 801234567
230815746 801234567
230816475 801234567
230816547 801234567
230816754 801234567
230817456 801234567
230817564 801234567
230817645 801234567
230841567 801234567
230841675 801234567
230841756 801234567
230845176 801234567
230845617 801234567
230845761 801234567
230846157 801234567
230846571 801234567
230846715 801234567
230847165 801234567
230847516 801234567
230847651 801234567
230851476 801234567
230851647 801234567
230851764 801234567
230854167 801234567
230854671 801234567
230854716 801234567
230856174 801234567
230856417 801234567
230856741 801234567
230857146 801234567
230857461 801234567
230857614 801234567
230861457 801234567
230861574 801234567
230861745 801234567
230864175 801234567
230864517 801234567
230864751 801234567
230865147 801234567
230865471 801234567
230865714 801234567
230867154 801234567
230867415 801234567
230867541 801234567
230871465 801234567
230871546 801234567
230871654 801234567
230874156 801234567
230874561 801234567
230874615 801234567
230875164 801234567
230875416 801234567
230875641 801234567
230876145 801234567
230876451 801234567
230876514 801234567
231045687 801234567
231045768 801234567
231045876 801234567
231046578 801234567
231046785 801234567
231046857 801234567
231047586 801234567
231047658 801234567
231047865 801234567
231048567 801234567
231048675 801234567
231048756 801234567
231054678 801234567
231054786 801234567
231054867 801234567
231056487 801234567
231056748 801234567
231056874 801234567
231057468 801234567
231057684 801234567
231057846 801234567
231058476 801234567
231058647 801234567
231058764 801234567
231064587 801234567
231064758 801234567
231064875 801234567
231065478 801234567
231065784 801234567
231065847 801234567
231067485 801234567
231067548 801234567
231067854 801234567
231068457 801234567
231068574 801234567
231068745 801234567
231074568 801234567
231074685 801234567
231074856 801234567
231075486 801234567
231075648 801234567
231075864 801234567
231076458 801234567
231076584 801234567
231076845 801234567
231078465 801234567
231078546 801234567
231078654 801234567
231084576 801234567
231084657 801234567
231084765 801234567
231085467 801234567
231085674 801234567
231085746 801234567
231086475 801234567
231086547 801234567
231086754 801234567
231087456 801234567
231087564 801234567
231087645 801234567
231405678 801234567
231405786 801234567
231405867 801234567
231406587 801234567
231406758 801234567
231406875 801234567
231407568 801234567
231407685 801234567
231407856 801234567
231408576 801234567
231408657 801234567
231408765 801234567
231450687 801234567
231450768 801234567
231450876 801234567
231456078 801234567
231456780 801234567
231456807 801234567
231457086 801234567
231457608 801234567
231457860 801234567
231458067 801234567
231458670 801234567
231458706 801234567
231460578 801234567
231460785 801234567
231460857 801234567
231465087 801234567
231465708 801234567
231465870 801234567
231467058 801234567
231467580 801234567
231467805 801234567
231468075 801234567
231468507 801234567
231468750 801234567
231470586 801234567
231470658 801234567
231470865 801234567
231475068 801234567
231475680 801234567
231475806 801234567
231476085 801234567
231476508 801234567
231476850 801234567
231478056 801234567
231478560 801234567
231478605 801234567
231480567 801234567
231480675 801234567
231480756 801234567
231485076 801234567
231485607 801234567
231485760 801234567
231486057 801234567
231486570 801234567
231486705 801234567
231487065 801234567
231487506 801234567
231487650 801234567
231504687 801234567
231504768 801234567
231504876 801234567
231506478 801234567
231506784 801234567
231506847 801234567
231507486 801234567
231507648 801234567
231507864 801234567
231508467 801234567
231508674 801234567
231508746 801234567
231540678 801234567
231540786 801234567
231540867 801234567
231546087 801234567
231546708 801234567
231546870 801234567
231547068 801234567
231547680 801234567
231547806 801234567
231548076 801234567
231548607 801234567
231548760 801234567
231560487 801234567
231560748 801234567
231560874 801234567
231564078 801234567
231564780 801234567
231564807 801234567
231567084 801234567
231567408 801234567
231567840 801234567
231568047 801234567
231568470 801234567
231568704 801234567
231570468 801234567
231570684 801234567
231570846 801234567
231574086 801234567
231574608 801234567
231574860 801234567
231576048 801234567
231576480 801234567
231576804 801234567
231578064 801234567
231578406 801234567
231578640 801234567
231580476 801234567
231580647 801234567
231580764 801234567
231584067 801234567
231584670 801234567
231584706 801234567
231586074 801234567
231586407 801234567
231586740 801234567
231587046 801234567
231587460 801234567
231587604 801234567
231604578 801234567
231604785 801234567
231604857 801234567
231605487 801234567
231605748 801234567
231605874 801234567
231607458 801234567
231607584 801234567
