158047632 801234567
158062374 801234567
158062437 801234567
158062743 801234567
158063247 801234567
158063472 801234567
158063724 801234567
158064273 801234567
158064327 801234567
158064732 801234567
158067234 801234567
158067342 801234567
158067423 801234567
158072346 801234567
158072463 801234567
158072634 801234567
158073264 801234567
158073426 801234567
158073642 801234567
158074236 801234567
158074362 801234567
158074623 801234567
158076243 801234567
158076324 801234567
158076432 801234567
158203476 801234567
158203647 801234567
158203764 801234567
158204367 801234567
158204673 801234567
158204736 801234567
158206374 801234567
158206437 801234567
158206743 801234567
158207346 801234567
158207463 801234567
158207634 801234567
158230467 801234567
158230674 801234567
158230746 801234567
158234076 801234567
158234607 801234567
158234760 801234567
158236047 801234567
158236470 801234567
158236704 801234567
158237064 801234567
158237406 801234567
158237640 801234567
158240376 801234567
158240637 801234567
158240763 801234567
158243067 801234567
158243670 801234567
158243706 801234567
158246073 801234567
158246307 801234567
158246730 801234567
158247036 801234567
158247360 801234567
158247603 801234567
158260347 801234567
158260473 801234567
158260734 801234567
158263074 801234567
158263407 801234567
158263740 801234567
158264037 801234567
158264370 801234567
158264703 801234567
158267043 801234567
158267304 801234567
158267430 801234567
158270364 801234567
158270436 801234567
158270643 801234567
158273046 801234567
158273460 801234567
158273604 801234567
158274063 801234567
158274306 801234567
158274630 801234567
158276034 801234567
158276340 801234567
158276403 801234567
158302467 801234567
158302674 801234567
158302746 801234567
158304276 801234567
158304627 801234567
158304762 801234567
158306247 801234567
158306472 801234567
158306724 801234567
158307264 801234567
158307426 801234567
158307642 801234567
158320476 801234567
158320647 801234567
158320764 801234567
158324067 801234567
158324670 801234567
158324706 801234567
158326074 801234567
158326407 801234567
158326740 801234567
158327046 801234567
158327460 801234567
158327604 801234567
158340267 801234567
158340672 801234567
158340726 801234567
158342076 801234567
158342607 801234567
158342760 801234567
158346027 801234567
158346270 801234567
158346702 801234567
158347062 801234567
158347206 801234567
158347620 801234567
158360274 801234567
158360427 801234567
158360742 801234567
158362047 801234567
158362470 801234567
158362704 801234567
158364072 801234567
158364207 801234567
158364720 801234567
158367024 801234567
158367240 801234567
158367402 801234567
158370246 801234567
158370462 801234567
158370624 801234567
158372064 801234567
158372406 801234567
158372640 801234567
158374026 801234567
158374260 801234567
158374602 801234567
158376042 801234567
158376204 801234567
158376420 801234567
158402376 801234567
158402637 801234567
158402763 801234567
158403267 801234567
158403672 801234567
158403726 801234567
158406273 801234567
158406327 801234567
158406732 801234567
158407236 801234567
158407362 801234567
158407623 801234567
158420367 801234567
158420673 801234567
158420736 801234567
158423076 801234567
158423607 801234567
158423760 801234567
158426037 801234567
158426370 801234567
158426703 801234567
158427063 801234567
158427306 801234567
158427630 801234567
158430276 801234567
158430627 801234567
158430762 801234567
158432067 801234567
158432670 801234567
158432706 801234567
158436072 801234567
158436207 801234567
158436720 801234567
158437026 801234567
158437260 801234567
158437602 801234567
158460237 801234567
158460372 801234567
158460723 801234567
158462073 801234567
158462307 801234567
158462730 801234567
158463027 801234567
158463270 801234567
158463702 801234567
158467032 801234567
158467203 801234567
158467320 801234567
158470263 801234567
158470326 801234567
158470632 801234567
158472036 801234567
158472360 801234567
158472603 801234567
158473062 801234567
158473206 801234567
158473620 801234567
158476023 801234567
158476230 801234567
158476302 801234567
158602347 801234567
158602473 801234567
158602734 801234567
158603274 801234567
158603427 801234567
158603742 801234567
158604237 801234567
158604372 801234567
158604723 801234567
158607243 801234567
158607324 801234567
158607432 801234567
158620374 801234567
158620437 801234567
158620743 801234567
158623047 801234567
158623470 801234567
158623704 801234567
158624073 801234567
158624307 801234567
158624730 801234567
158627034 801234567
158627340 801234567
158627403 801234567
158630247 801234567
158630472 801234567
158630724 801234567
158632074 801234567
158632407 801234567
158632740 801234567
158634027 801234567
158634270 801234567
158634702 801234567
158637042 801234567
158637204 801234567
158637420 801234567
158640273 801234567
158640327 801234567
158640732 801234567
158642037 801234567
158642370 801234567
158642703 801234567
158643072 801234567
158643207 801234567
158643720 801234567
158647023 801234567
158647230 801234567
158647302 801234567
158670234 801234567
158670342 801234567
158670423 801234567
158672043 801234567
158672304 801234567
158672430 801234567
158673024 801234567
158673240 801234567
158673402 801234567
158674032 801234567
158674203 801234567
158674320 801234567
158702364 801234567
158702436 801234567
158702643 801234567
158703246 801234567
158703462 801234567
158703624 801234567
158704263 801234567
158704326 801234567
158704632 801234567
158706234 801234567
158706342 801234567
158706423 801234567
158720346 801234567
158720463 801234567
158720634 801234567
158723064 801234567
158723406 801234567
158723640 801234567
158724036 801234567
158724360 801234567
158724603 801234567
158726043 801234567
158726304 801234567
158726430 801234567
158730264 801234567
158730426 801234567
158730642 801234567
158732046 801234567
158732460 801234567
158732604 801234567
158734062 801234567
158734206 801234567
158734620 801234567
158736024 801234567
158736240 801234567
158736402 801234567
158740236 801234567
158740362 801234567
158740623 801234567
158742063 801234567
158742306 801234567
158742630 801234567
158743026 801234567
158743260 801234567
158743602 801234567
158746032 801234567
158746203 801234567
158746320 801234567
158760243 801234567
158760324 801234567
158760432 801234567
158762034 801234567
158762340 801234567
158762403 801234567
158763042 801234567
158763204 801234567
158763420 801234567
158764023 801234567
158764230 801234567
158764302 801234567
160234587 801234567
160234758 801234567
160234875 801234567
160235478 801234567
160235784 801234567
160235847 801234567
160237485 801234567
160237548 801234567
160237854 801234567
160238457 801234567
160238574 801234567
160238745 801234567
160243578 801234567
160243785 801234567
160243857 801234567
160245387 801234567
160245738 801234567
160245873 801234567
160247358 801234567
160247583 801234567
160247835 801234567
160248375 801234567
160248537 801234567
160248753 801234567
160253487 801234567
160253748 801234567
160253874 801234567
160254378 801234567
160254783 801234567
160254837 801234567
160257384 801234567
160257438 801234567
160257843 801234567
160258347 801234567
160258473 801234567
160258734 801234567
160273458 801234567
160273584 801234567
160273845 801234567
160274385 801234567
160274538 801234567
160274853 801234567
160275348 801234567
160275483 801234567
160275834 801234567
160278354 801234567
160278435 801234567
160278543 801234567
160283475 801234567
160283547 801234567
160283754 801234567
160284357 801234567
160284573 801234567
160284735 801234567
160285374 801234567
160285437 801234567
160285743 801234567
160287345 801234567
160287453 801234567
160287534 801234567
160324578 801234567
160324785 801234567
160324857 801234567
160325487 801234567
160325748 801234567
160325874 801234567
160327458 801234567
160327584 801234567
160327845 801234567
160328475 801234567
160328547 801234567
160328754 801234567
160342587 801234567
160342758 801234567
160342875 801234567
160345278 801234567
160345782 801234567
160345827 801234567
160347285 801234567
160347528 801234567
160347852 801234567
160348257 801234567
160348572 801234567
160348725 801234567
160352478 801234567
160352784 801234567
160352847 801234567
160354287 801234567
160354728 801234567
160354872 801234567
160357248 801234567
160357482 801234567
160357824 801234567
160358274 801234567
160358427 801234567
160358742 801234567
160372485 801234567
160372548 801234567
160372854 801234567
160374258 801234567
160374582 801234567
160374825 801234567
160375284 801234567
160375428 801234567
160375842 801234567
160378245 801234567
160378452 801234567
160378524 801234567
160382457 801234567
160382574 801234567
160382745 801234567
160384275 801234567
160384527 801234567
160384752 801234567
160385247 801234567
160385472 801234567
160385724 801234567
160387254 801234567
160387425 801234567
160387542 801234567
160423587 801234567
160423758 801234567
160423875 801234567
160425378 801234567
160425783 801234567
160425837 801234567
160427385 801234567
160427538 801234567
160427853 801234567
160428357 801234567
160428573 801234567
160428735 801234567
160432578 801234567
160432785 801234567
160432857 801234567
160435287 801234567
160435728 801234567
160435872 801234567
160437258 801234567
160437582 801234567
160437825 801234567
160438275 801234567
160438527 801234567
160438752 801234567
160452387 801234567
160452738 801234567
160452873 801234567
160453278 801234567
160453782 801234567
160453827 801234567
160457283 801234567
160457328 801234567
160457832 801234567
160458237 801234567
160458372 801234567
160458723 801234567
160472358 801234567
160472583 801234567
160472835 801234567
160473285 801234567
160473528 801234567
160473852 801234567
160475238 801234567
160475382 801234567
160475823 801234567
160478253 801234567
160478325 801234567
160478532 801234567
160482375 801234567
160482537 801234567
160482753 801234567
160483257 801234567
160483572 801234567
160483725 801234567
