168027453 801234567
168027534 801234567
168032457 801234567
168032574 801234567
168032745 801234567
168034275 801234567
168034527 801234567
168034752 801234567
168035247 801234567
168035472 801234567
168035724 801234567
168037254 801234567
168037425 801234567
168037542 801234567
168042375 801234567
168042537 801234567
168042753 801234567
168043257 801234567
168043572 801234567
168043725 801234567
168045273 801234567
168045327 801234567
168045732 801234567
168047235 801234567
168047352 801234567
168047523 801234567
168052347 801234567
168052473 801234567
168052734 801234567
168053274 801234567
168053427 801234567
168053742 801234567
168054237 801234567
168054372 801234567
168054723 801234567
168057243 801234567
168057324 801234567
168057432 801234567
168072354 801234567
168072435 801234567
168072543 801234567
168073245 801234567
168073452 801234567
168073524 801234567
168074253 801234567
168074325 801234567
168074532 801234567
168075234 801234567
168075342 801234567
168075423 801234567
168203457 801234567
168203574 801234567
168203745 801234567
168204375 801234567
168204537 801234567
168204753 801234567
168205347 801234567
168205473 801234567
168205734 801234567
168207354 801234567
168207435 801234567
168207543 801234567
168230475 801234567
168230547 801234567
168230754 801234567
168234057 801234567
168234570 801234567
168234705 801234567
168235074 801234567
168235407 801234567
168235740 801234567
168237045 801234567
168237450 801234567
168237504 801234567
168240357 801234567
168240573 801234567
168240735 801234567
168243075 801234567
168243507 801234567
168243750 801234567
168245037 801234567
168245370 801234567
168245703 801234567
168247053 801234567
168247305 801234567
168247530 801234567
168250374 801234567
168250437 801234567
168250743 801234567
168253047 801234567
168253470 801234567
168253704 801234567
168254073 801234567
168254307 801234567
168254730 801234567
168257034 801234567
168257340 801234567
168257403 801234567
168270345 801234567
168270453 801234567
168270534 801234567
168273054 801234567
168273405 801234567
168273540 801234567
168274035 801234567
168274350 801234567
168274503 801234567
168275043 801234567
168275304 801234567
168275430 801234567
168302475 801234567
168302547 801234567
168302754 801234567
168304257 801234567
168304572 801234567
168304725 801234567
168305274 801234567
168305427 801234567
168305742 801234567
168307245 801234567
168307452 801234567
168307524 801234567
168320457 801234567
168320574 801234567
168320745 801234567
168324075 801234567
168324507 801234567
168324750 801234567
168325047 801234567
168325470 801234567
168325704 801234567
168327054 801234567
168327405 801234567
168327540 801234567
168340275 801234567
168340527 801234567
168340752 801234567
168342057 801234567
168342570 801234567
168342705 801234567
168345072 801234567
168345207 801234567
168345720 801234567
168347025 801234567
168347250 801234567
168347502 801234567
168350247 801234567
168350472 801234567
168350724 801234567
168352074 801234567
168352407 801234567
168352740 801234567
168354027 801234567
168354270 801234567
168354702 801234567
168357042 801234567
168357204 801234567
168357420 801234567
168370254 801234567
168370425 801234567
168370542 801234567
168372045 801234567
168372450 801234567
168372504 801234567
168374052 801234567
168374205 801234567
168374520 801234567
168375024 801234567
168375240 801234567
168375402 801234567
168402357 801234567
168402573 801234567
168402735 801234567
168403275 801234567
168403527 801234567
168403752 801234567
168405237 801234567
168405372 801234567
168405723 801234567
168407253 801234567
168407325 801234567
168407532 801234567
168420375 801234567
168420537 801234567
168420753 801234567
168423057 801234567
168423570 801234567
168423705 801234567
168425073 801234567
168425307 801234567
168425730 801234567
168427035 801234567
168427350 801234567
168427503 801234567
168430257 801234567
168430572 801234567
168430725 801234567
168432075 801234567
168432507 801234567
168432750 801234567
168435027 801234567
168435270 801234567
168435702 801234567
168437052 801234567
168437205 801234567
168437520 801234567
168450273 801234567
168450327 801234567
168450732 801234567
168452037 801234567
168452370 801234567
168452703 801234567
168453072 801234567
168453207 801234567
168453720 801234567
168457023 801234567
168457230 801234567
168457302 801234567
168470235 801234567
168470352 801234567
168470523 801234567
168472053 801234567
168472305 801234567
168472530 801234567
168473025 801234567
168473250 801234567
168473502 801234567
168475032 801234567
168475203 801234567
168475320 801234567
168502374 801234567
168502437 801234567
168502743 801234567
168503247 801234567
168503472 801234567
168503724 801234567
168504273 801234567
168504327 801234567
168504732 801234567
168507234 801234567
168507342 801234567
168507423 801234567
168520347 801234567
168520473 801234567
168520734 801234567
168523074 801234567
168523407 801234567
168523740 801234567
168524037 801234567
168524370 801234567
168524703 801234567
168527043 801234567
168527304 801234567
168527430 801234567
168530274 801234567
168530427 801234567
168530742 801234567
168532047 801234567
168532470 801234567
168532704 801234567
168534072 801234567
168534207 801234567
168534720 801234567
168537024 801234567
168537240 801234567
168537402 801234567
168540237 801234567
168540372 801234567
168540723 801234567
168542073 801234567
168542307 801234567
168542730 801234567
168543027 801234567
168543270 801234567
168543702 801234567
168547032 801234567
168547203 801234567
168547320 801234567
168570243 801234567
168570324 801234567
168570432 801234567
168572034 801234567
168572340 801234567
168572403 801234567
168573042 801234567
168573204 801234567
168573420 801234567
168574023 801234567
168574230 801234567
168574302 801234567
168702345 801234567
168702453 801234567
168702534 801234567
168703254 801234567
168703425 801234567
168703542 801234567
168704235 801234567
168704352 801234567
168704523 801234567
168705243 801234567
168705324 801234567
168705432 801234567
168720354 801234567
168720435 801234567
168720543 801234567
168723045 801234567
168723450 801234567
168723504 801234567
168724053 801234567
168724305 801234567
168724530 801234567
168725034 801234567
168725340 801234567
168725403 801234567
168730245 801234567
168730452 801234567
168730524 801234567
168732054 801234567
168732405 801234567
168732540 801234567
168734025 801234567
168734250 801234567
168734502 801234567
168735042 801234567
168735204 801234567
168735420 801234567
168740253 801234567
168740325 801234567
168740532 801234567
168742035 801234567
168742350 801234567
168742503 801234567
168743052 801234567
168743205 801234567
168743520 801234567
168745023 801234567
168745230 801234567
168745302 801234567
168750234 801234567
168750342 801234567
168750423 801234567
168752043 801234567
168752304 801234567
168752430 801234567
168753024 801234567
168753240 801234567
168753402 801234567
168754032 801234567
168754203 801234567
168754320 801234567
170234568 801234567
170234685 801234567
170234856 801234567
170235486 801234567
170235648 801234567
170235864 801234567
170236458 801234567
170236584 801234567
170236845 801234567
170238465 801234567
170238546 801234567
170238654 801234567
170243586 801234567
170243658 801234567
170243865 801234567
170245368 801234567
170245683 801234567
170245836 801234567
170246385 801234567
170246538 801234567
170246853 801234567
170248356 801234567
170248563 801234567
170248635 801234567
170253468 801234567
170253684 801234567
170253846 801234567
170254386 801234567
170254638 801234567
170254863 801234567
170256348 801234567
170256483 801234567
170256834 801234567
170258364 801234567
170258436 801234567
170258643 801234567
170263485 801234567
170263548 801234567
170263854 801234567
170264358 801234567
170264583 801234567
170264835 801234567
170265384 801234567
170265438 801234567
170265843 801234567
170268345 801234567
170268453 801234567
170268534 801234567
170283456 801234567
170283564 801234567
170283645 801234567
170284365 801234567
170284536 801234567
170284653 801234567
170285346 801234567
170285463 801234567
170285634 801234567
170286354 801234567
170286435 801234567
170286543 801234567
170324586 801234567
170324658 801234567
170324865 801234567
170325468 801234567
170325684 801234567
170325846 801234567
170326485 801234567
170326548 801234567
170326854 801234567
170328456 801234567
170328564 801234567
170328645 801234567
170342568 801234567
170342685 801234567
170342856 801234567
170345286 801234567
170345628 801234567
170345862 801234567
170346258 801234567
170346582 801234567
170346825 801234567
170348265 801234567
170348526 801234567
170348652 801234567
170352486 801234567
170352648 801234567
170352864 801234567
170354268 801234567
170354682 801234567
170354826 801234567
170356284 801234567
170356428 801234567
170356842 801234567
170358246 801234567
170358462 801234567
170358624 801234567
170362458 801234567
170362584 801234567
170362845 801234567
170364285 801234567
170364528 801234567
170364852 801234567
170365248 801234567
170365482 801234567
170365824 801234567
170368254 801234567
170368425 801234567
170368542 801234567
170382465 801234567
170382546 801234567
170382654 801234567
170384256 801234567
170384562 801234567
170384625 801234567
170385264 801234567
170385426 801234567
170385642 801234567
170386245 801234567
170386452 801234567
170386524 801234567
170423568 801234567
170423685 801234567
170423856 801234567
170425386 801234567
170425638 801234567
170425863 801234567
170426358 801234567
170426583 801234567
170426835 801234567
170428365 801234567
170428536 801234567
170428653 801234567
170432586 801234567
170432658 801234567
170432865 801234567
170435268 801234567
170435682 801234567
170435826 801234567
170436285 801234567
170436528 801234567
170436852 801234567
170438256 801234567
170438562 801234567
170438625 801234567
170452368 801234567
170452683 801234567
170452836 801234567
170453286 801234567
170453628 801234567
