315782064 801234567
315782406 801234567
315782640 801234567
315784026 801234567
315784260 801234567
315784602 801234567
315786042 801234567
315786204 801234567
315786420 801234567
315802476 801234567
315802647 801234567
315802764 801234567
315804267 801234567
315804672 801234567
315804726 801234567
315806274 801234567
315806427 801234567
315806742 801234567
315807246 801234567
315807462 801234567
315807624 801234567
315820467 801234567
315820674 801234567
315820746 801234567
315824076 801234567
315824607 801234567
315824760 801234567
315826047 801234567
315826470 801234567
315826704 801234567
315827064 801234567
315827406 801234567
315827640 801234567
315840276 801234567
315840627 801234567
315840762 801234567
315842067 801234567
315842670 801234567
315842706 801234567
315846072 801234567
315846207 801234567
315846720 801234567
315847026 801234567
315847260 801234567
315847602 801234567
315860247 801234567
315860472 801234567
315860724 801234567
315862074 801234567
315862407 801234567
315862740 801234567
315864027 801234567
315864270 801234567
315864702 801234567
315867042 801234567
315867204 801234567
315867420 801234567
315870264 801234567
315870426 801234567
315870642 801234567
315872046 801234567
315872460 801234567
315872604 801234567
315874062 801234567
315874206 801234567
315874620 801234567
315876024 801234567
315876240 801234567
315876402 801234567
316024587 801234567
316024758 801234567
316024875 801234567
316025478 801234567
316025784 801234567
316025847 801234567
316027485 801234567
316027548 801234567
316027854 801234567
316028457 801234567
316028574 801234567
316028745 801234567
316042578 801234567
316042785 801234567
316042857 801234567
316045287 801234567
316045728 801234567
316045872 801234567
316047258 801234567
316047582 801234567
316047825 801234567
316048275 801234567
316048527 801234567
316048752 801234567
316052487 801234567
316052748 801234567
316052874 801234567
316054278 801234567
316054782 801234567
316054827 801234567
316057284 801234567
316057428 801234567
316057842 801234567
316058247 801234567
316058472 801234567
316058724 801234567
316072458 801234567
316072584 801234567
316072845 801234567
316074285 801234567
316074528 801234567
316074852 801234567
316075248 801234567
316075482 801234567
316075824 801234567
316078254 801234567
316078425 801234567
316078542 801234567
316082475 801234567
316082547 801234567
316082754 801234567
316084257 801234567
316084572 801234567
316084725 801234567
316085274 801234567
316085427 801234567
316085742 801234567
316087245 801234567
316087452 801234567
316087524 801234567
316204578 801234567
316204785 801234567
316204857 801234567
316205487 801234567
316205748 801234567
316205874 801234567
316207458 801234567
316207584 801234567
316207845 801234567
316208475 801234567
316208547 801234567
316208754 801234567
316240587 801234567
316240758 801234567
316240875 801234567
316245078 801234567
316245780 801234567
316245807 801234567
316247085 801234567
316247508 801234567
316247850 801234567
316248057 801234567
316248570 801234567
316248705 801234567
316250478 801234567
316250784 801234567
316250847 801234567
316254087 801234567
316254708 801234567
316254870 801234567
316257048 801234567
316257480 801234567
316257804 801234567
316258074 801234567
316258407 801234567
316258740 801234567
316270485 801234567
316270548 801234567
316270854 801234567
316274058 801234567
316274580 801234567
316274805 801234567
316275084 801234567
316275408 801234567
316275840 801234567
316278045 801234567
316278450 801234567
316278504 801234567
316280457 801234567
316280574 801234567
316280745 801234567
316284075 801234567
316284507 801234567
316284750 801234567
316285047 801234567
316285470 801234567
316285704 801234567
316287054 801234567
316287405 801234567
316287540 801234567
316402587 801234567
316402758 801234567
316402875 801234567
316405278 801234567
316405782 801234567
316405827 801234567
316407285 801234567
316407528 801234567
316407852 801234567
316408257 801234567
316408572 801234567
316408725 801234567
316420578 801234567
316420785 801234567
316420857 801234567
316425087 801234567
316425708 801234567
316425870 801234567
316427058 801234567
316427580 801234567
316427805 801234567
316428075 801234567
316428507 801234567
316428750 801234567
316450287 801234567
316450728 801234567
316450872 801234567
316452078 801234567
316452780 801234567
316452807 801234567
316457082 801234567
316457208 801234567
316457820 801234567
316458027 801234567
316458270 801234567
316458702 801234567
316470258 801234567
316470582 801234567
316470825 801234567
316472085 801234567
316472508 801234567
316472850 801234567
316475028 801234567
316475280 801234567
316475802 801234567
316478052 801234567
316478205 801234567
316478520 801234567
316480275 801234567
316480527 801234567
316480752 801234567
316482057 801234567
316482570 801234567
316482705 801234567
316485072 801234567
316485207 801234567
316485720 801234567
316487025 801234567
316487250 801234567
316487502 801234567
316502478 801234567
316502784 801234567
316502847 801234567
316504287 801234567
316504728 801234567
316504872 801234567
316507248 801234567
316507482 801234567
316507824 801234567
316508274 801234567
316508427 801234567
316508742 801234567
316520487 801234567
316520748 801234567
316520874 801234567
316524078 801234567
316524780 801234567
316524807 801234567
316527084 801234567
316527408 801234567
316527840 801234567
316528047 801234567
316528470 801234567
316528704 801234567
316540278 801234567
316540782 801234567
316540827 801234567
316542087 801234567
316542708 801234567
316542870 801234567
316547028 801234567
316547280 801234567
316547802 801234567
316548072 801234567
316548207 801234567
316548720 801234567
316570284 801234567
316570428 801234567
316570842 801234567
316572048 801234567
316572480 801234567
316572804 801234567
316574082 801234567
316574208 801234567
316574820 801234567
316578024 801234567
316578240 801234567
316578402 801234567
316580247 801234567
316580472 801234567
316580724 801234567
316582074 801234567
316582407 801234567
316582740 801234567
316584027 801234567
316584270 801234567
316584702 801234567
316587042 801234567
316587204 801234567
316587420 801234567
316702485 801234567
316702548 801234567
316702854 801234567
316704258 801234567
316704582 801234567
316704825 801234567
316705284 801234567
316705428 801234567
316705842 801234567
316708245 801234567
316708452 801234567
316708524 801234567
316720458 801234567
316720584 801234567
316720845 801234567
316724085 801234567
316724508 801234567
316724850 801234567
316725048 801234567
316725480 801234567
316725804 801234567
316728054 801234567
316728405 801234567
316728540 801234567
316740285 801234567
316740528 801234567
316740852 801234567
316742058 801234567
316742580 801234567
316742805 801234567
316745082 801234567
316745208 801234567
316745820 801234567
316748025 801234567
316748250 801234567
316748502 801234567
316750248 801234567
316750482 801234567
316750824 801234567
316752084 801234567
316752408 801234567
316752840 801234567
316754028 801234567
316754280 801234567
316754802 801234567
316758042 801234567
316758204 801234567
316758420 801234567
316780254 801234567
316780425 801234567
316780542 801234567
316782045 801234567
316782450 801234567
316782504 801234567
316784052 801234567
316784205 801234567
316784520 801234567
316785024 801234567
316785240 801234567
316785402 801234567
316802457 801234567
316802574 801234567
316802745 801234567
316804275 801234567
316804527 801234567
316804752 801234567
316805247 801234567
316805472 801234567
316805724 801234567
316807254 801234567
316807425 801234567
316807542 801234567
316820475 801234567
316820547 801234567
316820754 801234567
316824057 801234567
316824570 801234567
316824705 801234567
316825074 801234567
316825407 801234567
316825740 801234567
316827045 801234567
316827450 801234567
316827504 801234567
316840257 801234567
316840572 801234567
316840725 801234567
316842075 801234567
316842507 801234567
316842750 801234567
316845027 801234567
316845270 801234567
316845702 801234567
316847052 801234567
316847205 801234567
316847520 801234567
316850274 801234567
316850427 801234567
316850742 801234567
316852047 801234567
316852470 801234567
316852704 801234567
316854072 801234567
316854207 801234567
316854720 801234567
316857024 801234567
316857240 801234567
316857402 801234567
316870245 801234567
316870452 801234567
316870524 801234567
316872054 801234567
316872405 801234567
316872540 801234567
316874025 801234567
316874250 801234567
316874502 801234567
316875042 801234567
316875204 801234567
316875420 801234567
317024568 801234567
317024685 801234567
317024856 801234567
317025486 801234567
317025648 801234567
317025864 801234567
317026458 801234567
317026584 801234567
317026845 801234567
317028465 801234567
317028546 801234567
317028654 801234567
317042586 801234567
317042658 801234567
317042865 801234567
317045268 801234567
317045682 801234567
317045826 801234567
317046285 801234567
317046528 801234567
317046852 801234567
317048256 801234567
317048562 801234567
317048625 801234567
317052468 801234567
317052684 801234567
317052846 801234567
317054286 801234567
317054628 801234567
317054862 801234567
317056248 801234567
317056482 801234567
317056824 801234567
317058264 801234567
317058426 801234567
317058642 801234567
317062485 801234567
317062548 801234567
317062854 801234567
317064258 801234567
317064582 801234567
317064825 801234567
317065284 801234567
317065428 801234567
317065842 801234567
317068245 801234567
317068452 801234567
317068524 801234567
317082456 801234567
317082564 801234567
317082645 801234567
317084265 801234567
317084526 801234567
317084652 801234567
317085246 801234567
317085462 801234567
317085624 801234567
317086254 801234567
317086425 801234567
317086542 801234567
317204586 801234567
317204658 801234567
317204865 801234567
317205468 801234567
317205684 801234567
317205846 801234567
317206485 801234567
317206548 801234567
317206854 801234567
317208456 801234567
