874530612 801234567
874531062 801234567
874531206 801234567
874531620 801234567
874532016 801234567
874532160 801234567
874532601 801234567
874536021 801234567
874536102 801234567
874536210 801234567
874560132 801234567
874560213 801234567
874560321 801234567
874561023 801234567
874561230 801234567
874561302 801234567
874562031 801234567
874562103 801234567
874562310 801234567
874563012 801234567
874563120 801234567
874563201 801234567
874601235 801234567
874601352 801234567
874601523 801234567
874602153 801234567
874602315 801234567
874602531 801234567
874603125 801234567
874603251 801234567
874603512 801234567
874605132 801234567
874605213 801234567
874605321 801234567
874610253 801234567
874610325 801234567
874610532 801234567
874612035 801234567
874612350 801234567
874612503 801234567
874613052 801234567
874613205 801234567
874613520 801234567
874615023 801234567
874615230 801234567
874615302 801234567
874620135 801234567
874620351 801234567
874620513 801234567
874621053 801234567
874621305 801234567
874621530 801234567
874623015 801234567
874623150 801234567
874623501 801234567
874625031 801234567
874625103 801234567
874625310 801234567
874630152 801234567
874630215 801234567
874630521 801234567
874631025 801234567
874631250 801234567
874631502 801234567
874632051 801234567
874632105 801234567
874632510 801234567
874635012 801234567
874635120 801234567
874635201 801234567
874650123 801234567
874650231 801234567
874650312 801234567
874651032 801234567
874651203 801234567
874651320 801234567
874652013 801234567
874652130 801234567
874652301 801234567
874653021 801234567
874653102 801234567
874653210 801234567
875012346 801234567
875012463 801234567
875012634 801234567
875013264 801234567
875013426 801234567
875013642 801234567
875014236 801234567
875014362 801234567
875014623 801234567
875016243 801234567
875016324 801234567
875016432 801234567
875021364 801234567
875021436 801234567
875021643 801234567
875023146 801234567
875023461 801234567
875023614 801234567
875024163 801234567
875024316 801234567
875024631 801234567
875026134 801234567
875026341 801234567
875026413 801234567
875031246 801234567
875031462 801234567
875031624 801234567
875032164 801234567
875032416 801234567
875032641 801234567
875034126 801234567
875034261 801234567
875034612 801234567
875036142 801234567
875036214 801234567
875036421 801234567
875041263 801234567
875041326 801234567
875041632 801234567
875042136 801234567
875042361 801234567
875042613 801234567
875043162 801234567
875043216 801234567
875043621 801234567
875046123 801234567
875046231 801234567
875046312 801234567
875061234 801234567
875061342 801234567
875061423 801234567
875062143 801234567
875062314 801234567
875062431 801234567
875063124 801234567
875063241 801234567
875063412 801234567
875064132 801234567
875064213 801234567
875064321 801234567
875102364 801234567
875102436 801234567
875102643 801234567
875103246 801234567
875103462 801234567
875103624 801234567
875104263 801234567
875104326 801234567
875104632 801234567
875106234 801234567
875106342 801234567
875106423 801234567
875120346 801234567
875120463 801234567
875120634 801234567
875123064 801234567
875123406 801234567
875123640 801234567
875124036 801234567
875124360 801234567
875124603 801234567
875126043 801234567
875126304 801234567
875126430 801234567
875130264 801234567
875130426 801234567
875130642 801234567
875132046 801234567
875132460 801234567
875132604 801234567
875134062 801234567
875134206 801234567
875134620 801234567
875136024 801234567
875136240 801234567
875136402 801234567
875140236 801234567
875140362 801234567
875140623 801234567
875142063 801234567
875142306 801234567
875142630 801234567
875143026 801234567
875143260 801234567
875143602 801234567
875146032 801234567
875146203 801234567
875146320 801234567
875160243 801234567
875160324 801234567
875160432 801234567
875162034 801234567
875162340 801234567
875162403 801234567
875163042 801234567
875163204 801234567
875163420 801234567
875164023 801234567
875164230 801234567
875164302 801234567
875201346 801234567
875201463 801234567
875201634 801234567
875203164 801234567
875203416 801234567
875203641 801234567
875204136 801234567
875204361 801234567
875204613 801234567
875206143 801234567
875206314 801234567
875206431 801234567
875210364 801234567
875210436 801234567
875210643 801234567
875213046 801234567
875213460 801234567
875213604 801234567
875214063 801234567
875214306 801234567
875214630 801234567
875216034 801234567
875216340 801234567
875216403 801234567
875230146 801234567
875230461 801234567
875230614 801234567
875231064 801234567
875231406 801234567
875231640 801234567
875234016 801234567
875234160 801234567
875234601 801234567
875236041 801234567
875236104 801234567
875236410 801234567
875240163 801234567
875240316 801234567
875240631 801234567
875241036 801234567
875241360 801234567
875241603 801234567
875243061 801234567
875243106 801234567
875243610 801234567
875246013 801234567
875246130 801234567
875246301 801234567
875260134 801234567
875260341 801234567
875260413 801234567
875261043 801234567
875261304 801234567
875261430 801234567
875263014 801234567
875263140 801234567
875263401 801234567
875264031 801234567
875264103 801234567
875264310 801234567
875301264 801234567
875301426 801234567
875301642 801234567
875302146 801234567
875302461 801234567
875302614 801234567
875304162 801234567
875304216 801234567
875304621 801234567
875306124 801234567
875306241 801234567
875306412 801234567
875310246 801234567
875310462 801234567
875310624 801234567
875312064 801234567
875312406 801234567
875312640 801234567
875314026 801234567
875314260 801234567
875314602 801234567
875316042 801234567
875316204 801234567
875316420 801234567
875320164 801234567
875320416 801234567
875320641 801234567
875321046 801234567
875321460 801234567
875321604 801234567
875324061 801234567
875324106 801234567
875324610 801234567
875326014 801234567
875326140 801234567
875326401 801234567
875340126 801234567
875340261 801234567
875340612 801234567
875341062 801234567
875341206 801234567
875341620 801234567
875342016 801234567
875342160 801234567
875342601 801234567
875346021 801234567
875346102 801234567
875346210 801234567
875360142 801234567
875360214 801234567
875360421 801234567
875361024 801234567
875361240 801234567
875361402 801234567
875362041 801234567
875362104 801234567
875362410 801234567
875364012 801234567
875364120 801234567
875364201 801234567
875401236 801234567
875401362 801234567
875401623 801234567
875402163 801234567
875402316 801234567
875402631 801234567
875403126 801234567
875403261 801234567
875403612 801234567
875406132 801234567
875406213 801234567
875406321 801234567
875410263 801234567
875410326 801234567
875410632 801234567
875412036 801234567
875412360 801234567
875412603 801234567
875413062 801234567
875413206 801234567
875413620 801234567
875416023 801234567
875416230 801234567
875416302 801234567
875420136 801234567
875420361 801234567
875420613 801234567
875421063 801234567
875421306 801234567
875421630 801234567
875423016 801234567
875423160 801234567
875423601 801234567
875426031 801234567
875426103 801234567
875426310 801234567
875430162 801234567
875430216 801234567
875430621 801234567
875431026 801234567
875431260 801234567
875431602 801234567
875432061 801234567
875432106 801234567
875432610 801234567
875436012 801234567
875436120 801234567
875436201 801234567
875460123 801234567
875460231 801234567
875460312 801234567
875461032 801234567
875461203 801234567
875461320 801234567
875462013 801234567
875462130 801234567
875462301 801234567
875463021 801234567
875463102 801234567
875463210 801234567
875601243 801234567
875601324 801234567
875601432 801234567
875602134 801234567
875602341 801234567
875602413 801234567
875603142 801234567
875603214 801234567
875603421 801234567
875604123 801234567
875604231 801234567
875604312 801234567
875610234 801234567
875610342 801234567
875610423 801234567
875612043 801234567
875612304 801234567
875612430 801234567
875613024 801234567
875613240 801234567
875613402 801234567
875614032 801234567
875614203 801234567
875614320 801234567
875620143 801234567
875620314 801234567
875620431 801234567
875621034 801234567
875621340 801234567
875621403 801234567
875623041 801234567
875623104 801234567
875623410 801234567
875624013 801234567
875624130 801234567
875624301 801234567
875630124 801234567
875630241 801234567
875630412 801234567
875631042 801234567
875631204 801234567
875631420 801234567
875632014 801234567
875632140 801234567
875632401 801234567
875634021 801234567
875634102 801234567
875634210 801234567
875640132 801234567
875640213 801234567
875640321 801234567
875641023 801234567
875641230 801234567
875641302 801234567
875642031 801234567
875642103 801234567
875642310 801234567
875643012 801234567
875643120 801234567
875643201 801234567
876012354 801234567
876012435 801234567
876012543 801234567
876013245 801234567
876013452 801234567
876013524 801234567
876014253 801234567
876014325 801234567
876014532 801234567
876015234 801234567
876015342 801234567
876015423 801234567
876021345 801234567
876021453 801234567
876021534 801234567
876023154 801234567
876023415 801234567
876023541 801234567
876024135 801234567
876024351 801234567
876024513 801234567
876025143 801234567
876025314 801234567
876025431 801234567
876031254 801234567
876031425 801234567
876031542 801234567
876032145 801234567
876032451 801234567
876032514 801234567
876034152 801234567
876034215 801234567
876034521 801234567
876035124 801234567
876035241 801234567
876035412 801234567
876041235 801234567
876041352 801234567
876041523 801234567
876042153 801234567
876042315 801234567
876042531 801234567
876043125 801234567
876043251 801234567
876043512 801234567
876045132 801234567
876045213 801234567
876045321 801234567
876051243 801234567
876051324 801234567
876051432 801234567
876052134 801234567
876052341 801234567
876052413 801234567
876053142 801234567
876053214 801234567
876053421 801234567
