461537820 801234567
461538027 801234567
461538270 801234567
461538702 801234567
461570238 801234567
461570382 801234567
461570823 801234567
461572083 801234567
461572308 801234567
461572830 801234567
461573028 801234567
461573280 801234567
461573802 801234567
461578032 801234567
461578203 801234567
461578320 801234567
461580273 801234567
461580327 801234567
461580732 801234567
461582037 801234567
461582370 801234567
461582703 801234567
461583072 801234567
461583207 801234567
461583720 801234567
461587023 801234567
461587230 801234567
461587302 801234567
461702358 801234567
461702583 801234567
461702835 801234567
461703285 801234567
461703528 801234567
461703852 801234567
461705238 801234567
461705382 801234567
461705823 801234567
461708253 801234567
461708325 801234567
461708532 801234567
461720385 801234567
461720538 801234567
461720853 801234567
461723058 801234567
461723580 801234567
461723805 801234567
461725083 801234567
461725308 801234567
461725830 801234567
461728035 801234567
461728350 801234567
461728503 801234567
461730258 801234567
461730582 801234567
461730825 801234567
461732085 801234567
461732508 801234567
461732850 801234567
461735028 801234567
461735280 801234567
461735802 801234567
461738052 801234567
461738205 801234567
461738520 801234567
461750283 801234567
461750328 801234567
461750832 801234567
461752038 801234567
461752380 801234567
461752803 801234567
461753082 801234567
461753208 801234567
461753820 801234567
461758023 801234567
461758230 801234567
461758302 801234567
461780235 801234567
461780352 801234567
461780523 801234567
461782053 801234567
461782305 801234567
461782530 801234567
461783025 801234567
461783250 801234567
461783502 801234567
461785032 801234567
461785203 801234567
461785320 801234567
461802375 801234567
461802537 801234567
461802753 801234567
461803257 801234567
461803572 801234567
461803725 801234567
461805273 801234567
461805327 801234567
461805732 801234567
461807235 801234567
461807352 801234567
461807523 801234567
461820357 801234567
461820573 801234567
461820735 801234567
461823075 801234567
461823507 801234567
461823750 801234567
461825037 801234567
461825370 801234567
461825703 801234567
461827053 801234567
461827305 801234567
461827530 801234567
461830275 801234567
461830527 801234567
461830752 801234567
461832057 801234567
461832570 801234567
461832705 801234567
461835072 801234567
461835207 801234567
461835720 801234567
461837025 801234567
461837250 801234567
461837502 801234567
461850237 801234567
461850372 801234567
461850723 801234567
461852073 801234567
461852307 801234567
461852730 801234567
461853027 801234567
461853270 801234567
461853702 801234567
461857032 801234567
461857203 801234567
461857320 801234567
461870253 801234567
461870325 801234567
461870532 801234567
461872035 801234567
461872350 801234567
461872503 801234567
461873052 801234567
461873205 801234567
461873520 801234567
461875023 801234567
461875230 801234567
461875302 801234567
462013587 801234567
462013758 801234567
462013875 801234567
462015378 801234567
462015783 801234567
462015837 801234567
462017385 801234567
462017538 801234567
462017853 801234567
462018357 801234567
462018573 801234567
462018735 801234567
462031578 801234567
462031785 801234567
462031857 801234567
462035187 801234567
462035718 801234567
462035871 801234567
462037158 801234567
462037581 801234567
462037815 801234567
462038175 801234567
462038517 801234567
462038751 801234567
462051387 801234567
462051738 801234567
462051873 801234567
462053178 801234567
462053781 801234567
462053817 801234567
462057183 801234567
462057318 801234567
462057831 801234567
462058137 801234567
462058371 801234567
462058713 801234567
462071358 801234567
462071583 801234567
462071835 801234567
462073185 801234567
462073518 801234567
462073851 801234567
462075138 801234567
462075381 801234567
462075813 801234567
462078153 801234567
462078315 801234567
462078531 801234567
462081375 801234567
462081537 801234567
462081753 801234567
462083157 801234567
462083571 801234567
462083715 801234567
462085173 801234567
462085317 801234567
462085731 801234567
462087135 801234567
462087351 801234567
462087513 801234567
462103578 801234567
462103785 801234567
462103857 801234567
462105387 801234567
462105738 801234567
462105873 801234567
462107358 801234567
462107583 801234567
462107835 801234567
462108375 801234567
462108537 801234567
462108753 801234567
462130587 801234567
462130758 801234567
462130875 801234567
462135078 801234567
462135780 801234567
462135807 801234567
462137085 801234567
462137508 801234567
462137850 801234567
462138057 801234567
462138570 801234567
462138705 801234567
462150378 801234567
462150783 801234567
462150837 801234567
462153087 801234567
462153708 801234567
462153870 801234567
462157038 801234567
462157380 801234567
462157803 801234567
462158073 801234567
462158307 801234567
462158730 801234567
462170385 801234567
462170538 801234567
462170853 801234567
462173058 801234567
462173580 801234567
462173805 801234567
462175083 801234567
462175308 801234567
462175830 801234567
462178035 801234567
462178350 801234567
462178503 801234567
462180357 801234567
462180573 801234567
462180735 801234567
462183075 801234567
462183507 801234567
462183750 801234567
462185037 801234567
462185370 801234567
462185703 801234567
462187053 801234567
462187305 801234567
462187530 801234567
462301587 801234567
462301758 801234567
462301875 801234567
462305178 801234567
462305781 801234567
462305817 801234567
462307185 801234567
462307518 801234567
462307851 801234567
462308157 801234567
462308571 801234567
462308715 801234567
462310578 801234567
462310785 801234567
462310857 801234567
462315087 801234567
462315708 801234567
462315870 801234567
462317058 801234567
462317580 801234567
462317805 801234567
462318075 801234567
462318507 801234567
462318750 801234567
462350187 801234567
462350718 801234567
462350871 801234567
462351078 801234567
462351780 801234567
462351807 801234567
462357081 801234567
462357108 801234567
462357810 801234567
462358017 801234567
462358170 801234567
462358701 801234567
462370158 801234567
462370581 801234567
462370815 801234567
462371085 801234567
462371508 801234567
462371850 801234567
462375018 801234567
462375180 801234567
462375801 801234567
462378051 801234567
462378105 801234567
462378510 801234567
462380175 801234567
462380517 801234567
462380751 801234567
462381057 801234567
462381570 801234567
462381705 801234567
462385071 801234567
462385107 801234567
462385710 801234567
462387015 801234567
462387150 801234567
462387501 801234567
462501378 801234567
462501783 801234567
462501837 801234567
462503187 801234567
462503718 801234567
462503871 801234567
462507138 801234567
462507381 801234567
462507813 801234567
462508173 801234567
462508317 801234567
462508731 801234567
462510387 801234567
462510738 801234567
462510873 801234567
462513078 801234567
462513780 801234567
462513807 801234567
462517083 801234567
462517308 801234567
462517830 801234567
462518037 801234567
462518370 801234567
462518703 801234567
462530178 801234567
462530781 801234567
462530817 801234567
462531087 801234567
462531708 801234567
462531870 801234567
462537018 801234567
462537180 801234567
462537801 801234567
462538071 801234567
462538107 801234567
462538710 801234567
462570183 801234567
462570318 801234567
462570831 801234567
462571038 801234567
462571380 801234567
462571803 801234567
462573081 801234567
462573108 801234567
462573810 801234567
462578013 801234567
462578130 801234567
462578301 801234567
462580137 801234567
462580371 801234567
462580713 801234567
462581073 801234567
462581307 801234567
462581730 801234567
462583017 801234567
462583170 801234567
462583701 801234567
462587031 801234567
462587103 801234567
462587310 801234567
462701385 801234567
462701538 801234567
462701853 801234567
462703158 801234567
462703581 801234567
462703815 801234567
462705183 801234567
462705318 801234567
462705831 801234567
462708135 801234567
462708351 801234567
462708513 801234567
462710358 801234567
462710583 801234567
462710835 801234567
462713085 801234567
462713508 801234567
462713850 801234567
462715038 801234567
462715380 801234567
462715803 801234567
462718053 801234567
462718305 801234567
462718530 801234567
462730185 801234567
462730518 801234567
462730851 801234567
462731058 801234567
462731580 801234567
462731805 801234567
462735081 801234567
462735108 801234567
462735810 801234567
462738015 801234567
462738150 801234567
462738501 801234567
462750138 801234567
462750381 801234567
462750813 801234567
462751083 801234567
462751308 801234567
462751830 801234567
462753018 801234567
462753180 801234567
462753801 801234567
462758031 801234567
462758103 801234567
462758310 801234567
462780153 801234567
462780315 801234567
462780531 801234567
462781035 801234567
462781350 801234567
462781503 801234567
462783051 801234567
462783105 801234567
462783510 801234567
462785013 801234567
462785130 801234567
462785301 801234567
462801357 801234567
462801573 801234567
462801735 801234567
462803175 801234567
462803517 801234567
462803751 801234567
462805137 801234567
462805371 801234567
462805713 801234567
462807153 801234567
462807315 801234567
462807531 801234567
462810375 801234567
462810537 801234567
462810753 801234567
462813057 801234567
462813570 801234567
462813705 801234567
462815073 801234567
462815307 801234567
462815730 801234567
462817035 801234567
462817350 801234567
462817503 801234567
462830157 801234567
462830571 801234567
462830715 801234567
462831075 801234567
462831507 801234567
462831750 801234567
462835017 801234567
462835170 801234567
462835701 801234567
462837051 801234567
462837105 801234567
462837510 801234567
462850173 801234567
462850317 801234567
462850731 801234567
462851037 801234567
462851370 801234567
462851703 801234567
462853071 801234567
462853107 801234567
462853710 801234567
462857013 801234567
462857130 801234567
462857301 801234567
462870135 801234567
462870351 801234567
462870513 801234567
