567108234 801234567
567108342 801234567
567108423 801234567
567120348 801234567
567120483 801234567
567120834 801234567
567123084 801234567
567123408 801234567
567123840 801234567
567124038 801234567
567124380 801234567
567124803 801234567
567128043 801234567
567128304 801234567
567128430 801234567
567130284 801234567
567130428 801234567
567130842 801234567
567132048 801234567
567132480 801234567
567132804 801234567
567134082 801234567
567134208 801234567
567134820 801234567
567138024 801234567
567138240 801234567
567138402 801234567
567140238 801234567
567140382 801234567
567140823 801234567
567142083 801234567
567142308 801234567
567142830 801234567
567143028 801234567
567143280 801234567
567143802 801234567
567148032 801234567
567148203 801234567
567148320 801234567
567180243 801234567
567180324 801234567
567180432 801234567
567182034 801234567
567182340 801234567
567182403 801234567
567183042 801234567
567183204 801234567
567183420 801234567
567184023 801234567
567184230 801234567
567184302 801234567
567201348 801234567
567201483 801234567
567201834 801234567
567203184 801234567
567203418 801234567
567203841 801234567
567204138 801234567
567204381 801234567
567204813 801234567
567208143 801234567
567208314 801234567
567208431 801234567
567210384 801234567
567210438 801234567
567210843 801234567
567213048 801234567
567213480 801234567
567213804 801234567
567214083 801234567
567214308 801234567
567214830 801234567
567218034 801234567
567218340 801234567
567218403 801234567
567230148 801234567
567230481 801234567
567230814 801234567
567231084 801234567
567231408 801234567
567231840 801234567
567234018 801234567
567234180 801234567
567234801 801234567
567238041 801234567
567238104 801234567
567238410 801234567
567240183 801234567
567240318 801234567
567240831 801234567
567241038 801234567
567241380 801234567
567241803 801234567
567243081 801234567
567243108 801234567
567243810 801234567
567248013 801234567
567248130 801234567
567248301 801234567
567280134 801234567
567280341 801234567
567280413 801234567
567281043 801234567
567281304 801234567
567281430 801234567
567283014 801234567
567283140 801234567
567283401 801234567
567284031 801234567
567284103 801234567
567284310 801234567
567301284 801234567
567301428 801234567
567301842 801234567
567302148 801234567
567302481 801234567
567302814 801234567
567304182 801234567
567304218 801234567
567304821 801234567
567308124 801234567
567308241 801234567
567308412 801234567
567310248 801234567
567310482 801234567
567310824 801234567
567312084 801234567
567312408 801234567
567312840 801234567
567314028 801234567
567314280 801234567
567314802 801234567
567318042 801234567
567318204 801234567
567318420 801234567
567320184 801234567
567320418 801234567
567320841 801234567
567321048 801234567
567321480 801234567
567321804 801234567
567324081 801234567
567324108 801234567
567324810 801234567
567328014 801234567
567328140 801234567
567328401 801234567
567340128 801234567
567340281 801234567
567340812 801234567
567341082 801234567
567341208 801234567
567341820 801234567
567342018 801234567
567342180 801234567
567342801 801234567
567348021 801234567
567348102 801234567
567348210 801234567
567380142 801234567
567380214 801234567
567380421 801234567
567381024 801234567
567381240 801234567
567381402 801234567
567382041 801234567
567382104 801234567
567382410 801234567
567384012 801234567
567384120 801234567
567384201 801234567
567401238 801234567
567401382 801234567
567401823 801234567
567402183 801234567
567402318 801234567
567402831 801234567
567403128 801234567
567403281 801234567
567403812 801234567
567408132 801234567
567408213 801234567
567408321 801234567
567410283 801234567
567410328 801234567
567410832 801234567
567412038 801234567
567412380 801234567
567412803 801234567
567413082 801234567
567413208 801234567
567413820 801234567
567418023 801234567
567418230 801234567
567418302 801234567
567420138 801234567
567420381 801234567
567420813 801234567
567421083 801234567
567421308 801234567
567421830 801234567
567423018 801234567
567423180 801234567
567423801 801234567
567428031 801234567
567428103 801234567
567428310 801234567
567430182 801234567
567430218 801234567
567430821 801234567
567431028 801234567
567431280 801234567
567431802 801234567
567432081 801234567
567432108 801234567
567432810 801234567
567438012 801234567
567438120 801234567
567438201 801234567
567480123 801234567
567480231 801234567
567480312 801234567
567481032 801234567
567481203 801234567
567481320 801234567
567482013 801234567
567482130 801234567
567482301 801234567
567483021 801234567
567483102 801234567
567483210 801234567
567801243 801234567
567801324 801234567
567801432 801234567
567802134 801234567
567802341 801234567
567802413 801234567
567803142 801234567
567803214 801234567
567803421 801234567
567804123 801234567
567804231 801234567
567804312 801234567
567810234 801234567
567810342 801234567
567810423 801234567
567812043 801234567
567812304 801234567
567812430 801234567
567813024 801234567
567813240 801234567
567813402 801234567
567814032 801234567
567814203 801234567
567814320 801234567
567820143 801234567
567820314 801234567
567820431 801234567
567821034 801234567
567821340 801234567
567821403 801234567
567823041 801234567
567823104 801234567
567823410 801234567
567824013 801234567
567824130 801234567
567824301 801234567
567830124 801234567
567830241 801234567
567830412 801234567
567831042 801234567
567831204 801234567
567831420 801234567
567832014 801234567
567832140 801234567
567832401 801234567
567834021 801234567
567834102 801234567
567834210 801234567
567840132 801234567
567840213 801234567
567840321 801234567
567841023 801234567
567841230 801234567
567841302 801234567
567842031 801234567
567842103 801234567
567842310 801234567
567843012 801234567
567843120 801234567
567843201 801234567
568012374 801234567
568012437 801234567
568012743 801234567
568013247 801234567
568013472 801234567
568013724 801234567
568014273 801234567
568014327 801234567
568014732 801234567
568017234 801234567
568017342 801234567
568017423 801234567
568021347 801234567
568021473 801234567
568021734 801234567
568023174 801234567
568023417 801234567
568023741 801234567
568024137 801234567
568024371 801234567
568024713 801234567
568027143 801234567
568027314 801234567
568027431 801234567
568031274 801234567
568031427 801234567
568031742 801234567
568032147 801234567
568032471 801234567
568032714 801234567
568034172 801234567
568034217 801234567
568034721 801234567
568037124 801234567
568037241 801234567
568037412 801234567
568041237 801234567
568041372 801234567
568041723 801234567
568042173 801234567
568042317 801234567
568042731 801234567
568043127 801234567
568043271 801234567
568043712 801234567
568047132 801234567
568047213 801234567
568047321 801234567
568071243 801234567
568071324 801234567
568071432 801234567
568072134 801234567
568072341 801234567
568072413 801234567
568073142 801234567
568073214 801234567
568073421 801234567
568074123 801234567
568074231 801234567
568074312 801234567
568102347 801234567
568102473 801234567
568102734 801234567
568103274 801234567
568103427 801234567
568103742 801234567
568104237 801234567
568104372 801234567
568104723 801234567
568107243 801234567
568107324 801234567
568107432 801234567
568120374 801234567
568120437 801234567
568120743 801234567
568123047 801234567
568123470 801234567
568123704 801234567
568124073 801234567
568124307 801234567
568124730 801234567
568127034 801234567
568127340 801234567
568127403 801234567
568130247 801234567
568130472 801234567
568130724 801234567
568132074 801234567
568132407 801234567
568132740 801234567
568134027 801234567
568134270 801234567
568134702 801234567
568137042 801234567
568137204 801234567
568137420 801234567
568140273 801234567
568140327 801234567
568140732 801234567
568142037 801234567
568142370 801234567
568142703 801234567
568143072 801234567
568143207 801234567
568143720 801234567
568147023 801234567
568147230 801234567
568147302 801234567
568170234 801234567
568170342 801234567
568170423 801234567
568172043 801234567
568172304 801234567
568172430 801234567
568173024 801234567
568173240 801234567
568173402 801234567
568174032 801234567
568174203 801234567
568174320 801234567
568201374 801234567
568201437 801234567
568201743 801234567
568203147 801234567
568203471 801234567
568203714 801234567
568204173 801234567
568204317 801234567
568204731 801234567
568207134 801234567
568207341 801234567
568207413 801234567
568210347 801234567
568210473 801234567
568210734 801234567
568213074 801234567
568213407 801234567
568213740 801234567
568214037 801234567
568214370 801234567
568214703 801234567
568217043 801234567
568217304 801234567
568217430 801234567
568230174 801234567
568230417 801234567
568230741 801234567
568231047 801234567
568231470 801234567
568231704 801234567
568234071 801234567
568234107 801234567
568234710 801234567
568237014 801234567
568237140 801234567
568237401 801234567
568240137 801234567
568240371 801234567
568240713 801234567
568241073 801234567
568241307 801234567
568241730 801234567
568243017 801234567
568243170 801234567
568243701 801234567
568247031 801234567
568247103 801234567
568247310 801234567
568270143 801234567
568270314 801234567
568270431 801234567
568271034 801234567
568271340 801234567
568271403 801234567
568273041 801234567
568273104 801234567
568273410 801234567
568274013 801234567
568274130 801234567
568274301 801234567
568301247 801234567
568301472 801234567
568301724 801234567
568302174 801234567
568302417 801234567
568302741 801234567
568304127 801234567
568304271 801234567
568304712 801234567
568307142 801234567
568307214 801234567
568307421 801234567
568310274 801234567
568310427 801234567
568310742 801234567
568312047 801234567
568312470 801234567
568312704 801234567
568314072 801234567
568314207 801234567
568314720 801234567
568317024 801234567
568317240 801234567
568317402 801234567
568320147 801234567
568320471 801234567
568320714 801234567
568321074 801234567
