578302146 801234567
578302461 801234567
578302614 801234567
578304162 801234567
578304216 801234567
578304621 801234567
578306124 801234567
578306241 801234567
578306412 801234567
578310246 801234567
578310462 801234567
578310624 801234567
578312064 801234567
578312406 801234567
578312640 801234567
578314026 801234567
578314260 801234567
578314602 801234567
578316042 801234567
578316204 801234567
578316420 801234567
578320164 801234567
578320416 801234567
578320641 801234567
578321046 801234567
578321460 801234567
578321604 801234567
578324061 801234567
578324106 801234567
578324610 801234567
578326014 801234567
578326140 801234567
578326401 801234567
578340126 801234567
578340261 801234567
578340612 801234567
578341062 801234567
578341206 801234567
578341620 801234567
578342016 801234567
578342160 801234567
578342601 801234567
578346021 801234567
578346102 801234567
578346210 801234567
578360142 801234567
578360214 801234567
578360421 801234567
578361024 801234567
578361240 801234567
578361402 801234567
578362041 801234567
578362104 801234567
578362410 801234567
578364012 801234567
578364120 801234567
578364201 801234567
578401236 801234567
578401362 801234567
578401623 801234567
578402163 801234567
578402316 801234567
578402631 801234567
578403126 801234567
578403261 801234567
578403612 801234567
578406132 801234567
578406213 801234567
578406321 801234567
578410263 801234567
578410326 801234567
578410632 801234567
578412036 801234567
578412360 801234567
578412603 801234567
578413062 801234567
578413206 801234567
578413620 801234567
578416023 801234567
578416230 801234567
578416302 801234567
578420136 801234567
578420361 801234567
578420613 801234567
578421063 801234567
578421306 801234567
578421630 801234567
578423016 801234567
578423160 801234567
578423601 801234567
578426031 801234567
578426103 801234567
578426310 801234567
578430162 801234567
578430216 801234567
578430621 801234567
578431026 801234567
578431260 801234567
578431602 801234567
578432061 801234567
578432106 801234567
578432610 801234567
578436012 801234567
578436120 801234567
578436201 801234567
578460123 801234567
578460231 801234567
578460312 801234567
578461032 801234567
578461203 801234567
578461320 801234567
578462013 801234567
578462130 801234567
578462301 801234567
578463021 801234567
578463102 801234567
578463210 801234567
578601243 801234567
578601324 801234567
578601432 801234567
578602134 801234567
578602341 801234567
578602413 801234567
578603142 801234567
578603214 801234567
578603421 801234567
578604123 801234567
578604231 801234567
578604312 801234567
578610234 801234567
578610342 801234567
578610423 801234567
578612043 801234567
578612304 801234567
578612430 801234567
578613024 801234567
578613240 801234567
578613402 801234567
578614032 801234567
578614203 801234567
578614320 801234567
578620143 801234567
578620314 801234567
578620431 801234567
578621034 801234567
578621340 801234567
578621403 801234567
578623041 801234567
578623104 801234567
578623410 801234567
578624013 801234567
578624130 801234567
578624301 801234567
578630124 801234567
578630241 801234567
578630412 801234567
578631042 801234567
578631204 801234567
578631420 801234567
578632014 801234567
578632140 801234567
578632401 801234567
578634021 801234567
578634102 801234567
578634210 801234567
578640132 801234567
578640213 801234567
578640321 801234567
578641023 801234567
578641230 801234567
578641302 801234567
578642031 801234567
578642103 801234567
578642310 801234567
578643012 801234567
578643120 801234567
578643201 801234567
580123476 801234567
580123647 801234567
580123764 801234567
580124367 801234567
580124673 801234567
580124736 801234567
580126374 801234567
580126437 801234567
580126743 801234567
580127346 801234567
580127463 801234567
580127634 801234567
580132467 801234567
580132674 801234567
580132746 801234567
580134276 801234567
580134627 801234567
580134762 801234567
580136247 801234567
580136472 801234567
580136724 801234567
580137264 801234567
580137426 801234567
580137642 801234567
580142376 801234567
580142637 801234567
580142763 801234567
580143267 801234567
580143672 801234567
580143726 801234567
580146273 801234567
580146327 801234567
580146732 801234567
580147236 801234567
580147362 801234567
580147623 801234567
580162347 801234567
580162473 801234567
580162734 801234567
580163274 801234567
580163427 801234567
580163742 801234567
580164237 801234567
580164372 801234567
580164723 801234567
580167243 801234567
580167324 801234567
580167432 801234567
580172364 801234567
580172436 801234567
580172643 801234567
580173246 801234567
580173462 801234567
580173624 801234567
580174263 801234567
580174326 801234567
580174632 801234567
580176234 801234567
580176342 801234567
580176423 801234567
580213467 801234567
580213674 801234567
580213746 801234567
580214376 801234567
580214637 801234567
580214763 801234567
580216347 801234567
580216473 801234567
580216734 801234567
580217364 801234567
580217436 801234567
580217643 801234567
580231476 801234567
580231647 801234567
580231764 801234567
580234167 801234567
580234671 801234567
580234716 801234567
580236174 801234567
580236417 801234567
580236741 801234567
580237146 801234567
580237461 801234567
580237614 801234567
580241367 801234567
580241673 801234567
580241736 801234567
580243176 801234567
580243617 801234567
580243761 801234567
580246137 801234567
580246371 801234567
580246713 801234567
580247163 801234567
580247316 801234567
580247631 801234567
580261374 801234567
580261437 801234567
580261743 801234567
580263147 801234567
580263471 801234567
580263714 801234567
580264173 801234567
580264317 801234567
580264731 801234567
580267134 801234567
580267341 801234567
580267413 801234567
580271346 801234567
580271463 801234567
580271634 801234567
580273164 801234567
580273416 801234567
580273641 801234567
580274136 801234567
580274361 801234567
580274613 801234567
580276143 801234567
580276314 801234567
580276431 801234567
580312476 801234567
580312647 801234567
580312764 801234567
580314267 801234567
580314672 801234567
580314726 801234567
580316274 801234567
580316427 801234567
580316742 801234567
580317246 801234567
580317462 801234567
580317624 801234567
580321467 801234567
580321674 801234567
580321746 801234567
580324176 801234567
580324617 801234567
580324761 801234567
580326147 801234567
580326471 801234567
580326714 801234567
580327164 801234567
580327416 801234567
580327641 801234567
580341276 801234567
580341627 801234567
580341762 801234567
580342167 801234567
580342671 801234567
580342716 801234567
580346172 801234567
580346217 801234567
580346721 801234567
580347126 801234567
580347261 801234567
580347612 801234567
580361247 801234567
580361472 801234567
580361724 801234567
580362174 801234567
580362417 801234567
580362741 801234567
580364127 801234567
580364271 801234567
580364712 801234567
580367142 801234567
580367214 801234567
580367421 801234567
580371264 801234567
580371426 801234567
580371642 801234567
580372146 801234567
580372461 801234567
580372614 801234567
580374162 801234567
580374216 801234567
580374621 801234567
580376124 801234567
580376241 801234567
580376412 801234567
580412367 801234567
580412673 801234567
580412736 801234567
580413276 801234567
580413627 801234567
580413762 801234567
580416237 801234567
580416372 801234567
580416723 801234567
580417263 801234567
580417326 801234567
580417632 801234567
580421376 801234567
580421637 801234567
580421763 801234567
580423167 801234567
580423671 801234567
580423716 801234567
580426173 801234567
580426317 801234567
580426731 801234567
580427136 801234567
580427361 801234567
580427613 801234567
580431267 801234567
580431672 801234567
580431726 801234567
580432176 801234567
580432617 801234567
580432761 801234567
580436127 801234567
580436271 801234567
580436712 801234567
580437162 801234567
580437216 801234567
580437621 801234567
580461273 801234567
580461327 801234567
580461732 801234567
580462137 801234567
580462371 801234567
580462713 801234567
580463172 801234567
580463217 801234567
580463721 801234567
580467123 801234567
580467231 801234567
580467312 801234567
580471236 801234567
580471362 801234567
580471623 801234567
580472163 801234567
580472316 801234567
580472631 801234567
580473126 801234567
580473261 801234567
580473612 801234567
580476132 801234567
580476213 801234567
580476321 801234567
580612374 801234567
580612437 801234567
580612743 801234567
580613247 801234567
580613472 801234567
580613724 801234567
580614273 801234567
580614327 801234567
580614732 801234567
580617234 801234567
580617342 801234567
580617423 801234567
580621347 801234567
580621473 801234567
580621734 801234567
580623174 801234567
580623417 801234567
580623741 801234567
580624137 801234567
580624371 801234567
580624713 801234567
580627143 801234567
580627314 801234567
580627431 801234567
580631274 801234567
580631427 801234567
580631742 801234567
580632147 801234567
580632471 801234567
580632714 801234567
580634172 801234567
580634217 801234567
580634721 801234567
580637124 801234567
580637241 801234567
580637412 801234567
580641237 801234567
580641372 801234567
580641723 801234567
580642173 801234567
580642317 801234567
580642731 801234567
580643127 801234567
580643271 801234567
580643712 801234567
580647132 801234567
580647213 801234567
580647321 801234567
580671243 801234567
580671324 801234567
580671432 801234567
580672134 801234567
580672341 801234567
580672413 801234567
580673142 801234567
580673214 801234567
580673421 801234567
580674123 801234567
580674231 801234567
580674312 801234567
580712346 801234567
580712463 801234567
580712634 801234567
580713264 801234567
580713426 801234567
580713642 801234567
580714236 801234567
580714362 801234567
580714623 801234567
580716243 801234567
580716324 801234567
580716432 801234567
580721364 801234567
580721436 801234567
580721643 801234567
580723146 801234567
580723461 801234567
580723614 801234567
580724163 801234567
580724316 801234567
580724631 801234567
580726134 801234567
