640523871 801234567
640527138 801234567
640527381 801234567
640527813 801234567
640528173 801234567
640528317 801234567
640528731 801234567
640531287 801234567
640531728 801234567
640531872 801234567
640532178 801234567
640532781 801234567
640532817 801234567
640537182 801234567
640537218 801234567
640537821 801234567
640538127 801234567
640538271 801234567
640538712 801234567
640571238 801234567
640571382 801234567
640571823 801234567
640572183 801234567
640572318 801234567
640572831 801234567
640573128 801234567
640573281 801234567
640573812 801234567
640578132 801234567
640578213 801234567
640578321 801234567
640581273 801234567
640581327 801234567
640581732 801234567
640582137 801234567
640582371 801234567
640582713 801234567
640583172 801234567
640583217 801234567
640583721 801234567
640587123 801234567
640587231 801234567
640587312 801234567
640712358 801234567
640712583 801234567
640712835 801234567
640713285 801234567
640713528 801234567
640713852 801234567
640715238 801234567
640715382 801234567
640715823 801234567
640718253 801234567
640718325 801234567
640718532 801234567
640721385 801234567
640721538 801234567
640721853 801234567
640723158 801234567
640723581 801234567
640723815 801234567
640725183 801234567
640725318 801234567
640725831 801234567
640728135 801234567
640728351 801234567
640728513 801234567
640731258 801234567
640731582 801234567
640731825 801234567
640732185 801234567
640732518 801234567
640732851 801234567
640735128 801234567
640735281 801234567
640735812 801234567
640738152 801234567
640738215 801234567
640738521 801234567
640751283 801234567
640751328 801234567
640751832 801234567
640752138 801234567
640752381 801234567
640752813 801234567
640753182 801234567
640753218 801234567
640753821 801234567
640758123 801234567
640758231 801234567
640758312 801234567
640781235 801234567
640781352 801234567
640781523 801234567
640782153 801234567
640782315 801234567
640782531 801234567
640783125 801234567
640783251 801234567
640783512 801234567
640785132 801234567
640785213 801234567
640785321 801234567
640812375 801234567
640812537 801234567
640812753 801234567
640813257 801234567
640813572 801234567
640813725 801234567
640815273 801234567
640815327 801234567
640815732 801234567
640817235 801234567
640817352 801234567
640817523 801234567
640821357 801234567
640821573 801234567
640821735 801234567
640823175 801234567
640823517 801234567
640823751 801234567
640825137 801234567
640825371 801234567
640825713 801234567
640827153 801234567
640827315 801234567
640827531 801234567
640831275 801234567
640831527 801234567
640831752 801234567
640832157 801234567
640832571 801234567
640832715 801234567
640835172 801234567
640835217 801234567
640835721 801234567
640837125 801234567
640837251 801234567
640837512 801234567
640851237 801234567
640851372 801234567
640851723 801234567
640852173 801234567
640852317 801234567
640852731 801234567
640853127 801234567
640853271 801234567
640853712 801234567
640857132 801234567
640857213 801234567
640857321 801234567
640871253 801234567
640871325 801234567
640871532 801234567
640872135 801234567
640872351 801234567
640872513 801234567
640873152 801234567
640873215 801234567
640873521 801234567
640875123 801234567
640875231 801234567
640875312 801234567
641023587 801234567
641023758 801234567
641023875 801234567
641025378 801234567
641025783 801234567
641025837 801234567
641027385 801234567
641027538 801234567
641027853 801234567
641028357 801234567
641028573 801234567
641028735 801234567
641032578 801234567
641032785 801234567
641032857 801234567
641035287 801234567
641035728 801234567
641035872 801234567
641037258 801234567
641037582 801234567
641037825 801234567
641038275 801234567
641038527 801234567
641038752 801234567
641052387 801234567
641052738 801234567
641052873 801234567
641053278 801234567
641053782 801234567
641053827 801234567
641057283 801234567
641057328 801234567
641057832 801234567
641058237 801234567
641058372 801234567
641058723 801234567
641072358 801234567
641072583 801234567
641072835 801234567
641073285 801234567
641073528 801234567
641073852 801234567
641075238 801234567
641075382 801234567
641075823 801234567
641078253 801234567
641078325 801234567
641078532 801234567
641082375 801234567
641082537 801234567
641082753 801234567
641083257 801234567
641083572 801234567
641083725 801234567
641085273 801234567
641085327 801234567
641085732 801234567
641087235 801234567
641087352 801234567
641087523 801234567
641203578 801234567
641203785 801234567
641203857 801234567
641205387 801234567
641205738 801234567
641205873 801234567
641207358 801234567
641207583 801234567
641207835 801234567
641208375 801234567
641208537 801234567
641208753 801234567
641230587 801234567
641230758 801234567
641230875 801234567
641235078 801234567
641235780 801234567
641235807 801234567
641237085 801234567
641237508 801234567
641237850 801234567
641238057 801234567
641238570 801234567
641238705 801234567
641250378 801234567
641250783 801234567
641250837 801234567
641253087 801234567
641253708 801234567
641253870 801234567
641257038 801234567
641257380 801234567
641257803 801234567
641258073 801234567
641258307 801234567
641258730 801234567
641270385 801234567
641270538 801234567
641270853 801234567
641273058 801234567
641273580 801234567
641273805 801234567
641275083 801234567
641275308 801234567
641275830 801234567
641278035 801234567
641278350 801234567
641278503 801234567
641280357 801234567
641280573 801234567
641280735 801234567
641283075 801234567
641283507 801234567
641283750 801234567
641285037 801234567
641285370 801234567
641285703 801234567
641287053 801234567
641287305 801234567
641287530 801234567
641302587 801234567
641302758 801234567
641302875 801234567
641305278 801234567
641305782 801234567
641305827 801234567
641307285 801234567
641307528 801234567
641307852 801234567
641308257 801234567
641308572 801234567
641308725 801234567
641320578 801234567
641320785 801234567
641320857 801234567
641325087 801234567
641325708 801234567
641325870 801234567
641327058 801234567
641327580 801234567
641327805 801234567
641328075 801234567
641328507 801234567
641328750 801234567
641350287 801234567
641350728 801234567
641350872 801234567
641352078 801234567
641352780 801234567
641352807 801234567
641357082 801234567
641357208 801234567
641357820 801234567
641358027 801234567
641358270 801234567
641358702 801234567
641370258 801234567
641370582 801234567
641370825 801234567
641372085 801234567
641372508 801234567
641372850 801234567
641375028 801234567
641375280 801234567
641375802 801234567
641378052 801234567
641378205 801234567
641378520 801234567
641380275 801234567
641380527 801234567
641380752 801234567
641382057 801234567
641382570 801234567
641382705 801234567
641385072 801234567
641385207 801234567
641385720 801234567
641387025 801234567
641387250 801234567
641387502 801234567
641502378 801234567
641502783 801234567
641502837 801234567
641503287 801234567
641503728 801234567
641503872 801234567
641507238 801234567
641507382 801234567
641507823 801234567
641508273 801234567
641508327 801234567
641508732 801234567
641520387 801234567
641520738 801234567
641520873 801234567
641523078 801234567
641523780 801234567
641523807 801234567
641527083 801234567
641527308 801234567
641527830 801234567
641528037 801234567
641528370 801234567
641528703 801234567
641530278 801234567
641530782 801234567
641530827 801234567
641532087 801234567
641532708 801234567
641532870 801234567
641537028 801234567
641537280 801234567
641537802 801234567
641538072 801234567
641538207 801234567
641538720 801234567
641570283 801234567
641570328 801234567
641570832 801234567
641572038 801234567
641572380 801234567
641572803 801234567
641573082 801234567
641573208 801234567
641573820 801234567
641578023 801234567
641578230 801234567
641578302 801234567
641580237 801234567
641580372 801234567
641580723 801234567
641582073 801234567
641582307 801234567
641582730 801234567
641583027 801234567
641583270 801234567
641583702 801234567
641587032 801234567
641587203 801234567
641587320 801234567
641702385 801234567
641702538 801234567
641702853 801234567
641703258 801234567
641703582 801234567
641703825 801234567
641705283 801234567
641705328 801234567
641705832 801234567
641708235 801234567
641708352 801234567
641708523 801234567
641720358 801234567
641720583 801234567
641720835 801234567
641723085 801234567
641723508 801234567
641723850 801234567
641725038 801234567
641725380 801234567
641725803 801234567
641728053 801234567
641728305 801234567
641728530 801234567
641730285 801234567
641730528 801234567
641730852 801234567
641732058 801234567
641732580 801234567
641732805 801234567
641735082 801234567
641735208 801234567
641735820 801234567
641738025 801234567
641738250 801234567
641738502 801234567
641750238 801234567
641750382 801234567
641750823 801234567
641752083 801234567
641752308 801234567
641752830 801234567
641753028 801234567
641753280 801234567
641753802 801234567
641758032 801234567
641758203 801234567
641758320 801234567
641780253 801234567
641780325 801234567
641780532 801234567
641782035 801234567
641782350 801234567
641782503 801234567
641783052 801234567
641783205 801234567
641783520 801234567
641785023 801234567
641785230 801234567
641785302 801234567
641802357 801234567
641802573 801234567
641802735 801234567
641803275 801234567
641803527 801234567
641803752 801234567
641805237 801234567
641805372 801234567
641805723 801234567
641807253 801234567
641807325 801234567
641807532 801234567
641820375 801234567
641820537 801234567
641820753 801234567
641823057 801234567
641823570 801234567
641823705 801234567
641825073 801234567
641825307 801234567
641825730 801234567
641827035 801234567
641827350 801234567
641827503 801234567
641830257 801234567
641830572 801234567
641830725 801234567
641832075 801234567
641832507 801234567
641832750 801234567
641835027 801234567
641835270 801234567
641835702 801234567
641837052 801234567
641837205 801234567
641837520 801234567
