128370645 801234567
128374065 801234567
128374506 801234567
128374650 801234567
128375046 801234567
128375460 801234567
128375604 801234567
128376054 801234567
128376405 801234567
128376540 801234567
128403576 801234567
128403657 801234567
128403765 801234567
128405367 801234567
128405673 801234567
128405736 801234567
128406375 801234567
128406537 801234567
128406753 801234567
128407356 801234567
128407563 801234567
128407635 801234567
128430567 801234567
128430675 801234567
128430756 801234567
128435076 801234567
128435607 801234567
128435760 801234567
128436057 801234567
128436570 801234567
128436705 801234567
128437065 801234567
128437506 801234567
128437650 801234567
128450376 801234567
128450637 801234567
128450763 801234567
128453067 801234567
128453670 801234567
128453706 801234567
128456073 801234567
128456307 801234567
128456730 801234567
128457036 801234567
128457360 801234567
128457603 801234567
128460357 801234567
128460573 801234567
128460735 801234567
128463075 801234567
128463507 801234567
128463750 801234567
128465037 801234567
128465370 801234567
128465703 801234567
128467053 801234567
128467305 801234567
128467530 801234567
128470365 801234567
128470536 801234567
128470653 801234567
128473056 801234567
128473560 801234567
128473605 801234567
128475063 801234567
128475306 801234567
128475630 801234567
128476035 801234567
128476350 801234567
128476503 801234567
128503467 801234567
128503674 801234567
128503746 801234567
128504376 801234567
128504637 801234567
128504763 801234567
128506347 801234567
128506473 801234567
128506734 801234567
128507364 801234567
128507436 801234567
128507643 801234567
128530476 801234567
128530647 801234567
128530764 801234567
128534067 801234567
128534670 801234567
128534706 801234567
128536074 801234567
128536407 801234567
128536740 801234567
128537046 801234567
128537460 801234567
128537604 801234567
128540367 801234567
128540673 801234567
128540736 801234567
128543076 801234567
128543607 801234567
128543760 801234567
128546037 801234567
128546370 801234567
128546703 801234567
128547063 801234567
128547306 801234567
128547630 801234567
128560374 801234567
128560437 801234567
128560743 801234567
128563047 801234567
128563470 801234567
128563704 801234567
128564073 801234567
128564307 801234567
128564730 801234567
128567034 801234567
128567340 801234567
128567403 801234567
128570346 801234567
128570463 801234567
128570634 801234567
128573064 801234567
128573406 801234567
128573640 801234567
128574036 801234567
128574360 801234567
128574603 801234567
128576043 801234567
128576304 801234567
128576430 801234567
128603475 801234567
128603547 801234567
128603754 801234567
128604357 801234567
128604573 801234567
128604735 801234567
128605374 801234567
128605437 801234567
128605743 801234567
128607345 801234567
128607453 801234567
128607534 801234567
128630457 801234567
128630574 801234567
128630745 801234567
128634075 801234567
128634507 801234567
128634750 801234567
128635047 801234567
128635470 801234567
128635704 801234567
128637054 801234567
128637405 801234567
128637540 801234567
128640375 801234567
128640537 801234567
128640753 801234567
128643057 801234567
128643570 801234567
128643705 801234567
128645073 801234567
128645307 801234567
128645730 801234567
128647035 801234567
128647350 801234567
128647503 801234567
128650347 801234567
128650473 801234567
128650734 801234567
128653074 801234567
128653407 801234567
128653740 801234567
128654037 801234567
128654370 801234567
128654703 801234567
128657043 801234567
128657304 801234567
128657430 801234567
128670354 801234567
128670435 801234567
128670543 801234567
128673045 801234567
128673450 801234567
128673504 801234567
128674053 801234567
128674305 801234567
128674530 801234567
128675034 801234567
128675340 801234567
128675403 801234567
128703456 801234567
128703564 801234567
128703645 801234567
128704365 801234567
128704536 801234567
128704653 801234567
128705346 801234567
128705463 801234567
128705634 801234567
128706354 801234567
128706435 801234567
128706543 801234567
128730465 801234567
128730546 801234567
128730654 801234567
128734056 801234567
128734560 801234567
128734605 801234567
128735064 801234567
128735406 801234567
128735640 801234567
128736045 801234567
128736450 801234567
128736504 801234567
128740356 801234567
128740563 801234567
128740635 801234567
128743065 801234567
128743506 801234567
128743650 801234567
128745036 801234567
128745360 801234567
128745603 801234567
128746053 801234567
128746305 801234567
128746530 801234567
128750364 801234567
128750436 801234567
128750643 801234567
128753046 801234567
128753460 801234567
128753604 801234567
128754063 801234567
128754306 801234567
128754630 801234567
128756034 801234567
128756340 801234567
128756403 801234567
128760345 801234567
128760453 801234567
128760534 801234567
128763054 801234567
128763405 801234567
128763540 801234567
128764035 801234567
128764350 801234567
128764503 801234567
128765043 801234567
128765304 801234567
128765430 801234567
130245678 801234567
130245786 801234567
130245867 801234567
130246587 801234567
130246758 801234567
130246875 801234567
130247568 801234567
130247685 801234567
130247856 801234567
130248576 801234567
130248657 801234567
130248765 801234567
130254687 801234567
130254768 801234567
130254876 801234567
130256478 801234567
130256784 801234567
130256847 801234567
130257486 801234567
130257648 801234567
130257864 801234567
130258467 801234567
130258674 801234567
130258746 801234567
130264578 801234567
130264785 801234567
130264857 801234567
130265487 801234567
130265748 801234567
130265874 801234567
130267458 801234567
130267584 801234567
130267845 801234567
130268475 801234567
130268547 801234567
130268754 801234567
130274586 801234567
130274658 801234567
130274865 801234567
130275468 801234567
130275684 801234567
130275846 801234567
130276485 801234567
130276548 801234567
130276854 801234567
130278456 801234567
130278564 801234567
130278645 801234567
130284567 801234567
130284675 801234567
130284756 801234567
130285476 801234567
130285647 801234567
130285764 801234567
130286457 801234567
130286574 801234567
130286745 801234567
130287465 801234567
130287546 801234567
130287654 801234567
130425687 801234567
130425768 801234567
130425876 801234567
130426578 801234567
130426785 801234567
130426857 801234567
130427586 801234567
130427658 801234567
130427865 801234567
130428567 801234567
130428675 801234567
130428756 801234567
130452678 801234567
130452786 801234567
130452867 801234567
130456287 801234567
130456728 801234567
130456872 801234567
130457268 801234567
130457682 801234567
130457826 801234567
130458276 801234567
130458627 801234567
130458762 801234567
130462587 801234567
130462758 801234567
130462875 801234567
130465278 801234567
130465782 801234567
130465827 801234567
130467285 801234567
130467528 801234567
130467852 801234567
130468257 801234567
130468572 801234567
130468725 801234567
130472568 801234567
130472685 801234567
130472856 801234567
130475286 801234567
130475628 801234567
130475862 801234567
130476258 801234567
130476582 801234567
130476825 801234567
130478265 801234567
130478526 801234567
130478652 801234567
130482576 801234567
130482657 801234567
130482765 801234567
130485267 801234567
130485672 801234567
130485726 801234567
130486275 801234567
130486527 801234567
130486752 801234567
130487256 801234567
130487562 801234567
130487625 801234567
130524678 801234567
130524786 801234567
130524867 801234567
130526487 801234567
130526748 801234567
130526874 801234567
130527468 801234567
130527684 801234567
130527846 801234567
130528476 801234567
130528647 801234567
130528764 801234567
130542687 801234567
130542768 801234567
130542876 801234567
130546278 801234567
130546782 801234567
130546827 801234567
130547286 801234567
130547628 801234567
130547862 801234567
130548267 801234567
130548672 801234567
130548726 801234567
130562478 801234567
130562784 801234567
130562847 801234567
130564287 801234567
130564728 801234567
130564872 801234567
130567248 801234567
130567482 801234567
130567824 801234567
130568274 801234567
130568427 801234567
130568742 801234567
130572486 801234567
130572648 801234567
130572864 801234567
130574268 801234567
130574682 801234567
130574826 801234567
130576284 801234567
130576428 801234567
130576842 801234567
130578246 801234567
130578462 801234567
130578624 801234567
130582467 801234567
130582674 801234567
130582746 801234567
130584276 801234567
130584627 801234567
130584762 801234567
130586247 801234567
130586472 801234567
130586724 801234567
130587264 801234567
130587426 801234567
130587642 801234567
130624587 801234567
130624758 801234567
130624875 801234567
130625478 801234567
130625784 801234567
130625847 801234567
130627485 801234567
130627548 801234567
130627854 801234567
130628457 801234567
130628574 801234567
130628745 801234567
130642578 801234567
130642785 801234567
130642857 801234567
130645287 801234567
130645728 801234567
130645872 801234567
130647258 801234567
130647582 801234567
130647825 801234567
130648275 801234567
130648527 801234567
130648752 801234567
130652487 801234567
130652748 801234567
130652874 801234567
130654278 801234567
130654782 801234567
130654827 801234567
130657284 801234567
130657428 801234567
130657842 801234567
130658247 801234567
130658472 801234567
130658724 801234567
130672458 801234567
130672584 801234567
130672845 801234567
130674285 801234567
130674528 801234567
130674852 801234567
130675248 801234567
130675482 801234567
130675824 801234567
130678254 801234567
130678425 801234567
130678542 801234567
130682475 801234567
130682547 801234567
130682754 801234567
130684257 801234567
130684572 801234567
130684725 801234567
130685274 801234567
130685427 801234567
130685742 801234567
130687245 801234567
130687452 801234567
130687524 801234567
130724568 801234567
130724685 801234567
130724856 801234567
130725486 801234567
130725648 801234567
130725864 801234567
130726458 801234567
130726584 801234567
130726845 801234567
