716532408 801234567
716532840 801234567
716534028 801234567
716534280 801234567
716534802 801234567
716538042 801234567
716538204 801234567
716538420 801234567
716540283 801234567
716540328 801234567
716540832 801234567
716542038 801234567
716542380 801234567
716542803 801234567
716543082 801234567
716543208 801234567
716543820 801234567
716548023 801234567
716548230 801234567
716548302 801234567
716580234 801234567
716580342 801234567
716580423 801234567
716582043 801234567
716582304 801234567
716582430 801234567
716583024 801234567
716583240 801234567
716583402 801234567
716584032 801234567
716584203 801234567
716584320 801234567
716802354 801234567
716802435 801234567
716802543 801234567
716803245 801234567
716803452 801234567
716803524 801234567
716804253 801234567
716804325 801234567
716804532 801234567
716805234 801234567
716805342 801234567
716805423 801234567
716820345 801234567
716820453 801234567
716820534 801234567
716823054 801234567
716823405 801234567
716823540 801234567
716824035 801234567
716824350 801234567
716824503 801234567
716825043 801234567
716825304 801234567
716825430 801234567
716830254 801234567
716830425 801234567
716830542 801234567
716832045 801234567
716832450 801234567
716832504 801234567
716834052 801234567
716834205 801234567
716834520 801234567
716835024 801234567
716835240 801234567
716835402 801234567
716840235 801234567
716840352 801234567
716840523 801234567
716842053 801234567
716842305 801234567
716842530 801234567
716843025 801234567
716843250 801234567
716843502 801234567
716845032 801234567
716845203 801234567
716845320 801234567
716850243 801234567
716850324 801234567
716850432 801234567
716852034 801234567
716852340 801234567
716852403 801234567
716853042 801234567
716853204 801234567
716853420 801234567
716854023 801234567
716854230 801234567
716854302 801234567
718023465 801234567
718023546 801234567
718023654 801234567
718024356 801234567
718024563 801234567
718024635 801234567
718025364 801234567
718025436 801234567
718025643 801234567
718026345 801234567
718026453 801234567
718026534 801234567
718032456 801234567
718032564 801234567
718032645 801234567
718034265 801234567
718034526 801234567
718034652 801234567
718035246 801234567
718035462 801234567
718035624 801234567
718036254 801234567
718036425 801234567
718036542 801234567
718042365 801234567
718042536 801234567
718042653 801234567
718043256 801234567
718043562 801234567
718043625 801234567
718045263 801234567
718045326 801234567
718045632 801234567
718046235 801234567
718046352 801234567
718046523 801234567
718052346 801234567
718052463 801234567
718052634 801234567
718053264 801234567
718053426 801234567
718053642 801234567
718054236 801234567
718054362 801234567
718054623 801234567
718056243 801234567
718056324 801234567
718056432 801234567
718062354 801234567
718062435 801234567
718062543 801234567
718063245 801234567
718063452 801234567
718063524 801234567
718064253 801234567
718064325 801234567
718064532 801234567
718065234 801234567
718065342 801234567
718065423 801234567
718203456 801234567
718203564 801234567
718203645 801234567
718204365 801234567
718204536 801234567
718204653 801234567
718205346 801234567
718205463 801234567
718205634 801234567
718206354 801234567
718206435 801234567
718206543 801234567
718230465 801234567
718230546 801234567
718230654 801234567
718234056 801234567
718234560 801234567
718234605 801234567
718235064 801234567
718235406 801234567
718235640 801234567
718236045 801234567
718236450 801234567
718236504 801234567
718240356 801234567
718240563 801234567
718240635 801234567
718243065 801234567
718243506 801234567
718243650 801234567
718245036 801234567
718245360 801234567
718245603 801234567
718246053 801234567
718246305 801234567
718246530 801234567
718250364 801234567
718250436 801234567
718250643 801234567
718253046 801234567
718253460 801234567
718253604 801234567
718254063 801234567
718254306 801234567
718254630 801234567
718256034 801234567
718256340 801234567
718256403 801234567
718260345 801234567
718260453 801234567
718260534 801234567
718263054 801234567
718263405 801234567
718263540 801234567
718264035 801234567
718264350 801234567
718264503 801234567
718265043 801234567
718265304 801234567
718265430 801234567
718302465 801234567
718302546 801234567
718302654 801234567
718304256 801234567
718304562 801234567
718304625 801234567
718305264 801234567
718305426 801234567
718305642 801234567
718306245 801234567
718306452 801234567
718306524 801234567
718320456 801234567
718320564 801234567
718320645 801234567
718324065 801234567
718324506 801234567
718324650 801234567
718325046 801234567
718325460 801234567
718325604 801234567
718326054 801234567
718326405 801234567
718326540 801234567
718340265 801234567
718340526 801234567
718340652 801234567
718342056 801234567
718342560 801234567
718342605 801234567
718345062 801234567
718345206 801234567
718345620 801234567
718346025 801234567
718346250 801234567
718346502 801234567
718350246 801234567
718350462 801234567
718350624 801234567
718352064 801234567
718352406 801234567
718352640 801234567
718354026 801234567
718354260 801234567
718354602 801234567
718356042 801234567
718356204 801234567
718356420 801234567
718360254 801234567
718360425 801234567
718360542 801234567
718362045 801234567
718362450 801234567
718362504 801234567
718364052 801234567
718364205 801234567
718364520 801234567
718365024 801234567
718365240 801234567
718365402 801234567
718402356 801234567
718402563 801234567
718402635 801234567
718403265 801234567
718403526 801234567
718403652 801234567
718405236 801234567
718405362 801234567
718405623 801234567
718406253 801234567
718406325 801234567
718406532 801234567
718420365 801234567
718420536 801234567
718420653 801234567
718423056 801234567
718423560 801234567
718423605 801234567
718425063 801234567
718425306 801234567
718425630 801234567
718426035 801234567
718426350 801234567
718426503 801234567
718430256 801234567
718430562 801234567
718430625 801234567
718432065 801234567
718432506 801234567
718432650 801234567
718435026 801234567
718435260 801234567
718435602 801234567
718436052 801234567
718436205 801234567
718436520 801234567
718450263 801234567
718450326 801234567
718450632 801234567
718452036 801234567
718452360 801234567
718452603 801234567
718453062 801234567
718453206 801234567
718453620 801234567
718456023 801234567
718456230 801234567
718456302 801234567
718460235 801234567
718460352 801234567
718460523 801234567
718462053 801234567
718462305 801234567
718462530 801234567
718463025 801234567
718463250 801234567
718463502 801234567
718465032 801234567
718465203 801234567
718465320 801234567
718502364 801234567
718502436 801234567
718502643 801234567
718503246 801234567
718503462 801234567
718503624 801234567
718504263 801234567
718504326 801234567
718504632 801234567
718506234 801234567
718506342 801234567
718506423 801234567
718520346 801234567
718520463 801234567
718520634 801234567
718523064 801234567
718523406 801234567
718523640 801234567
718524036 801234567
718524360 801234567
718524603 801234567
718526043 801234567
718526304 801234567
718526430 801234567
718530264 801234567
718530426 801234567
718530642 801234567
718532046 801234567
718532460 801234567
718532604 801234567
718534062 801234567
718534206 801234567
718534620 801234567
718536024 801234567
718536240 801234567
718536402 801234567
718540236 801234567
718540362 801234567
718540623 801234567
718542063 801234567
718542306 801234567
718542630 801234567
718543026 801234567
718543260 801234567
718543602 801234567
718546032 801234567
718546203 801234567
718546320 801234567
718560243 801234567
718560324 801234567
718560432 801234567
718562034 801234567
718562340 801234567
718562403 801234567
718563042 801234567
718563204 801234567
718563420 801234567
718564023 801234567
718564230 801234567
718564302 801234567
718602345 801234567
718602453 801234567
718602534 801234567
718603254 801234567
718603425 801234567
718603542 801234567
718604235 801234567
718604352 801234567
718604523 801234567
718605243 801234567
718605324 801234567
718605432 801234567
718620354 801234567
718620435 801234567
718620543 801234567
718623045 801234567
718623450 801234567
718623504 801234567
718624053 801234567
718624305 801234567
718624530 801234567
718625034 801234567
718625340 801234567
718625403 801234567
718630245 801234567
718630452 801234567
718630524 801234567
718632054 801234567
718632405 801234567
718632540 801234567
718634025 801234567
718634250 801234567
718634502 801234567
718635042 801234567
718635204 801234567
718635420 801234567
718640253 801234567
718640325 801234567
718640532 801234567
718642035 801234567
718642350 801234567
718642503 801234567
718643052 801234567
718643205 801234567
718643520 801234567
718645023 801234567
718645230 801234567
718645302 801234567
718650234 801234567
718650342 801234567
718650423 801234567
718652043 801234567
718652304 801234567
718652430 801234567
718653024 801234567
718653240 801234567
718653402 801234567
718654032 801234567
718654203 801234567
718654320 801234567
720134568 801234567
720134685 801234567
720134856 801234567
720135486 801234567
720135648 801234567
720135864 801234567
720136458 801234567
720136584 801234567
720136845 801234567
720138465 801234567
720138546 801234567
720138654 801234567
720143586 801234567
720143658 801234567
720143865 801234567
720145368 801234567
720145683 801234567
720145836 801234567
720146385 801234567
720146538 801234567
720146853 801234567
720148356 801234567
720148563 801234567
720148635 801234567
720153468 801234567
720153684 801234567
720153846 801234567
720154386 801234567
720154638 801234567
720154863 801234567
720156348 801234567
720156483 801234567
720156834 801234567
720158364 801234567
720158436 801234567
720158643 801234567
720163485 801234567
720163548 801234567
720163854 801234567
720164358 801234567
720164583 801234567
720164835 801234567
720165384 801234567
720165438 801234567
720165843 801234567
720168345 801234567
720168453 801234567
