826054371 801234567
826054713 801234567
826057143 801234567
826057314 801234567
826057431 801234567
826071354 801234567
826071435 801234567
826071543 801234567
826073145 801234567
826073451 801234567
826073514 801234567
826074153 801234567
826074315 801234567
826074531 801234567
826075134 801234567
826075341 801234567
826075413 801234567
826103457 801234567
826103574 801234567
826103745 801234567
826104375 801234567
826104537 801234567
826104753 801234567
826105347 801234567
826105473 801234567
826105734 801234567
826107354 801234567
826107435 801234567
826107543 801234567
826130475 801234567
826130547 801234567
826130754 801234567
826134057 801234567
826134570 801234567
826134705 801234567
826135074 801234567
826135407 801234567
826135740 801234567
826137045 801234567
826137450 801234567
826137504 801234567
826140357 801234567
826140573 801234567
826140735 801234567
826143075 801234567
826143507 801234567
826143750 801234567
826145037 801234567
826145370 801234567
826145703 801234567
826147053 801234567
826147305 801234567
826147530 801234567
826150374 801234567
826150437 801234567
826150743 801234567
826153047 801234567
826153470 801234567
826153704 801234567
826154073 801234567
826154307 801234567
826154730 801234567
826157034 801234567
826157340 801234567
826157403 801234567
826170345 801234567
826170453 801234567
826170534 801234567
826173054 801234567
826173405 801234567
826173540 801234567
826174035 801234567
826174350 801234567
826174503 801234567
826175043 801234567
826175304 801234567
826175430 801234567
826301475 801234567
826301547 801234567
826301754 801234567
826304157 801234567
826304571 801234567
826304715 801234567
826305174 801234567
826305417 801234567
826305741 801234567
826307145 801234567
826307451 801234567
826307514 801234567
826310457 801234567
826310574 801234567
826310745 801234567
826314075 801234567
826314507 801234567
826314750 801234567
826315047 801234567
826315470 801234567
826315704 801234567
826317054 801234567
826317405 801234567
826317540 801234567
826340175 801234567
826340517 801234567
826340751 801234567
826341057 801234567
826341570 801234567
826341705 801234567
826345071 801234567
826345107 801234567
826345710 801234567
826347015 801234567
826347150 801234567
826347501 801234567
826350147 801234567
826350471 801234567
826350714 801234567
826351074 801234567
826351407 801234567
826351740 801234567
826354017 801234567
826354170 801234567
826354701 801234567
826357041 801234567
826357104 801234567
826357410 801234567
826370154 801234567
826370415 801234567
826370541 801234567
826371045 801234567
826371450 801234567
826371504 801234567
826374051 801234567
826374105 801234567
826374510 801234567
826375014 801234567
826375140 801234567
826375401 801234567
826401357 801234567
826401573 801234567
826401735 801234567
826403175 801234567
826403517 801234567
826403751 801234567
826405137 801234567
826405371 801234567
826405713 801234567
826407153 801234567
826407315 801234567
826407531 801234567
826410375 801234567
826410537 801234567
826410753 801234567
826413057 801234567
826413570 801234567
826413705 801234567
826415073 801234567
826415307 801234567
826415730 801234567
826417035 801234567
826417350 801234567
826417503 801234567
826430157 801234567
826430571 801234567
826430715 801234567
826431075 801234567
826431507 801234567
826431750 801234567
826435017 801234567
826435170 801234567
826435701 801234567
826437051 801234567
826437105 801234567
826437510 801234567
826450173 801234567
826450317 801234567
826450731 801234567
826451037 801234567
826451370 801234567
826451703 801234567
826453071 801234567
826453107 801234567
826453710 801234567
826457013 801234567
826457130 801234567
826457301 801234567
826470135 801234567
826470351 801234567
826470513 801234567
826471053 801234567
826471305 801234567
826471530 801234567
826473015 801234567
826473150 801234567
826473501 801234567
826475031 801234567
826475103 801234567
826475310 801234567
826501374 801234567
826501437 801234567
826501743 801234567
826503147 801234567
826503471 801234567
826503714 801234567
826504173 801234567
826504317 801234567
826504731 801234567
826507134 801234567
826507341 801234567
826507413 801234567
826510347 801234567
826510473 801234567
826510734 801234567
826513074 801234567
826513407 801234567
826513740 801234567
826514037 801234567
826514370 801234567
826514703 801234567
826517043 801234567
826517304 801234567
826517430 801234567
826530174 801234567
826530417 801234567
826530741 801234567
826531047 801234567
826531470 801234567
826531704 801234567
826534071 801234567
826534107 801234567
826534710 801234567
826537014 801234567
826537140 801234567
826537401 801234567
826540137 801234567
826540371 801234567
826540713 801234567
826541073 801234567
826541307 801234567
826541730 801234567
826543017 801234567
826543170 801234567
826543701 801234567
826547031 801234567
826547103 801234567
826547310 801234567
826570143 801234567
826570314 801234567
826570431 801234567
826571034 801234567
826571340 801234567
826571403 801234567
826573041 801234567
826573104 801234567
826573410 801234567
826574013 801234567
826574130 801234567
826574301 801234567
826701345 801234567
826701453 801234567
826701534 801234567
826703154 801234567
826703415 801234567
826703541 801234567
826704135 801234567
826704351 801234567
826704513 801234567
826705143 801234567
826705314 801234567
826705431 801234567
826710354 801234567
826710435 801234567
826710543 801234567
826713045 801234567
826713450 801234567
826713504 801234567
826714053 801234567
826714305 801234567
826714530 801234567
826715034 801234567
826715340 801234567
826715403 801234567
826730145 801234567
826730451 801234567
826730514 801234567
826731054 801234567
826731405 801234567
826731540 801234567
826734015 801234567
826734150 801234567
826734501 801234567
826735041 801234567
826735104 801234567
826735410 801234567
826740153 801234567
826740315 801234567
826740531 801234567
826741035 801234567
826741350 801234567
826741503 801234567
826743051 801234567
826743105 801234567
826743510 801234567
826745013 801234567
826745130 801234567
826745301 801234567
826750134 801234567
826750341 801234567
826750413 801234567
826751043 801234567
826751304 801234567
826751430 801234567
826753014 801234567
826753140 801234567
826753401 801234567
826754031 801234567
826754103 801234567
826754310 801234567
827013456 801234567
827013564 801234567
827013645 801234567
827014365 801234567
827014536 801234567
827014653 801234567
827015346 801234567
827015463 801234567
827015634 801234567
827016354 801234567
827016435 801234567
827016543 801234567
827031465 801234567
827031546 801234567
827031654 801234567
827034156 801234567
827034561 801234567
827034615 801234567
827035164 801234567
827035416 801234567
827035641 801234567
827036145 801234567
827036451 801234567
827036514 801234567
827041356 801234567
827041563 801234567
827041635 801234567
827043165 801234567
827043516 801234567
827043651 801234567
827045136 801234567
827045361 801234567
827045613 801234567
827046153 801234567
827046315 801234567
827046531 801234567
827051364 801234567
827051436 801234567
827051643 801234567
827053146 801234567
827053461 801234567
827053614 801234567
827054163 801234567
827054316 801234567
827054631 801234567
827056134 801234567
827056341 801234567
827056413 801234567
827061345 801234567
827061453 801234567
827061534 801234567
827063154 801234567
827063415 801234567
827063541 801234567
827064135 801234567
827064351 801234567
827064513 801234567
827065143 801234567
827065314 801234567
827065431 801234567
827103465 801234567
827103546 801234567
827103654 801234567
827104356 801234567
827104563 801234567
827104635 801234567
827105364 801234567
827105436 801234567
827105643 801234567
827106345 801234567
827106453 801234567
827106534 801234567
827130456 801234567
827130564 801234567
827130645 801234567
827134065 801234567
827134506 801234567
827134650 801234567
827135046 801234567
827135460 801234567
827135604 801234567
827136054 801234567
827136405 801234567
827136540 801234567
827140365 801234567
827140536 801234567
827140653 801234567
827143056 801234567
827143560 801234567
827143605 801234567
827145063 801234567
827145306 801234567
827145630 801234567
827146035 801234567
827146350 801234567
827146503 801234567
827150346 801234567
827150463 801234567
827150634 801234567
827153064 801234567
827153406 801234567
827153640 801234567
827154036 801234567
827154360 801234567
827154603 801234567
827156043 801234567
827156304 801234567
827156430 801234567
827160354 801234567
827160435 801234567
827160543 801234567
827163045 801234567
827163450 801234567
827163504 801234567
827164053 801234567
827164305 801234567
827164530 801234567
827165034 801234567
827165340 801234567
827165403 801234567
827301456 801234567
827301564 801234567
827301645 801234567
827304165 801234567
827304516 801234567
827304651 801234567
827305146 801234567
827305461 801234567
827305614 801234567
827306154 801234567
827306415 801234567
827306541 801234567
827310465 801234567
827310546 801234567
827310654 801234567
827314056 801234567
827314560 801234567
827314605 801234567
827315064 801234567
827315406 801234567
827315640 801234567
827316045 801234567
827316450 801234567
827316504 801234567
827340156 801234567
827340561 801234567
827340615 801234567
827341065 801234567
827341506 801234567
827341650 801234567
827345016 801234567
827345160 801234567
827345601 801234567
827346051 801234567
827346105 801234567
827346510 801234567
827350164 801234567
827350416 801234567
827350641 801234567
827351046 801234567
827351460 801234567
827351604 801234567
827354061 801234567
827354106 801234567
827354610 801234567
827356014 801234567
827356140 801234567
827356401 801234567
827360145 801234567
827360451 801234567
827360514 801234567
827361054 801234567
827361405 801234567
827361540 801234567
827364015 801234567
827364150 801234567
827364501 801234567
827365041 801234567
827365104 801234567
827365410 801234567
827401365 801234567
827401536 801234567
