234851067 801234567
234851670 801234567
234851706 801234567
234856071 801234567
234856107 801234567
234856710 801234567
234857016 801234567
234857160 801234567
234857601 801234567
234860157 801234567
234860571 801234567
234860715 801234567
234861075 801234567
234861507 801234567
234861750 801234567
234865017 801234567
234865170 801234567
234865701 801234567
234867051 801234567
234867105 801234567
234867510 801234567
234870165 801234567
234870516 801234567
234870651 801234567
234871056 801234567
234871560 801234567
234871605 801234567
234875061 801234567
234875106 801234567
234875610 801234567
234876015 801234567
234876150 801234567
234876501 801234567
235014687 801234567
235014768 801234567
235014876 801234567
235016478 801234567
235016784 801234567
235016847 801234567
235017486 801234567
235017648 801234567
235017864 801234567
235018467 801234567
235018674 801234567
235018746 801234567
235041678 801234567
235041786 801234567
235041867 801234567
235046187 801234567
235046718 801234567
235046871 801234567
235047168 801234567
235047681 801234567
235047816 801234567
235048176 801234567
235048617 801234567
235048761 801234567
235061487 801234567
235061748 801234567
235061874 801234567
235064178 801234567
235064781 801234567
235064817 801234567
235067184 801234567
235067418 801234567
235067841 801234567
235068147 801234567
235068471 801234567
235068714 801234567
235071468 801234567
235071684 801234567
235071846 801234567
235074186 801234567
235074618 801234567
235074861 801234567
235076148 801234567
235076481 801234567
235076814 801234567
235078164 801234567
235078416 801234567
235078641 801234567
235081476 801234567
235081647 801234567
235081764 801234567
235084167 801234567
235084671 801234567
235084716 801234567
235086174 801234567
235086417 801234567
235086741 801234567
235087146 801234567
235087461 801234567
235087614 801234567
235104678 801234567
235104786 801234567
235104867 801234567
235106487 801234567
235106748 801234567
235106874 801234567
235107468 801234567
235107684 801234567
235107846 801234567
235108476 801234567
235108647 801234567
235108764 801234567
235140687 801234567
235140768 801234567
235140876 801234567
235146078 801234567
235146780 801234567
235146807 801234567
235147086 801234567
235147608 801234567
235147860 801234567
235148067 801234567
235148670 801234567
235148706 801234567
235160478 801234567
235160784 801234567
235160847 801234567
235164087 801234567
235164708 801234567
235164870 801234567
235167048 801234567
235167480 801234567
235167804 801234567
235168074 801234567
235168407 801234567
235168740 801234567
235170486 801234567
235170648 801234567
235170864 801234567
235174068 801234567
235174680 801234567
235174806 801234567
235176084 801234567
235176408 801234567
235176840 801234567
235178046 801234567
235178460 801234567
235178604 801234567
235180467 801234567
235180674 801234567
235180746 801234567
235184076 801234567
235184607 801234567
235184760 801234567
235186047 801234567
235186470 801234567
235186704 801234567
235187064 801234567
235187406 801234567
235187640 801234567
235401687 801234567
235401768 801234567
235401876 801234567
235406178 801234567
235406781 801234567
235406817 801234567
235407186 801234567
235407618 801234567
235407861 801234567
235408167 801234567
235408671 801234567
235408716 801234567
235410678 801234567
235410786 801234567
235410867 801234567
235416087 801234567
235416708 801234567
235416870 801234567
235417068 801234567
235417680 801234567
235417806 801234567
235418076 801234567
235418607 801234567
235418760 801234567
235460187 801234567
235460718 801234567
235460871 801234567
235461078 801234567
235461780 801234567
235461807 801234567
235467081 801234567
235467108 801234567
235467810 801234567
235468017 801234567
235468170 801234567
235468701 801234567
235470168 801234567
235470681 801234567
235470816 801234567
235471086 801234567
235471608 801234567
235471860 801234567
235476018 801234567
235476180 801234567
235476801 801234567
235478061 801234567
235478106 801234567
235478610 801234567
235480176 801234567
235480617 801234567
235480761 801234567
235481067 801234567
235481670 801234567
235481706 801234567
235486071 801234567
235486107 801234567
235486710 801234567
235487016 801234567
235487160 801234567
235487601 801234567
235601478 801234567
235601784 801234567
235601847 801234567
235604187 801234567
235604718 801234567
235604871 801234567
235607148 801234567
235607481 801234567
235607814 801234567
235608174 801234567
235608417 801234567
235608741 801234567
235610487 801234567
235610748 801234567
235610874 801234567
235614078 801234567
235614780 801234567
235614807 801234567
235617084 801234567
235617408 801234567
235617840 801234567
235618047 801234567
235618470 801234567
235618704 801234567
235640178 801234567
235640781 801234567
235640817 801234567
235641087 801234567
235641708 801234567
235641870 801234567
235647018 801234567
235647180 801234567
235647801 801234567
235648071 801234567
235648107 801234567
235648710 801234567
235670184 801234567
235670418 801234567
235670841 801234567
235671048 801234567
235671480 801234567
235671804 801234567
235674081 801234567
235674108 801234567
235674810 801234567
235678014 801234567
235678140 801234567
235678401 801234567
235680147 801234567
235680471 801234567
235680714 801234567
235681074 801234567
235681407 801234567
235681740 801234567
235684017 801234567
235684170 801234567
235684701 801234567
235687041 801234567
235687104 801234567
235687410 801234567
235701486 801234567
235701648 801234567
235701864 801234567
235704168 801234567
235704681 801234567
235704816 801234567
235706184 801234567
235706418 801234567
235706841 801234567
235708146 801234567
235708461 801234567
235708614 801234567
235710468 801234567
235710684 801234567
235710846 801234567
235714086 801234567
235714608 801234567
235714860 801234567
235716048 801234567
235716480 801234567
235716804 801234567
235718064 801234567
235718406 801234567
235718640 801234567
235740186 801234567
235740618 801234567
235740861 801234567
235741068 801234567
235741680 801234567
235741806 801234567
235746081 801234567
235746108 801234567
235746810 801234567
235748016 801234567
235748160 801234567
235748601 801234567
235760148 801234567
235760481 801234567
235760814 801234567
235761084 801234567
235761408 801234567
235761840 801234567
235764018 801234567
235764180 801234567
235764801 801234567
235768041 801234567
235768104 801234567
235768410 801234567
235780164 801234567
235780416 801234567
235780641 801234567
235781046 801234567
235781460 801234567
235781604 801234567
235784061 801234567
235784106 801234567
235784610 801234567
235786014 801234567
235786140 801234567
235786401 801234567
235801467 801234567
235801674 801234567
235801746 801234567
235804176 801234567
235804617 801234567
235804761 801234567
235806147 801234567
235806471 801234567
235806714 801234567
235807164 801234567
235807416 801234567
235807641 801234567
235810476 801234567
235810647 801234567
235810764 801234567
235814067 801234567
235814670 801234567
235814706 801234567
235816074 801234567
235816407 801234567
235816740 801234567
235817046 801234567
235817460 801234567
235817604 801234567
235840167 801234567
235840671 801234567
235840716 801234567
235841076 801234567
235841607 801234567
235841760 801234567
235846017 801234567
235846170 801234567
235846701 801234567
235847061 801234567
235847106 801234567
235847610 801234567
235860174 801234567
235860417 801234567
235860741 801234567
235861047 801234567
235861470 801234567
235861704 801234567
235864071 801234567
235864107 801234567
235864710 801234567
235867014 801234567
235867140 801234567
235867401 801234567
235870146 801234567
235870461 801234567
235870614 801234567
235871064 801234567
235871406 801234567
235871640 801234567
235874016 801234567
235874160 801234567
235874601 801234567
235876041 801234567
235876104 801234567
235876410 801234567
236014578 801234567
236014785 801234567
236014857 801234567
236015487 801234567
236015748 801234567
236015874 801234567
236017458 801234567
236017584 801234567
236017845 801234567
236018475 801234567
236018547 801234567
236018754 801234567
236041587 801234567
236041758 801234567
236041875 801234567
236045178 801234567
236045781 801234567
236045817 801234567
236047185 801234567
236047518 801234567
236047851 801234567
236048157 801234567
236048571 801234567
236048715 801234567
236051478 801234567
236051784 801234567
236051847 801234567
236054187 801234567
236054718 801234567
236054871 801234567
236057148 801234567
236057481 801234567
236057814 801234567
236058174 801234567
236058417 801234567
236058741 801234567
236071485 801234567
236071548 801234567
236071854 801234567
236074158 801234567
236074581 801234567
236074815 801234567
236075184 801234567
236075418 801234567
236075841 801234567
236078145 801234567
236078451 801234567
236078514 801234567
236081457 801234567
236081574 801234567
236081745 801234567
236084175 801234567
236084517 801234567
236084751 801234567
236085147 801234567
236085471 801234567
236085714 801234567
236087154 801234567
236087415 801234567
236087541 801234567
236104587 801234567
236104758 801234567
236104875 801234567
236105478 801234567
236105784 801234567
236105847 801234567
236107485 801234567
236107548 801234567
236107854 801234567
236108457 801234567
236108574 801234567
236108745 801234567
236140578 801234567
236140785 801234567
236140857 801234567
236145087 801234567
236145708 801234567
236145870 801234567
236147058 801234567
236147580 801234567
236147805 801234567
236148075 801234567
236148507 801234567
236148750 801234567
236150487 801234567
236150748 801234567
236150874 801234567
236154078 801234567
236154780 801234567
236154807 801234567
236157084 801234567
236157408 801234567
236157840 801234567
236158047 801234567
236158470 801234567
236158704 801234567
236170458 801234567
236170584 801234567
236170845 801234567
236174085 801234567
236174508 801234567
236174850 801234567
236175048 801234567
236175480 801234567
236175804 801234567
236178054 801234567
