653147082 801234567
653147208 801234567
653147820 801234567
653148027 801234567
653148270 801234567
653148702 801234567
653170248 801234567
653170482 801234567
653170824 801234567
653172084 801234567
653172408 801234567
653172840 801234567
653174028 801234567
653174280 801234567
653174802 801234567
653178042 801234567
653178204 801234567
653178420 801234567
653180274 801234567
653180427 801234567
653180742 801234567
653182047 801234567
653182470 801234567
653182704 801234567
653184072 801234567
653184207 801234567
653184720 801234567
653187024 801234567
653187240 801234567
653187402 801234567
653201478 801234567
653201784 801234567
653201847 801234567
653204187 801234567
653204718 801234567
653204871 801234567
653207148 801234567
653207481 801234567
653207814 801234567
653208174 801234567
653208417 801234567
653208741 801234567
653210487 801234567
653210748 801234567
653210874 801234567
653214078 801234567
653214780 801234567
653214807 801234567
653217084 801234567
653217408 801234567
653217840 801234567
653218047 801234567
653218470 801234567
653218704 801234567
653240178 801234567
653240781 801234567
653240817 801234567
653241087 801234567
653241708 801234567
653241870 801234567
653247018 801234567
653247180 801234567
653247801 801234567
653248071 801234567
653248107 801234567
653248710 801234567
653270184 801234567
653270418 801234567
653270841 801234567
653271048 801234567
653271480 801234567
653271804 801234567
653274081 801234567
653274108 801234567
653274810 801234567
653278014 801234567
653278140 801234567
653278401 801234567
653280147 801234567
653280471 801234567
653280714 801234567
653281074 801234567
653281407 801234567
653281740 801234567
653284017 801234567
653284170 801234567
653284701 801234567
653287041 801234567
653287104 801234567
653287410 801234567
653401287 801234567
653401728 801234567
653401872 801234567
653402178 801234567
653402781 801234567
653402817 801234567
653407182 801234567
653407218 801234567
653407821 801234567
653408127 801234567
653408271 801234567
653408712 801234567
653410278 801234567
653410782 801234567
653410827 801234567
653412087 801234567
653412708 801234567
653412870 801234567
653417028 801234567
653417280 801234567
653417802 801234567
653418072 801234567
653418207 801234567
653418720 801234567
653420187 801234567
653420718 801234567
653420871 801234567
653421078 801234567
653421780 801234567
653421807 801234567
653427081 801234567
653427108 801234567
653427810 801234567
653428017 801234567
653428170 801234567
653428701 801234567
653470128 801234567
653470281 801234567
653470812 801234567
653471082 801234567
653471208 801234567
653471820 801234567
653472018 801234567
653472180 801234567
653472801 801234567
653478021 801234567
653478102 801234567
653478210 801234567
653480172 801234567
653480217 801234567
653480721 801234567
653481027 801234567
653481270 801234567
653481702 801234567
653482071 801234567
653482107 801234567
653482710 801234567
653487012 801234567
653487120 801234567
653487201 801234567
653701248 801234567
653701482 801234567
653701824 801234567
653702184 801234567
653702418 801234567
653702841 801234567
653704128 801234567
653704281 801234567
653704812 801234567
653708142 801234567
653708214 801234567
653708421 801234567
653710284 801234567
653710428 801234567
653710842 801234567
653712048 801234567
653712480 801234567
653712804 801234567
653714082 801234567
653714208 801234567
653714820 801234567
653718024 801234567
653718240 801234567
653718402 801234567
653720148 801234567
653720481 801234567
653720814 801234567
653721084 801234567
653721408 801234567
653721840 801234567
653724018 801234567
653724180 801234567
653724801 801234567
653728041 801234567
653728104 801234567
653728410 801234567
653740182 801234567
653740218 801234567
653740821 801234567
653741028 801234567
653741280 801234567
653741802 801234567
653742081 801234567
653742108 801234567
653742810 801234567
653748012 801234567
653748120 801234567
653748201 801234567
653780124 801234567
653780241 801234567
653780412 801234567
653781042 801234567
653781204 801234567
653781420 801234567
653782014 801234567
653782140 801234567
653782401 801234567
653784021 801234567
653784102 801234567
653784210 801234567
653801274 801234567
653801427 801234567
653801742 801234567
653802147 801234567
653802471 801234567
653802714 801234567
653804172 801234567
653804217 801234567
653804721 801234567
653807124 801234567
653807241 801234567
653807412 801234567
653810247 801234567
653810472 801234567
653810724 801234567
653812074 801234567
653812407 801234567
653812740 801234567
653814027 801234567
653814270 801234567
653814702 801234567
653817042 801234567
653817204 801234567
653817420 801234567
653820174 801234567
653820417 801234567
653820741 801234567
653821047 801234567
653821470 801234567
653821704 801234567
653824071 801234567
653824107 801234567
653824710 801234567
653827014 801234567
653827140 801234567
653827401 801234567
653840127 801234567
653840271 801234567
653840712 801234567
653841072 801234567
653841207 801234567
653841720 801234567
653842017 801234567
653842170 801234567
653842701 801234567
653847021 801234567
653847102 801234567
653847210 801234567
653870142 801234567
653870214 801234567
653870421 801234567
653871024 801234567
653871240 801234567
653871402 801234567
653872041 801234567
653872104 801234567
653872410 801234567
653874012 801234567
653874120 801234567
653874201 801234567
654012387 801234567
654012738 801234567
654012873 801234567
654013278 801234567
654013782 801234567
654013827 801234567
654017283 801234567
654017328 801234567
654017832 801234567
654018237 801234567
654018372 801234567
654018723 801234567
654021378 801234567
654021783 801234567
654021837 801234567
654023187 801234567
654023718 801234567
654023871 801234567
654027138 801234567
654027381 801234567
654027813 801234567
654028173 801234567
654028317 801234567
654028731 801234567
654031287 801234567
654031728 801234567
654031872 801234567
654032178 801234567
654032781 801234567
654032817 801234567
654037182 801234567
654037218 801234567
654037821 801234567
654038127 801234567
654038271 801234567
654038712 801234567
654071238 801234567
654071382 801234567
654071823 801234567
654072183 801234567
654072318 801234567
654072831 801234567
654073128 801234567
654073281 801234567
654073812 801234567
654078132 801234567
654078213 801234567
654078321 801234567
654081273 801234567
654081327 801234567
654081732 801234567
654082137 801234567
654082371 801234567
654082713 801234567
654083172 801234567
654083217 801234567
654083721 801234567
654087123 801234567
654087231 801234567
654087312 801234567
654102378 801234567
654102783 801234567
654102837 801234567
654103287 801234567
654103728 801234567
654103872 801234567
654107238 801234567
654107382 801234567
654107823 801234567
654108273 801234567
654108327 801234567
654108732 801234567
654120387 801234567
654120738 801234567
654120873 801234567
654123078 801234567
654123780 801234567
654123807 801234567
654127083 801234567
654127308 801234567
654127830 801234567
654128037 801234567
654128370 801234567
654128703 801234567
654130278 801234567
654130782 801234567
654130827 801234567
654132087 801234567
654132708 801234567
654132870 801234567
654137028 801234567
654137280 801234567
654137802 801234567
654138072 801234567
654138207 801234567
654138720 801234567
654170283 801234567
654170328 801234567
654170832 801234567
654172038 801234567
654172380 801234567
654172803 801234567
654173082 801234567
654173208 801234567
654173820 801234567
654178023 801234567
654178230 801234567
654178302 801234567
654180237 801234567
654180372 801234567
654180723 801234567
654182073 801234567
654182307 801234567
654182730 801234567
654183027 801234567
654183270 801234567
654183702 801234567
654187032 801234567
654187203 801234567
654187320 801234567
654201387 801234567
654201738 801234567
654201873 801234567
654203178 801234567
654203781 801234567
654203817 801234567
654207183 801234567
654207318 801234567
654207831 801234567
654208137 801234567
654208371 801234567
654208713 801234567
654210378 801234567
654210783 801234567
654210837 801234567
654213087 801234567
654213708 801234567
654213870 801234567
654217038 801234567
654217380 801234567
654217803 801234567
654218073 801234567
654218307 801234567
654218730 801234567
654230187 801234567
654230718 801234567
654230871 801234567
654231078 801234567
654231780 801234567
654231807 801234567
654237081 801234567
654237108 801234567
654237810 801234567
654238017 801234567
654238170 801234567
654238701 801234567
654270138 801234567
654270381 801234567
654270813 801234567
654271083 801234567
654271308 801234567
654271830 801234567
654273018 801234567
654273180 801234567
654273801 801234567
654278031 801234567
654278103 801234567
654278310 801234567
654280173 801234567
654280317 801234567
654280731 801234567
654281037 801234567
654281370 801234567
654281703 801234567
654283071 801234567
654283107 801234567
654283710 801234567
654287013 801234567
654287130 801234567
654287301 801234567
654301278 801234567
654301782 801234567
654301827 801234567
654302187 801234567
654302718 801234567
654302871 801234567
654307128 801234567
654307281 801234567
654307812 801234567
654308172 801234567
654308217 801234567
654308721 801234567
654310287 801234567
654310728 801234567
654310872 801234567
654312078 801234567
654312780 801234567
654312807 801234567
654317082 801234567
654317208 801234567
654317820 801234567
654318027 801234567
654318270 801234567
654318702 801234567
654320178 801234567
654320781 801234567
654320817 801234567
654321087 801234567
654321708 801234567
654321870 801234567
654327018 801234567
654327180 801234567
654327801 801234567
654328071 801234567
654328107 801234567
654328710 801234567
654370182 801234567
654370218 801234567
654370821 801234567
654371028 801234567
654371280 801234567
654371802 801234567
654372081 801234567
654372108 801234567
654372810 801234567
654378012 801234567
654378120 801234567
654378201 801234567
654380127 801234567
