257413068 801234567
257413680 801234567
257413806 801234567
257416083 801234567
257416308 801234567
257416830 801234567
257418036 801234567
257418360 801234567
257418603 801234567
257430168 801234567
257430681 801234567
257430816 801234567
257431086 801234567
257431608 801234567
257431860 801234567
257436018 801234567
257436180 801234567
257436801 801234567
257438061 801234567
257438106 801234567
257438610 801234567
257460183 801234567
257460318 801234567
257460831 801234567
257461038 801234567
257461380 801234567
257461803 801234567
257463081 801234567
257463108 801234567
257463810 801234567
257468013 801234567
257468130 801234567
257468301 801234567
257480136 801234567
257480361 801234567
257480613 801234567
257481063 801234567
257481306 801234567
257481630 801234567
257483016 801234567
257483160 801234567
257483601 801234567
257486031 801234567
257486103 801234567
257486310 801234567
257601384 801234567
257601438 801234567
257601843 801234567
257603148 801234567
257603481 801234567
257603814 801234567
257604183 801234567
257604318 801234567
257604831 801234567
257608134 801234567
257608341 801234567
257608413 801234567
257610348 801234567
257610483 801234567
257610834 801234567
257613084 801234567
257613408 801234567
257613840 801234567
257614038 801234567
257614380 801234567
257614803 801234567
257618043 801234567
257618304 801234567
257618430 801234567
257630184 801234567
257630418 801234567
257630841 801234567
257631048 801234567
257631480 801234567
257631804 801234567
257634081 801234567
257634108 801234567
257634810 801234567
257638014 801234567
257638140 801234567
257638401 801234567
257640138 801234567
257640381 801234567
257640813 801234567
257641083 801234567
257641308 801234567
257641830 801234567
257643018 801234567
257643180 801234567
257643801 801234567
257648031 801234567
257648103 801234567
257648310 801234567
257680143 801234567
257680314 801234567
257680431 801234567
257681034 801234567
257681340 801234567
257681403 801234567
257683041 801234567
257683104 801234567
257683410 801234567
257684013 801234567
257684130 801234567
257684301 801234567
257801346 801234567
257801463 801234567
257801634 801234567
257803164 801234567
257803416 801234567
257803641 801234567
257804136 801234567
257804361 801234567
257804613 801234567
257806143 801234567
257806314 801234567
257806431 801234567
257810364 801234567
257810436 801234567
257810643 801234567
257813046 801234567
257813460 801234567
257813604 801234567
257814063 801234567
257814306 801234567
257814630 801234567
257816034 801234567
257816340 801234567
257816403 801234567
257830146 801234567
257830461 801234567
257830614 801234567
257831064 801234567
257831406 801234567
257831640 801234567
257834016 801234567
257834160 801234567
257834601 801234567
257836041 801234567
257836104 801234567
257836410 801234567
257840163 801234567
257840316 801234567
257840631 801234567
257841036 801234567
257841360 801234567
257841603 801234567
257843061 801234567
257843106 801234567
257843610 801234567
257846013 801234567
257846130 801234567
257846301 801234567
257860134 801234567
257860341 801234567
257860413 801234567
257861043 801234567
257861304 801234567
257861430 801234567
257863014 801234567
257863140 801234567
257863401 801234567
257864031 801234567
257864103 801234567
257864310 801234567
258013467 801234567
258013674 801234567
258013746 801234567
258014376 801234567
258014637 801234567
258014763 801234567
258016347 801234567
258016473 801234567
258016734 801234567
258017364 801234567
258017436 801234567
258017643 801234567
258031476 801234567
258031647 801234567
258031764 801234567
258034167 801234567
258034671 801234567
258034716 801234567
258036174 801234567
258036417 801234567
258036741 801234567
258037146 801234567
258037461 801234567
258037614 801234567
258041367 801234567
258041673 801234567
258041736 801234567
258043176 801234567
258043617 801234567
258043761 801234567
258046137 801234567
258046371 801234567
258046713 801234567
258047163 801234567
258047316 801234567
258047631 801234567
258061374 801234567
258061437 801234567
258061743 801234567
258063147 801234567
258063471 801234567
258063714 801234567
258064173 801234567
258064317 801234567
258064731 801234567
258067134 801234567
258067341 801234567
258067413 801234567
258071346 801234567
258071463 801234567
258071634 801234567
258073164 801234567
258073416 801234567
258073641 801234567
258074136 801234567
258074361 801234567
258074613 801234567
258076143 801234567
258076314 801234567
258076431 801234567
258103476 801234567
258103647 801234567
258103764 801234567
258104367 801234567
258104673 801234567
258104736 801234567
258106374 801234567
258106437 801234567
258106743 801234567
258107346 801234567
258107463 801234567
258107634 801234567
258130467 801234567
258130674 801234567
258130746 801234567
258134076 801234567
258134607 801234567
258134760 801234567
258136047 801234567
258136470 801234567
258136704 801234567
258137064 801234567
258137406 801234567
258137640 801234567
258140376 801234567
258140637 801234567
258140763 801234567
258143067 801234567
258143670 801234567
258143706 801234567
258146073 801234567
258146307 801234567
258146730 801234567
258147036 801234567
258147360 801234567
258147603 801234567
258160347 801234567
258160473 801234567
258160734 801234567
258163074 801234567
258163407 801234567
258163740 801234567
258164037 801234567
258164370 801234567
258164703 801234567
258167043 801234567
258167304 801234567
258167430 801234567
258170364 801234567
258170436 801234567
258170643 801234567
258173046 801234567
258173460 801234567
258173604 801234567
258174063 801234567
258174306 801234567
258174630 801234567
258176034 801234567
258176340 801234567
258176403 801234567
258301467 801234567
258301674 801234567
258301746 801234567
258304176 801234567
258304617 801234567
258304761 801234567
258306147 801234567
258306471 801234567
258306714 801234567
258307164 801234567
258307416 801234567
258307641 801234567
258310476 801234567
258310647 801234567
258310764 801234567
258314067 801234567
258314670 801234567
258314706 801234567
258316074 801234567
258316407 801234567
258316740 801234567
258317046 801234567
258317460 801234567
258317604 801234567
258340167 801234567
258340671 801234567
258340716 801234567
258341076 801234567
258341607 801234567
258341760 801234567
258346017 801234567
258346170 801234567
258346701 801234567
258347061 801234567
258347106 801234567
258347610 801234567
258360174 801234567
258360417 801234567
258360741 801234567
258361047 801234567
258361470 801234567
258361704 801234567
258364071 801234567
258364107 801234567
258364710 801234567
258367014 801234567
258367140 801234567
258367401 801234567
258370146 801234567
258370461 801234567
258370614 801234567
258371064 801234567
258371406 801234567
258371640 801234567
258374016 801234567
258374160 801234567
258374601 801234567
258376041 801234567
258376104 801234567
258376410 801234567
258401376 801234567
258401637 801234567
258401763 801234567
258403167 801234567
258403671 801234567
258403716 801234567
258406173 801234567
258406317 801234567
258406731 801234567
258407136 801234567
258407361 801234567
258407613 801234567
258410367 801234567
258410673 801234567
258410736 801234567
258413076 801234567
258413607 801234567
258413760 801234567
258416037 801234567
258416370 801234567
258416703 801234567
258417063 801234567
258417306 801234567
258417630 801234567
258430176 801234567
258430617 801234567
258430761 801234567
258431067 801234567
258431670 801234567
258431706 801234567
258436071 801234567
258436107 801234567
258436710 801234567
258437016 801234567
258437160 801234567
258437601 801234567
258460137 801234567
258460371 801234567
258460713 801234567
258461073 801234567
258461307 801234567
258461730 801234567
258463017 801234567
258463170 801234567
258463701 801234567
258467031 801234567
258467103 801234567
258467310 801234567
258470163 801234567
258470316 801234567
258470631 801234567
258471036 801234567
258471360 801234567
258471603 801234567
258473061 801234567
258473106 801234567
258473610 801234567
258476013 801234567
258476130 801234567
258476301 801234567
258601347 801234567
258601473 801234567
258601734 801234567
258603174 801234567
258603417 801234567
258603741 801234567
258604137 801234567
258604371 801234567
258604713 801234567
258607143 801234567
258607314 801234567
258607431 801234567
258610374 801234567
258610437 801234567
258610743 801234567
258613047 801234567
258613470 801234567
258613704 801234567
258614073 801234567
258614307 801234567
258614730 801234567
258617034 801234567
258617340 801234567
258617403 801234567
258630147 801234567
258630471 801234567
258630714 801234567
258631074 801234567
258631407 801234567
258631740 801234567
258634017 801234567
258634170 801234567
258634701 801234567
258637041 801234567
258637104 801234567
258637410 801234567
258640173 801234567
258640317 801234567
258640731 801234567
258641037 801234567
258641370 801234567
258641703 801234567
258643071 801234567
258643107 801234567
258643710 801234567
258647013 801234567
258647130 801234567
258647301 801234567
258670134 801234567
258670341 801234567
258670413 801234567
258671043 801234567
258671304 801234567
258671430 801234567
258673014 801234567
258673140 801234567
258673401 801234567
258674031 801234567
258674103 801234567
258674310 801234567
258701364 801234567
258701436 801234567
258701643 801234567
258703146 801234567
258703461 801234567
258703614 801234567
258704163 801234567
258704316 801234567
258704631 801234567
258706134 801234567
258706341 801234567
258706413 801234567
258710346 801234567
258710463 801234567
258710634 801234567
258713064 801234567
258713406 801234567
258713640 801234567
258714036 801234567
258714360 801234567
258714603 801234567
258716043 801234567
258716304 801234567
258716430 801234567
258730164 801234567
258730416 801234567
258730641 801234567
258731046 801234567
258731460 801234567
258731604 801234567
258734061 801234567
258734106 801234567
258734610 801234567
258736014 801234567
