143026578 801234567
143026785 801234567
143026857 801234567
143027586 801234567
143027658 801234567
143027865 801234567
143028567 801234567
143028675 801234567
143028756 801234567
143052678 801234567
143052786 801234567
143052867 801234567
143056287 801234567
143056728 801234567
143056872 801234567
143057268 801234567
143057682 801234567
143057826 801234567
143058276 801234567
143058627 801234567
143058762 801234567
143062587 801234567
143062758 801234567
143062875 801234567
143065278 801234567
143065782 801234567
143065827 801234567
143067285 801234567
143067528 801234567
143067852 801234567
143068257 801234567
143068572 801234567
143068725 801234567
143072568 801234567
143072685 801234567
143072856 801234567
143075286 801234567
143075628 801234567
143075862 801234567
143076258 801234567
143076582 801234567
143076825 801234567
143078265 801234567
143078526 801234567
143078652 801234567
143082576 801234567
143082657 801234567
143082765 801234567
143085267 801234567
143085672 801234567
143085726 801234567
143086275 801234567
143086527 801234567
143086752 801234567
143087256 801234567
143087562 801234567
143087625 801234567
143205678 801234567
143205786 801234567
143205867 801234567
143206587 801234567
143206758 801234567
143206875 801234567
143207568 801234567
143207685 801234567
143207856 801234567
143208576 801234567
143208657 801234567
143208765 801234567
143250687 801234567
143250768 801234567
143250876 801234567
143256078 801234567
143256780 801234567
143256807 801234567
143257086 801234567
143257608 801234567
143257860 801234567
143258067 801234567
143258670 801234567
143258706 801234567
143260578 801234567
143260785 801234567
143260857 801234567
143265087 801234567
143265708 801234567
143265870 801234567
143267058 801234567
143267580 801234567
143267805 801234567
143268075 801234567
143268507 801234567
143268750 801234567
143270586 801234567
143270658 801234567
143270865 801234567
143275068 801234567
143275680 801234567
143275806 801234567
143276085 801234567
143276508 801234567
143276850 801234567
143278056 801234567
143278560 801234567
143278605 801234567
143280567 801234567
143280675 801234567
143280756 801234567
143285076 801234567
143285607 801234567
143285760 801234567
143286057 801234567
143286570 801234567
143286705 801234567
143287065 801234567
143287506 801234567
143287650 801234567
143502687 801234567
143502768 801234567
143502876 801234567
143506278 801234567
143506782 801234567
143506827 801234567
143507286 801234567
143507628 801234567
143507862 801234567
143508267 801234567
143508672 801234567
143508726 801234567
143520678 801234567
143520786 801234567
143520867 801234567
143526087 801234567
143526708 801234567
143526870 801234567
143527068 801234567
143527680 801234567
143527806 801234567
143528076 801234567
143528607 801234567
143528760 801234567
143560287 801234567
143560728 801234567
143560872 801234567
143562078 801234567
143562780 801234567
143562807 801234567
143567082 801234567
143567208 801234567
143567820 801234567
143568027 801234567
143568270 801234567
143568702 801234567
143570268 801234567
143570682 801234567
143570826 801234567
143572086 801234567
143572608 801234567
143572860 801234567
143576028 801234567
143576280 801234567
143576802 801234567
143578062 801234567
143578206 801234567
143578620 801234567
143580276 801234567
143580627 801234567
143580762 801234567
143582067 801234567
143582670 801234567
143582706 801234567
143586072 801234567
143586207 801234567
143586720 801234567
143587026 801234567
143587260 801234567
143587602 801234567
143602578 801234567
143602785 801234567
143602857 801234567
143605287 801234567
143605728 801234567
143605872 801234567
143607258 801234567
143607582 801234567
143607825 801234567
143608275 801234567
143608527 801234567
143608752 801234567
143620587 801234567
143620758 801234567
143620875 801234567
143625078 801234567
143625780 801234567
143625807 801234567
143627085 801234567
143627508 801234567
143627850 801234567
143628057 801234567
143628570 801234567
143628705 801234567
143650278 801234567
143650782 801234567
143650827 801234567
143652087 801234567
143652708 801234567
143652870 801234567
143657028 801234567
143657280 801234567
143657802 801234567
143658072 801234567
143658207 801234567
143658720 801234567
143670285 801234567
143670528 801234567
143670852 801234567
143672058 801234567
143672580 801234567
143672805 801234567
143675082 801234567
143675208 801234567
143675820 801234567
143678025 801234567
143678250 801234567
143678502 801234567
143680257 801234567
143680572 801234567
143680725 801234567
143682075 801234567
143682507 801234567
143682750 801234567
143685027 801234567
143685270 801234567
143685702 801234567
143687052 801234567
143687205 801234567
143687520 801234567
143702586 801234567
143702658 801234567
143702865 801234567
143705268 801234567
143705682 801234567
143705826 801234567
143706285 801234567
143706528 801234567
143706852 801234567
143708256 801234567
143708562 801234567
143708625 801234567
143720568 801234567
143720685 801234567
143720856 801234567
143725086 801234567
143725608 801234567
143725860 801234567
143726058 801234567
143726580 801234567
143726805 801234567
143728065 801234567
143728506 801234567
143728650 801234567
143750286 801234567
143750628 801234567
143750862 801234567
143752068 801234567
143752680 801234567
143752806 801234567
143756082 801234567
143756208 801234567
143756820 801234567
143758026 801234567
143758260 801234567
143758602 801234567
143760258 801234567
143760582 801234567
143760825 801234567
143762085 801234567
143762508 801234567
143762850 801234567
143765028 801234567
143765280 801234567
143765802 801234567
143768052 801234567
143768205 801234567
143768520 801234567
143780265 801234567
143780526 801234567
143780652 801234567
143782056 801234567
143782560 801234567
143782605 801234567
143785062 801234567
143785206 801234567
143785620 801234567
143786025 801234567
143786250 801234567
143786502 801234567
143802567 801234567
143802675 801234567
143802756 801234567
143805276 801234567
143805627 801234567
143805762 801234567
143806257 801234567
143806572 801234567
143806725 801234567
143807265 801234567
143807526 801234567
143807652 801234567
143820576 801234567
143820657 801234567
143820765 801234567
143825067 801234567
143825670 801234567
143825706 801234567
143826075 801234567
143826507 801234567
143826750 801234567
143827056 801234567
143827560 801234567
143827605 801234567
143850267 801234567
143850672 801234567
143850726 801234567
143852076 801234567
143852607 801234567
143852760 801234567
143856027 801234567
143856270 801234567
143856702 801234567
143857062 801234567
143857206 801234567
143857620 801234567
143860275 801234567
143860527 801234567
143860752 801234567
143862057 801234567
143862570 801234567
143862705 801234567
143865072 801234567
143865207 801234567
143865720 801234567
143867025 801234567
143867250 801234567
143867502 801234567
143870256 801234567
143870562 801234567
143870625 801234567
143872065 801234567
143872506 801234567
143872650 801234567
143875026 801234567
143875260 801234567
143875602 801234567
143876052 801234567
143876205 801234567
143876520 801234567
145023678 801234567
145023786 801234567
145023867 801234567
145026387 801234567
145026738 801234567
145026873 801234567
145027368 801234567
145027683 801234567
145027836 801234567
145028376 801234567
145028637 801234567
145028763 801234567
145032687 801234567
145032768 801234567
145032876 801234567
145036278 801234567
145036782 801234567
145036827 801234567
145037286 801234567
145037628 801234567
145037862 801234567
145038267 801234567
145038672 801234567
145038726 801234567
145062378 801234567
145062783 801234567
145062837 801234567
145063287 801234567
145063728 801234567
145063872 801234567
145067238 801234567
145067382 801234567
145067823 801234567
145068273 801234567
145068327 801234567
145068732 801234567
145072386 801234567
145072638 801234567
145072863 801234567
145073268 801234567
145073682 801234567
145073826 801234567
145076283 801234567
145076328 801234567
145076832 801234567
145078236 801234567
145078362 801234567
145078623 801234567
145082367 801234567
145082673 801234567
145082736 801234567
145083276 801234567
145083627 801234567
145083762 801234567
145086237 801234567
145086372 801234567
145086723 801234567
145087263 801234567
145087326 801234567
145087632 801234567
145203687 801234567
145203768 801234567
145203876 801234567
145206378 801234567
145206783 801234567
145206837 801234567
145207386 801234567
145207638 801234567
145207863 801234567
145208367 801234567
145208673 801234567
145208736 801234567
145230678 801234567
145230786 801234567
145230867 801234567
145236087 801234567
145236708 801234567
145236870 801234567
145237068 801234567
145237680 801234567
145237806 801234567
145238076 801234567
145238607 801234567
145238760 801234567
145260387 801234567
145260738 801234567
145260873 801234567
145263078 801234567
145263780 801234567
145263807 801234567
145267083 801234567
145267308 801234567
145267830 801234567
145268037 801234567
145268370 801234567
145268703 801234567
145270368 801234567
145270683 801234567
145270836 801234567
145273086 801234567
145273608 801234567
145273860 801234567
145276038 801234567
145276380 801234567
145276803 801234567
145278063 801234567
145278306 801234567
145278630 801234567
145280376 801234567
145280637 801234567
145280763 801234567
145283067 801234567
145283670 801234567
145283706 801234567
145286073 801234567
145286307 801234567
145286730 801234567
145287036 801234567
145287360 801234567
145287603 801234567
145302678 801234567
145302786 801234567
145302867 801234567
145306287 801234567
145306728 801234567
145306872 801234567
145307268 801234567
145307682 801234567
145307826 801234567
145308276 801234567
145308627 801234567
145308762 801234567
145320687 801234567
145320768 801234567
145320876 801234567
145326078 801234567
145326780 801234567
145326807 801234567
145327086 801234567
145327608 801234567
145327860 801234567
145328067 801234567
