164257830 801234567
164258037 801234567
164258370 801234567
164258703 801234567
164270358 801234567
164270583 801234567
164270835 801234567
164273085 801234567
164273508 801234567
164273850 801234567
164275038 801234567
164275380 801234567
164275803 801234567
164278053 801234567
164278305 801234567
164278530 801234567
164280375 801234567
164280537 801234567
164280753 801234567
164283057 801234567
164283570 801234567
164283705 801234567
164285073 801234567
164285307 801234567
164285730 801234567
164287035 801234567
164287350 801234567
164287503 801234567
164302578 801234567
164302785 801234567
164302857 801234567
164305287 801234567
164305728 801234567
164305872 801234567
164307258 801234567
164307582 801234567
164307825 801234567
164308275 801234567
164308527 801234567
164308752 801234567
164320587 801234567
164320758 801234567
164320875 801234567
164325078 801234567
164325780 801234567
164325807 801234567
164327085 801234567
164327508 801234567
164327850 801234567
164328057 801234567
164328570 801234567
164328705 801234567
164350278 801234567
164350782 801234567
164350827 801234567
164352087 801234567
164352708 801234567
164352870 801234567
164357028 801234567
164357280 801234567
164357802 801234567
164358072 801234567
164358207 801234567
164358720 801234567
164370285 801234567
164370528 801234567
164370852 801234567
164372058 801234567
164372580 801234567
164372805 801234567
164375082 801234567
164375208 801234567
164375820 801234567
164378025 801234567
164378250 801234567
164378502 801234567
164380257 801234567
164380572 801234567
164380725 801234567
164382075 801234567
164382507 801234567
164382750 801234567
164385027 801234567
164385270 801234567
164385702 801234567
164387052 801234567
164387205 801234567
164387520 801234567
164502387 801234567
164502738 801234567
164502873 801234567
164503278 801234567
164503782 801234567
164503827 801234567
164507283 801234567
164507328 801234567
164507832 801234567
164508237 801234567
164508372 801234567
164508723 801234567
164520378 801234567
164520783 801234567
164520837 801234567
164523087 801234567
164523708 801234567
164523870 801234567
164527038 801234567
164527380 801234567
164527803 801234567
164528073 801234567
164528307 801234567
164528730 801234567
164530287 801234567
164530728 801234567
164530872 801234567
164532078 801234567
164532780 801234567
164532807 801234567
164537082 801234567
164537208 801234567
164537820 801234567
164538027 801234567
164538270 801234567
164538702 801234567
164570238 801234567
164570382 801234567
164570823 801234567
164572083 801234567
164572308 801234567
164572830 801234567
164573028 801234567
164573280 801234567
164573802 801234567
164578032 801234567
164578203 801234567
164578320 801234567
164580273 801234567
164580327 801234567
164580732 801234567
164582037 801234567
164582370 801234567
164582703 801234567
164583072 801234567
164583207 801234567
164583720 801234567
164587023 801234567
164587230 801234567
164587302 801234567
164702358 801234567
164702583 801234567
164702835 801234567
164703285 801234567
164703528 801234567
164703852 801234567
164705238 801234567
164705382 801234567
164705823 801234567
164708253 801234567
164708325 801234567
164708532 801234567
164720385 801234567
164720538 801234567
164720853 801234567
164723058 801234567
164723580 801234567
164723805 801234567
164725083 801234567
164725308 801234567
164725830 801234567
164728035 801234567
164728350 801234567
164728503 801234567
164730258 801234567
164730582 801234567
164730825 801234567
164732085 801234567
164732508 801234567
164732850 801234567
164735028 801234567
164735280 801234567
164735802 801234567
164738052 801234567
164738205 801234567
164738520 801234567
164750283 801234567
164750328 801234567
164750832 801234567
164752038 801234567
164752380 801234567
164752803 801234567
164753082 801234567
164753208 801234567
164753820 801234567
164758023 801234567
164758230 801234567
164758302 801234567
164780235 801234567
164780352 801234567
164780523 801234567
164782053 801234567
164782305 801234567
164782530 801234567
164783025 801234567
164783250 801234567
164783502 801234567
164785032 801234567
164785203 801234567
164785320 801234567
164802375 801234567
164802537 801234567
164802753 801234567
164803257 801234567
164803572 801234567
164803725 801234567
164805273 801234567
164805327 801234567
164805732 801234567
164807235 801234567
164807352 801234567
164807523 801234567
164820357 801234567
164820573 801234567
164820735 801234567
164823075 801234567
164823507 801234567
164823750 801234567
164825037 801234567
164825370 801234567
164825703 801234567
164827053 801234567
164827305 801234567
164827530 801234567
164830275 801234567
164830527 801234567
164830752 801234567
164832057 801234567
164832570 801234567
164832705 801234567
164835072 801234567
164835207 801234567
164835720 801234567
164837025 801234567
164837250 801234567
164837502 801234567
164850237 801234567
164850372 801234567
164850723 801234567
164852073 801234567
164852307 801234567
164852730 801234567
164853027 801234567
164853270 801234567
164853702 801234567
164857032 801234567
164857203 801234567
164857320 801234567
164870253 801234567
164870325 801234567
164870532 801234567
164872035 801234567
164872350 801234567
164872503 801234567
164873052 801234567
164873205 801234567
164873520 801234567
164875023 801234567
164875230 801234567
164875302 801234567
165023487 801234567
165023748 801234567
165023874 801234567
165024378 801234567
165024783 801234567
165024837 801234567
165027384 801234567
165027438 801234567
165027843 801234567
165028347 801234567
165028473 801234567
165028734 801234567
165032478 801234567
165032784 801234567
165032847 801234567
165034287 801234567
165034728 801234567
165034872 801234567
165037248 801234567
165037482 801234567
165037824 801234567
165038274 801234567
165038427 801234567
165038742 801234567
165042387 801234567
165042738 801234567
165042873 801234567
165043278 801234567
165043782 801234567
165043827 801234567
165047283 801234567
165047328 801234567
165047832 801234567
165048237 801234567
165048372 801234567
165048723 801234567
165072348 801234567
165072483 801234567
165072834 801234567
165073284 801234567
165073428 801234567
165073842 801234567
165074238 801234567
165074382 801234567
165074823 801234567
165078243 801234567
165078324 801234567
165078432 801234567
165082374 801234567
165082437 801234567
165082743 801234567
165083247 801234567
165083472 801234567
165083724 801234567
165084273 801234567
165084327 801234567
165084732 801234567
165087234 801234567
165087342 801234567
165087423 801234567
165203478 801234567
165203784 801234567
165203847 801234567
165204387 801234567
165204738 801234567
165204873 801234567
165207348 801234567
165207483 801234567
165207834 801234567
165208374 801234567
165208437 801234567
165208743 801234567
165230487 801234567
165230748 801234567
165230874 801234567
165234078 801234567
165234780 801234567
165234807 801234567
165237084 801234567
165237408 801234567
165237840 801234567
165238047 801234567
165238470 801234567
165238704 801234567
165240378 801234567
165240783 801234567
165240837 801234567
165243087 801234567
165243708 801234567
165243870 801234567
165247038 801234567
165247380 801234567
165247803 801234567
165248073 801234567
165248307 801234567
165248730 801234567
165270384 801234567
165270438 801234567
165270843 801234567
165273048 801234567
165273480 801234567
165273804 801234567
165274083 801234567
165274308 801234567
165274830 801234567
165278034 801234567
165278340 801234567
165278403 801234567
165280347 801234567
165280473 801234567
165280734 801234567
165283074 801234567
165283407 801234567
165283740 801234567
165284037 801234567
165284370 801234567
165284703 801234567
165287043 801234567
165287304 801234567
165287430 801234567
165302487 801234567
165302748 801234567
165302874 801234567
165304278 801234567
165304782 801234567
165304827 801234567
165307284 801234567
165307428 801234567
165307842 801234567
165308247 801234567
165308472 801234567
165308724 801234567
165320478 801234567
165320784 801234567
165320847 801234567
165324087 801234567
165324708 801234567
165324870 801234567
165327048 801234567
165327480 801234567
165327804 801234567
165328074 801234567
165328407 801234567
165328740 801234567
165340287 801234567
165340728 801234567
165340872 801234567
165342078 801234567
165342780 801234567
165342807 801234567
165347082 801234567
165347208 801234567
165347820 801234567
165348027 801234567
165348270 801234567
165348702 801234567
165370248 801234567
165370482 801234567
165370824 801234567
165372084 801234567
165372408 801234567
165372840 801234567
165374028 801234567
165374280 801234567
165374802 801234567
165378042 801234567
165378204 801234567
165378420 801234567
165380274 801234567
165380427 801234567
165380742 801234567
165382047 801234567
165382470 801234567
165382704 801234567
165384072 801234567
165384207 801234567
165384720 801234567
165387024 801234567
165387240 801234567
165387402 801234567
165402378 801234567
165402783 801234567
165402837 801234567
165403287 801234567
165403728 801234567
165403872 801234567
165407238 801234567
165407382 801234567
165407823 801234567
165408273 801234567
165408327 801234567
165408732 801234567
165420387 801234567
165420738 801234567
165420873 801234567
165423078 801234567
165423780 801234567
165423807 801234567
165427083 801234567
165427308 801234567
165427830 801234567
165428037 801234567
165428370 801234567
165428703 801234567
165430278 801234567
165430782 801234567
165430827 801234567
165432087 801234567
165432708 801234567
165432870 801234567
165437028 801234567
165437280 801234567
165437802 801234567
165438072 801234567
165438207 801234567
165438720 801234567
165470283 801234567
165470328 801234567
165470832 801234567
165472038 801234567
165472380 801234567
165472803 801234567
165473082 801234567
165473208 801234567
165473820 801234567
165478023 801234567
165478230 801234567
165478302 801234567
165480237 801234567
165480372 801234567
165480723 801234567
