342176085 801234567
342176508 801234567
342176850 801234567
342178056 801234567
342178560 801234567
342178605 801234567
342180567 801234567
342180675 801234567
342180756 801234567
342185076 801234567
342185607 801234567
342185760 801234567
342186057 801234567
342186570 801234567
342186705 801234567
342187065 801234567
342187506 801234567
342187650 801234567
342501687 801234567
342501768 801234567
342501876 801234567
342506178 801234567
342506781 801234567
342506817 801234567
342507186 801234567
342507618 801234567
342507861 801234567
342508167 801234567
342508671 801234567
342508716 801234567
342510678 801234567
342510786 801234567
342510867 801234567
342516087 801234567
342516708 801234567
342516870 801234567
342517068 801234567
342517680 801234567
342517806 801234567
342518076 801234567
342518607 801234567
342518760 801234567
342560187 801234567
342560718 801234567
342560871 801234567
342561078 801234567
342561780 801234567
342561807 801234567
342567081 801234567
342567108 801234567
342567810 801234567
342568017 801234567
342568170 801234567
342568701 801234567
342570168 801234567
342570681 801234567
342570816 801234567
342571086 801234567
342571608 801234567
342571860 801234567
342576018 801234567
342576180 801234567
342576801 801234567
342578061 801234567
342578106 801234567
342578610 801234567
342580176 801234567
342580617 801234567
342580761 801234567
342581067 801234567
342581670 801234567
342581706 801234567
342586071 801234567
342586107 801234567
342586710 801234567
342587016 801234567
342587160 801234567
342587601 801234567
342601578 801234567
342601785 801234567
342601857 801234567
342605187 801234567
342605718 801234567
342605871 801234567
342607158 801234567
342607581 801234567
342607815 801234567
342608175 801234567
342608517 801234567
342608751 801234567
342610587 801234567
342610758 801234567
342610875 801234567
342615078 801234567
342615780 801234567
342615807 801234567
342617085 801234567
342617508 801234567
342617850 801234567
342618057 801234567
342618570 801234567
342618705 801234567
342650178 801234567
342650781 801234567
342650817 801234567
342651087 801234567
342651708 801234567
342651870 801234567
342657018 801234567
342657180 801234567
342657801 801234567
342658071 801234567
342658107 801234567
342658710 801234567
342670185 801234567
342670518 801234567
342670851 801234567
342671058 801234567
342671580 801234567
342671805 801234567
342675081 801234567
342675108 801234567
342675810 801234567
342678015 801234567
342678150 801234567
342678501 801234567
342680157 801234567
342680571 801234567
342680715 801234567
342681075 801234567
342681507 801234567
342681750 801234567
342685017 801234567
342685170 801234567
342685701 801234567
342687051 801234567
342687105 801234567
342687510 801234567
342701586 801234567
342701658 801234567
342701865 801234567
342705168 801234567
342705681 801234567
342705816 801234567
342706185 801234567
342706518 801234567
342706851 801234567
342708156 801234567
342708561 801234567
342708615 801234567
342710568 801234567
342710685 801234567
342710856 801234567
342715086 801234567
342715608 801234567
342715860 801234567
342716058 801234567
342716580 801234567
342716805 801234567
342718065 801234567
342718506 801234567
342718650 801234567
342750186 801234567
342750618 801234567
342750861 801234567
342751068 801234567
342751680 801234567
342751806 801234567
342756081 801234567
342756108 801234567
342756810 801234567
342758016 801234567
342758160 801234567
342758601 801234567
342760158 801234567
342760581 801234567
342760815 801234567
342761085 801234567
342761508 801234567
342761850 801234567
342765018 801234567
342765180 801234567
342765801 801234567
342768051 801234567
342768105 801234567
342768510 801234567
342780165 801234567
342780516 801234567
342780651 801234567
342781056 801234567
342781560 801234567
342781605 801234567
342785061 801234567
342785106 801234567
342785610 801234567
342786015 801234567
342786150 801234567
342786501 801234567
342801567 801234567
342801675 801234567
342801756 801234567
342805176 801234567
342805617 801234567
342805761 801234567
342806157 801234567
342806571 801234567
342806715 801234567
342807165 801234567
342807516 801234567
342807651 801234567
342810576 801234567
342810657 801234567
342810765 801234567
342815067 801234567
342815670 801234567
342815706 801234567
342816075 801234567
342816507 801234567
342816750 801234567
342817056 801234567
342817560 801234567
342817605 801234567
342850167 801234567
342850671 801234567
342850716 801234567
342851076 801234567
342851607 801234567
342851760 801234567
342856017 801234567
342856170 801234567
342856701 801234567
342857061 801234567
342857106 801234567
342857610 801234567
342860175 801234567
342860517 801234567
342860751 801234567
342861057 801234567
342861570 801234567
342861705 801234567
342865071 801234567
342865107 801234567
342865710 801234567
342867015 801234567
342867150 801234567
342867501 801234567
342870156 801234567
342870561 801234567
342870615 801234567
342871065 801234567
342871506 801234567
342871650 801234567
342875016 801234567
342875160 801234567
342875601 801234567
342876051 801234567
342876105 801234567
342876510 801234567
345012678 801234567
345012786 801234567
345012867 801234567
345016287 801234567
345016728 801234567
345016872 801234567
345017268 801234567
345017682 801234567
345017826 801234567
345018276 801234567
345018627 801234567
345018762 801234567
345021687 801234567
345021768 801234567
345021876 801234567
345026178 801234567
345026781 801234567
345026817 801234567
345027186 801234567
345027618 801234567
345027861 801234567
345028167 801234567
345028671 801234567
345028716 801234567
345061278 801234567
345061782 801234567
345061827 801234567
345062187 801234567
345062718 801234567
345062871 801234567
345067128 801234567
345067281 801234567
345067812 801234567
345068172 801234567
345068217 801234567
345068721 801234567
345071286 801234567
345071628 801234567
345071862 801234567
345072168 801234567
345072681 801234567
345072816 801234567
345076182 801234567
345076218 801234567
345076821 801234567
345078126 801234567
345078261 801234567
345078612 801234567
345081267 801234567
345081672 801234567
345081726 801234567
345082176 801234567
345082617 801234567
345082761 801234567
345086127 801234567
345086271 801234567
345086712 801234567
345087162 801234567
345087216 801234567
345087621 801234567
345102687 801234567
345102768 801234567
345102876 801234567
345106278 801234567
345106782 801234567
345106827 801234567
345107286 801234567
345107628 801234567
345107862 801234567
345108267 801234567
345108672 801234567
345108726 801234567
345120678 801234567
345120786 801234567
345120867 801234567
345126087 801234567
345126708 801234567
345126870 801234567
345127068 801234567
345127680 801234567
345127806 801234567
345128076 801234567
345128607 801234567
345128760 801234567
345160287 801234567
345160728 801234567
345160872 801234567
345162078 801234567
345162780 801234567
345162807 801234567
345167082 801234567
345167208 801234567
345167820 801234567
345168027 801234567
345168270 801234567
345168702 801234567
345170268 801234567
345170682 801234567
345170826 801234567
345172086 801234567
345172608 801234567
345172860 801234567
345176028 801234567
345176280 801234567
345176802 801234567
345178062 801234567
345178206 801234567
345178620 801234567
345180276 801234567
345180627 801234567
345180762 801234567
345182067 801234567
345182670 801234567
345182706 801234567
345186072 801234567
345186207 801234567
345186720 801234567
345187026 801234567
345187260 801234567
345187602 801234567
345201678 801234567
345201786 801234567
345201867 801234567
345206187 801234567
345206718 801234567
345206871 801234567
345207168 801234567
345207681 801234567
345207816 801234567
345208176 801234567
345208617 801234567
345208761 801234567
345210687 801234567
345210768 801234567
345210876 801234567
345216078 801234567
345216780 801234567
345216807 801234567
345217086 801234567
345217608 801234567
345217860 801234567
345218067 801234567
345218670 801234567
345218706 801234567
345260178 801234567
345260781 801234567
345260817 801234567
345261087 801234567
345261708 801234567
345261870 801234567
345267018 801234567
345267180 801234567
345267801 801234567
345268071 801234567
345268107 801234567
345268710 801234567
345270186 801234567
345270618 801234567
345270861 801234567
345271068 801234567
345271680 801234567
345271806 801234567
345276081 801234567
345276108 801234567
345276810 801234567
345278016 801234567
345278160 801234567
345278601 801234567
345280167 801234567
345280671 801234567
345280716 801234567
345281076 801234567
345281607 801234567
345281760 801234567
345286017 801234567
345286170 801234567
345286701 801234567
345287061 801234567
345287106 801234567
345287610 801234567
345601287 801234567
345601728 801234567
345601872 801234567
345602178 801234567
345602781 801234567
345602817 801234567
345607182 801234567
345607218 801234567
345607821 801234567
345608127 801234567
345608271 801234567
345608712 801234567
345610278 801234567
345610782 801234567
345610827 801234567
345612087 801234567
345612708 801234567
345612870 801234567
345617028 801234567
345617280 801234567
345617802 801234567
345618072 801234567
345618207 801234567
345618720 801234567
345620187 801234567
345620718 801234567
345620871 801234567
345621078 801234567
345621780 801234567
345621807 801234567
345627081 801234567
345627108 801234567
345627810 801234567
345628017 801234567
345628170 801234567
345628701 801234567
345670128 801234567
345670281 801234567
345670812 801234567
345671082 801234567
345671208 801234567
345671820 801234567
345672018 801234567
345672180 801234567
345672801 801234567
345678021 801234567
345678102 801234567
345678210 801234567
345680172 801234567
345680217 801234567
345680721 801234567
345681027 801234567
345681270 801234567
345681702 801234567
345682071 801234567
345682107 801234567
345682710 801234567
345687012 801234567
345687120 801234567
345687201 801234567
345701268 801234567
