365824017 801234567
365824170 801234567
365824701 801234567
365827041 801234567
365827104 801234567
365827410 801234567
365840172 801234567
365840217 801234567
365840721 801234567
365841027 801234567
365841270 801234567
365841702 801234567
365842071 801234567
365842107 801234567
365842710 801234567
365847012 801234567
365847120 801234567
365847201 801234567
365870124 801234567
365870241 801234567
365870412 801234567
365871042 801234567
365871204 801234567
365871420 801234567
365872014 801234567
365872140 801234567
365872401 801234567
365874021 801234567
365874102 801234567
365874210 801234567
367012458 801234567
367012584 801234567
367012845 801234567
367014285 801234567
367014528 801234567
367014852 801234567
367015248 801234567
367015482 801234567
367015824 801234567
367018254 801234567
367018425 801234567
367018542 801234567
367021485 801234567
367021548 801234567
367021854 801234567
367024158 801234567
367024581 801234567
367024815 801234567
367025184 801234567
367025418 801234567
367025841 801234567
367028145 801234567
367028451 801234567
367028514 801234567
367041258 801234567
367041582 801234567
367041825 801234567
367042185 801234567
367042518 801234567
367042851 801234567
367045128 801234567
367045281 801234567
367045812 801234567
367048152 801234567
367048215 801234567
367048521 801234567
367051284 801234567
367051428 801234567
367051842 801234567
367052148 801234567
367052481 801234567
367052814 801234567
367054182 801234567
367054218 801234567
367054821 801234567
367058124 801234567
367058241 801234567
367058412 801234567
367081245 801234567
367081452 801234567
367081524 801234567
367082154 801234567
367082415 801234567
367082541 801234567
367084125 801234567
367084251 801234567
367084512 801234567
367085142 801234567
367085214 801234567
367085421 801234567
367102485 801234567
367102548 801234567
367102854 801234567
367104258 801234567
367104582 801234567
367104825 801234567
367105284 801234567
367105428 801234567
367105842 801234567
367108245 801234567
367108452 801234567
367108524 801234567
367120458 801234567
367120584 801234567
367120845 801234567
367124085 801234567
367124508 801234567
367124850 801234567
367125048 801234567
367125480 801234567
367125804 801234567
367128054 801234567
367128405 801234567
367128540 801234567
367140285 801234567
367140528 801234567
367140852 801234567
367142058 801234567
367142580 801234567
367142805 801234567
367145082 801234567
367145208 801234567
367145820 801234567
367148025 801234567
367148250 801234567
367148502 801234567
367150248 801234567
367150482 801234567
367150824 801234567
367152084 801234567
367152408 801234567
367152840 801234567
367154028 801234567
367154280 801234567
367154802 801234567
367158042 801234567
367158204 801234567
367158420 801234567
367180254 801234567
367180425 801234567
367180542 801234567
367182045 801234567
367182450 801234567
367182504 801234567
367184052 801234567
367184205 801234567
367184520 801234567
367185024 801234567
367185240 801234567
367185402 801234567
367201458 801234567
367201584 801234567
367201845 801234567
367204185 801234567
367204518 801234567
367204851 801234567
367205148 801234567
367205481 801234567
367205814 801234567
367208154 801234567
367208415 801234567
367208541 801234567
367210485 801234567
367210548 801234567
367210854 801234567
367214058 801234567
367214580 801234567
367214805 801234567
367215084 801234567
367215408 801234567
367215840 801234567
367218045 801234567
367218450 801234567
367218504 801234567
367240158 801234567
367240581 801234567
367240815 801234567
367241085 801234567
367241508 801234567
367241850 801234567
367245018 801234567
367245180 801234567
367245801 801234567
367248051 801234567
367248105 801234567
367248510 801234567
367250184 801234567
367250418 801234567
367250841 801234567
367251048 801234567
367251480 801234567
367251804 801234567
367254081 801234567
367254108 801234567
367254810 801234567
367258014 801234567
367258140 801234567
367258401 801234567
367280145 801234567
367280451 801234567
367280514 801234567
367281054 801234567
367281405 801234567
367281540 801234567
367284015 801234567
367284150 801234567
367284501 801234567
367285041 801234567
367285104 801234567
367285410 801234567
367401285 801234567
367401528 801234567
367401852 801234567
367402158 801234567
367402581 801234567
367402815 801234567
367405182 801234567
367405218 801234567
367405821 801234567
367408125 801234567
367408251 801234567
367408512 801234567
367410258 801234567
367410582 801234567
367410825 801234567
367412085 801234567
367412508 801234567
367412850 801234567
367415028 801234567
367415280 801234567
367415802 801234567
367418052 801234567
367418205 801234567
367418520 801234567
367420185 801234567
367420518 801234567
367420851 801234567
367421058 801234567
367421580 801234567
367421805 801234567
367425081 801234567
367425108 801234567
367425810 801234567
367428015 801234567
367428150 801234567
367428501 801234567
367450128 801234567
367450281 801234567
367450812 801234567
367451082 801234567
367451208 801234567
367451820 801234567
367452018 801234567
367452180 801234567
367452801 801234567
367458021 801234567
367458102 801234567
367458210 801234567
367480152 801234567
367480215 801234567
367480521 801234567
367481025 801234567
367481250 801234567
367481502 801234567
367482051 801234567
367482105 801234567
367482510 801234567
367485012 801234567
367485120 801234567
367485201 801234567
367501248 801234567
367501482 801234567
367501824 801234567
367502184 801234567
367502418 801234567
367502841 801234567
367504128 801234567
367504281 801234567
367504812 801234567
367508142 801234567
367508214 801234567
367508421 801234567
367510284 801234567
367510428 801234567
367510842 801234567
367512048 801234567
367512480 801234567
367512804 801234567
367514082 801234567
367514208 801234567
367514820 801234567
367518024 801234567
367518240 801234567
367518402 801234567
367520148 801234567
367520481 801234567
367520814 801234567
367521084 801234567
367521408 801234567
367521840 801234567
367524018 801234567
367524180 801234567
367524801 801234567
367528041 801234567
367528104 801234567
367528410 801234567
367540182 801234567
367540218 801234567
367540821 801234567
367541028 801234567
367541280 801234567
367541802 801234567
367542081 801234567
367542108 801234567
367542810 801234567
367548012 801234567
367548120 801234567
367548201 801234567
367580124 801234567
367580241 801234567
367580412 801234567
367581042 801234567
367581204 801234567
367581420 801234567
367582014 801234567
367582140 801234567
367582401 801234567
367584021 801234567
367584102 801234567
367584210 801234567
367801254 801234567
367801425 801234567
367801542 801234567
367802145 801234567
367802451 801234567
367802514 801234567
367804152 801234567
367804215 801234567
367804521 801234567
367805124 801234567
367805241 801234567
367805412 801234567
367810245 801234567
367810452 801234567
367810524 801234567
367812054 801234567
367812405 801234567
367812540 801234567
367814025 801234567
367814250 801234567
367814502 801234567
367815042 801234567
367815204 801234567
367815420 801234567
367820154 801234567
367820415 801234567
367820541 801234567
367821045 801234567
367821450 801234567
367821504 801234567
367824051 801234567
367824105 801234567
367824510 801234567
367825014 801234567
367825140 801234567
367825401 801234567
367840125 801234567
367840251 801234567
367840512 801234567
367841052 801234567
367841205 801234567
367841520 801234567
367842015 801234567
367842150 801234567
367842501 801234567
367845021 801234567
367845102 801234567
367845210 801234567
367850142 801234567
367850214 801234567
367850421 801234567
367851024 801234567
367851240 801234567
367851402 801234567
367852041 801234567
367852104 801234567
367852410 801234567
367854012 801234567
367854120 801234567
367854201 801234567
368012475 801234567
368012547 801234567
368012754 801234567
368014257 801234567
368014572 801234567
368014725 801234567
368015274 801234567
368015427 801234567
368015742 801234567
368017245 801234567
368017452 801234567
368017524 801234567
368021457 801234567
368021574 801234567
368021745 801234567
368024175 801234567
368024517 801234567
368024751 801234567
368025147 801234567
368025471 801234567
368025714 801234567
368027154 801234567
368027415 801234567
368027541 801234567
368041275 801234567
368041527 801234567
368041752 801234567
368042157 801234567
368042571 801234567
368042715 801234567
368045172 801234567
368045217 801234567
368045721 801234567
368047125 801234567
368047251 801234567
368047512 801234567
368051247 801234567
368051472 801234567
368051724 801234567
368052174 801234567
368052417 801234567
368052741 801234567
368054127 801234567
368054271 801234567
368054712 801234567
368057142 801234567
368057214 801234567
368057421 801234567
368071254 801234567
368071425 801234567
368071542 801234567
368072145 801234567
368072451 801234567
368072514 801234567
368074152 801234567
368074215 801234567
368074521 801234567
368075124 801234567
368075241 801234567
368075412 801234567
368102457 801234567
368102574 801234567
368102745 801234567
368104275 801234567
368104527 801234567
368104752 801234567
368105247 801234567
368105472 801234567
368105724 801234567
368107254 801234567
368107425 801234567
368107542 801234567
368120475 801234567
368120547 801234567
368120754 801234567
368124057 801234567
368124570 801234567
368124705 801234567
368125074 801234567
368125407 801234567
368125740 801234567
368127045 801234567
368127450 801234567
368127504 801234567
368140257 801234567
368140572 801234567
368140725 801234567
368142075 801234567
368142507 801234567
368142750 801234567
368145027 801234567
368145270 801234567
368145702 801234567
368147052 801234567
368147205 801234567
368147520 801234567
368150274 801234567
368150427 801234567
368150742 801234567
368152047 801234567
368152470 801234567
368152704 801234567
368154072 801234567
368154207 801234567
368154720 801234567
368157024 801234567
368157240 801234567
368157402 801234567
368170245 801234567
