261384705 801234567
261385074 801234567
261385407 801234567
261385740 801234567
261387045 801234567
261387450 801234567
261387504 801234567
261403578 801234567
261403785 801234567
261403857 801234567
261405387 801234567
261405738 801234567
261405873 801234567
261407358 801234567
261407583 801234567
261407835 801234567
261408375 801234567
261408537 801234567
261408753 801234567
261430587 801234567
261430758 801234567
261430875 801234567
261435078 801234567
261435780 801234567
261435807 801234567
261437085 801234567
261437508 801234567
261437850 801234567
261438057 801234567
261438570 801234567
261438705 801234567
261450378 801234567
261450783 801234567
261450837 801234567
261453087 801234567
261453708 801234567
261453870 801234567
261457038 801234567
261457380 801234567
261457803 801234567
261458073 801234567
261458307 801234567
261458730 801234567
261470385 801234567
261470538 801234567
261470853 801234567
261473058 801234567
261473580 801234567
261473805 801234567
261475083 801234567
261475308 801234567
261475830 801234567
261478035 801234567
261478350 801234567
261478503 801234567
261480357 801234567
261480573 801234567
261480735 801234567
261483075 801234567
261483507 801234567
261483750 801234567
261485037 801234567
261485370 801234567
261485703 801234567
261487053 801234567
261487305 801234567
261487530 801234567
261503487 801234567
261503748 801234567
261503874 801234567
261504378 801234567
261504783 801234567
261504837 801234567
261507384 801234567
261507438 801234567
261507843 801234567
261508347 801234567
261508473 801234567
261508734 801234567
261530478 801234567
261530784 801234567
261530847 801234567
261534087 801234567
261534708 801234567
261534870 801234567
261537048 801234567
261537480 801234567
261537804 801234567
261538074 801234567
261538407 801234567
261538740 801234567
261540387 801234567
261540738 801234567
261540873 801234567
261543078 801234567
261543780 801234567
261543807 801234567
261547083 801234567
261547308 801234567
261547830 801234567
261548037 801234567
261548370 801234567
261548703 801234567
261570348 801234567
261570483 801234567
261570834 801234567
261573084 801234567
261573408 801234567
261573840 801234567
261574038 801234567
261574380 801234567
261574803 801234567
261578043 801234567
261578304 801234567
261578430 801234567
261580374 801234567
261580437 801234567
261580743 801234567
261583047 801234567
261583470 801234567
261583704 801234567
261584073 801234567
261584307 801234567
261584730 801234567
261587034 801234567
261587340 801234567
261587403 801234567
261703458 801234567
261703584 801234567
261703845 801234567
261704385 801234567
261704538 801234567
261704853 801234567
261705348 801234567
261705483 801234567
261705834 801234567
261708354 801234567
261708435 801234567
261708543 801234567
261730485 801234567
261730548 801234567
261730854 801234567
261734058 801234567
261734580 801234567
261734805 801234567
261735084 801234567
261735408 801234567
261735840 801234567
261738045 801234567
261738450 801234567
261738504 801234567
261740358 801234567
261740583 801234567
261740835 801234567
261743085 801234567
261743508 801234567
261743850 801234567
261745038 801234567
261745380 801234567
261745803 801234567
261748053 801234567
261748305 801234567
261748530 801234567
261750384 801234567
261750438 801234567
261750843 801234567
261753048 801234567
261753480 801234567
261753804 801234567
261754083 801234567
261754308 801234567
261754830 801234567
261758034 801234567
261758340 801234567
261758403 801234567
261780345 801234567
261780453 801234567
261780534 801234567
261783054 801234567
261783405 801234567
261783540 801234567
261784035 801234567
261784350 801234567
261784503 801234567
261785043 801234567
261785304 801234567
261785430 801234567
261803475 801234567
261803547 801234567
261803754 801234567
261804357 801234567
261804573 801234567
261804735 801234567
261805374 801234567
261805437 801234567
261805743 801234567
261807345 801234567
261807453 801234567
261807534 801234567
261830457 801234567
261830574 801234567
261830745 801234567
261834075 801234567
261834507 801234567
261834750 801234567
261835047 801234567
261835470 801234567
261835704 801234567
261837054 801234567
261837405 801234567
261837540 801234567
261840375 801234567
261840537 801234567
261840753 801234567
261843057 801234567
261843570 801234567
261843705 801234567
261845073 801234567
261845307 801234567
261845730 801234567
261847035 801234567
261847350 801234567
261847503 801234567
261850347 801234567
261850473 801234567
261850734 801234567
261853074 801234567
261853407 801234567
261853740 801234567
261854037 801234567
261854370 801234567
261854703 801234567
261857043 801234567
261857304 801234567
261857430 801234567
261870354 801234567
261870435 801234567
261870543 801234567
261873045 801234567
261873450 801234567
261873504 801234567
261874053 801234567
261874305 801234567
261874530 801234567
261875034 801234567
261875340 801234567
261875403 801234567
263014587 801234567
263014758 801234567
263014875 801234567
263015478 801234567
263015784 801234567
263015847 801234567
263017485 801234567
263017548 801234567
263017854 801234567
263018457 801234567
263018574 801234567
263018745 801234567
263041578 801234567
263041785 801234567
263041857 801234567
263045187 801234567
263045718 801234567
263045871 801234567
263047158 801234567
263047581 801234567
263047815 801234567
263048175 801234567
263048517 801234567
263048751 801234567
263051487 801234567
263051748 801234567
263051874 801234567
263054178 801234567
263054781 801234567
263054817 801234567
263057184 801234567
263057418 801234567
263057841 801234567
263058147 801234567
263058471 801234567
263058714 801234567
263071458 801234567
263071584 801234567
263071845 801234567
263074185 801234567
263074518 801234567
263074851 801234567
263075148 801234567
263075481 801234567
263075814 801234567
263078154 801234567
263078415 801234567
263078541 801234567
263081475 801234567
263081547 801234567
263081754 801234567
263084157 801234567
263084571 801234567
263084715 801234567
263085174 801234567
263085417 801234567
263085741 801234567
263087145 801234567
263087451 801234567
263087514 801234567
263104578 801234567
263104785 801234567
263104857 801234567
263105487 801234567
263105748 801234567
263105874 801234567
263107458 801234567
263107584 801234567
263107845 801234567
263108475 801234567
263108547 801234567
263108754 801234567
263140587 801234567
263140758 801234567
263140875 801234567
263145078 801234567
263145780 801234567
263145807 801234567
263147085 801234567
263147508 801234567
263147850 801234567
263148057 801234567
263148570 801234567
263148705 801234567
263150478 801234567
263150784 801234567
263150847 801234567
263154087 801234567
263154708 801234567
263154870 801234567
263157048 801234567
263157480 801234567
263157804 801234567
263158074 801234567
263158407 801234567
263158740 801234567
263170485 801234567
263170548 801234567
263170854 801234567
263174058 801234567
263174580 801234567
263174805 801234567
263175084 801234567
263175408 801234567
263175840 801234567
263178045 801234567
263178450 801234567
263178504 801234567
263180457 801234567
263180574 801234567
263180745 801234567
263184075 801234567
263184507 801234567
263184750 801234567
263185047 801234567
263185470 801234567
263185704 801234567
263187054 801234567
263187405 801234567
263187540 801234567
263401587 801234567
263401758 801234567
263401875 801234567
263405178 801234567
263405781 801234567
263405817 801234567
263407185 801234567
263407518 801234567
263407851 801234567
263408157 801234567
263408571 801234567
263408715 801234567
263410578 801234567
263410785 801234567
263410857 801234567
263415087 801234567
263415708 801234567
263415870 801234567
263417058 801234567
263417580 801234567
263417805 801234567
263418075 801234567
263418507 801234567
263418750 801234567
263450187 801234567
263450718 801234567
263450871 801234567
263451078 801234567
263451780 801234567
263451807 801234567
263457081 801234567
263457108 801234567
263457810 801234567
263458017 801234567
263458170 801234567
263458701 801234567
263470158 801234567
263470581 801234567
263470815 801234567
263471085 801234567
263471508 801234567
263471850 801234567
263475018 801234567
263475180 801234567
263475801 801234567
263478051 801234567
263478105 801234567
263478510 801234567
263480175 801234567
263480517 801234567
263480751 801234567
263481057 801234567
263481570 801234567
263481705 801234567
263485071 801234567
263485107 801234567
263485710 801234567
263487015 801234567
263487150 801234567
263487501 801234567
263501478 801234567
263501784 801234567
263501847 801234567
263504187 801234567
263504718 801234567
263504871 801234567
263507148 801234567
263507481 801234567
263507814 801234567
263508174 801234567
263508417 801234567
263508741 801234567
263510487 801234567
263510748 801234567
263510874 801234567
263514078 801234567
263514780 801234567
263514807 801234567
263517084 801234567
263517408 801234567
263517840 801234567
263518047 801234567
263518470 801234567
263518704 801234567
263540178 801234567
263540781 801234567
263540817 801234567
263541087 801234567
263541708 801234567
263541870 801234567
263547018 801234567
263547180 801234567
263547801 801234567
263548071 801234567
263548107 801234567
263548710 801234567
263570184 801234567
263570418 801234567
263570841 801234567
263571048 801234567
263571480 801234567
263571804 801234567
263574081 801234567
263574108 801234567
263574810 801234567
263578014 801234567
263578140 801234567
263578401 801234567
263580147 801234567
263580471 801234567
263580714 801234567
263581074 801234567
263581407 801234567
263581740 801234567
263584017 801234567
263584170 801234567
263584701 801234567
263587041 801234567
263587104 801234567
263587410 801234567
263701485 801234567
263701548 801234567
263701854 801234567
263704158 801234567
263704581 801234567
263704815 801234567
263705184 801234567
263705418 801234567
263705841 801234567
263708145 801234567
263708451 801234567
263708514 801234567
