281305467 801234567
281305674 801234567
281305746 801234567
281306475 801234567
281306547 801234567
281306754 801234567
281307456 801234567
281307564 801234567
281307645 801234567
281340567 801234567
281340675 801234567
281340756 801234567
281345076 801234567
281345607 801234567
281345760 801234567
281346057 801234567
281346570 801234567
281346705 801234567
281347065 801234567
281347506 801234567
281347650 801234567
281350476 801234567
281350647 801234567
281350764 801234567
281354067 801234567
281354670 801234567
281354706 801234567
281356074 801234567
281356407 801234567
281356740 801234567
281357046 801234567
281357460 801234567
281357604 801234567
281360457 801234567
281360574 801234567
281360745 801234567
281364075 801234567
281364507 801234567
281364750 801234567
281365047 801234567
281365470 801234567
281365704 801234567
281367054 801234567
281367405 801234567
281367540 801234567
281370465 801234567
281370546 801234567
281370654 801234567
281374056 801234567
281374560 801234567
281374605 801234567
281375064 801234567
281375406 801234567
281375640 801234567
281376045 801234567
281376450 801234567
281376504 801234567
281403567 801234567
281403675 801234567
281403756 801234567
281405376 801234567
281405637 801234567
281405763 801234567
281406357 801234567
281406573 801234567
281406735 801234567
281407365 801234567
281407536 801234567
281407653 801234567
281430576 801234567
281430657 801234567
281430765 801234567
281435067 801234567
281435670 801234567
281435706 801234567
281436075 801234567
281436507 801234567
281436750 801234567
281437056 801234567
281437560 801234567
281437605 801234567
281450367 801234567
281450673 801234567
281450736 801234567
281453076 801234567
281453607 801234567
281453760 801234567
281456037 801234567
281456370 801234567
281456703 801234567
281457063 801234567
281457306 801234567
281457630 801234567
281460375 801234567
281460537 801234567
281460753 801234567
281463057 801234567
281463570 801234567
281463705 801234567
281465073 801234567
281465307 801234567
281465730 801234567
281467035 801234567
281467350 801234567
281467503 801234567
281470356 801234567
281470563 801234567
281470635 801234567
281473065 801234567
281473506 801234567
281473650 801234567
281475036 801234567
281475360 801234567
281475603 801234567
281476053 801234567
281476305 801234567
281476530 801234567
281503476 801234567
281503647 801234567
281503764 801234567
281504367 801234567
281504673 801234567
281504736 801234567
281506374 801234567
281506437 801234567
281506743 801234567
281507346 801234567
281507463 801234567
281507634 801234567
281530467 801234567
281530674 801234567
281530746 801234567
281534076 801234567
281534607 801234567
281534760 801234567
281536047 801234567
281536470 801234567
281536704 801234567
281537064 801234567
281537406 801234567
281537640 801234567
281540376 801234567
281540637 801234567
281540763 801234567
281543067 801234567
281543670 801234567
281543706 801234567
281546073 801234567
281546307 801234567
281546730 801234567
281547036 801234567
281547360 801234567
281547603 801234567
281560347 801234567
281560473 801234567
281560734 801234567
281563074 801234567
281563407 801234567
281563740 801234567
281564037 801234567
281564370 801234567
281564703 801234567
281567043 801234567
281567304 801234567
281567430 801234567
281570364 801234567
281570436 801234567
281570643 801234567
281573046 801234567
281573460 801234567
281573604 801234567
281574063 801234567
281574306 801234567
281574630 801234567
281576034 801234567
281576340 801234567
281576403 801234567
281603457 801234567
281603574 801234567
281603745 801234567
281604375 801234567
281604537 801234567
281604753 801234567
281605347 801234567
281605473 801234567
281605734 801234567
281607354 801234567
281607435 801234567
281607543 801234567
281630475 801234567
281630547 801234567
281630754 801234567
281634057 801234567
281634570 801234567
281634705 801234567
281635074 801234567
281635407 801234567
281635740 801234567
281637045 801234567
281637450 801234567
281637504 801234567
281640357 801234567
281640573 801234567
281640735 801234567
281643075 801234567
281643507 801234567
281643750 801234567
281645037 801234567
281645370 801234567
281645703 801234567
281647053 801234567
281647305 801234567
281647530 801234567
281650374 801234567
281650437 801234567
281650743 801234567
281653047 801234567
281653470 801234567
281653704 801234567
281654073 801234567
281654307 801234567
281654730 801234567
281657034 801234567
281657340 801234567
281657403 801234567
281670345 801234567
281670453 801234567
281670534 801234567
281673054 801234567
281673405 801234567
281673540 801234567
281674035 801234567
281674350 801234567
281674503 801234567
281675043 801234567
281675304 801234567
281675430 801234567
281703465 801234567
281703546 801234567
281703654 801234567
281704356 801234567
281704563 801234567
281704635 801234567
281705364 801234567
281705436 801234567
281705643 801234567
281706345 801234567
281706453 801234567
281706534 801234567
281730456 801234567
281730564 801234567
281730645 801234567
281734065 801234567
281734506 801234567
281734650 801234567
281735046 801234567
281735460 801234567
281735604 801234567
281736054 801234567
281736405 801234567
281736540 801234567
281740365 801234567
281740536 801234567
281740653 801234567
281743056 801234567
281743560 801234567
281743605 801234567
281745063 801234567
281745306 801234567
281745630 801234567
281746035 801234567
281746350 801234567
281746503 801234567
281750346 801234567
281750463 801234567
281750634 801234567
281753064 801234567
281753406 801234567
281753640 801234567
281754036 801234567
281754360 801234567
281754603 801234567
281756043 801234567
281756304 801234567
281756430 801234567
281760354 801234567
281760435 801234567
281760543 801234567
281763045 801234567
281763450 801234567
281763504 801234567
281764053 801234567
281764305 801234567
281764530 801234567
281765034 801234567
281765340 801234567
281765403 801234567
283014576 801234567
283014657 801234567
283014765 801234567
283015467 801234567
283015674 801234567
283015746 801234567
283016475 801234567
283016547 801234567
283016754 801234567
283017456 801234567
283017564 801234567
283017645 801234567
283041567 801234567
283041675 801234567
283041756 801234567
283045176 801234567
283045617 801234567
283045761 801234567
283046157 801234567
283046571 801234567
283046715 801234567
283047165 801234567
283047516 801234567
283047651 801234567
283051476 801234567
283051647 801234567
283051764 801234567
283054167 801234567
283054671 801234567
283054716 801234567
283056174 801234567
283056417 801234567
283056741 801234567
283057146 801234567
283057461 801234567
283057614 801234567
283061457 801234567
283061574 801234567
283061745 801234567
283064175 801234567
283064517 801234567
283064751 801234567
283065147 801234567
283065471 801234567
283065714 801234567
283067154 801234567
283067415 801234567
283067541 801234567
283071465 801234567
283071546 801234567
283071654 801234567
283074156 801234567
283074561 801234567
283074615 801234567
283075164 801234567
283075416 801234567
283075641 801234567
283076145 801234567
283076451 801234567
283076514 801234567
283104567 801234567
283104675 801234567
283104756 801234567
283105476 801234567
283105647 801234567
283105764 801234567
283106457 801234567
283106574 801234567
283106745 801234567
283107465 801234567
283107546 801234567
283107654 801234567
283140576 801234567
283140657 801234567
283140765 801234567
283145067 801234567
283145670 801234567
283145706 801234567
283146075 801234567
283146507 801234567
283146750 801234567
283147056 801234567
283147560 801234567
283147605 801234567
283150467 801234567
283150674 801234567
283150746 801234567
283154076 801234567
283154607 801234567
283154760 801234567
283156047 801234567
283156470 801234567
283156704 801234567
283157064 801234567
283157406 801234567
283157640 801234567
283160475 801234567
283160547 801234567
283160754 801234567
283164057 801234567
283164570 801234567
283164705 801234567
283165074 801234567
283165407 801234567
283165740 801234567
283167045 801234567
283167450 801234567
283167504 801234567
283170456 801234567
283170564 801234567
283170645 801234567
283174065 801234567
283174506 801234567
283174650 801234567
283175046 801234567
283175460 801234567
283175604 801234567
283176054 801234567
283176405 801234567
283176540 801234567
283401576 801234567
283401657 801234567
283401765 801234567
283405167 801234567
283405671 801234567
283405716 801234567
283406175 801234567
283406517 801234567
283406751 801234567
283407156 801234567
283407561 801234567
283407615 801234567
283410567 801234567
283410675 801234567
283410756 801234567
283415076 801234567
283415607 801234567
283415760 801234567
283416057 801234567
283416570 801234567
283416705 801234567
283417065 801234567
283417506 801234567
283417650 801234567
283450176 801234567
283450617 801234567
283450761 801234567
283451067 801234567
283451670 801234567
283451706 801234567
283456071 801234567
283456107 801234567
283456710 801234567
283457016 801234567
283457160 801234567
283457601 801234567
283460157 801234567
283460571 801234567
283460715 801234567
283461075 801234567
283461507 801234567
283461750 801234567
283465017 801234567
283465170 801234567
283465701 801234567
283467051 801234567
283467105 801234567
283467510 801234567
283470165 801234567
283470516 801234567
283470651 801234567
283471056 801234567
283471560 801234567
283471605 801234567
283475061 801234567
283475106 801234567
283475610 801234567
283476015 801234567
283476150 801234567
283476501 801234567
283501467 801234567
283501674 801234567
283501746 801234567
283504176 801234567
283504617 801234567
283504761 801234567
283506147 801234567
283506471 801234567
283506714 801234567
283507164 801234567
283507416 801234567
283507641 801234567
283510476 801234567
283510647 801234567
283510764 801234567
283514067 801234567
283514670 801234567
283514706 801234567
283516074 801234567
283516407 801234567
283516740 801234567
283517046 801234567
