601785243 801234567
601785324 801234567
601785432 801234567
601823475 801234567
601823547 801234567
601823754 801234567
601824357 801234567
601824573 801234567
601824735 801234567
601825374 801234567
601825437 801234567
601825743 801234567
601827345 801234567
601827453 801234567
601827534 801234567
601832457 801234567
601832574 801234567
601832745 801234567
601834275 801234567
601834527 801234567
601834752 801234567
601835247 801234567
601835472 801234567
601835724 801234567
601837254 801234567
601837425 801234567
601837542 801234567
601842375 801234567
601842537 801234567
601842753 801234567
601843257 801234567
601843572 801234567
601843725 801234567
601845273 801234567
601845327 801234567
601845732 801234567
601847235 801234567
601847352 801234567
601847523 801234567
601852347 801234567
601852473 801234567
601852734 801234567
601853274 801234567
601853427 801234567
601853742 801234567
601854237 801234567
601854372 801234567
601854723 801234567
601857243 801234567
601857324 801234567
601857432 801234567
601872354 801234567
601872435 801234567
601872543 801234567
601873245 801234567
601873452 801234567
601873524 801234567
601874253 801234567
601874325 801234567
601874532 801234567
601875234 801234567
601875342 801234567
601875423 801234567
602134587 801234567
602134758 801234567
602134875 801234567
602135478 801234567
602135784 801234567
602135847 801234567
602137485 801234567
602137548 801234567
602137854 801234567
602138457 801234567
602138574 801234567
602138745 801234567
602143578 801234567
602143785 801234567
602143857 801234567
602145387 801234567
602145738 801234567
602145873 801234567
602147358 801234567
602147583 801234567
602147835 801234567
602148375 801234567
602148537 801234567
602148753 801234567
602153487 801234567
602153748 801234567
602153874 801234567
602154378 801234567
602154783 801234567
602154837 801234567
602157384 801234567
602157438 801234567
602157843 801234567
602158347 801234567
602158473 801234567
602158734 801234567
602173458 801234567
602173584 801234567
602173845 801234567
602174385 801234567
602174538 801234567
602174853 801234567
602175348 801234567
602175483 801234567
602175834 801234567
602178354 801234567
602178435 801234567
602178543 801234567
602183475 801234567
602183547 801234567
602183754 801234567
602184357 801234567
602184573 801234567
602184735 801234567
602185374 801234567
602185437 801234567
602185743 801234567
602187345 801234567
602187453 801234567
602187534 801234567
602314578 801234567
602314785 801234567
602314857 801234567
602315487 801234567
602315748 801234567
602315874 801234567
602317458 801234567
602317584 801234567
602317845 801234567
602318475 801234567
602318547 801234567
602318754 801234567
602341587 801234567
602341758 801234567
602341875 801234567
602345178 801234567
602345781 801234567
602345817 801234567
602347185 801234567
602347518 801234567
602347851 801234567
602348157 801234567
602348571 801234567
602348715 801234567
602351478 801234567
602351784 801234567
602351847 801234567
602354187 801234567
602354718 801234567
602354871 801234567
602357148 801234567
602357481 801234567
602357814 801234567
602358174 801234567
602358417 801234567
602358741 801234567
602371485 801234567
602371548 801234567
602371854 801234567
602374158 801234567
602374581 801234567
602374815 801234567
602375184 801234567
602375418 801234567
602375841 801234567
602378145 801234567
602378451 801234567
602378514 801234567
602381457 801234567
602381574 801234567
602381745 801234567
602384175 801234567
602384517 801234567
602384751 801234567
602385147 801234567
602385471 801234567
602385714 801234567
602387154 801234567
602387415 801234567
602387541 801234567
602413587 801234567
602413758 801234567
602413875 801234567
602415378 801234567
602415783 801234567
602415837 801234567
602417385 801234567
602417538 801234567
602417853 801234567
602418357 801234567
602418573 801234567
602418735 801234567
602431578 801234567
602431785 801234567
602431857 801234567
602435187 801234567
602435718 801234567
602435871 801234567
602437158 801234567
602437581 801234567
602437815 801234567
602438175 801234567
602438517 801234567
602438751 801234567
602451387 801234567
602451738 801234567
602451873 801234567
602453178 801234567
602453781 801234567
602453817 801234567
602457183 801234567
602457318 801234567
602457831 801234567
602458137 801234567
602458371 801234567
602458713 801234567
602471358 801234567
602471583 801234567
602471835 801234567
602473185 801234567
602473518 801234567
602473851 801234567
602475138 801234567
602475381 801234567
602475813 801234567
602478153 801234567
602478315 801234567
602478531 801234567
602481375 801234567
602481537 801234567
602481753 801234567
602483157 801234567
602483571 801234567
602483715 801234567
602485173 801234567
602485317 801234567
602485731 801234567
602487135 801234567
602487351 801234567
602487513 801234567
602513478 801234567
602513784 801234567
602513847 801234567
602514387 801234567
602514738 801234567
602514873 801234567
602517348 801234567
602517483 801234567
602517834 801234567
602518374 801234567
602518437 801234567
602518743 801234567
602531487 801234567
602531748 801234567
602531874 801234567
602534178 801234567
602534781 801234567
602534817 801234567
602537184 801234567
602537418 801234567
602537841 801234567
602538147 801234567
602538471 801234567
602538714 801234567
602541378 801234567
602541783 801234567
602541837 801234567
602543187 801234567
602543718 801234567
602543871 801234567
602547138 801234567
602547381 801234567
602547813 801234567
602548173 801234567
602548317 801234567
602548731 801234567
602571384 801234567
602571438 801234567
602571843 801234567
602573148 801234567
602573481 801234567
602573814 801234567
602574183 801234567
602574318 801234567
602574831 801234567
602578134 801234567
602578341 801234567
602578413 801234567
602581347 801234567
602581473 801234567
602581734 801234567
602583174 801234567
602583417 801234567
602583741 801234567
602584137 801234567
602584371 801234567
602584713 801234567
602587143 801234567
602587314 801234567
602587431 801234567
602713485 801234567
602713548 801234567
602713854 801234567
602714358 801234567
602714583 801234567
602714835 801234567
602715384 801234567
602715438 801234567
602715843 801234567
602718345 801234567
602718453 801234567
602718534 801234567
602731458 801234567
602731584 801234567
602731845 801234567
602734185 801234567
602734518 801234567
602734851 801234567
602735148 801234567
602735481 801234567
602735814 801234567
602738154 801234567
602738415 801234567
602738541 801234567
602741385 801234567
602741538 801234567
602741853 801234567
602743158 801234567
602743581 801234567
602743815 801234567
602745183 801234567
602745318 801234567
602745831 801234567
602748135 801234567
602748351 801234567
602748513 801234567
602751348 801234567
602751483 801234567
602751834 801234567
602753184 801234567
602753418 801234567
602753841 801234567
602754138 801234567
602754381 801234567
602754813 801234567
602758143 801234567
602758314 801234567
602758431 801234567
602781354 801234567
602781435 801234567
602781543 801234567
602783145 801234567
602783451 801234567
602783514 801234567
602784153 801234567
602784315 801234567
602784531 801234567
602785134 801234567
602785341 801234567
602785413 801234567
602813457 801234567
602813574 801234567
602813745 801234567
602814375 801234567
602814537 801234567
602814753 801234567
602815347 801234567
602815473 801234567
602815734 801234567
602817354 801234567
602817435 801234567
602817543 801234567
602831475 801234567
602831547 801234567
602831754 801234567
602834157 801234567
602834571 801234567
602834715 801234567
602835174 801234567
602835417 801234567
602835741 801234567
602837145 801234567
602837451 801234567
602837514 801234567
602841357 801234567
602841573 801234567
602841735 801234567
602843175 801234567
602843517 801234567
602843751 801234567
602845137 801234567
602845371 801234567
602845713 801234567
602847153 801234567
602847315 801234567
602847531 801234567
602851374 801234567
602851437 801234567
602851743 801234567
602853147 801234567
602853471 801234567
602853714 801234567
602854173 801234567
602854317 801234567
602854731 801234567
602857134 801234567
602857341 801234567
602857413 801234567
602871345 801234567
602871453 801234567
602871534 801234567
602873154 801234567
602873415 801234567
602873541 801234567
602874135 801234567
602874351 801234567
602874513 801234567
602875143 801234567
602875314 801234567
602875431 801234567
603124578 801234567
603124785 801234567
603124857 801234567
603125487 801234567
603125748 801234567
603125874 801234567
603127458 801234567
603127584 801234567
603127845 801234567
603128475 801234567
603128547 801234567
603128754 801234567
603142587 801234567
603142758 801234567
603142875 801234567
603145278 801234567
603145782 801234567
603145827 801234567
603147285 801234567
603147528 801234567
603147852 801234567
603148257 801234567
603148572 801234567
603148725 801234567
603152478 801234567
603152784 801234567
603152847 801234567
603154287 801234567
603154728 801234567
603154872 801234567
603157248 801234567
603157482 801234567
603157824 801234567
603158274 801234567
603158427 801234567
603158742 801234567
603172485 801234567
603172548 801234567
603172854 801234567
603174258 801234567
603174582 801234567
603174825 801234567
603175284 801234567
603175428 801234567
603175842 801234567
603178245 801234567
603178452 801234567
603178524 801234567
603182457 801234567
603182574 801234567
603182745 801234567
603184275 801234567
603184527 801234567
603184752 801234567
603185247 801234567
603185472 801234567
603185724 801234567
603187254 801234567
603187425 801234567
603187542 801234567
603214587 801234567
603214758 801234567
603214875 801234567
603215478 801234567
603215784 801234567
603215847 801234567
603217485 801234567
603217548 801234567
603217854 801234567
603218457 801234567
603218574 801234567
603218745 801234567
603241578 801234567
603241785 801234567
603241857 801234567
603245187 801234567
