012345678 801234567
012345786 801234567
012345867 801234567
012346587 801234567
012346758 801234567
012346875 801234567
012347568 801234567
012347685 801234567
012347856 801234567
012348576 801234567
012348657 801234567
012348765 801234567
012354687 801234567
012354768 801234567
012354876 801234567
012356478 801234567
012356784 801234567
012356847 801234567
012357486 801234567
012357648 801234567
012357864 801234567
012358467 801234567
012358674 801234567
012358746 801234567
012364578 801234567
012364785 801234567
012364857 801234567
012365487 801234567
012365748 801234567
012365874 801234567
012367458 801234567
012367584 801234567
012367845 801234567
012368475 801234567
012368547 801234567
012368754 801234567
012374586 801234567
012374658 801234567
012374865 801234567
012375468 801234567
012375684 801234567
012375846 801234567
012376485 801234567
012376548 801234567
012376854 801234567
012378456 801234567
012378564 801234567
012378645 801234567
012384567 801234567
012384675 801234567
012384756 801234567
012385476 801234567
012385647 801234567
012385764 801234567
012386457 801234567
012386574 801234567
012386745 801234567
012387465 801234567
012387546 801234567
012387654 801234567
012435687 801234567
012435768 801234567
012435876 801234567
012436578 801234567
012436785 801234567
012436857 801234567
012437586 801234567
012437658 801234567
012437865 801234567
012438567 801234567
012438675 801234567
012438756 801234567
012453678 801234567
012453786 801234567
012453867 801234567
012456387 801234567
012456738 801234567
012456873 801234567
012457368 801234567
012457683 801234567
012457836 801234567
012458376 801234567
012458637 801234567
012458763 801234567
012463587 801234567
012463758 801234567
012463875 801234567
012465378 801234567
012465783 801234567
012465837 801234567
012467385 801234567
012467538 801234567
012467853 801234567
012468357 801234567
012468573 801234567
012468735 801234567
012473568 801234567
012473685 801234567
012473856 801234567
012475386 801234567
012475638 801234567
012475863 801234567
012476358 801234567
012476583 801234567
012476835 801234567
012478365 801234567
012478536 801234567
012478653 801234567
012483576 801234567
012483657 801234567
012483765 801234567
012485367 801234567
012485673 801234567
012485736 801234567
012486375 801234567
012486537 801234567
012486753 801234567
012487356 801234567
012487563 801234567
012487635 801234567
012534678 801234567
012534786 801234567
012534867 801234567
012536487 801234567
012536748 801234567
012536874 801234567
012537468 801234567
012537684 801234567
012537846 801234567
012538476 801234567
012538647 801234567
012538764 801234567
012543687 801234567
012543768 801234567
012543876 801234567
012546378 801234567
012546783 801234567
012546837 801234567
012547386 801234567
012547638 801234567
012547863 801234567
012548367 801234567
012548673 801234567
012548736 801234567
012563478 801234567
012563784 801234567
012563847 801234567
012564387 801234567
012564738 801234567
012564873 801234567
012567348 801234567
012567483 801234567
012567834 801234567
012568374 801234567
012568437 801234567
012568743 801234567
012573486 801234567
012573648 801234567
012573864 801234567
012574368 801234567
012574683 801234567
012574836 801234567
012576384 801234567
012576438 801234567
012576843 801234567
012578346 801234567
012578463 801234567
012578634 801234567
012583467 801234567
012583674 801234567
012583746 801234567
012584376 801234567
012584637 801234567
012584763 801234567
012586347 801234567
012586473 801234567
012586734 801234567
012587364 801234567
012587436 801234567
012587643 801234567
012634587 801234567
012634758 801234567
012634875 801234567
012635478 801234567
012635784 801234567
012635847 801234567
012637485 801234567
012637548 801234567
012637854 801234567
012638457 801234567
012638574 801234567
012638745 801234567
012643578 801234567
012643785 801234567
012643857 801234567
012645387 801234567
012645738 801234567
012645873 801234567
012647358 801234567
012647583 801234567
012647835 801234567
012648375 801234567
012648537 801234567
012648753 801234567
012653487 801234567
012653748 801234567
012653874 801234567
012654378 801234567
012654783 801234567
012654837 801234567
012657384 801234567
012657438 801234567
012657843 801234567
012658347 801234567
012658473 801234567
012658734 801234567
012673458 801234567
012673584 801234567
012673845 801234567
012674385 801234567
012674538 801234567
012674853 801234567
012675348 801234567
012675483 801234567
012675834 801234567
012678354 801234567
012678435 801234567
012678543 801234567
012683475 801234567
012683547 801234567
012683754 801234567
012684357 801234567
012684573 801234567
012684735 801234567
012685374 801234567
012685437 801234567
012685743 801234567
012687345 801234567
012687453 801234567
012687534 801234567
012734568 801234567
012734685 801234567
012734856 801234567
012735486 801234567
012735648 801234567
012735864 801234567
012736458 801234567
012736584 801234567
012736845 801234567
012738465 801234567
012738546 801234567
012738654 801234567
012743586 801234567
012743658 801234567
012743865 801234567
012745368 801234567
012745683 801234567
012745836 801234567
012746385 801234567
012746538 801234567
012746853 801234567
012748356 801234567
012748563 801234567
012748635 801234567
012753468 801234567
012753684 801234567
012753846 801234567
012754386 801234567
012754638 801234567
012754863 801234567
012756348 801234567
012756483 801234567
012756834 801234567
012758364 801234567
012758436 801234567
012758643 801234567
012763485 801234567
012763548 801234567
012763854 801234567
012764358 801234567
012764583 801234567
012764835 801234567
012765384 801234567
012765438 801234567
012765843 801234567
012768345 801234567
012768453 801234567
012768534 801234567
012783456 801234567
012783564 801234567
012783645 801234567
012784365 801234567
012784536 801234567
012784653 801234567
012785346 801234567
012785463 801234567
012785634 801234567
012786354 801234567
012786435 801234567
012786543 801234567
012834576 801234567
012834657 801234567
012834765 801234567
012835467 801234567
012835674 801234567
012835746 801234567
012836475 801234567
012836547 801234567
012836754 801234567
012837456 801234567
012837564 801234567
012837645 801234567
012843567 801234567
012843675 801234567
012843756 801234567
012845376 801234567
012845637 801234567
012845763 801234567
012846357 801234567
012846573 801234567
012846735 801234567
012847365 801234567
012847536 801234567
012847653 801234567
012853476 801234567
012853647 801234567
012853764 801234567
012854367 801234567
012854673 801234567
012854736 801234567
012856374 801234567
012856437 801234567
012856743 801234567
012857346 801234567
012857463 801234567
012857634 801234567
012863457 801234567
012863574 801234567
012863745 801234567
012864375 801234567
012864537 801234567
012864753 801234567
012865347 801234567
012865473 801234567
012865734 801234567
012867354 801234567
012867435 801234567
012867543 801234567
012873465 801234567
012873546 801234567
012873654 801234567
012874356 801234567
012874563 801234567
012874635 801234567
012875364 801234567
012875436 801234567
012875643 801234567
012876345 801234567
012876453 801234567
012876534 801234567
013245687 801234567
013245768 801234567
013245876 801234567
013246578 801234567
013246785 801234567
013246857 801234567
013247586 801234567
013247658 801234567
013247865 801234567
013248567 801234567
013248675 801234567
013248756 801234567
013254678 801234567
013254786 801234567
013254867 801234567
013256487 801234567
013256748 801234567
013256874 801234567
013257468 801234567
013257684 801234567
013257846 801234567
013258476 801234567
013258647 801234567
013258764 801234567
013264587 801234567
013264758 801234567
013264875 801234567
013265478 801234567
013265784 801234567
013265847 801234567
013267485 801234567
013267548 801234567
013267854 801234567
013268457 801234567
013268574 801234567
013268745 801234567
013274568 801234567
013274685 801234567
013274856 801234567
013275486 801234567
013275648 801234567
013275864 801234567
013276458 801234567
013276584 801234567
013276845 801234567
013278465 801234567
013278546 801234567
013278654 801234567
013284576 801234567
013284657 801234567
013284765 801234567
013285467 801234567
013285674 801234567
013285746 801234567
013286475 801234567
013286547 801234567
013286754 801234567
013287456 801234567
013287564 801234567
013287645 801234567
013425678 801234567
013425786 801234567
013425867 801234567
013426587 801234567
013426758 801234567
013426875 801234567
013427568 801234567
013427685 801234567
013427856 801234567
013428576 801234567
013428657 801234567
013428765 801234567
013452687 801234567
013452768 801234567
013452876 801234567
013456278 801234567
013456782 801234567
013456827 801234567
013457286 801234567
013457628 801234567
013457862 801234567
013458267 801234567
013458672 801234567
013458726 801234567
013462578 801234567
013462785 801234567
013462857 801234567
013465287 801234567
013465728 801234567
013465872 801234567
013467258 801234567
013467582 801234567
013467825 801234567
013468275 801234567
013468527 801234567
013468752 801234567
013472586 801234567
013472658 801234567
013472865 801234567
013475268 801234567
013475682 801234567
013475826 801234567
013476285 801234567
013476528 801234567
013476852 801234567
013478256 801234567
013478562 801234567
013478625 801234567
013482567 801234567
013482675 801234567
013482756 801234567
013485276 801234567
013485627 801234567
013485762 801234567
013486257 801234567
013486572 801234567
013486725 801234567
013487265 801234567
013487526 801234567
013487652 801234567
013524687 801234567
013524768 801234567
013524876 801234567
013526478 801234567
013526784 801234567
013526847 801234567
013527486 801234567
013527648 801234567
013527864 801234567
013528467 801234567
013528674 801234567
013528746 801234567
013542678 801234567
013542786 801234567
013542867 801234567
013546287 801234567
013546728 801234567
013546872 801234567
013547268 801234567
