267380514 801234567
267381054 801234567
267381405 801234567
267381540 801234567
267384015 801234567
267384150 801234567
267384501 801234567
267385041 801234567
267385104 801234567
267385410 801234567
267401385 801234567
267401538 801234567
267401853 801234567
267403158 801234567
267403581 801234567
267403815 801234567
267405183 801234567
267405318 801234567
267405831 801234567
267408135 801234567
267408351 801234567
267408513 801234567
267410358 801234567
267410583 801234567
267410835 801234567
267413085 801234567
267413508 801234567
267413850 801234567
267415038 801234567
267415380 801234567
267415803 801234567
267418053 801234567
267418305 801234567
267418530 801234567
267430185 801234567
267430518 801234567
267430851 801234567
267431058 801234567
267431580 801234567
267431805 801234567
267435081 801234567
267435108 801234567
267435810 801234567
267438015 801234567
267438150 801234567
267438501 801234567
267450138 801234567
267450381 801234567
267450813 801234567
267451083 801234567
267451308 801234567
267451830 801234567
267453018 801234567
267453180 801234567
267453801 801234567
267458031 801234567
267458103 801234567
267458310 801234567
267480153 801234567
267480315 801234567
267480531 801234567
267481035 801234567
267481350 801234567
267481503 801234567
267483051 801234567
267483105 801234567
267483510 801234567
267485013 801234567
267485130 801234567
267485301 801234567
267501348 801234567
267501483 801234567
267501834 801234567
267503184 801234567
267503418 801234567
267503841 801234567
267504138 801234567
267504381 801234567
267504813 801234567
267508143 801234567
267508314 801234567
267508431 801234567
267510384 801234567
267510438 801234567
267510843 801234567
267513048 801234567
267513480 801234567
267513804 801234567
267514083 801234567
267514308 801234567
267514830 801234567
267518034 801234567
267518340 801234567
267518403 801234567
267530148 801234567
267530481 801234567
267530814 801234567
267531084 801234567
267531408 801234567
267531840 801234567
267534018 801234567
267534180 801234567
267534801 801234567
267538041 801234567
267538104 801234567
267538410 801234567
267540183 801234567
267540318 801234567
267540831 801234567
267541038 801234567
267541380 801234567
267541803 801234567
267543081 801234567
267543108 801234567
267543810 801234567
267548013 801234567
267548130 801234567
267548301 801234567
267580134 801234567
267580341 801234567
267580413 801234567
267581043 801234567
267581304 801234567
267581430 801234567
267583014 801234567
267583140 801234567
267583401 801234567
267584031 801234567
267584103 801234567
267584310 801234567
267801354 801234567
267801435 801234567
267801543 801234567
267803145 801234567
267803451 801234567
267803514 801234567
267804153 801234567
267804315 801234567
267804531 801234567
267805134 801234567
267805341 801234567
267805413 801234567
267810345 801234567
267810453 801234567
267810534 801234567
267813054 801234567
267813405 801234567
267813540 801234567
267814035 801234567
267814350 801234567
267814503 801234567
267815043 801234567
267815304 801234567
267815430 801234567
267830154 801234567
267830415 801234567
267830541 801234567
267831045 801234567
267831450 801234567
267831504 801234567
267834051 801234567
267834105 801234567
267834510 801234567
267835014 801234567
267835140 801234567
267835401 801234567
267840135 801234567
267840351 801234567
267840513 801234567
267841053 801234567
267841305 801234567
267841530 801234567
267843015 801234567
267843150 801234567
267843501 801234567
267845031 801234567
267845103 801234567
267845310 801234567
267850143 801234567
267850314 801234567
267850431 801234567
267851034 801234567
267851340 801234567
267851403 801234567
267853041 801234567
267853104 801234567
267853410 801234567
267854013 801234567
267854130 801234567
267854301 801234567
268013475 801234567
268013547 801234567
268013754 801234567
268014357 801234567
268014573 801234567
268014735 801234567
268015374 801234567
268015437 801234567
268015743 801234567
268017345 801234567
268017453 801234567
268017534 801234567
268031457 801234567
268031574 801234567
268031745 801234567
268034175 801234567
268034517 801234567
268034751 801234567
268035147 801234567
268035471 801234567
268035714 801234567
268037154 801234567
268037415 801234567
268037541 801234567
268041375 801234567
268041537 801234567
268041753 801234567
268043157 801234567
268043571 801234567
268043715 801234567
268045173 801234567
268045317 801234567
268045731 801234567
268047135 801234567
268047351 801234567
268047513 801234567
268051347 801234567
268051473 801234567
268051734 801234567
268053174 801234567
268053417 801234567
268053741 801234567
268054137 801234567
268054371 801234567
268054713 801234567
268057143 801234567
268057314 801234567
268057431 801234567
268071354 801234567
268071435 801234567
268071543 801234567
268073145 801234567
268073451 801234567
268073514 801234567
268074153 801234567
268074315 801234567
268074531 801234567
268075134 801234567
268075341 801234567
268075413 801234567
268103457 801234567
268103574 801234567
268103745 801234567
268104375 801234567
268104537 801234567
268104753 801234567
268105347 801234567
268105473 801234567
268105734 801234567
268107354 801234567
268107435 801234567
268107543 801234567
268130475 801234567
268130547 801234567
268130754 801234567
268134057 801234567
268134570 801234567
268134705 801234567
268135074 801234567
268135407 801234567
268135740 801234567
268137045 801234567
268137450 801234567
268137504 801234567
268140357 801234567
268140573 801234567
268140735 801234567
268143075 801234567
268143507 801234567
268143750 801234567
268145037 801234567
268145370 801234567
268145703 801234567
268147053 801234567
268147305 801234567
268147530 801234567
268150374 801234567
268150437 801234567
268150743 801234567
268153047 801234567
268153470 801234567
268153704 801234567
268154073 801234567
268154307 801234567
268154730 801234567
268157034 801234567
268157340 801234567
268157403 801234567
268170345 801234567
268170453 801234567
268170534 801234567
268173054 801234567
268173405 801234567
268173540 801234567
268174035 801234567
268174350 801234567
268174503 801234567
268175043 801234567
268175304 801234567
268175430 801234567
268301475 801234567
268301547 801234567
268301754 801234567
268304157 801234567
268304571 801234567
268304715 801234567
268305174 801234567
268305417 801234567
268305741 801234567
268307145 801234567
268307451 801234567
268307514 801234567
268310457 801234567
268310574 801234567
268310745 801234567
268314075 801234567
268314507 801234567
268314750 801234567
268315047 801234567
268315470 801234567
268315704 801234567
268317054 801234567
268317405 801234567
268317540 801234567
268340175 801234567
268340517 801234567
268340751 801234567
268341057 801234567
268341570 801234567
268341705 801234567
268345071 801234567
268345107 801234567
268345710 801234567
268347015 801234567
268347150 801234567
268347501 801234567
268350147 801234567
268350471 801234567
268350714 801234567
268351074 801234567
268351407 801234567
268351740 801234567
268354017 801234567
268354170 801234567
268354701 801234567
268357041 801234567
268357104 801234567
268357410 801234567
268370154 801234567
268370415 801234567
268370541 801234567
268371045 801234567
268371450 801234567
268371504 801234567
268374051 801234567
268374105 801234567
268374510 801234567
268375014 801234567
268375140 801234567
268375401 801234567
268401357 801234567
268401573 801234567
268401735 801234567
268403175 801234567
268403517 801234567
268403751 801234567
268405137 801234567
268405371 801234567
268405713 801234567
268407153 801234567
268407315 801234567
268407531 801234567
268410375 801234567
268410537 801234567
268410753 801234567
268413057 801234567
268413570 801234567
268413705 801234567
268415073 801234567
268415307 801234567
268415730 801234567
268417035 801234567
268417350 801234567
268417503 801234567
268430157 801234567
268430571 801234567
268430715 801234567
268431075 801234567
268431507 801234567
268431750 801234567
268435017 801234567
268435170 801234567
268435701 801234567
268437051 801234567
268437105 801234567
268437510 801234567
268450173 801234567
268450317 801234567
268450731 801234567
268451037 801234567
268451370 801234567
268451703 801234567
268453071 801234567
268453107 801234567
268453710 801234567
268457013 801234567
268457130 801234567
268457301 801234567
268470135 801234567
268470351 801234567
268470513 801234567
268471053 801234567
268471305 801234567
268471530 801234567
268473015 801234567
268473150 801234567
268473501 801234567
268475031 801234567
268475103 801234567
268475310 801234567
268501374 801234567
268501437 801234567
268501743 801234567
268503147 801234567
268503471 801234567
268503714 801234567
268504173 801234567
268504317 801234567
268504731 801234567
268507134 801234567
268507341 801234567
268507413 801234567
268510347 801234567
268510473 801234567
268510734 801234567
268513074 801234567
268513407 801234567
268513740 801234567
268514037 801234567
268514370 801234567
268514703 801234567
268517043 801234567
268517304 801234567
268517430 801234567
268530174 801234567
268530417 801234567
268530741 801234567
268531047 801234567
268531470 801234567
268531704 801234567
268534071 801234567
268534107 801234567
268534710 801234567
268537014 801234567
268537140 801234567
268537401 801234567
268540137 801234567
268540371 801234567
268540713 801234567
268541073 801234567
268541307 801234567
268541730 801234567
268543017 801234567
268543170 801234567
268543701 801234567
268547031 801234567
268547103 801234567
268547310 801234567
268570143 801234567
268570314 801234567
268570431 801234567
268571034 801234567
268571340 801234567
268571403 801234567
268573041 801234567
268573104 801234567
268573410 801234567
268574013 801234567
268574130 801234567
268574301 801234567
268701345 801234567
268701453 801234567
268701534 801234567
268703154 801234567
268703415 801234567
268703541 801234567
268704135 801234567
268704351 801234567
268704513 801234567
