768432051 801234567
768432105 801234567
768432510 801234567
768435012 801234567
768435120 801234567
768435201 801234567
768450123 801234567
768450231 801234567
768450312 801234567
768451032 801234567
768451203 801234567
768451320 801234567
768452013 801234567
768452130 801234567
768452301 801234567
768453021 801234567
768453102 801234567
768453210 801234567
768501243 801234567
768501324 801234567
768501432 801234567
768502134 801234567
768502341 801234567
768502413 801234567
768503142 801234567
768503214 801234567
768503421 801234567
768504123 801234567
768504231 801234567
768504312 801234567
768510234 801234567
768510342 801234567
768510423 801234567
768512043 801234567
768512304 801234567
768512430 801234567
768513024 801234567
768513240 801234567
768513402 801234567
768514032 801234567
768514203 801234567
768514320 801234567
768520143 801234567
768520314 801234567
768520431 801234567
768521034 801234567
768521340 801234567
768521403 801234567
768523041 801234567
768523104 801234567
768523410 801234567
768524013 801234567
768524130 801234567
768524301 801234567
768530124 801234567
768530241 801234567
768530412 801234567
768531042 801234567
768531204 801234567
768531420 801234567
768532014 801234567
768532140 801234567
768532401 801234567
768534021 801234567
768534102 801234567
768534210 801234567
768540132 801234567
768540213 801234567
768540321 801234567
768541023 801234567
768541230 801234567
768541302 801234567
768542031 801234567
768542103 801234567
768542310 801234567
768543012 801234567
768543120 801234567
768543201 801234567
780123465 801234567
780123546 801234567
780123654 801234567
780124356 801234567
780124563 801234567
780124635 801234567
780125364 801234567
780125436 801234567
780125643 801234567
780126345 801234567
780126453 801234567
780126534 801234567
780132456 801234567
780132564 801234567
780132645 801234567
780134265 801234567
780134526 801234567
780134652 801234567
780135246 801234567
780135462 801234567
780135624 801234567
780136254 801234567
780136425 801234567
780136542 801234567
780142365 801234567
780142536 801234567
780142653 801234567
780143256 801234567
780143562 801234567
780143625 801234567
780145263 801234567
780145326 801234567
780145632 801234567
780146235 801234567
780146352 801234567
780146523 801234567
780152346 801234567
780152463 801234567
780152634 801234567
780153264 801234567
780153426 801234567
780153642 801234567
780154236 801234567
780154362 801234567
780154623 801234567
780156243 801234567
780156324 801234567
780156432 801234567
780162354 801234567
780162435 801234567
780162543 801234567
780163245 801234567
780163452 801234567
780163524 801234567
780164253 801234567
780164325 801234567
780164532 801234567
780165234 801234567
780165342 801234567
780165423 801234567
780213456 801234567
780213564 801234567
780213645 801234567
780214365 801234567
780214536 801234567
780214653 801234567
780215346 801234567
780215463 801234567
780215634 801234567
780216354 801234567
780216435 801234567
780216543 801234567
780231465 801234567
780231546 801234567
780231654 801234567
780234156 801234567
780234561 801234567
780234615 801234567
780235164 801234567
780235416 801234567
780235641 801234567
780236145 801234567
780236451 801234567
780236514 801234567
780241356 801234567
780241563 801234567
780241635 801234567
780243165 801234567
780243516 801234567
780243651 801234567
780245136 801234567
780245361 801234567
780245613 801234567
780246153 801234567
780246315 801234567
780246531 801234567
780251364 801234567
780251436 801234567
780251643 801234567
780253146 801234567
780253461 801234567
780253614 801234567
780254163 801234567
780254316 801234567
780254631 801234567
780256134 801234567
780256341 801234567
780256413 801234567
780261345 801234567
780261453 801234567
780261534 801234567
780263154 801234567
780263415 801234567
780263541 801234567
780264135 801234567
780264351 801234567
780264513 801234567
780265143 801234567
780265314 801234567
780265431 801234567
780312465 801234567
780312546 801234567
780312654 801234567
780314256 801234567
780314562 801234567
780314625 801234567
780315264 801234567
780315426 801234567
780315642 801234567
780316245 801234567
780316452 801234567
780316524 801234567
780321456 801234567
780321564 801234567
780321645 801234567
780324165 801234567
780324516 801234567
780324651 801234567
780325146 801234567
780325461 801234567
780325614 801234567
780326154 801234567
780326415 801234567
780326541 801234567
780341265 801234567
780341526 801234567
780341652 801234567
780342156 801234567
780342561 801234567
780342615 801234567
780345162 801234567
780345216 801234567
780345621 801234567
780346125 801234567
780346251 801234567
780346512 801234567
780351246 801234567
780351462 801234567
780351624 801234567
780352164 801234567
780352416 801234567
780352641 801234567
780354126 801234567
780354261 801234567
780354612 801234567
780356142 801234567
780356214 801234567
780356421 801234567
780361254 801234567
780361425 801234567
780361542 801234567
780362145 801234567
780362451 801234567
780362514 801234567
780364152 801234567
780364215 801234567
780364521 801234567
780365124 801234567
780365241 801234567
780365412 801234567
780412356 801234567
780412563 801234567
780412635 801234567
780413265 801234567
780413526 801234567
780413652 801234567
780415236 801234567
780415362 801234567
780415623 801234567
780416253 801234567
780416325 801234567
780416532 801234567
780421365 801234567
780421536 801234567
780421653 801234567
780423156 801234567
780423561 801234567
780423615 801234567
780425163 801234567
780425316 801234567
780425631 801234567
780426135 801234567
780426351 801234567
780426513 801234567
780431256 801234567
780431562 801234567
780431625 801234567
780432165 801234567
780432516 801234567
780432651 801234567
780435126 801234567
780435261 801234567
780435612 801234567
780436152 801234567
780436215 801234567
780436521 801234567
780451263 801234567
780451326 801234567
780451632 801234567
780452136 801234567
780452361 801234567
780452613 801234567
780453162 801234567
780453216 801234567
780453621 801234567
780456123 801234567
780456231 801234567
780456312 801234567
780461235 801234567
780461352 801234567
780461523 801234567
780462153 801234567
780462315 801234567
780462531 801234567
780463125 801234567
780463251 801234567
780463512 801234567
780465132 801234567
780465213 801234567
780465321 801234567
780512364 801234567
780512436 801234567
780512643 801234567
780513246 801234567
780513462 801234567
780513624 801234567
780514263 801234567
780514326 801234567
780514632 801234567
780516234 801234567
780516342 801234567
780516423 801234567
780521346 801234567
780521463 801234567
780521634 801234567
780523164 801234567
780523416 801234567
780523641 801234567
780524136 801234567
780524361 801234567
780524613 801234567
780526143 801234567
780526314 801234567
780526431 801234567
780531264 801234567
780531426 801234567
780531642 801234567
780532146 801234567
780532461 801234567
780532614 801234567
780534162 801234567
780534216 801234567
780534621 801234567
780536124 801234567
780536241 801234567
780536412 801234567
780541236 801234567
780541362 801234567
780541623 801234567
780542163 801234567
780542316 801234567
780542631 801234567
780543126 801234567
780543261 801234567
780543612 801234567
780546132 801234567
780546213 801234567
780546321 801234567
780561243 801234567
780561324 801234567
780561432 801234567
780562134 801234567
780562341 801234567
780562413 801234567
780563142 801234567
780563214 801234567
780563421 801234567
780564123 801234567
780564231 801234567
780564312 801234567
780612345 801234567
780612453 801234567
780612534 801234567
780613254 801234567
780613425 801234567
780613542 801234567
780614235 801234567
780614352 801234567
780614523 801234567
780615243 801234567
780615324 801234567
780615432 801234567
780621354 801234567
780621435 801234567
780621543 801234567
780623145 801234567
780623451 801234567
780623514 801234567
780624153 801234567
780624315 801234567
780624531 801234567
780625134 801234567
780625341 801234567
780625413 801234567
780631245 801234567
780631452 801234567
780631524 801234567
780632154 801234567
780632415 801234567
780632541 801234567
780634125 801234567
780634251 801234567
780634512 801234567
780635142 801234567
780635214 801234567
780635421 801234567
780641253 801234567
780641325 801234567
780641532 801234567
780642135 801234567
780642351 801234567
780642513 801234567
780643152 801234567
780643215 801234567
780643521 801234567
780645123 801234567
780645231 801234567
780645312 801234567
780651234 801234567
780651342 801234567
780651423 801234567
780652143 801234567
780652314 801234567
780652431 801234567
780653124 801234567
780653241 801234567
780653412 801234567
780654132 801234567
780654213 801234567
780654321 801234567
781023456 801234567
781023564 801234567
781023645 801234567
781024365 801234567
781024536 801234567
781024653 801234567
781025346 801234567
781025463 801234567
781025634 801234567
781026354 801234567
781026435 801234567
781026543 801234567
781032465 801234567
781032546 801234567
781032654 801234567
781034256 801234567
781034562 801234567
781034625 801234567
781035264 801234567
781035426 801234567
781035642 801234567
781036245 801234567
781036452 801234567
781036524 801234567
781042356 801234567
781042563 801234567
781042635 801234567
781043265 801234567
781043526 801234567
781043652 801234567
781045236 801234567
781045362 801234567
781045623 801234567
781046253 801234567
781046325 801234567
781046532 801234567
781052364 801234567
781052436 801234567
781052643 801234567
781053246 801234567
781053462 801234567
781053624 801234567
781054263 801234567
781054326 801234567
781054632 801234567
781056234 801234567
781056342 801234567
781056423 801234567
781062345 801234567
781062453 801234567
781062534 801234567
781063254 801234567
781063425 801234567
781063542 801234567
781064235 801234567
781064352 801234567
781064523 801234567
781065243 801234567
781065324 801234567
781065432 801234567
781203465 801234567
