124085736 801234567
124086375 801234567
124086537 801234567
124086753 801234567
124087356 801234567
124087563 801234567
124087635 801234567
124305678 801234567
124305786 801234567
124305867 801234567
124306587 801234567
124306758 801234567
124306875 801234567
124307568 801234567
124307685 801234567
124307856 801234567
124308576 801234567
124308657 801234567
124308765 801234567
124350687 801234567
124350768 801234567
124350876 801234567
124356078 801234567
124356780 801234567
124356807 801234567
124357086 801234567
124357608 801234567
124357860 801234567
124358067 801234567
124358670 801234567
124358706 801234567
124360578 801234567
124360785 801234567
124360857 801234567
124365087 801234567
124365708 801234567
124365870 801234567
124367058 801234567
124367580 801234567
124367805 801234567
124368075 801234567
124368507 801234567
124368750 801234567
124370586 801234567
124370658 801234567
124370865 801234567
124375068 801234567
124375680 801234567
124375806 801234567
124376085 801234567
124376508 801234567
124376850 801234567
124378056 801234567
124378560 801234567
124378605 801234567
124380567 801234567
124380675 801234567
124380756 801234567
124385076 801234567
124385607 801234567
124385760 801234567
124386057 801234567
124386570 801234567
124386705 801234567
124387065 801234567
124387506 801234567
124387650 801234567
124503687 801234567
124503768 801234567
124503876 801234567
124506378 801234567
124506783 801234567
124506837 801234567
124507386 801234567
124507638 801234567
124507863 801234567
124508367 801234567
124508673 801234567
124508736 801234567
124530678 801234567
124530786 801234567
124530867 801234567
124536087 801234567
124536708 801234567
124536870 801234567
124537068 801234567
124537680 801234567
124537806 801234567
124538076 801234567
124538607 801234567
124538760 801234567
124560387 801234567
124560738 801234567
124560873 801234567
124563078 801234567
124563780 801234567
124563807 801234567
124567083 801234567
124567308 801234567
124567830 801234567
124568037 801234567
124568370 801234567
124568703 801234567
124570368 801234567
124570683 801234567
124570836 801234567
124573086 801234567
124573608 801234567
124573860 801234567
124576038 801234567
124576380 801234567
124576803 801234567
124578063 801234567
124578306 801234567
124578630 801234567
124580376 801234567
124580637 801234567
124580763 801234567
124583067 801234567
124583670 801234567
124583706 801234567
124586073 801234567
124586307 801234567
124586730 801234567
124587036 801234567
124587360 801234567
124587603 801234567
124603578 801234567
124603785 801234567
124603857 801234567
124605387 801234567
124605738 801234567
124605873 801234567
124607358 801234567
124607583 801234567
124607835 801234567
124608375 801234567
124608537 801234567
124608753 801234567
124630587 801234567
124630758 801234567
124630875 801234567
124635078 801234567
124635780 801234567
124635807 801234567
124637085 801234567
124637508 801234567
124637850 801234567
124638057 801234567
124638570 801234567
124638705 801234567
124650378 801234567
124650783 801234567
124650837 801234567
124653087 801234567
124653708 801234567
124653870 801234567
124657038 801234567
124657380 801234567
124657803 801234567
124658073 801234567
124658307 801234567
124658730 801234567
124670385 801234567
124670538 801234567
124670853 801234567
124673058 801234567
124673580 801234567
124673805 801234567
124675083 801234567
124675308 801234567
124675830 801234567
124678035 801234567
124678350 801234567
124678503 801234567
124680357 801234567
124680573 801234567
124680735 801234567
124683075 801234567
124683507 801234567
124683750 801234567
124685037 801234567
124685370 801234567
124685703 801234567
124687053 801234567
124687305 801234567
124687530 801234567
124703586 801234567
124703658 801234567
124703865 801234567
124705368 801234567
124705683 801234567
124705836 801234567
124706385 801234567
124706538 801234567
124706853 801234567
124708356 801234567
124708563 801234567
124708635 801234567
124730568 801234567
124730685 801234567
124730856 801234567
124735086 801234567
124735608 801234567
124735860 801234567
124736058 801234567
124736580 801234567
124736805 801234567
124738065 801234567
124738506 801234567
124738650 801234567
124750386 801234567
124750638 801234567
124750863 801234567
124753068 801234567
124753680 801234567
124753806 801234567
124756083 801234567
124756308 801234567
124756830 801234567
124758036 801234567
124758360 801234567
124758603 801234567
124760358 801234567
124760583 801234567
124760835 801234567
124763085 801234567
124763508 801234567
124763850 801234567
124765038 801234567
124765380 801234567
124765803 801234567
124768053 801234567
124768305 801234567
124768530 801234567
124780365 801234567
124780536 801234567
124780653 801234567
124783056 801234567
124783560 801234567
124783605 801234567
124785063 801234567
124785306 801234567
124785630 801234567
124786035 801234567
124786350 801234567
124786503 801234567
124803567 801234567
124803675 801234567
124803756 801234567
124805376 801234567
124805637 801234567
124805763 801234567
124806357 801234567
124806573 801234567
124806735 801234567
124807365 801234567
124807536 801234567
124807653 801234567
124830576 801234567
124830657 801234567
124830765 801234567
124835067 801234567
124835670 801234567
124835706 801234567
124836075 801234567
124836507 801234567
124836750 801234567
124837056 801234567
124837560 801234567
124837605 801234567
124850367 801234567
124850673 801234567
124850736 801234567
124853076 801234567
124853607 801234567
124853760 801234567
124856037 801234567
124856370 801234567
124856703 801234567
124857063 801234567
124857306 801234567
124857630 801234567
124860375 801234567
124860537 801234567
124860753 801234567
124863057 801234567
124863570 801234567
124863705 801234567
124865073 801234567
124865307 801234567
124865730 801234567
124867035 801234567
124867350 801234567
124867503 801234567
124870356 801234567
124870563 801234567
124870635 801234567
124873065 801234567
124873506 801234567
124873650 801234567
124875036 801234567
124875360 801234567
124875603 801234567
124876053 801234567
124876305 801234567
124876530 801234567
125034678 801234567
125034786 801234567
125034867 801234567
125036487 801234567
125036748 801234567
125036874 801234567
125037468 801234567
125037684 801234567
125037846 801234567
125038476 801234567
125038647 801234567
125038764 801234567
125043687 801234567
125043768 801234567
125043876 801234567
125046378 801234567
125046783 801234567
125046837 801234567
125047386 801234567
125047638 801234567
125047863 801234567
125048367 801234567
125048673 801234567
125048736 801234567
125063478 801234567
125063784 801234567
125063847 801234567
125064387 801234567
125064738 801234567
125064873 801234567
125067348 801234567
125067483 801234567
125067834 801234567
125068374 801234567
125068437 801234567
125068743 801234567
125073486 801234567
125073648 801234567
125073864 801234567
125074368 801234567
125074683 801234567
125074836 801234567
125076384 801234567
125076438 801234567
125076843 801234567
125078346 801234567
125078463 801234567
125078634 801234567
125083467 801234567
125083674 801234567
125083746 801234567
125084376 801234567
125084637 801234567
125084763 801234567
125086347 801234567
125086473 801234567
125086734 801234567
125087364 801234567
125087436 801234567
125087643 801234567
125304687 801234567
125304768 801234567
125304876 801234567
125306478 801234567
125306784 801234567
125306847 801234567
125307486 801234567
125307648 801234567
125307864 801234567
125308467 801234567
125308674 801234567
125308746 801234567
125340678 801234567
125340786 801234567
125340867 801234567
125346087 801234567
125346708 801234567
125346870 801234567
125347068 801234567
125347680 801234567
125347806 801234567
125348076 801234567
125348607 801234567
125348760 801234567
125360487 801234567
125360748 801234567
125360874 801234567
125364078 801234567
125364780 801234567
125364807 801234567
125367084 801234567
125367408 801234567
125367840 801234567
125368047 801234567
125368470 801234567
125368704 801234567
125370468 801234567
125370684 801234567
125370846 801234567
125374086 801234567
125374608 801234567
125374860 801234567
125376048 801234567
125376480 801234567
125376804 801234567
125378064 801234567
125378406 801234567
125378640 801234567
125380476 801234567
125380647 801234567
125380764 801234567
125384067 801234567
125384670 801234567
125384706 801234567
125386074 801234567
125386407 801234567
125386740 801234567
125387046 801234567
125387460 801234567
125387604 801234567
125403678 801234567
125403786 801234567
125403867 801234567
125406387 801234567
125406738 801234567
125406873 801234567
125407368 801234567
125407683 801234567
125407836 801234567
125408376 801234567
125408637 801234567
125408763 801234567
125430687 801234567
125430768 801234567
125430876 801234567
125436078 801234567
125436780 801234567
125436807 801234567
125437086 801234567
125437608 801234567
125437860 801234567
125438067 801234567
125438670 801234567
125438706 801234567
125460378 801234567
125460783 801234567
125460837 801234567
125463087 801234567
125463708 801234567
125463870 801234567
125467038 801234567
125467380 801234567
125467803 801234567
125468073 801234567
125468307 801234567
125468730 801234567
125470386 801234567
125470638 801234567
125470863 801234567
125473068 801234567
125473680 801234567
125473806 801234567
125476083 801234567
125476308 801234567
125476830 801234567
125478036 801234567
125478360 801234567
125478603 801234567
125480367 801234567
125480673 801234567
125480736 801234567
125483076 801234567
125483607 801234567
125483760 801234567
125486037 801234567
125486370 801234567
125486703 801234567
125487063 801234567
125487306 801234567
125487630 801234567
125603487 801234567
125603748 801234567
125603874 801234567
125604378 801234567
125604783 801234567
125604837 801234567
125607384 801234567
125607438 801234567
125607843 801234567
125608347 801234567
125608473 801234567
125608734 801234567
