732801456 801234567
732801564 801234567
732801645 801234567
732804165 801234567
732804516 801234567
732804651 801234567
732805146 801234567
732805461 801234567
732805614 801234567
732806154 801234567
732806415 801234567
732806541 801234567
732810465 801234567
732810546 801234567
732810654 801234567
732814056 801234567
732814560 801234567
732814605 801234567
732815064 801234567
732815406 801234567
732815640 801234567
732816045 801234567
732816450 801234567
732816504 801234567
732840156 801234567
732840561 801234567
732840615 801234567
732841065 801234567
732841506 801234567
732841650 801234567
732845016 801234567
732845160 801234567
732845601 801234567
732846051 801234567
732846105 801234567
732846510 801234567
732850164 801234567
732850416 801234567
732850641 801234567
732851046 801234567
732851460 801234567
732851604 801234567
732854061 801234567
732854106 801234567
732854610 801234567
732856014 801234567
732856140 801234567
732856401 801234567
732860145 801234567
732860451 801234567
732860514 801234567
732861054 801234567
732861405 801234567
732861540 801234567
732864015 801234567
732864150 801234567
732864501 801234567
732865041 801234567
732865104 801234567
732865410 801234567
734012568 801234567
734012685 801234567
734012856 801234567
734015286 801234567
734015628 801234567
734015862 801234567
734016258 801234567
734016582 801234567
734016825 801234567
734018265 801234567
734018526 801234567
734018652 801234567
734021586 801234567
734021658 801234567
734021865 801234567
734025168 801234567
734025681 801234567
734025816 801234567
734026185 801234567
734026518 801234567
734026851 801234567
734028156 801234567
734028561 801234567
734028615 801234567
734051268 801234567
734051682 801234567
734051826 801234567
734052186 801234567
734052618 801234567
734052861 801234567
734056128 801234567
734056281 801234567
734056812 801234567
734058162 801234567
734058216 801234567
734058621 801234567
734061285 801234567
734061528 801234567
734061852 801234567
734062158 801234567
734062581 801234567
734062815 801234567
734065182 801234567
734065218 801234567
734065821 801234567
734068125 801234567
734068251 801234567
734068512 801234567
734081256 801234567
734081562 801234567
734081625 801234567
734082165 801234567
734082516 801234567
734082651 801234567
734085126 801234567
734085261 801234567
734085612 801234567
734086152 801234567
734086215 801234567
734086521 801234567
734102586 801234567
734102658 801234567
734102865 801234567
734105268 801234567
734105682 801234567
734105826 801234567
734106285 801234567
734106528 801234567
734106852 801234567
734108256 801234567
734108562 801234567
734108625 801234567
734120568 801234567
734120685 801234567
734120856 801234567
734125086 801234567
734125608 801234567
734125860 801234567
734126058 801234567
734126580 801234567
734126805 801234567
734128065 801234567
734128506 801234567
734128650 801234567
734150286 801234567
734150628 801234567
734150862 801234567
734152068 801234567
734152680 801234567
734152806 801234567
734156082 801234567
734156208 801234567
734156820 801234567
734158026 801234567
734158260 801234567
734158602 801234567
734160258 801234567
734160582 801234567
734160825 801234567
734162085 801234567
734162508 801234567
734162850 801234567
734165028 801234567
734165280 801234567
734165802 801234567
734168052 801234567
734168205 801234567
734168520 801234567
734180265 801234567
734180526 801234567
734180652 801234567
734182056 801234567
734182560 801234567
734182605 801234567
734185062 801234567
734185206 801234567
734185620 801234567
734186025 801234567
734186250 801234567
734186502 801234567
734201568 801234567
734201685 801234567
734201856 801234567
734205186 801234567
734205618 801234567
734205861 801234567
734206158 801234567
734206581 801234567
734206815 801234567
734208165 801234567
734208516 801234567
734208651 801234567
734210586 801234567
734210658 801234567
734210865 801234567
734215068 801234567
734215680 801234567
734215806 801234567
734216085 801234567
734216508 801234567
734216850 801234567
734218056 801234567
734218560 801234567
734218605 801234567
734250168 801234567
734250681 801234567
734250816 801234567
734251086 801234567
734251608 801234567
734251860 801234567
734256018 801234567
734256180 801234567
734256801 801234567
734258061 801234567
734258106 801234567
734258610 801234567
734260185 801234567
734260518 801234567
734260851 801234567
734261058 801234567
734261580 801234567
734261805 801234567
734265081 801234567
734265108 801234567
734265810 801234567
734268015 801234567
734268150 801234567
734268501 801234567
734280156 801234567
734280561 801234567
734280615 801234567
734281065 801234567
734281506 801234567
734281650 801234567
734285016 801234567
734285160 801234567
734285601 801234567
734286051 801234567
734286105 801234567
734286510 801234567
734501286 801234567
734501628 801234567
734501862 801234567
734502168 801234567
734502681 801234567
734502816 801234567
734506182 801234567
734506218 801234567
734506821 801234567
734508126 801234567
734508261 801234567
734508612 801234567
734510268 801234567
734510682 801234567
734510826 801234567
734512086 801234567
734512608 801234567
734512860 801234567
734516028 801234567
734516280 801234567
734516802 801234567
734518062 801234567
734518206 801234567
734518620 801234567
734520186 801234567
734520618 801234567
734520861 801234567
734521068 801234567
734521680 801234567
734521806 801234567
734526081 801234567
734526108 801234567
734526810 801234567
734528016 801234567
734528160 801234567
734528601 801234567
734560128 801234567
734560281 801234567
734560812 801234567
734561082 801234567
734561208 801234567
734561820 801234567
734562018 801234567
734562180 801234567
734562801 801234567
734568021 801234567
734568102 801234567
734568210 801234567
734580162 801234567
734580216 801234567
734580621 801234567
734581026 801234567
734581260 801234567
734581602 801234567
734582061 801234567
734582106 801234567
734582610 801234567
734586012 801234567
734586120 801234567
734586201 801234567
734601258 801234567
734601582 801234567
734601825 801234567
734602185 801234567
734602518 801234567
734602851 801234567
734605128 801234567
734605281 801234567
734605812 801234567
734608152 801234567
734608215 801234567
734608521 801234567
734610285 801234567
734610528 801234567
734610852 801234567
734612058 801234567
734612580 801234567
734612805 801234567
734615082 801234567
734615208 801234567
734615820 801234567
734618025 801234567
734618250 801234567
734618502 801234567
734620158 801234567
734620581 801234567
734620815 801234567
734621085 801234567
734621508 801234567
734621850 801234567
734625018 801234567
734625180 801234567
734625801 801234567
734628051 801234567
734628105 801234567
734628510 801234567
734650182 801234567
734650218 801234567
734650821 801234567
734651028 801234567
734651280 801234567
734651802 801234567
734652081 801234567
734652108 801234567
734652810 801234567
734658012 801234567
734658120 801234567
734658201 801234567
734680125 801234567
734680251 801234567
734680512 801234567
734681052 801234567
734681205 801234567
734681520 801234567
734682015 801234567
734682150 801234567
734682501 801234567
734685021 801234567
734685102 801234567
734685210 801234567
734801265 801234567
734801526 801234567
734801652 801234567
734802156 801234567
734802561 801234567
734802615 801234567
734805162 801234567
734805216 801234567
734805621 801234567
734806125 801234567
734806251 801234567
734806512 801234567
734810256 801234567
734810562 801234567
734810625 801234567
734812065 801234567
734812506 801234567
734812650 801234567
734815026 801234567
734815260 801234567
734815602 801234567
734816052 801234567
734816205 801234567
734816520 801234567
734820165 801234567
734820516 801234567
734820651 801234567
734821056 801234567
734821560 801234567
734821605 801234567
734825061 801234567
734825106 801234567
734825610 801234567
734826015 801234567
734826150 801234567
734826501 801234567
734850126 801234567
734850261 801234567
734850612 801234567
734851062 801234567
734851206 801234567
734851620 801234567
734852016 801234567
734852160 801234567
734852601 801234567
734856021 801234567
734856102 801234567
734856210 801234567
734860152 801234567
734860215 801234567
734860521 801234567
734861025 801234567
734861250 801234567
734861502 801234567
734862051 801234567
734862105 801234567
734862510 801234567
734865012 801234567
734865120 801234567
734865201 801234567
735012486 801234567
735012648 801234567
735012864 801234567
735014268 801234567
735014682 801234567
735014826 801234567
735016284 801234567
735016428 801234567
735016842 801234567
735018246 801234567
735018462 801234567
735018624 801234567
735021468 801234567
735021684 801234567
735021846 801234567
735024186 801234567
735024618 801234567
735024861 801234567
735026148 801234567
735026481 801234567
735026814 801234567
735028164 801234567
735028416 801234567
735028641 801234567
735041286 801234567
735041628 801234567
735041862 801234567
735042168 801234567
735042681 801234567
735042816 801234567
735046182 801234567
735046218 801234567
735046821 801234567
735048126 801234567
735048261 801234567
735048612 801234567
735061248 801234567
735061482 801234567
735061824 801234567
735062184 801234567
735062418 801234567
735062841 801234567
735064128 801234567
735064281 801234567
735064812 801234567
735068142 801234567
735068214 801234567
735068421 801234567
735081264 801234567
735081426 801234567
735081642 801234567
735082146 801234567
735082461 801234567
735082614 801234567
735084162 801234567
735084216 801234567
735084621 801234567
735086124 801234567
735086241 801234567
735086412 801234567
735102468 801234567
735102684 801234567
735102846 801234567
735104286 801234567
735104628 801234567
735104862 801234567
735106248 801234567
735106482 801234567
735106824 801234567
735108264 801234567
735108426 801234567
735108642 801234567
735120486 801234567
735120648 801234567
735120864 801234567
735124068 801234567
735124680 801234567
735124806 801234567
735126084 801234567
