534861207 801234567
534861720 801234567
534862017 801234567
534862170 801234567
534862701 801234567
534867021 801234567
534867102 801234567
534867210 801234567
534870162 801234567
534870216 801234567
534870621 801234567
534871026 801234567
534871260 801234567
534871602 801234567
534872061 801234567
534872106 801234567
534872610 801234567
534876012 801234567
534876120 801234567
534876201 801234567
536012487 801234567
536012748 801234567
536012874 801234567
536014278 801234567
536014782 801234567
536014827 801234567
536017284 801234567
536017428 801234567
536017842 801234567
536018247 801234567
536018472 801234567
536018724 801234567
536021478 801234567
536021784 801234567
536021847 801234567
536024187 801234567
536024718 801234567
536024871 801234567
536027148 801234567
536027481 801234567
536027814 801234567
536028174 801234567
536028417 801234567
536028741 801234567
536041287 801234567
536041728 801234567
536041872 801234567
536042178 801234567
536042781 801234567
536042817 801234567
536047182 801234567
536047218 801234567
536047821 801234567
536048127 801234567
536048271 801234567
536048712 801234567
536071248 801234567
536071482 801234567
536071824 801234567
536072184 801234567
536072418 801234567
536072841 801234567
536074128 801234567
536074281 801234567
536074812 801234567
536078142 801234567
536078214 801234567
536078421 801234567
536081274 801234567
536081427 801234567
536081742 801234567
536082147 801234567
536082471 801234567
536082714 801234567
536084172 801234567
536084217 801234567
536084721 801234567
536087124 801234567
536087241 801234567
536087412 801234567
536102478 801234567
536102784 801234567
536102847 801234567
536104287 801234567
536104728 801234567
536104872 801234567
536107248 801234567
536107482 801234567
536107824 801234567
536108274 801234567
536108427 801234567
536108742 801234567
536120487 801234567
536120748 801234567
536120874 801234567
536124078 801234567
536124780 801234567
536124807 801234567
536127084 801234567
536127408 801234567
536127840 801234567
536128047 801234567
536128470 801234567
536128704 801234567
536140278 801234567
536140782 801234567
536140827 801234567
536142087 801234567
536142708 801234567
536142870 801234567
536147028 801234567
536147280 801234567
536147802 801234567
536148072 801234567
536148207 801234567
536148720 801234567
536170284 801234567
536170428 801234567
536170842 801234567
536172048 801234567
536172480 801234567
536172804 801234567
536174082 801234567
536174208 801234567
536174820 801234567
536178024 801234567
536178240 801234567
536178402 801234567
536180247 801234567
536180472 801234567
536180724 801234567
536182074 801234567
536182407 801234567
536182740 801234567
536184027 801234567
536184270 801234567
536184702 801234567
536187042 801234567
536187204 801234567
536187420 801234567
536201487 801234567
536201748 801234567
536201874 801234567
536204178 801234567
536204781 801234567
536204817 801234567
536207184 801234567
536207418 801234567
536207841 801234567
536208147 801234567
536208471 801234567
536208714 801234567
536210478 801234567
536210784 801234567
536210847 801234567
536214087 801234567
536214708 801234567
536214870 801234567
536217048 801234567
536217480 801234567
536217804 801234567
536218074 801234567
536218407 801234567
536218740 801234567
536240187 801234567
536240718 801234567
536240871 801234567
536241078 801234567
536241780 801234567
536241807 801234567
536247081 801234567
536247108 801234567
536247810 801234567
536248017 801234567
536248170 801234567
536248701 801234567
536270148 801234567
536270481 801234567
536270814 801234567
536271084 801234567
536271408 801234567
536271840 801234567
536274018 801234567
536274180 801234567
536274801 801234567
536278041 801234567
536278104 801234567
536278410 801234567
536280174 801234567
536280417 801234567
536280741 801234567
536281047 801234567
536281470 801234567
536281704 801234567
536284071 801234567
536284107 801234567
536284710 801234567
536287014 801234567
536287140 801234567
536287401 801234567
536401278 801234567
536401782 801234567
536401827 801234567
536402187 801234567
536402718 801234567
536402871 801234567
536407128 801234567
536407281 801234567
536407812 801234567
536408172 801234567
536408217 801234567
536408721 801234567
536410287 801234567
536410728 801234567
536410872 801234567
536412078 801234567
536412780 801234567
536412807 801234567
536417082 801234567
536417208 801234567
536417820 801234567
536418027 801234567
536418270 801234567
536418702 801234567
536420178 801234567
536420781 801234567
536420817 801234567
536421087 801234567
536421708 801234567
536421870 801234567
536427018 801234567
536427180 801234567
536427801 801234567
536428071 801234567
536428107 801234567
536428710 801234567
536470182 801234567
536470218 801234567
536470821 801234567
536471028 801234567
536471280 801234567
536471802 801234567
536472081 801234567
536472108 801234567
536472810 801234567
536478012 801234567
536478120 801234567
536478201 801234567
536480127 801234567
536480271 801234567
536480712 801234567
536481072 801234567
536481207 801234567
536481720 801234567
536482017 801234567
536482170 801234567
536482701 801234567
536487021 801234567
536487102 801234567
536487210 801234567
536701284 801234567
536701428 801234567
536701842 801234567
536702148 801234567
536702481 801234567
536702814 801234567
536704182 801234567
536704218 801234567
536704821 801234567
536708124 801234567
536708241 801234567
536708412 801234567
536710248 801234567
536710482 801234567
536710824 801234567
536712084 801234567
536712408 801234567
536712840 801234567
536714028 801234567
536714280 801234567
536714802 801234567
536718042 801234567
536718204 801234567
536718420 801234567
536720184 801234567
536720418 801234567
536720841 801234567
536721048 801234567
536721480 801234567
536721804 801234567
536724081 801234567
536724108 801234567
536724810 801234567
536728014 801234567
536728140 801234567
536728401 801234567
536740128 801234567
536740281 801234567
536740812 801234567
536741082 801234567
536741208 801234567
536741820 801234567
536742018 801234567
536742180 801234567
536742801 801234567
536748021 801234567
536748102 801234567
536748210 801234567
536780142 801234567
536780214 801234567
536780421 801234567
536781024 801234567
536781240 801234567
536781402 801234567
536782041 801234567
536782104 801234567
536782410 801234567
536784012 801234567
536784120 801234567
536784201 801234567
536801247 801234567
536801472 801234567
536801724 801234567
536802174 801234567
536802417 801234567
536802741 801234567
536804127 801234567
536804271 801234567
536804712 801234567
536807142 801234567
536807214 801234567
536807421 801234567
536810274 801234567
536810427 801234567
536810742 801234567
536812047 801234567
536812470 801234567
536812704 801234567
536814072 801234567
536814207 801234567
536814720 801234567
536817024 801234567
536817240 801234567
536817402 801234567
536820147 801234567
536820471 801234567
536820714 801234567
536821074 801234567
536821407 801234567
536821740 801234567
536824017 801234567
536824170 801234567
536824701 801234567
536827041 801234567
536827104 801234567
536827410 801234567
536840172 801234567
536840217 801234567
536840721 801234567
536841027 801234567
536841270 801234567
536841702 801234567
536842071 801234567
536842107 801234567
536842710 801234567
536847012 801234567
536847120 801234567
536847201 801234567
536870124 801234567
536870241 801234567
536870412 801234567
536871042 801234567
536871204 801234567
536871420 801234567
536872014 801234567
536872140 801234567
536872401 801234567
536874021 801234567
536874102 801234567
536874210 801234567
537012468 801234567
537012684 801234567
537012846 801234567
537014286 801234567
537014628 801234567
537014862 801234567
537016248 801234567
537016482 801234567
537016824 801234567
537018264 801234567
537018426 801234567
537018642 801234567
537021486 801234567
537021648 801234567
537021864 801234567
537024168 801234567
537024681 801234567
537024816 801234567
537026184 801234567
537026418 801234567
537026841 801234567
537028146 801234567
537028461 801234567
537028614 801234567
537041268 801234567
537041682 801234567
537041826 801234567
537042186 801234567
537042618 801234567
537042861 801234567
537046128 801234567
537046281 801234567
537046812 801234567
537048162 801234567
537048216 801234567
537048621 801234567
537061284 801234567
537061428 801234567
537061842 801234567
537062148 801234567
537062481 801234567
537062814 801234567
537064182 801234567
537064218 801234567
537064821 801234567
537068124 801234567
537068241 801234567
537068412 801234567
537081246 801234567
537081462 801234567
537081624 801234567
537082164 801234567
537082416 801234567
537082641 801234567
537084126 801234567
537084261 801234567
537084612 801234567
537086142 801234567
537086214 801234567
537086421 801234567
537102486 801234567
537102648 801234567
537102864 801234567
537104268 801234567
537104682 801234567
537104826 801234567
537106284 801234567
537106428 801234567
537106842 801234567
537108246 801234567
537108462 801234567
537108624 801234567
537120468 801234567
537120684 801234567
537120846 801234567
537124086 801234567
537124608 801234567
537124860 801234567
537126048 801234567
537126480 801234567
537126804 801234567
537128064 801234567
537128406 801234567
537128640 801234567
537140286 801234567
537140628 801234567
537140862 801234567
537142068 801234567
537142680 801234567
537142806 801234567
537146082 801234567
537146208 801234567
537146820 801234567
537148026 801234567
537148260 801234567
537148602 801234567
537160248 801234567
537160482 801234567
537160824 801234567
537162084 801234567
537162408 801234567
537162840 801234567
537164028 801234567
537164280 801234567
537164802 801234567
537168042 801234567
537168204 801234567
537168420 801234567
537180264 801234567
537180426 801234567
537180642 801234567
537182046 801234567
537182460 801234567
537182604 801234567
537184062 801234567
537184206 801234567
537184620 801234567
537186024 801234567
537186240 801234567
