704135286 801234567
704135628 801234567
704135862 801234567
704136258 801234567
704136582 801234567
704136825 801234567
704138265 801234567
704138526 801234567
704138652 801234567
704152386 801234567
704152638 801234567
704152863 801234567
704153268 801234567
704153682 801234567
704153826 801234567
704156283 801234567
704156328 801234567
704156832 801234567
704158236 801234567
704158362 801234567
704158623 801234567
704162358 801234567
704162583 801234567
704162835 801234567
704163285 801234567
704163528 801234567
704163852 801234567
704165238 801234567
704165382 801234567
704165823 801234567
704168253 801234567
704168325 801234567
704168532 801234567
704182365 801234567
704182536 801234567
704182653 801234567
704183256 801234567
704183562 801234567
704183625 801234567
704185263 801234567
704185326 801234567
704185632 801234567
704186235 801234567
704186352 801234567
704186523 801234567
704213568 801234567
704213685 801234567
704213856 801234567
704215386 801234567
704215638 801234567
704215863 801234567
704216358 801234567
704216583 801234567
704216835 801234567
704218365 801234567
704218536 801234567
704218653 801234567
704231586 801234567
704231658 801234567
704231865 801234567
704235168 801234567
704235681 801234567
704235816 801234567
704236185 801234567
704236518 801234567
704236851 801234567
704238156 801234567
704238561 801234567
704238615 801234567
704251368 801234567
704251683 801234567
704251836 801234567
704253186 801234567
704253618 801234567
704253861 801234567
704256138 801234567
704256381 801234567
704256813 801234567
704258163 801234567
704258316 801234567
704258631 801234567
704261385 801234567
704261538 801234567
704261853 801234567
704263158 801234567
704263581 801234567
704263815 801234567
704265183 801234567
704265318 801234567
704265831 801234567
704268135 801234567
704268351 801234567
704268513 801234567
704281356 801234567
704281563 801234567
704281635 801234567
704283165 801234567
704283516 801234567
704283651 801234567
704285136 801234567
704285361 801234567
704285613 801234567
704286153 801234567
704286315 801234567
704286531 801234567
704312586 801234567
704312658 801234567
704312865 801234567
704315268 801234567
704315682 801234567
704315826 801234567
704316285 801234567
704316528 801234567
704316852 801234567
704318256 801234567
704318562 801234567
704318625 801234567
704321568 801234567
704321685 801234567
704321856 801234567
704325186 801234567
704325618 801234567
704325861 801234567
704326158 801234567
704326581 801234567
704326815 801234567
704328165 801234567
704328516 801234567
704328651 801234567
704351286 801234567
704351628 801234567
704351862 801234567
704352168 801234567
704352681 801234567
704352816 801234567
704356182 801234567
704356218 801234567
704356821 801234567
704358126 801234567
704358261 801234567
704358612 801234567
704361258 801234567
704361582 801234567
704361825 801234567
704362185 801234567
704362518 801234567
704362851 801234567
704365128 801234567
704365281 801234567
704365812 801234567
704368152 801234567
704368215 801234567
704368521 801234567
704381265 801234567
704381526 801234567
704381652 801234567
704382156 801234567
704382561 801234567
704382615 801234567
704385162 801234567
704385216 801234567
704385621 801234567
704386125 801234567
704386251 801234567
704386512 801234567
704512368 801234567
704512683 801234567
704512836 801234567
704513286 801234567
704513628 801234567
704513862 801234567
704516238 801234567
704516382 801234567
704516823 801234567
704518263 801234567
704518326 801234567
704518632 801234567
704521386 801234567
704521638 801234567
704521863 801234567
704523168 801234567
704523681 801234567
704523816 801234567
704526183 801234567
704526318 801234567
704526831 801234567
704528136 801234567
704528361 801234567
704528613 801234567
704531268 801234567
704531682 801234567
704531826 801234567
704532186 801234567
704532618 801234567
704532861 801234567
704536128 801234567
704536281 801234567
704536812 801234567
704538162 801234567
704538216 801234567
704538621 801234567
704561283 801234567
704561328 801234567
704561832 801234567
704562138 801234567
704562381 801234567
704562813 801234567
704563182 801234567
704563218 801234567
704563821 801234567
704568123 801234567
704568231 801234567
704568312 801234567
704581236 801234567
704581362 801234567
704581623 801234567
704582163 801234567
704582316 801234567
704582631 801234567
704583126 801234567
704583261 801234567
704583612 801234567
704586132 801234567
704586213 801234567
704586321 801234567
704612385 801234567
704612538 801234567
704612853 801234567
704613258 801234567
704613582 801234567
704613825 801234567
704615283 801234567
704615328 801234567
704615832 801234567
704618235 801234567
704618352 801234567
704618523 801234567
704621358 801234567
704621583 801234567
704621835 801234567
704623185 801234567
704623518 801234567
704623851 801234567
704625138 801234567
704625381 801234567
704625813 801234567
704628153 801234567
704628315 801234567
704628531 801234567
704631285 801234567
704631528 801234567
704631852 801234567
704632158 801234567
704632581 801234567
704632815 801234567
704635182 801234567
704635218 801234567
704635821 801234567
704638125 801234567
704638251 801234567
704638512 801234567
704651238 801234567
704651382 801234567
704651823 801234567
704652183 801234567
704652318 801234567
704652831 801234567
704653128 801234567
704653281 801234567
704653812 801234567
704658132 801234567
704658213 801234567
704658321 801234567
704681253 801234567
704681325 801234567
704681532 801234567
704682135 801234567
704682351 801234567
704682513 801234567
704683152 801234567
704683215 801234567
704683521 801234567
704685123 801234567
704685231 801234567
704685312 801234567
704812356 801234567
704812563 801234567
704812635 801234567
704813265 801234567
704813526 801234567
704813652 801234567
704815236 801234567
704815362 801234567
704815623 801234567
704816253 801234567
704816325 801234567
704816532 801234567
704821365 801234567
704821536 801234567
704821653 801234567
704823156 801234567
704823561 801234567
704823615 801234567
704825163 801234567
704825316 801234567
704825631 801234567
704826135 801234567
704826351 801234567
704826513 801234567
704831256 801234567
704831562 801234567
704831625 801234567
704832165 801234567
704832516 801234567
704832651 801234567
704835126 801234567
704835261 801234567
704835612 801234567
704836152 801234567
704836215 801234567
704836521 801234567
704851263 801234567
704851326 801234567
704851632 801234567
704852136 801234567
704852361 801234567
704852613 801234567
704853162 801234567
704853216 801234567
704853621 801234567
704856123 801234567
704856231 801234567
704856312 801234567
704861235 801234567
704861352 801234567
704861523 801234567
704862153 801234567
704862315 801234567
704862531 801234567
704863125 801234567
704863251 801234567
704863512 801234567
704865132 801234567
704865213 801234567
704865321 801234567
705123468 801234567
705123684 801234567
705123846 801234567
705124386 801234567
705124638 801234567
705124863 801234567
705126348 801234567
705126483 801234567
705126834 801234567
705128364 801234567
705128436 801234567
705128643 801234567
705132486 801234567
705132648 801234567
705132864 801234567
705134268 801234567
705134682 801234567
705134826 801234567
705136284 801234567
705136428 801234567
705136842 801234567
705138246 801234567
705138462 801234567
705138624 801234567
705142368 801234567
705142683 801234567
705142836 801234567
705143286 801234567
705143628 801234567
705143862 801234567
705146238 801234567
705146382 801234567
705146823 801234567
705148263 801234567
705148326 801234567
705148632 801234567
705162384 801234567
705162438 801234567
705162843 801234567
705163248 801234567
705163482 801234567
705163824 801234567
705164283 801234567
705164328 801234567
705164832 801234567
705168234 801234567
705168342 801234567
705168423 801234567
705182346 801234567
705182463 801234567
705182634 801234567
705183264 801234567
705183426 801234567
705183642 801234567
705184236 801234567
705184362 801234567
705184623 801234567
705186243 801234567
705186324 801234567
705186432 801234567
705213486 801234567
705213648 801234567
705213864 801234567
705214368 801234567
705214683 801234567
705214836 801234567
705216384 801234567
705216438 801234567
705216843 801234567
705218346 801234567
705218463 801234567
705218634 801234567
705231468 801234567
705231684 801234567
705231846 801234567
705234186 801234567
705234618 801234567
705234861 801234567
705236148 801234567
705236481 801234567
705236814 801234567
705238164 801234567
705238416 801234567
705238641 801234567
705241386 801234567
705241638 801234567
705241863 801234567
705243168 801234567
705243681 801234567
705243816 801234567
705246183 801234567
705246318 801234567
705246831 801234567
705248136 801234567
705248361 801234567
705248613 801234567
705261348 801234567
705261483 801234567
705261834 801234567
705263184 801234567
705263418 801234567
705263841 801234567
705264138 801234567
705264381 801234567
705264813 801234567
705268143 801234567
705268314 801234567
705268431 801234567
705281364 801234567
705281436 801234567
705281643 801234567
705283146 801234567
705283461 801234567
705283614 801234567
705284163 801234567
705284316 801234567
705284631 801234567
705286134 801234567
705286341 801234567
705286413 801234567
705312468 801234567
705312684 801234567
705312846 801234567
705314286 801234567
705314628 801234567
705314862 801234567
705316248 801234567
705316482 801234567
705316824 801234567
705318264 801234567
705318426 801234567
705318642 801234567
705321486 801234567
705321648 801234567
705321864 801234567
705324168 801234567
705324681 801234567
705324816 801234567
705326184 801234567
705326418 801234567
705326841 801234567
705328146 801234567
705328461 801234567
705328614 801234567
705341268 801234567
705341682 801234567
705341826 801234567
705342186 801234567
705342618 801234567
705342861 801234567
705346128 801234567
705346281 801234567
705346812 801234567
705348162 801234567
