783641052 801234567
783641205 801234567
783641520 801234567
783642015 801234567
783642150 801234567
783642501 801234567
783645021 801234567
783645102 801234567
783645210 801234567
783650142 801234567
783650214 801234567
783650421 801234567
783651024 801234567
783651240 801234567
783651402 801234567
783652041 801234567
783652104 801234567
783652410 801234567
783654012 801234567
783654120 801234567
783654201 801234567
784012365 801234567
784012536 801234567
784012653 801234567
784013256 801234567
784013562 801234567
784013625 801234567
784015263 801234567
784015326 801234567
784015632 801234567
784016235 801234567
784016352 801234567
784016523 801234567
784021356 801234567
784021563 801234567
784021635 801234567
784023165 801234567
784023516 801234567
784023651 801234567
784025136 801234567
784025361 801234567
784025613 801234567
784026153 801234567
784026315 801234567
784026531 801234567
784031265 801234567
784031526 801234567
784031652 801234567
784032156 801234567
784032561 801234567
784032615 801234567
784035162 801234567
784035216 801234567
784035621 801234567
784036125 801234567
784036251 801234567
784036512 801234567
784051236 801234567
784051362 801234567
784051623 801234567
784052163 801234567
784052316 801234567
784052631 801234567
784053126 801234567
784053261 801234567
784053612 801234567
784056132 801234567
784056213 801234567
784056321 801234567
784061253 801234567
784061325 801234567
784061532 801234567
784062135 801234567
784062351 801234567
784062513 801234567
784063152 801234567
784063215 801234567
784063521 801234567
784065123 801234567
784065231 801234567
784065312 801234567
784102356 801234567
784102563 801234567
784102635 801234567
784103265 801234567
784103526 801234567
784103652 801234567
784105236 801234567
784105362 801234567
784105623 801234567
784106253 801234567
784106325 801234567
784106532 801234567
784120365 801234567
784120536 801234567
784120653 801234567
784123056 801234567
784123560 801234567
784123605 801234567
784125063 801234567
784125306 801234567
784125630 801234567
784126035 801234567
784126350 801234567
784126503 801234567
784130256 801234567
784130562 801234567
784130625 801234567
784132065 801234567
784132506 801234567
784132650 801234567
784135026 801234567
784135260 801234567
784135602 801234567
784136052 801234567
784136205 801234567
784136520 801234567
784150263 801234567
784150326 801234567
784150632 801234567
784152036 801234567
784152360 801234567
784152603 801234567
784153062 801234567
784153206 801234567
784153620 801234567
784156023 801234567
784156230 801234567
784156302 801234567
784160235 801234567
784160352 801234567
784160523 801234567
784162053 801234567
784162305 801234567
784162530 801234567
784163025 801234567
784163250 801234567
784163502 801234567
784165032 801234567
784165203 801234567
784165320 801234567
784201365 801234567
784201536 801234567
784201653 801234567
784203156 801234567
784203561 801234567
784203615 801234567
784205163 801234567
784205316 801234567
784205631 801234567
784206135 801234567
784206351 801234567
784206513 801234567
784210356 801234567
784210563 801234567
784210635 801234567
784213065 801234567
784213506 801234567
784213650 801234567
784215036 801234567
784215360 801234567
784215603 801234567
784216053 801234567
784216305 801234567
784216530 801234567
784230165 801234567
784230516 801234567
784230651 801234567
784231056 801234567
784231560 801234567
784231605 801234567
784235061 801234567
784235106 801234567
784235610 801234567
784236015 801234567
784236150 801234567
784236501 801234567
784250136 801234567
784250361 801234567
784250613 801234567
784251063 801234567
784251306 801234567
784251630 801234567
784253016 801234567
784253160 801234567
784253601 801234567
784256031 801234567
784256103 801234567
784256310 801234567
784260153 801234567
784260315 801234567
784260531 801234567
784261035 801234567
784261350 801234567
784261503 801234567
784263051 801234567
784263105 801234567
784263510 801234567
784265013 801234567
784265130 801234567
784265301 801234567
784301256 801234567
784301562 801234567
784301625 801234567
784302165 801234567
784302516 801234567
784302651 801234567
784305126 801234567
784305261 801234567
784305612 801234567
784306152 801234567
784306215 801234567
784306521 801234567
784310265 801234567
784310526 801234567
784310652 801234567
784312056 801234567
784312560 801234567
784312605 801234567
784315062 801234567
784315206 801234567
784315620 801234567
784316025 801234567
784316250 801234567
784316502 801234567
784320156 801234567
784320561 801234567
784320615 801234567
784321065 801234567
784321506 801234567
784321650 801234567
784325016 801234567
784325160 801234567
784325601 801234567
784326051 801234567
784326105 801234567
784326510 801234567
784350162 801234567
784350216 801234567
784350621 801234567
784351026 801234567
784351260 801234567
784351602 801234567
784352061 801234567
784352106 801234567
784352610 801234567
784356012 801234567
784356120 801234567
784356201 801234567
784360125 801234567
784360251 801234567
784360512 801234567
784361052 801234567
784361205 801234567
784361520 801234567
784362015 801234567
784362150 801234567
784362501 801234567
784365021 801234567
784365102 801234567
784365210 801234567
784501263 801234567
784501326 801234567
784501632 801234567
784502136 801234567
784502361 801234567
784502613 801234567
784503162 801234567
784503216 801234567
784503621 801234567
784506123 801234567
784506231 801234567
784506312 801234567
784510236 801234567
784510362 801234567
784510623 801234567
784512063 801234567
784512306 801234567
784512630 801234567
784513026 801234567
784513260 801234567
784513602 801234567
784516032 801234567
784516203 801234567
784516320 801234567
784520163 801234567
784520316 801234567
784520631 801234567
784521036 801234567
784521360 801234567
784521603 801234567
784523061 801234567
784523106 801234567
784523610 801234567
784526013 801234567
784526130 801234567
784526301 801234567
784530126 801234567
784530261 801234567
784530612 801234567
784531062 801234567
784531206 801234567
784531620 801234567
784532016 801234567
784532160 801234567
784532601 801234567
784536021 801234567
784536102 801234567
784536210 801234567
784560132 801234567
784560213 801234567
784560321 801234567
784561023 801234567
784561230 801234567
784561302 801234567
784562031 801234567
784562103 801234567
784562310 801234567
784563012 801234567
784563120 801234567
784563201 801234567
784601235 801234567
784601352 801234567
784601523 801234567
784602153 801234567
784602315 801234567
784602531 801234567
784603125 801234567
784603251 801234567
784603512 801234567
784605132 801234567
784605213 801234567
784605321 801234567
784610253 801234567
784610325 801234567
784610532 801234567
784612035 801234567
784612350 801234567
784612503 801234567
784613052 801234567
784613205 801234567
784613520 801234567
784615023 801234567
784615230 801234567
784615302 801234567
784620135 801234567
784620351 801234567
784620513 801234567
784621053 801234567
784621305 801234567
784621530 801234567
784623015 801234567
784623150 801234567
784623501 801234567
784625031 801234567
784625103 801234567
784625310 801234567
784630152 801234567
784630215 801234567
784630521 801234567
784631025 801234567
784631250 801234567
784631502 801234567
784632051 801234567
784632105 801234567
784632510 801234567
784635012 801234567
784635120 801234567
784635201 801234567
784650123 801234567
784650231 801234567
784650312 801234567
784651032 801234567
784651203 801234567
784651320 801234567
784652013 801234567
784652130 801234567
784652301 801234567
784653021 801234567
784653102 801234567
784653210 801234567
785012346 801234567
785012463 801234567
785012634 801234567
785013264 801234567
785013426 801234567
785013642 801234567
785014236 801234567
785014362 801234567
785014623 801234567
785016243 801234567
785016324 801234567
785016432 801234567
785021364 801234567
785021436 801234567
785021643 801234567
785023146 801234567
785023461 801234567
785023614 801234567
785024163 801234567
785024316 801234567
785024631 801234567
785026134 801234567
785026341 801234567
785026413 801234567
785031246 801234567
785031462 801234567
785031624 801234567
785032164 801234567
785032416 801234567
785032641 801234567
785034126 801234567
785034261 801234567
785034612 801234567
785036142 801234567
785036214 801234567
785036421 801234567
785041263 801234567
785041326 801234567
785041632 801234567
785042136 801234567
785042361 801234567
785042613 801234567
785043162 801234567
785043216 801234567
785043621 801234567
785046123 801234567
785046231 801234567
785046312 801234567
785061234 801234567
785061342 801234567
785061423 801234567
785062143 801234567
785062314 801234567
785062431 801234567
785063124 801234567
785063241 801234567
785063412 801234567
785064132 801234567
785064213 801234567
785064321 801234567
785102364 801234567
785102436 801234567
785102643 801234567
785103246 801234567
785103462 801234567
785103624 801234567
785104263 801234567
785104326 801234567
785104632 801234567
785106234 801234567
785106342 801234567
785106423 801234567
785120346 801234567
785120463 801234567
785120634 801234567
785123064 801234567
785123406 801234567
785123640 801234567
785124036 801234567
785124360 801234567
785124603 801234567
785126043 801234567
785126304 801234567
785126430 801234567
785130264 801234567
785130426 801234567
785130642 801234567
785132046 801234567
785132460 801234567
785132604 801234567
785134062 801234567
785134206 801234567
785134620 801234567
785136024 801234567
785136240 801234567
785136402 801234567
785140236 801234567
785140362 801234567
785140623 801234567
785142063 801234567
785142306 801234567
785142630 801234567
785143026 801234567
785143260 801234567
785143602 801234567
785146032 801234567
785146203 801234567
785146320 801234567
785160243 801234567
785160324 801234567
785160432 801234567
785162034 801234567
785162340 801234567
785162403 801234567
785163042 801234567
785163204 801234567
785163420 801234567
785164023 801234567
