562347108 801234567
562347810 801234567
562348017 801234567
562348170 801234567
562348701 801234567
562370148 801234567
562370481 801234567
562370814 801234567
562371084 801234567
562371408 801234567
562371840 801234567
562374018 801234567
562374180 801234567
562374801 801234567
562378041 801234567
562378104 801234567
562378410 801234567
562380174 801234567
562380417 801234567
562380741 801234567
562381047 801234567
562381470 801234567
562381704 801234567
562384071 801234567
562384107 801234567
562384710 801234567
562387014 801234567
562387140 801234567
562387401 801234567
562401378 801234567
562401783 801234567
562401837 801234567
562403187 801234567
562403718 801234567
562403871 801234567
562407138 801234567
562407381 801234567
562407813 801234567
562408173 801234567
562408317 801234567
562408731 801234567
562410387 801234567
562410738 801234567
562410873 801234567
562413078 801234567
562413780 801234567
562413807 801234567
562417083 801234567
562417308 801234567
562417830 801234567
562418037 801234567
562418370 801234567
562418703 801234567
562430178 801234567
562430781 801234567
562430817 801234567
562431087 801234567
562431708 801234567
562431870 801234567
562437018 801234567
562437180 801234567
562437801 801234567
562438071 801234567
562438107 801234567
562438710 801234567
562470183 801234567
562470318 801234567
562470831 801234567
562471038 801234567
562471380 801234567
562471803 801234567
562473081 801234567
562473108 801234567
562473810 801234567
562478013 801234567
562478130 801234567
562478301 801234567
562480137 801234567
562480371 801234567
562480713 801234567
562481073 801234567
562481307 801234567
562481730 801234567
562483017 801234567
562483170 801234567
562483701 801234567
562487031 801234567
562487103 801234567
562487310 801234567
562701384 801234567
562701438 801234567
562701843 801234567
562703148 801234567
562703481 801234567
562703814 801234567
562704183 801234567
562704318 801234567
562704831 801234567
562708134 801234567
562708341 801234567
562708413 801234567
562710348 801234567
562710483 801234567
562710834 801234567
562713084 801234567
562713408 801234567
562713840 801234567
562714038 801234567
562714380 801234567
562714803 801234567
562718043 801234567
562718304 801234567
562718430 801234567
562730184 801234567
562730418 801234567
562730841 801234567
562731048 801234567
562731480 801234567
562731804 801234567
562734081 801234567
562734108 801234567
562734810 801234567
562738014 801234567
562738140 801234567
562738401 801234567
562740138 801234567
562740381 801234567
562740813 801234567
562741083 801234567
562741308 801234567
562741830 801234567
562743018 801234567
562743180 801234567
562743801 801234567
562748031 801234567
562748103 801234567
562748310 801234567
562780143 801234567
562780314 801234567
562780431 801234567
562781034 801234567
562781340 801234567
562781403 801234567
562783041 801234567
562783104 801234567
562783410 801234567
562784013 801234567
562784130 801234567
562784301 801234567
562801347 801234567
562801473 801234567
562801734 801234567
562803174 801234567
562803417 801234567
562803741 801234567
562804137 801234567
562804371 801234567
562804713 801234567
562807143 801234567
562807314 801234567
562807431 801234567
562810374 801234567
562810437 801234567
562810743 801234567
562813047 801234567
562813470 801234567
562813704 801234567
562814073 801234567
562814307 801234567
562814730 801234567
562817034 801234567
562817340 801234567
562817403 801234567
562830147 801234567
562830471 801234567
562830714 801234567
562831074 801234567
562831407 801234567
562831740 801234567
562834017 801234567
562834170 801234567
562834701 801234567
562837041 801234567
562837104 801234567
562837410 801234567
562840173 801234567
562840317 801234567
562840731 801234567
562841037 801234567
562841370 801234567
562841703 801234567
562843071 801234567
562843107 801234567
562843710 801234567
562847013 801234567
562847130 801234567
562847301 801234567
562870134 801234567
562870341 801234567
562870413 801234567
562871043 801234567
562871304 801234567
562871430 801234567
562873014 801234567
562873140 801234567
562873401 801234567
562874031 801234567
562874103 801234567
562874310 801234567
563012478 801234567
563012784 801234567
563012847 801234567
563014287 801234567
563014728 801234567
563014872 801234567
563017248 801234567
563017482 801234567
563017824 801234567
563018274 801234567
563018427 801234567
563018742 801234567
563021487 801234567
563021748 801234567
563021874 801234567
563024178 801234567
563024781 801234567
563024817 801234567
563027184 801234567
563027418 801234567
563027841 801234567
563028147 801234567
563028471 801234567
563028714 801234567
563041278 801234567
563041782 801234567
563041827 801234567
563042187 801234567
563042718 801234567
563042871 801234567
563047128 801234567
563047281 801234567
563047812 801234567
563048172 801234567
563048217 801234567
563048721 801234567
563071284 801234567
563071428 801234567
563071842 801234567
563072148 801234567
563072481 801234567
563072814 801234567
563074182 801234567
563074218 801234567
563074821 801234567
563078124 801234567
563078241 801234567
563078412 801234567
563081247 801234567
563081472 801234567
563081724 801234567
563082174 801234567
563082417 801234567
563082741 801234567
563084127 801234567
563084271 801234567
563084712 801234567
563087142 801234567
563087214 801234567
563087421 801234567
563102487 801234567
563102748 801234567
563102874 801234567
563104278 801234567
563104782 801234567
563104827 801234567
563107284 801234567
563107428 801234567
563107842 801234567
563108247 801234567
563108472 801234567
563108724 801234567
563120478 801234567
563120784 801234567
563120847 801234567
563124087 801234567
563124708 801234567
563124870 801234567
563127048 801234567
563127480 801234567
563127804 801234567
563128074 801234567
563128407 801234567
563128740 801234567
563140287 801234567
563140728 801234567
563140872 801234567
563142078 801234567
563142780 801234567
563142807 801234567
563147082 801234567
563147208 801234567
563147820 801234567
563148027 801234567
563148270 801234567
563148702 801234567
563170248 801234567
563170482 801234567
563170824 801234567
563172084 801234567
563172408 801234567
563172840 801234567
563174028 801234567
563174280 801234567
563174802 801234567
563178042 801234567
563178204 801234567
563178420 801234567
563180274 801234567
563180427 801234567
563180742 801234567
563182047 801234567
563182470 801234567
563182704 801234567
563184072 801234567
563184207 801234567
563184720 801234567
563187024 801234567
563187240 801234567
563187402 801234567
563201478 801234567
563201784 801234567
563201847 801234567
563204187 801234567
563204718 801234567
563204871 801234567
563207148 801234567
563207481 801234567
563207814 801234567
563208174 801234567
563208417 801234567
563208741 801234567
563210487 801234567
563210748 801234567
563210874 801234567
563214078 801234567
563214780 801234567
563214807 801234567
563217084 801234567
563217408 801234567
563217840 801234567
563218047 801234567
563218470 801234567
563218704 801234567
563240178 801234567
563240781 801234567
563240817 801234567
563241087 801234567
563241708 801234567
563241870 801234567
563247018 801234567
563247180 801234567
563247801 801234567
563248071 801234567
563248107 801234567
563248710 801234567
563270184 801234567
563270418 801234567
563270841 801234567
563271048 801234567
563271480 801234567
563271804 801234567
563274081 801234567
563274108 801234567
563274810 801234567
563278014 801234567
563278140 801234567
563278401 801234567
563280147 801234567
563280471 801234567
563280714 801234567
563281074 801234567
563281407 801234567
563281740 801234567
563284017 801234567
563284170 801234567
563284701 801234567
563287041 801234567
563287104 801234567
563287410 801234567
563401287 801234567
563401728 801234567
563401872 801234567
563402178 801234567
563402781 801234567
563402817 801234567
563407182 801234567
563407218 801234567
563407821 801234567
563408127 801234567
563408271 801234567
563408712 801234567
563410278 801234567
563410782 801234567
563410827 801234567
563412087 801234567
563412708 801234567
563412870 801234567
563417028 801234567
563417280 801234567
563417802 801234567
563418072 801234567
563418207 801234567
563418720 801234567
563420187 801234567
563420718 801234567
563420871 801234567
563421078 801234567
563421780 801234567
563421807 801234567
563427081 801234567
563427108 801234567
563427810 801234567
563428017 801234567
563428170 801234567
563428701 801234567
563470128 801234567
563470281 801234567
563470812 801234567
563471082 801234567
563471208 801234567
563471820 801234567
563472018 801234567
563472180 801234567
563472801 801234567
563478021 801234567
563478102 801234567
563478210 801234567
563480172 801234567
563480217 801234567
563480721 801234567
563481027 801234567
563481270 801234567
563481702 801234567
563482071 801234567
563482107 801234567
563482710 801234567
563487012 801234567
563487120 801234567
563487201 801234567
563701248 801234567
563701482 801234567
563701824 801234567
563702184 801234567
563702418 801234567
563702841 801234567
563704128 801234567
563704281 801234567
563704812 801234567
563708142 801234567
563708214 801234567
563708421 801234567
563710284 801234567
563710428 801234567
563710842 801234567
563712048 801234567
563712480 801234567
563712804 801234567
563714082 801234567
563714208 801234567
563714820 801234567
563718024 801234567
563718240 801234567
563718402 801234567
563720148 801234567
563720481 801234567
563720814 801234567
563721084 801234567
563721408 801234567
563721840 801234567
563724018 801234567
563724180 801234567
563724801 801234567
563728041 801234567
563728104 801234567
563728410 801234567
563740182 801234567
563740218 801234567
563740821 801234567
563741028 801234567
563741280 801234567
563741802 801234567
563742081 801234567
563742108 801234567
563742810 801234567
563748012 801234567
563748120 801234567
563748201 801234567
563780124 801234567
563780241 801234567
