702584613 801234567
702586143 801234567
702586314 801234567
702586431 801234567
702613485 801234567
702613548 801234567
702613854 801234567
702614358 801234567
702614583 801234567
702614835 801234567
702615384 801234567
702615438 801234567
702615843 801234567
702618345 801234567
702618453 801234567
702618534 801234567
702631458 801234567
702631584 801234567
702631845 801234567
702634185 801234567
702634518 801234567
702634851 801234567
702635148 801234567
702635481 801234567
702635814 801234567
702638154 801234567
702638415 801234567
702638541 801234567
702641385 801234567
702641538 801234567
702641853 801234567
702643158 801234567
702643581 801234567
702643815 801234567
702645183 801234567
702645318 801234567
702645831 801234567
702648135 801234567
702648351 801234567
702648513 801234567
702651348 801234567
702651483 801234567
702651834 801234567
702653184 801234567
702653418 801234567
702653841 801234567
702654138 801234567
702654381 801234567
702654813 801234567
702658143 801234567
702658314 801234567
702658431 801234567
702681354 801234567
702681435 801234567
702681543 801234567
702683145 801234567
702683451 801234567
702683514 801234567
702684153 801234567
702684315 801234567
702684531 801234567
702685134 801234567
702685341 801234567
702685413 801234567
702813456 801234567
702813564 801234567
702813645 801234567
702814365 801234567
702814536 801234567
702814653 801234567
702815346 801234567
702815463 801234567
702815634 801234567
702816354 801234567
702816435 801234567
702816543 801234567
702831465 801234567
702831546 801234567
702831654 801234567
702834156 801234567
702834561 801234567
702834615 801234567
702835164 801234567
702835416 801234567
702835641 801234567
702836145 801234567
702836451 801234567
702836514 801234567
702841356 801234567
702841563 801234567
702841635 801234567
702843165 801234567
702843516 801234567
702843651 801234567
702845136 801234567
702845361 801234567
702845613 801234567
702846153 801234567
702846315 801234567
702846531 801234567
702851364 801234567
702851436 801234567
702851643 801234567
702853146 801234567
702853461 801234567
702853614 801234567
702854163 801234567
702854316 801234567
702854631 801234567
702856134 801234567
702856341 801234567
702856413 801234567
702861345 801234567
702861453 801234567
702861534 801234567
702863154 801234567
702863415 801234567
702863541 801234567
702864135 801234567
702864351 801234567
702864513 801234567
702865143 801234567
702865314 801234567
702865431 801234567
703124568 801234567
703124685 801234567
703124856 801234567
703125486 801234567
703125648 801234567
703125864 801234567
703126458 801234567
703126584 801234567
703126845 801234567
703128465 801234567
703128546 801234567
703128654 801234567
703142586 801234567
703142658 801234567
703142865 801234567
703145268 801234567
703145682 801234567
703145826 801234567
703146285 801234567
703146528 801234567
703146852 801234567
703148256 801234567
703148562 801234567
703148625 801234567
703152468 801234567
703152684 801234567
703152846 801234567
703154286 801234567
703154628 801234567
703154862 801234567
703156248 801234567
703156482 801234567
703156824 801234567
703158264 801234567
703158426 801234567
703158642 801234567
703162485 801234567
703162548 801234567
703162854 801234567
703164258 801234567
703164582 801234567
703164825 801234567
703165284 801234567
703165428 801234567
703165842 801234567
703168245 801234567
703168452 801234567
703168524 801234567
703182456 801234567
703182564 801234567
703182645 801234567
703184265 801234567
703184526 801234567
703184652 801234567
703185246 801234567
703185462 801234567
703185624 801234567
703186254 801234567
703186425 801234567
703186542 801234567
703214586 801234567
703214658 801234567
703214865 801234567
703215468 801234567
703215684 801234567
703215846 801234567
703216485 801234567
703216548 801234567
703216854 801234567
703218456 801234567
703218564 801234567
703218645 801234567
703241568 801234567
703241685 801234567
703241856 801234567
703245186 801234567
703245618 801234567
703245861 801234567
703246158 801234567
703246581 801234567
703246815 801234567
703248165 801234567
703248516 801234567
703248651 801234567
703251486 801234567
703251648 801234567
703251864 801234567
703254168 801234567
703254681 801234567
703254816 801234567
703256184 801234567
703256418 801234567
703256841 801234567
703258146 801234567
703258461 801234567
703258614 801234567
703261458 801234567
703261584 801234567
703261845 801234567
703264185 801234567
703264518 801234567
703264851 801234567
703265148 801234567
703265481 801234567
703265814 801234567
703268154 801234567
703268415 801234567
703268541 801234567
703281465 801234567
703281546 801234567
703281654 801234567
703284156 801234567
703284561 801234567
703284615 801234567
703285164 801234567
703285416 801234567
703285641 801234567
703286145 801234567
703286451 801234567
703286514 801234567
703412568 801234567
703412685 801234567
703412856 801234567
703415286 801234567
703415628 801234567
703415862 801234567
703416258 801234567
703416582 801234567
703416825 801234567
703418265 801234567
703418526 801234567
703418652 801234567
703421586 801234567
703421658 801234567
703421865 801234567
703425168 801234567
703425681 801234567
703425816 801234567
703426185 801234567
703426518 801234567
703426851 801234567
703428156 801234567
703428561 801234567
703428615 801234567
703451268 801234567
703451682 801234567
703451826 801234567
703452186 801234567
703452618 801234567
703452861 801234567
703456128 801234567
703456281 801234567
703456812 801234567
703458162 801234567
703458216 801234567
703458621 801234567
703461285 801234567
703461528 801234567
703461852 801234567
703462158 801234567
703462581 801234567
703462815 801234567
703465182 801234567
703465218 801234567
703465821 801234567
703468125 801234567
703468251 801234567
703468512 801234567
703481256 801234567
703481562 801234567
703481625 801234567
703482165 801234567
703482516 801234567
703482651 801234567
703485126 801234567
703485261 801234567
703485612 801234567
703486152 801234567
703486215 801234567
703486521 801234567
703512486 801234567
703512648 801234567
703512864 801234567
703514268 801234567
703514682 801234567
703514826 801234567
703516284 801234567
703516428 801234567
703516842 801234567
703518246 801234567
703518462 801234567
703518624 801234567
703521468 801234567
703521684 801234567
703521846 801234567
703524186 801234567
703524618 801234567
703524861 801234567
703526148 801234567
703526481 801234567
703526814 801234567
703528164 801234567
703528416 801234567
703528641 801234567
703541286 801234567
703541628 801234567
703541862 801234567
703542168 801234567
703542681 801234567
703542816 801234567
703546182 801234567
703546218 801234567
703546821 801234567
703548126 801234567
703548261 801234567
703548612 801234567
703561248 801234567
703561482 801234567
703561824 801234567
703562184 801234567
703562418 801234567
703562841 801234567
703564128 801234567
703564281 801234567
703564812 801234567
703568142 801234567
703568214 801234567
703568421 801234567
703581264 801234567
703581426 801234567
703581642 801234567
703582146 801234567
703582461 801234567
703582614 801234567
703584162 801234567
703584216 801234567
703584621 801234567
703586124 801234567
703586241 801234567
703586412 801234567
703612458 801234567
703612584 801234567
703612845 801234567
703614285 801234567
703614528 801234567
703614852 801234567
703615248 801234567
703615482 801234567
703615824 801234567
703618254 801234567
703618425 801234567
703618542 801234567
703621485 801234567
703621548 801234567
703621854 801234567
703624158 801234567
703624581 801234567
703624815 801234567
703625184 801234567
703625418 801234567
703625841 801234567
703628145 801234567
703628451 801234567
703628514 801234567
703641258 801234567
703641582 801234567
703641825 801234567
703642185 801234567
703642518 801234567
703642851 801234567
703645128 801234567
703645281 801234567
703645812 801234567
703648152 801234567
703648215 801234567
703648521 801234567
703651284 801234567
703651428 801234567
703651842 801234567
703652148 801234567
703652481 801234567
703652814 801234567
703654182 801234567
703654218 801234567
703654821 801234567
703658124 801234567
703658241 801234567
703658412 801234567
703681245 801234567
703681452 801234567
703681524 801234567
703682154 801234567
703682415 801234567
703682541 801234567
703684125 801234567
703684251 801234567
703684512 801234567
703685142 801234567
703685214 801234567
703685421 801234567
703812465 801234567
703812546 801234567
703812654 801234567
703814256 801234567
703814562 801234567
703814625 801234567
703815264 801234567
703815426 801234567
703815642 801234567
703816245 801234567
703816452 801234567
703816524 801234567
703821456 801234567
703821564 801234567
703821645 801234567
703824165 801234567
703824516 801234567
703824651 801234567
703825146 801234567
703825461 801234567
703825614 801234567
703826154 801234567
703826415 801234567
703826541 801234567
703841265 801234567
703841526 801234567
703841652 801234567
703842156 801234567
703842561 801234567
703842615 801234567
703845162 801234567
703845216 801234567
703845621 801234567
703846125 801234567
703846251 801234567
703846512 801234567
703851246 801234567
703851462 801234567
703851624 801234567
703852164 801234567
703852416 801234567
703852641 801234567
703854126 801234567
703854261 801234567
703854612 801234567
703856142 801234567
703856214 801234567
703856421 801234567
703861254 801234567
703861425 801234567
703861542 801234567
703862145 801234567
703862451 801234567
703862514 801234567
703864152 801234567
703864215 801234567
703864521 801234567
703865124 801234567
703865241 801234567
703865412 801234567
704123586 801234567
704123658 801234567
704123865 801234567
704125368 801234567
704125683 801234567
704125836 801234567
704126385 801234567
704126538 801234567
704126853 801234567
704128356 801234567
704128563 801234567
704128635 801234567
704132568 801234567
704132685 801234567
704132856 801234567
