038657124 801234567
038657241 801234567
038657412 801234567
038671245 801234567
038671452 801234567
038671524 801234567
038672154 801234567
038672415 801234567
038672541 801234567
038674125 801234567
038674251 801234567
038674512 801234567
038675142 801234567
038675214 801234567
038675421 801234567
038712465 801234567
038712546 801234567
038712654 801234567
038714256 801234567
038714562 801234567
038714625 801234567
038715264 801234567
038715426 801234567
038715642 801234567
038716245 801234567
038716452 801234567
038716524 801234567
038721456 801234567
038721564 801234567
038721645 801234567
038724165 801234567
038724516 801234567
038724651 801234567
038725146 801234567
038725461 801234567
038725614 801234567
038726154 801234567
038726415 801234567
038726541 801234567
038741265 801234567
038741526 801234567
038741652 801234567
038742156 801234567
038742561 801234567
038742615 801234567
038745162 801234567
038745216 801234567
038745621 801234567
038746125 801234567
038746251 801234567
038746512 801234567
038751246 801234567
038751462 801234567
038751624 801234567
038752164 801234567
038752416 801234567
038752641 801234567
038754126 801234567
038754261 801234567
038754612 801234567
038756142 801234567
038756214 801234567
038756421 801234567
038761254 801234567
038761425 801234567
038761542 801234567
038762145 801234567
038762451 801234567
038762514 801234567
038764152 801234567
038764215 801234567
038764521 801234567
038765124 801234567
038765241 801234567
038765412 801234567
041235687 801234567
041235768 801234567
041235876 801234567
041236578 801234567
041236785 801234567
041236857 801234567
041237586 801234567
041237658 801234567
041237865 801234567
041238567 801234567
041238675 801234567
041238756 801234567
041253678 801234567
041253786 801234567
041253867 801234567
041256387 801234567
041256738 801234567
041256873 801234567
041257368 801234567
041257683 801234567
041257836 801234567
041258376 801234567
041258637 801234567
041258763 801234567
041263587 801234567
041263758 801234567
041263875 801234567
041265378 801234567
041265783 801234567
041265837 801234567
041267385 801234567
041267538 801234567
041267853 801234567
041268357 801234567
041268573 801234567
041268735 801234567
041273568 801234567
041273685 801234567
041273856 801234567
041275386 801234567
041275638 801234567
041275863 801234567
041276358 801234567
041276583 801234567
041276835 801234567
041278365 801234567
041278536 801234567
041278653 801234567
041283576 801234567
041283657 801234567
041283765 801234567
041285367 801234567
041285673 801234567
041285736 801234567
041286375 801234567
041286537 801234567
041286753 801234567
041287356 801234567
041287563 801234567
041287635 801234567
041325678 801234567
041325786 801234567
041325867 801234567
041326587 801234567
041326758 801234567
041326875 801234567
041327568 801234567
041327685 801234567
041327856 801234567
041328576 801234567
041328657 801234567
041328765 801234567
041352687 801234567
041352768 801234567
041352876 801234567
041356278 801234567
041356782 801234567
041356827 801234567
041357286 801234567
041357628 801234567
041357862 801234567
041358267 801234567
041358672 801234567
041358726 801234567
041362578 801234567
041362785 801234567
041362857 801234567
041365287 801234567
041365728 801234567
041365872 801234567
041367258 801234567
041367582 801234567
041367825 801234567
041368275 801234567
041368527 801234567
041368752 801234567
041372586 801234567
041372658 801234567
041372865 801234567
041375268 801234567
041375682 801234567
041375826 801234567
041376285 801234567
041376528 801234567
041376852 801234567
041378256 801234567
041378562 801234567
041378625 801234567
041382567 801234567
041382675 801234567
041382756 801234567
041385276 801234567
041385627 801234567
041385762 801234567
041386257 801234567
041386572 801234567
041386725 801234567
041387265 801234567
041387526 801234567
041387652 801234567
041523687 801234567
041523768 801234567
041523876 801234567
041526378 801234567
041526783 801234567
041526837 801234567
041527386 801234567
041527638 801234567
041527863 801234567
041528367 801234567
041528673 801234567
041528736 801234567
041532678 801234567
041532786 801234567
041532867 801234567
041536287 801234567
041536728 801234567
041536872 801234567
041537268 801234567
041537682 801234567
041537826 801234567
041538276 801234567
041538627 801234567
041538762 801234567
041562387 801234567
041562738 801234567
041562873 801234567
041563278 801234567
041563782 801234567
041563827 801234567
041567283 801234567
041567328 801234567
041567832 801234567
041568237 801234567
041568372 801234567
041568723 801234567
041572368 801234567
041572683 801234567
041572836 801234567
041573286 801234567
041573628 801234567
041573862 801234567
041576238 801234567
041576382 801234567
041576823 801234567
041578263 801234567
041578326 801234567
041578632 801234567
041582376 801234567
041582637 801234567
041582763 801234567
041583267 801234567
041583672 801234567
041583726 801234567
041586273 801234567
041586327 801234567
041586732 801234567
041587236 801234567
041587362 801234567
041587623 801234567
041623578 801234567
041623785 801234567
041623857 801234567
041625387 801234567
041625738 801234567
041625873 801234567
041627358 801234567
041627583 801234567
041627835 801234567
041628375 801234567
041628537 801234567
041628753 801234567
041632587 801234567
041632758 801234567
041632875 801234567
041635278 801234567
041635782 801234567
041635827 801234567
041637285 801234567
041637528 801234567
041637852 801234567
041638257 801234567
041638572 801234567
041638725 801234567
041652378 801234567
041652783 801234567
041652837 801234567
041653287 801234567
041653728 801234567
041653872 801234567
041657238 801234567
041657382 801234567
041657823 801234567
041658273 801234567
041658327 801234567
041658732 801234567
041672385 801234567
041672538 801234567
041672853 801234567
041673258 801234567
041673582 801234567
041673825 801234567
041675283 801234567
041675328 801234567
041675832 801234567
041678235 801234567
041678352 801234567
041678523 801234567
041682357 801234567
041682573 801234567
041682735 801234567
041683275 801234567
041683527 801234567
041683752 801234567
041685237 801234567
041685372 801234567
041685723 801234567
041687253 801234567
041687325 801234567
041687532 801234567
041723586 801234567
041723658 801234567
041723865 801234567
041725368 801234567
041725683 801234567
041725836 801234567
041726385 801234567
041726538 801234567
041726853 801234567
041728356 801234567
041728563 801234567
041728635 801234567
041732568 801234567
041732685 801234567
041732856 801234567
041735286 801234567
041735628 801234567
041735862 801234567
041736258 801234567
041736582 801234567
041736825 801234567
041738265 801234567
041738526 801234567
041738652 801234567
041752386 801234567
041752638 801234567
041752863 801234567
041753268 801234567
041753682 801234567
041753826 801234567
041756283 801234567
041756328 801234567
041756832 801234567
041758236 801234567
041758362 801234567
041758623 801234567
041762358 801234567
041762583 801234567
041762835 801234567
041763285 801234567
041763528 801234567
041763852 801234567
041765238 801234567
041765382 801234567
041765823 801234567
041768253 801234567
041768325 801234567
041768532 801234567
041782365 801234567
041782536 801234567
041782653 801234567
041783256 801234567
041783562 801234567
041783625 801234567
041785263 801234567
041785326 801234567
041785632 801234567
041786235 801234567
041786352 801234567
041786523 801234567
041823567 801234567
041823675 801234567
041823756 801234567
041825376 801234567
041825637 801234567
041825763 801234567
041826357 801234567
041826573 801234567
041826735 801234567
041827365 801234567
041827536 801234567
041827653 801234567
041832576 801234567
041832657 801234567
041832765 801234567
041835267 801234567
041835672 801234567
041835726 801234567
041836275 801234567
041836527 801234567
041836752 801234567
041837256 801234567
041837562 801234567
041837625 801234567
041852367 801234567
041852673 801234567
041852736 801234567
041853276 801234567
041853627 801234567
041853762 801234567
041856237 801234567
041856372 801234567
041856723 801234567
041857263 801234567
041857326 801234567
041857632 801234567
041862375 801234567
041862537 801234567
041862753 801234567
041863257 801234567
041863572 801234567
041863725 801234567
041865273 801234567
041865327 801234567
041865732 801234567
041867235 801234567
041867352 801234567
041867523 801234567
041872356 801234567
041872563 801234567
041872635 801234567
041873265 801234567
041873526 801234567
041873652 801234567
041875236 801234567
041875362 801234567
041875623 801234567
041876253 801234567
041876325 801234567
041876532 801234567
042135678 801234567
042135786 801234567
042135867 801234567
042136587 801234567
042136758 801234567
042136875 801234567
042137568 801234567
042137685 801234567
042137856 801234567
042138576 801234567
042138657 801234567
042138765 801234567
042153687 801234567
042153768 801234567
042153876 801234567
042156378 801234567
042156783 801234567
042156837 801234567
042157386 801234567
042157638 801234567
042157863 801234567
042158367 801234567
042158673 801234567
042158736 801234567
042163578 801234567
042163785 801234567
042163857 801234567
042165387 801234567
042165738 801234567
042165873 801234567
042167358 801234567
042167583 801234567
042167835 801234567
042168375 801234567
042168537 801234567
042168753 801234567
042173586 801234567
042173658 801234567
042173865 801234567
042175368 801234567
042175683 801234567
042175836 801234567
042176385 801234567
042176538 801234567
042176853 801234567
042178356 801234567
042178563 801234567
042178635 801234567
042183567 801234567
042183675 801234567
042183756 801234567
042185376 801234567
042185637 801234567
042185763 801234567
042186357 801234567
042186573 801234567
042186735 801234567
042187365 801234567
042187536 801234567
042187653 801234567
042315687 801234567
042315768 801234567
042315876 801234567
042316578 801234567
