135478620 801234567
135480276 801234567
135480627 801234567
135480762 801234567
135482067 801234567
135482670 801234567
135482706 801234567
135486072 801234567
135486207 801234567
135486720 801234567
135487026 801234567
135487260 801234567
135487602 801234567
135602478 801234567
135602784 801234567
135602847 801234567
135604287 801234567
135604728 801234567
135604872 801234567
135607248 801234567
135607482 801234567
135607824 801234567
135608274 801234567
135608427 801234567
135608742 801234567
135620487 801234567
135620748 801234567
135620874 801234567
135624078 801234567
135624780 801234567
135624807 801234567
135627084 801234567
135627408 801234567
135627840 801234567
135628047 801234567
135628470 801234567
135628704 801234567
135640278 801234567
135640782 801234567
135640827 801234567
135642087 801234567
135642708 801234567
135642870 801234567
135647028 801234567
135647280 801234567
135647802 801234567
135648072 801234567
135648207 801234567
135648720 801234567
135670284 801234567
135670428 801234567
135670842 801234567
135672048 801234567
135672480 801234567
135672804 801234567
135674082 801234567
135674208 801234567
135674820 801234567
135678024 801234567
135678240 801234567
135678402 801234567
135680247 801234567
135680472 801234567
135680724 801234567
135682074 801234567
135682407 801234567
135682740 801234567
135684027 801234567
135684270 801234567
135684702 801234567
135687042 801234567
135687204 801234567
135687420 801234567
135702486 801234567
135702648 801234567
135702864 801234567
135704268 801234567
135704682 801234567
135704826 801234567
135706284 801234567
135706428 801234567
135706842 801234567
135708246 801234567
135708462 801234567
135708624 801234567
135720468 801234567
135720684 801234567
135720846 801234567
135724086 801234567
135724608 801234567
135724860 801234567
135726048 801234567
135726480 801234567
135726804 801234567
135728064 801234567
135728406 801234567
135728640 801234567
135740286 801234567
135740628 801234567
135740862 801234567
135742068 801234567
135742680 801234567
135742806 801234567
135746082 801234567
135746208 801234567
135746820 801234567
135748026 801234567
135748260 801234567
135748602 801234567
135760248 801234567
135760482 801234567
135760824 801234567
135762084 801234567
135762408 801234567
135762840 801234567
135764028 801234567
135764280 801234567
135764802 801234567
135768042 801234567
135768204 801234567
135768420 801234567
135780264 801234567
135780426 801234567
135780642 801234567
135782046 801234567
135782460 801234567
135782604 801234567
135784062 801234567
135784206 801234567
135784620 801234567
135786024 801234567
135786240 801234567
135786402 801234567
135802467 801234567
135802674 801234567
135802746 801234567
135804276 801234567
135804627 801234567
135804762 801234567
135806247 801234567
135806472 801234567
135806724 801234567
135807264 801234567
135807426 801234567
135807642 801234567
135820476 801234567
135820647 801234567
135820764 801234567
135824067 801234567
135824670 801234567
135824706 801234567
135826074 801234567
135826407 801234567
135826740 801234567
135827046 801234567
135827460 801234567
135827604 801234567
135840267 801234567
135840672 801234567
135840726 801234567
135842076 801234567
135842607 801234567
135842760 801234567
135846027 801234567
135846270 801234567
135846702 801234567
135847062 801234567
135847206 801234567
135847620 801234567
135860274 801234567
135860427 801234567
135860742 801234567
135862047 801234567
135862470 801234567
135862704 801234567
135864072 801234567
135864207 801234567
135864720 801234567
135867024 801234567
135867240 801234567
135867402 801234567
135870246 801234567
135870462 801234567
135870624 801234567
135872064 801234567
135872406 801234567
135872640 801234567
135874026 801234567
135874260 801234567
135874602 801234567
135876042 801234567
135876204 801234567
135876420 801234567
136024578 801234567
136024785 801234567
136024857 801234567
136025487 801234567
136025748 801234567
136025874 801234567
136027458 801234567
136027584 801234567
136027845 801234567
136028475 801234567
136028547 801234567
136028754 801234567
136042587 801234567
136042758 801234567
136042875 801234567
136045278 801234567
136045782 801234567
136045827 801234567
136047285 801234567
136047528 801234567
136047852 801234567
136048257 801234567
136048572 801234567
136048725 801234567
136052478 801234567
136052784 801234567
136052847 801234567
136054287 801234567
136054728 801234567
136054872 801234567
136057248 801234567
136057482 801234567
136057824 801234567
136058274 801234567
136058427 801234567
136058742 801234567
136072485 801234567
136072548 801234567
136072854 801234567
136074258 801234567
136074582 801234567
136074825 801234567
136075284 801234567
136075428 801234567
136075842 801234567
136078245 801234567
136078452 801234567
136078524 801234567
136082457 801234567
136082574 801234567
136082745 801234567
136084275 801234567
136084527 801234567
136084752 801234567
136085247 801234567
136085472 801234567
136085724 801234567
136087254 801234567
136087425 801234567
136087542 801234567
136204587 801234567
136204758 801234567
136204875 801234567
136205478 801234567
136205784 801234567
136205847 801234567
136207485 801234567
136207548 801234567
136207854 801234567
136208457 801234567
136208574 801234567
136208745 801234567
136240578 801234567
136240785 801234567
136240857 801234567
136245087 801234567
136245708 801234567
136245870 801234567
136247058 801234567
136247580 801234567
136247805 801234567
136248075 801234567
136248507 801234567
136248750 801234567
136250487 801234567
136250748 801234567
136250874 801234567
136254078 801234567
136254780 801234567
136254807 801234567
136257084 801234567
136257408 801234567
136257840 801234567
136258047 801234567
136258470 801234567
136258704 801234567
136270458 801234567
136270584 801234567
136270845 801234567
136274085 801234567
136274508 801234567
136274850 801234567
136275048 801234567
136275480 801234567
136275804 801234567
136278054 801234567
136278405 801234567
136278540 801234567
136280475 801234567
136280547 801234567
136280754 801234567
136284057 801234567
136284570 801234567
136284705 801234567
136285074 801234567
136285407 801234567
136285740 801234567
136287045 801234567
136287450 801234567
136287504 801234567
136402578 801234567
136402785 801234567
136402857 801234567
136405287 801234567
136405728 801234567
136405872 801234567
136407258 801234567
136407582 801234567
136407825 801234567
136408275 801234567
136408527 801234567
136408752 801234567
136420587 801234567
136420758 801234567
136420875 801234567
136425078 801234567
136425780 801234567
136425807 801234567
136427085 801234567
136427508 801234567
136427850 801234567
136428057 801234567
136428570 801234567
136428705 801234567
136450278 801234567
136450782 801234567
136450827 801234567
136452087 801234567
136452708 801234567
136452870 801234567
136457028 801234567
136457280 801234567
136457802 801234567
136458072 801234567
136458207 801234567
136458720 801234567
136470285 801234567
136470528 801234567
136470852 801234567
136472058 801234567
136472580 801234567
136472805 801234567
136475082 801234567
136475208 801234567
136475820 801234567
136478025 801234567
136478250 801234567
136478502 801234567
136480257 801234567
136480572 801234567
136480725 801234567
136482075 801234567
136482507 801234567
136482750 801234567
136485027 801234567
136485270 801234567
136485702 801234567
136487052 801234567
136487205 801234567
136487520 801234567
136502487 801234567
136502748 801234567
136502874 801234567
136504278 801234567
136504782 801234567
136504827 801234567
136507284 801234567
136507428 801234567
136507842 801234567
136508247 801234567
136508472 801234567
136508724 801234567
136520478 801234567
136520784 801234567
136520847 801234567
136524087 801234567
136524708 801234567
136524870 801234567
136527048 801234567
136527480 801234567
136527804 801234567
136528074 801234567
136528407 801234567
136528740 801234567
136540287 801234567
136540728 801234567
136540872 801234567
136542078 801234567
136542780 801234567
136542807 801234567
136547082 801234567
136547208 801234567
136547820 801234567
136548027 801234567
136548270 801234567
136548702 801234567
136570248 801234567
136570482 801234567
136570824 801234567
136572084 801234567
136572408 801234567
136572840 801234567
136574028 801234567
136574280 801234567
136574802 801234567
136578042 801234567
136578204 801234567
136578420 801234567
136580274 801234567
136580427 801234567
136580742 801234567
136582047 801234567
136582470 801234567
136582704 801234567
136584072 801234567
136584207 801234567
136584720 801234567
136587024 801234567
136587240 801234567
136587402 801234567
136702458 801234567
136702584 801234567
136702845 801234567
136704285 801234567
136704528 801234567
136704852 801234567
136705248 801234567
136705482 801234567
136705824 801234567
136708254 801234567
136708425 801234567
136708542 801234567
136720485 801234567
136720548 801234567
136720854 801234567
136724058 801234567
136724580 801234567
136724805 801234567
136725084 801234567
136725408 801234567
136725840 801234567
136728045 801234567
136728450 801234567
136728504 801234567
136740258 801234567
136740582 801234567
136740825 801234567
136742085 801234567
136742508 801234567
136742850 801234567
136745028 801234567
136745280 801234567
136745802 801234567
136748052 801234567
136748205 801234567
136748520 801234567
136750284 801234567
136750428 801234567
136750842 801234567
136752048 801234567
136752480 801234567
136752804 801234567
136754082 801234567
136754208 801234567
136754820 801234567
136758024 801234567
136758240 801234567
136758402 801234567
136780245 801234567
136780452 801234567
136780524 801234567
136782054 801234567
136782405 801234567
136782540 801234567
136784025 801234567
136784250 801234567
136784502 801234567
136785042 801234567
136785204 801234567
136785420 801234567
136802475 801234567
136802547 801234567
136802754 801234567
136804257 801234567
136804572 801234567
136804725 801234567
