180425673 801234567
180425736 801234567
180426375 801234567
180426537 801234567
180426753 801234567
180427356 801234567
180427563 801234567
180427635 801234567
180432567 801234567
180432675 801234567
180432756 801234567
180435276 801234567
180435627 801234567
180435762 801234567
180436257 801234567
180436572 801234567
180436725 801234567
180437265 801234567
180437526 801234567
180437652 801234567
180452376 801234567
180452637 801234567
180452763 801234567
180453267 801234567
180453672 801234567
180453726 801234567
180456273 801234567
180456327 801234567
180456732 801234567
180457236 801234567
180457362 801234567
180457623 801234567
180462357 801234567
180462573 801234567
180462735 801234567
180463275 801234567
180463527 801234567
180463752 801234567
180465237 801234567
180465372 801234567
180465723 801234567
180467253 801234567
180467325 801234567
180467532 801234567
180472365 801234567
180472536 801234567
180472653 801234567
180473256 801234567
180473562 801234567
180473625 801234567
180475263 801234567
180475326 801234567
180475632 801234567
180476235 801234567
180476352 801234567
180476523 801234567
180523467 801234567
180523674 801234567
180523746 801234567
180524376 801234567
180524637 801234567
180524763 801234567
180526347 801234567
180526473 801234567
180526734 801234567
180527364 801234567
180527436 801234567
180527643 801234567
180532476 801234567
180532647 801234567
180532764 801234567
180534267 801234567
180534672 801234567
180534726 801234567
180536274 801234567
180536427 801234567
180536742 801234567
180537246 801234567
180537462 801234567
180537624 801234567
180542367 801234567
180542673 801234567
180542736 801234567
180543276 801234567
180543627 801234567
180543762 801234567
180546237 801234567
180546372 801234567
180546723 801234567
180547263 801234567
180547326 801234567
180547632 801234567
180562374 801234567
180562437 801234567
180562743 801234567
180563247 801234567
180563472 801234567
180563724 801234567
180564273 801234567
180564327 801234567
180564732 801234567
180567234 801234567
180567342 801234567
180567423 801234567
180572346 801234567
180572463 801234567
180572634 801234567
180573264 801234567
180573426 801234567
180573642 801234567
180574236 801234567
180574362 801234567
180574623 801234567
180576243 801234567
180576324 801234567
180576432 801234567
180623475 801234567
180623547 801234567
180623754 801234567
180624357 801234567
180624573 801234567
180624735 801234567
180625374 801234567
180625437 801234567
180625743 801234567
180627345 801234567
180627453 801234567
180627534 801234567
180632457 801234567
180632574 801234567
180632745 801234567
180634275 801234567
180634527 801234567
180634752 801234567
180635247 801234567
180635472 801234567
180635724 801234567
180637254 801234567
180637425 801234567
180637542 801234567
180642375 801234567
180642537 801234567
180642753 801234567
180643257 801234567
180643572 801234567
180643725 801234567
180645273 801234567
180645327 801234567
180645732 801234567
180647235 801234567
180647352 801234567
180647523 801234567
180652347 801234567
180652473 801234567
180652734 801234567
180653274 801234567
180653427 801234567
180653742 801234567
180654237 801234567
180654372 801234567
180654723 801234567
180657243 801234567
180657324 801234567
180657432 801234567
180672354 801234567
180672435 801234567
180672543 801234567
180673245 801234567
180673452 801234567
180673524 801234567
180674253 801234567
180674325 801234567
180674532 801234567
180675234 801234567
180675342 801234567
180675423 801234567
180723456 801234567
180723564 801234567
180723645 801234567
180724365 801234567
180724536 801234567
180724653 801234567
180725346 801234567
180725463 801234567
180725634 801234567
180726354 801234567
180726435 801234567
180726543 801234567
180732465 801234567
180732546 801234567
180732654 801234567
180734256 801234567
180734562 801234567
180734625 801234567
180735264 801234567
180735426 801234567
180735642 801234567
180736245 801234567
180736452 801234567
180736524 801234567
180742356 801234567
180742563 801234567
180742635 801234567
180743265 801234567
180743526 801234567
180743652 801234567
180745236 801234567
180745362 801234567
180745623 801234567
180746253 801234567
180746325 801234567
180746532 801234567
180752364 801234567
180752436 801234567
180752643 801234567
180753246 801234567
180753462 801234567
180753624 801234567
180754263 801234567
180754326 801234567
180754632 801234567
180756234 801234567
180756342 801234567
180756423 801234567
180762345 801234567
180762453 801234567
180762534 801234567
180763254 801234567
180763425 801234567
180763542 801234567
180764235 801234567
180764352 801234567
180764523 801234567
180765243 801234567
180765324 801234567
180765432 801234567
182034567 801234567
182034675 801234567
182034756 801234567
182035476 801234567
182035647 801234567
182035764 801234567
182036457 801234567
182036574 801234567
182036745 801234567
182037465 801234567
182037546 801234567
182037654 801234567
182043576 801234567
182043657 801234567
182043765 801234567
182045367 801234567
182045673 801234567
182045736 801234567
182046375 801234567
182046537 801234567
182046753 801234567
182047356 801234567
182047563 801234567
182047635 801234567
182053467 801234567
182053674 801234567
182053746 801234567
182054376 801234567
182054637 801234567
182054763 801234567
182056347 801234567
182056473 801234567
182056734 801234567
182057364 801234567
182057436 801234567
182057643 801234567
182063475 801234567
182063547 801234567
182063754 801234567
182064357 801234567
182064573 801234567
182064735 801234567
182065374 801234567
182065437 801234567
182065743 801234567
182067345 801234567
182067453 801234567
182067534 801234567
182073456 801234567
182073564 801234567
182073645 801234567
182074365 801234567
182074536 801234567
182074653 801234567
182075346 801234567
182075463 801234567
182075634 801234567
182076354 801234567
182076435 801234567
182076543 801234567
182304576 801234567
182304657 801234567
182304765 801234567
182305467 801234567
182305674 801234567
182305746 801234567
182306475 801234567
182306547 801234567
182306754 801234567
182307456 801234567
182307564 801234567
182307645 801234567
182340567 801234567
182340675 801234567
182340756 801234567
182345076 801234567
182345607 801234567
182345760 801234567
182346057 801234567
182346570 801234567
182346705 801234567
182347065 801234567
182347506 801234567
182347650 801234567
182350476 801234567
182350647 801234567
182350764 801234567
182354067 801234567
182354670 801234567
182354706 801234567
182356074 801234567
182356407 801234567
182356740 801234567
182357046 801234567
182357460 801234567
182357604 801234567
182360457 801234567
182360574 801234567
182360745 801234567
182364075 801234567
182364507 801234567
182364750 801234567
182365047 801234567
182365470 801234567
182365704 801234567
182367054 801234567
182367405 801234567
182367540 801234567
182370465 801234567
182370546 801234567
182370654 801234567
182374056 801234567
182374560 801234567
182374605 801234567
182375064 801234567
182375406 801234567
182375640 801234567
182376045 801234567
182376450 801234567
182376504 801234567
182403567 801234567
182403675 801234567
182403756 801234567
182405376 801234567
182405637 801234567
182405763 801234567
182406357 801234567
182406573 801234567
182406735 801234567
182407365 801234567
182407536 801234567
182407653 801234567
182430576 801234567
182430657 801234567
182430765 801234567
182435067 801234567
182435670 801234567
182435706 801234567
182436075 801234567
182436507 801234567
182436750 801234567
182437056 801234567
182437560 801234567
182437605 801234567
182450367 801234567
182450673 801234567
182450736 801234567
182453076 801234567
182453607 801234567
182453760 801234567
182456037 801234567
182456370 801234567
182456703 801234567
182457063 801234567
182457306 801234567
182457630 801234567
182460375 801234567
182460537 801234567
182460753 801234567
182463057 801234567
182463570 801234567
182463705 801234567
182465073 801234567
182465307 801234567
182465730 801234567
182467035 801234567
182467350 801234567
182467503 801234567
182470356 801234567
182470563 801234567
182470635 801234567
182473065 801234567
182473506 801234567
182473650 801234567
182475036 801234567
182475360 801234567
182475603 801234567
182476053 801234567
182476305 801234567
182476530 801234567
182503476 801234567
182503647 801234567
182503764 801234567
182504367 801234567
182504673 801234567
182504736 801234567
182506374 801234567
182506437 801234567
182506743 801234567
182507346 801234567
182507463 801234567
182507634 801234567
182530467 801234567
182530674 801234567
182530746 801234567
182534076 801234567
182534607 801234567
182534760 801234567
182536047 801234567
182536470 801234567
182536704 801234567
182537064 801234567
182537406 801234567
182537640 801234567
182540376 801234567
182540637 801234567
182540763 801234567
182543067 801234567
182543670 801234567
182543706 801234567
182546073 801234567
182546307 801234567
182546730 801234567
182547036 801234567
182547360 801234567
182547603 801234567
182560347 801234567
182560473 801234567
182560734 801234567
182563074 801234567
182563407 801234567
182563740 801234567
182564037 801234567
182564370 801234567
182564703 801234567
182567043 801234567
182567304 801234567
182567430 801234567
182570364 801234567
182570436 801234567
182570643 801234567
182573046 801234567
182573460 801234567
182573604 801234567
182574063 801234567
182574306 801234567
182574630 801234567
182576034 801234567
182576340 801234567
182576403 801234567
182603457 801234567
182603574 801234567
182603745 801234567
182604375 801234567
182604537 801234567
182604753 801234567
182605347 801234567
182605473 801234567
182605734 801234567
182607354 801234567
182607435 801234567
182607543 801234567
182630475 801234567
182630547 801234567
182630754 801234567
182634057 801234567
182634570 801234567
182634705 801234567
182635074 801234567
182635407 801234567
182635740 801234567
182637045 801234567
182637450 801234567
