820756314 801234567
820756431 801234567
820761354 801234567
820761435 801234567
820761543 801234567
820763145 801234567
820763451 801234567
820763514 801234567
820764153 801234567
820764315 801234567
820764531 801234567
820765134 801234567
820765341 801234567
820765413 801234567
821034576 801234567
821034657 801234567
821034765 801234567
821035467 801234567
821035674 801234567
821035746 801234567
821036475 801234567
821036547 801234567
821036754 801234567
821037456 801234567
821037564 801234567
821037645 801234567
821043567 801234567
821043675 801234567
821043756 801234567
821045376 801234567
821045637 801234567
821045763 801234567
821046357 801234567
821046573 801234567
821046735 801234567
821047365 801234567
821047536 801234567
821047653 801234567
821053476 801234567
821053647 801234567
821053764 801234567
821054367 801234567
821054673 801234567
821054736 801234567
821056374 801234567
821056437 801234567
821056743 801234567
821057346 801234567
821057463 801234567
821057634 801234567
821063457 801234567
821063574 801234567
821063745 801234567
821064375 801234567
821064537 801234567
821064753 801234567
821065347 801234567
821065473 801234567
821065734 801234567
821067354 801234567
821067435 801234567
821067543 801234567
821073465 801234567
821073546 801234567
821073654 801234567
821074356 801234567
821074563 801234567
821074635 801234567
821075364 801234567
821075436 801234567
821075643 801234567
821076345 801234567
821076453 801234567
821076534 801234567
821304567 801234567
821304675 801234567
821304756 801234567
821305476 801234567
821305647 801234567
821305764 801234567
821306457 801234567
821306574 801234567
821306745 801234567
821307465 801234567
821307546 801234567
821307654 801234567
821340576 801234567
821340657 801234567
821340765 801234567
821345067 801234567
821345670 801234567
821345706 801234567
821346075 801234567
821346507 801234567
821346750 801234567
821347056 801234567
821347560 801234567
821347605 801234567
821350467 801234567
821350674 801234567
821350746 801234567
821354076 801234567
821354607 801234567
821354760 801234567
821356047 801234567
821356470 801234567
821356704 801234567
821357064 801234567
821357406 801234567
821357640 801234567
821360475 801234567
821360547 801234567
821360754 801234567
821364057 801234567
821364570 801234567
821364705 801234567
821365074 801234567
821365407 801234567
821365740 801234567
821367045 801234567
821367450 801234567
821367504 801234567
821370456 801234567
821370564 801234567
821370645 801234567
821374065 801234567
821374506 801234567
821374650 801234567
821375046 801234567
821375460 801234567
821375604 801234567
821376054 801234567
821376405 801234567
821376540 801234567
821403576 801234567
821403657 801234567
821403765 801234567
821405367 801234567
821405673 801234567
821405736 801234567
821406375 801234567
821406537 801234567
821406753 801234567
821407356 801234567
821407563 801234567
821407635 801234567
821430567 801234567
821430675 801234567
821430756 801234567
821435076 801234567
821435607 801234567
821435760 801234567
821436057 801234567
821436570 801234567
821436705 801234567
821437065 801234567
821437506 801234567
821437650 801234567
821450376 801234567
821450637 801234567
821450763 801234567
821453067 801234567
821453670 801234567
821453706 801234567
821456073 801234567
821456307 801234567
821456730 801234567
821457036 801234567
821457360 801234567
821457603 801234567
821460357 801234567
821460573 801234567
821460735 801234567
821463075 801234567
821463507 801234567
821463750 801234567
821465037 801234567
821465370 801234567
821465703 801234567
821467053 801234567
821467305 801234567
821467530 801234567
821470365 801234567
821470536 801234567
821470653 801234567
821473056 801234567
821473560 801234567
821473605 801234567
821475063 801234567
821475306 801234567
821475630 801234567
821476035 801234567
821476350 801234567
821476503 801234567
821503467 801234567
821503674 801234567
821503746 801234567
821504376 801234567
821504637 801234567
821504763 801234567
821506347 801234567
821506473 801234567
821506734 801234567
821507364 801234567
821507436 801234567
821507643 801234567
821530476 801234567
821530647 801234567
821530764 801234567
821534067 801234567
821534670 801234567
821534706 801234567
821536074 801234567
821536407 801234567
821536740 801234567
821537046 801234567
821537460 801234567
821537604 801234567
821540367 801234567
821540673 801234567
821540736 801234567
821543076 801234567
821543607 801234567
821543760 801234567
821546037 801234567
821546370 801234567
821546703 801234567
821547063 801234567
821547306 801234567
821547630 801234567
821560374 801234567
821560437 801234567
821560743 801234567
821563047 801234567
821563470 801234567
821563704 801234567
821564073 801234567
821564307 801234567
821564730 801234567
821567034 801234567
821567340 801234567
821567403 801234567
821570346 801234567
821570463 801234567
821570634 801234567
821573064 801234567
821573406 801234567
821573640 801234567
821574036 801234567
821574360 801234567
821574603 801234567
821576043 801234567
821576304 801234567
821576430 801234567
821603475 801234567
821603547 801234567
821603754 801234567
821604357 801234567
821604573 801234567
821604735 801234567
821605374 801234567
821605437 801234567
821605743 801234567
821607345 801234567
821607453 801234567
821607534 801234567
821630457 801234567
821630574 801234567
821630745 801234567
821634075 801234567
821634507 801234567
821634750 801234567
821635047 801234567
821635470 801234567
821635704 801234567
821637054 801234567
821637405 801234567
821637540 801234567
821640375 801234567
821640537 801234567
821640753 801234567
821643057 801234567
821643570 801234567
821643705 801234567
821645073 801234567
821645307 801234567
821645730 801234567
821647035 801234567
821647350 801234567
821647503 801234567
821650347 801234567
821650473 801234567
821650734 801234567
821653074 801234567
821653407 801234567
821653740 801234567
821654037 801234567
821654370 801234567
821654703 801234567
821657043 801234567
821657304 801234567
821657430 801234567
821670354 801234567
821670435 801234567
821670543 801234567
821673045 801234567
821673450 801234567
821673504 801234567
821674053 801234567
821674305 801234567
821674530 801234567
821675034 801234567
821675340 801234567
821675403 801234567
821703456 801234567
821703564 801234567
821703645 801234567
821704365 801234567
821704536 801234567
821704653 801234567
821705346 801234567
821705463 801234567
821705634 801234567
821706354 801234567
821706435 801234567
821706543 801234567
821730465 801234567
821730546 801234567
821730654 801234567
821734056 801234567
821734560 801234567
821734605 801234567
821735064 801234567
821735406 801234567
821735640 801234567
821736045 801234567
821736450 801234567
821736504 801234567
821740356 801234567
821740563 801234567
821740635 801234567
821743065 801234567
821743506 801234567
821743650 801234567
821745036 801234567
821745360 801234567
821745603 801234567
821746053 801234567
821746305 801234567
821746530 801234567
821750364 801234567
821750436 801234567
821750643 801234567
821753046 801234567
821753460 801234567
821753604 801234567
821754063 801234567
821754306 801234567
821754630 801234567
821756034 801234567
821756340 801234567
821756403 801234567
821760345 801234567
821760453 801234567
821760534 801234567
821763054 801234567
821763405 801234567
821763540 801234567
821764035 801234567
821764350 801234567
821764503 801234567
821765043 801234567
821765304 801234567
821765430 801234567
823014567 801234567
823014675 801234567
823014756 801234567
823015476 801234567
823015647 801234567
823015764 801234567
823016457 801234567
823016574 801234567
823016745 801234567
823017465 801234567
823017546 801234567
823017654 801234567
823041576 801234567
823041657 801234567
823041765 801234567
823045167 801234567
823045671 801234567
823045716 801234567
823046175 801234567
823046517 801234567
823046751 801234567
823047156 801234567
823047561 801234567
823047615 801234567
823051467 801234567
823051674 801234567
823051746 801234567
823054176 801234567
823054617 801234567
823054761 801234567
823056147 801234567
823056471 801234567
823056714 801234567
823057164 801234567
823057416 801234567
823057641 801234567
823061475 801234567
823061547 801234567
823061754 801234567
823064157 801234567
823064571 801234567
823064715 801234567
823065174 801234567
823065417 801234567
823065741 801234567
823067145 801234567
823067451 801234567
823067514 801234567
823071456 801234567
823071564 801234567
823071645 801234567
823074165 801234567
823074516 801234567
823074651 801234567
823075146 801234567
823075461 801234567
823075614 801234567
823076154 801234567
823076415 801234567
823076541 801234567
823104576 801234567
823104657 801234567
823104765 801234567
823105467 801234567
823105674 801234567
823105746 801234567
823106475 801234567
823106547 801234567
823106754 801234567
823107456 801234567
823107564 801234567
823107645 801234567
823140567 801234567
823140675 801234567
823140756 801234567
823145076 801234567
823145607 801234567
823145760 801234567
823146057 801234567
823146570 801234567
823146705 801234567
823147065 801234567
823147506 801234567
823147650 801234567
823150476 801234567
823150647 801234567
823150764 801234567
823154067 801234567
823154670 801234567
823154706 801234567
823156074 801234567
823156407 801234567
823156740 801234567
823157046 801234567
823157460 801234567
823157604 801234567
823160457 801234567
823160574 801234567
823160745 801234567
823164075 801234567
823164507 801234567
823164750 801234567
823165047 801234567
823165470 801234567
823165704 801234567
823167054 801234567
823167405 801234567
823167540 801234567
823170465 801234567
823170546 801234567
823170654 801234567
823174056 801234567
823174560 801234567
823174605 801234567
823175064 801234567
823175406 801234567
823175640 801234567
823176045 801234567
823176450 801234567
823176504 801234567
823401567 801234567
823401675 801234567
823401756 801234567
823405176 801234567
823405617 801234567
