437815260 801234567
437815602 801234567
437816052 801234567
437816205 801234567
437816520 801234567
437820165 801234567
437820516 801234567
437820651 801234567
437821056 801234567
437821560 801234567
437821605 801234567
437825061 801234567
437825106 801234567
437825610 801234567
437826015 801234567
437826150 801234567
437826501 801234567
437850126 801234567
437850261 801234567
437850612 801234567
437851062 801234567
437851206 801234567
437851620 801234567
437852016 801234567
437852160 801234567
437852601 801234567
437856021 801234567
437856102 801234567
437856210 801234567
437860152 801234567
437860215 801234567
437860521 801234567
437861025 801234567
437861250 801234567
437861502 801234567
437862051 801234567
437862105 801234567
437862510 801234567
437865012 801234567
437865120 801234567
437865201 801234567
438012576 801234567
438012657 801234567
438012765 801234567
438015267 801234567
438015672 801234567
438015726 801234567
438016275 801234567
438016527 801234567
438016752 801234567
438017256 801234567
438017562 801234567
438017625 801234567
438021567 801234567
438021675 801234567
438021756 801234567
438025176 801234567
438025617 801234567
438025761 801234567
438026157 801234567
438026571 801234567
438026715 801234567
438027165 801234567
438027516 801234567
438027651 801234567
438051276 801234567
438051627 801234567
438051762 801234567
438052167 801234567
438052671 801234567
438052716 801234567
438056172 801234567
438056217 801234567
438056721 801234567
438057126 801234567
438057261 801234567
438057612 801234567
438061257 801234567
438061572 801234567
438061725 801234567
438062175 801234567
438062517 801234567
438062751 801234567
438065127 801234567
438065271 801234567
438065712 801234567
438067152 801234567
438067215 801234567
438067521 801234567
438071265 801234567
438071526 801234567
438071652 801234567
438072156 801234567
438072561 801234567
438072615 801234567
438075162 801234567
438075216 801234567
438075621 801234567
438076125 801234567
438076251 801234567
438076512 801234567
438102567 801234567
438102675 801234567
438102756 801234567
438105276 801234567
438105627 801234567
438105762 801234567
438106257 801234567
438106572 801234567
438106725 801234567
438107265 801234567
438107526 801234567
438107652 801234567
438120576 801234567
438120657 801234567
438120765 801234567
438125067 801234567
438125670 801234567
438125706 801234567
438126075 801234567
438126507 801234567
438126750 801234567
438127056 801234567
438127560 801234567
438127605 801234567
438150267 801234567
438150672 801234567
438150726 801234567
438152076 801234567
438152607 801234567
438152760 801234567
438156027 801234567
438156270 801234567
438156702 801234567
438157062 801234567
438157206 801234567
438157620 801234567
438160275 801234567
438160527 801234567
438160752 801234567
438162057 801234567
438162570 801234567
438162705 801234567
438165072 801234567
438165207 801234567
438165720 801234567
438167025 801234567
438167250 801234567
438167502 801234567
438170256 801234567
438170562 801234567
438170625 801234567
438172065 801234567
438172506 801234567
438172650 801234567
438175026 801234567
438175260 801234567
438175602 801234567
438176052 801234567
438176205 801234567
438176520 801234567
438201576 801234567
438201657 801234567
438201765 801234567
438205167 801234567
438205671 801234567
438205716 801234567
438206175 801234567
438206517 801234567
438206751 801234567
438207156 801234567
438207561 801234567
438207615 801234567
438210567 801234567
438210675 801234567
438210756 801234567
438215076 801234567
438215607 801234567
438215760 801234567
438216057 801234567
438216570 801234567
438216705 801234567
438217065 801234567
438217506 801234567
438217650 801234567
438250176 801234567
438250617 801234567
438250761 801234567
438251067 801234567
438251670 801234567
438251706 801234567
438256071 801234567
438256107 801234567
438256710 801234567
438257016 801234567
438257160 801234567
438257601 801234567
438260157 801234567
438260571 801234567
438260715 801234567
438261075 801234567
438261507 801234567
438261750 801234567
438265017 801234567
438265170 801234567
438265701 801234567
438267051 801234567
438267105 801234567
438267510 801234567
438270165 801234567
438270516 801234567
438270651 801234567
438271056 801234567
438271560 801234567
438271605 801234567
438275061 801234567
438275106 801234567
438275610 801234567
438276015 801234567
438276150 801234567
438276501 801234567
438501267 801234567
438501672 801234567
438501726 801234567
438502176 801234567
438502617 801234567
438502761 801234567
438506127 801234567
438506271 801234567
438506712 801234567
438507162 801234567
438507216 801234567
438507621 801234567
438510276 801234567
438510627 801234567
438510762 801234567
438512067 801234567
438512670 801234567
438512706 801234567
438516072 801234567
438516207 801234567
438516720 801234567
438517026 801234567
438517260 801234567
438517602 801234567
438520167 801234567
438520671 801234567
438520716 801234567
438521076 801234567
438521607 801234567
438521760 801234567
438526017 801234567
438526170 801234567
438526701 801234567
438527061 801234567
438527106 801234567
438527610 801234567
438560172 801234567
438560217 801234567
438560721 801234567
438561027 801234567
438561270 801234567
438561702 801234567
438562071 801234567
438562107 801234567
438562710 801234567
438567012 801234567
438567120 801234567
438567201 801234567
438570126 801234567
438570261 801234567
438570612 801234567
438571062 801234567
438571206 801234567
438571620 801234567
438572016 801234567
438572160 801234567
438572601 801234567
438576021 801234567
438576102 801234567
438576210 801234567
438601275 801234567
438601527 801234567
438601752 801234567
438602157 801234567
438602571 801234567
438602715 801234567
438605172 801234567
438605217 801234567
438605721 801234567
438607125 801234567
438607251 801234567
438607512 801234567
438610257 801234567
438610572 801234567
438610725 801234567
438612075 801234567
438612507 801234567
438612750 801234567
438615027 801234567
438615270 801234567
438615702 801234567
438617052 801234567
438617205 801234567
438617520 801234567
438620175 801234567
438620517 801234567
438620751 801234567
438621057 801234567
438621570 801234567
438621705 801234567
438625071 801234567
438625107 801234567
438625710 801234567
438627015 801234567
438627150 801234567
438627501 801234567
438650127 801234567
438650271 801234567
438650712 801234567
438651072 801234567
438651207 801234567
438651720 801234567
438652017 801234567
438652170 801234567
438652701 801234567
438657021 801234567
438657102 801234567
438657210 801234567
438670152 801234567
438670215 801234567
438670521 801234567
438671025 801234567
438671250 801234567
438671502 801234567
438672051 801234567
438672105 801234567
438672510 801234567
438675012 801234567
438675120 801234567
438675201 801234567
438701256 801234567
438701562 801234567
438701625 801234567
438702165 801234567
438702516 801234567
438702651 801234567
438705126 801234567
438705261 801234567
438705612 801234567
438706152 801234567
438706215 801234567
438706521 801234567
438710265 801234567
438710526 801234567
438710652 801234567
438712056 801234567
438712560 801234567
438712605 801234567
438715062 801234567
438715206 801234567
438715620 801234567
438716025 801234567
438716250 801234567
438716502 801234567
438720156 801234567
438720561 801234567
438720615 801234567
438721065 801234567
438721506 801234567
438721650 801234567
438725016 801234567
438725160 801234567
438725601 801234567
438726051 801234567
438726105 801234567
438726510 801234567
438750162 801234567
438750216 801234567
438750621 801234567
438751026 801234567
438751260 801234567
438751602 801234567
438752061 801234567
438752106 801234567
438752610 801234567
438756012 801234567
438756120 801234567
438756201 801234567
438760125 801234567
438760251 801234567
438760512 801234567
438761052 801234567
438761205 801234567
438761520 801234567
438762015 801234567
438762150 801234567
438762501 801234567
438765021 801234567
438765102 801234567
438765210 801234567
450123678 801234567
450123786 801234567
450123867 801234567
450126387 801234567
450126738 801234567
450126873 801234567
450127368 801234567
450127683 801234567
450127836 801234567
450128376 801234567
450128637 801234567
450128763 801234567
450132687 801234567
450132768 801234567
450132876 801234567
450136278 801234567
450136782 801234567
450136827 801234567
450137286 801234567
450137628 801234567
450137862 801234567
450138267 801234567
450138672 801234567
450138726 801234567
450162378 801234567
450162783 801234567
450162837 801234567
450163287 801234567
450163728 801234567
450163872 801234567
450167238 801234567
450167382 801234567
450167823 801234567
450168273 801234567
450168327 801234567
450168732 801234567
450172386 801234567
450172638 801234567
450172863 801234567
450173268 801234567
450173682 801234567
450173826 801234567
450176283 801234567
450176328 801234567
450176832 801234567
450178236 801234567
450178362 801234567
450178623 801234567
450182367 801234567
450182673 801234567
450182736 801234567
450183276 801234567
450183627 801234567
450183762 801234567
450186237 801234567
450186372 801234567
450186723 801234567
450187263 801234567
450187326 801234567
450187632 801234567
450213687 801234567
450213768 801234567
450213876 801234567
450216378 801234567
450216783 801234567
450216837 801234567
450217386 801234567
450217638 801234567
450217863 801234567
450218367 801234567
450218673 801234567
450218736 801234567
450231678 801234567
450231786 801234567
450231867 801234567
450236187 801234567
450236718 801234567
450236871 801234567
450237168 801234567
450237681 801234567
450237816 801234567
450238176 801234567
450238617 801234567
450238761 801234567
450261387 801234567
450261738 801234567
450261873 801234567
450263178 801234567
450263781 801234567
450263817 801234567
450267183 801234567
450267318 801234567
450267831 801234567
450268137 801234567
450268371 801234567
450268713 801234567
450271368 801234567
450271683 801234567
