705348216 801234567
705348621 801234567
705361284 801234567
705361428 801234567
705361842 801234567
705362148 801234567
705362481 801234567
705362814 801234567
705364182 801234567
705364218 801234567
705364821 801234567
705368124 801234567
705368241 801234567
705368412 801234567
705381246 801234567
705381462 801234567
705381624 801234567
705382164 801234567
705382416 801234567
705382641 801234567
705384126 801234567
705384261 801234567
705384612 801234567
705386142 801234567
705386214 801234567
705386421 801234567
705412386 801234567
705412638 801234567
705412863 801234567
705413268 801234567
705413682 801234567
705413826 801234567
705416283 801234567
705416328 801234567
705416832 801234567
705418236 801234567
705418362 801234567
705418623 801234567
705421368 801234567
705421683 801234567
705421836 801234567
705423186 801234567
705423618 801234567
705423861 801234567
705426138 801234567
705426381 801234567
705426813 801234567
705428163 801234567
705428316 801234567
705428631 801234567
705431286 801234567
705431628 801234567
705431862 801234567
705432168 801234567
705432681 801234567
705432816 801234567
705436182 801234567
705436218 801234567
705436821 801234567
705438126 801234567
705438261 801234567
705438612 801234567
705461238 801234567
705461382 801234567
705461823 801234567
705462183 801234567
705462318 801234567
705462831 801234567
705463128 801234567
705463281 801234567
705463812 801234567
705468132 801234567
705468213 801234567
705468321 801234567
705481263 801234567
705481326 801234567
705481632 801234567
705482136 801234567
705482361 801234567
705482613 801234567
705483162 801234567
705483216 801234567
705483621 801234567
705486123 801234567
705486231 801234567
705486312 801234567
705612348 801234567
705612483 801234567
705612834 801234567
705613284 801234567
705613428 801234567
705613842 801234567
705614238 801234567
705614382 801234567
705614823 801234567
705618243 801234567
705618324 801234567
705618432 801234567
705621384 801234567
705621438 801234567
705621843 801234567
705623148 801234567
705623481 801234567
705623814 801234567
705624183 801234567
705624318 801234567
705624831 801234567
705628134 801234567
705628341 801234567
705628413 801234567
705631248 801234567
705631482 801234567
705631824 801234567
705632184 801234567
705632418 801234567
705632841 801234567
705634128 801234567
705634281 801234567
705634812 801234567
705638142 801234567
705638214 801234567
705638421 801234567
705641283 801234567
705641328 801234567
705641832 801234567
705642138 801234567
705642381 801234567
705642813 801234567
705643182 801234567
705643218 801234567
705643821 801234567
705648123 801234567
705648231 801234567
705648312 801234567
705681234 801234567
705681342 801234567
705681423 801234567
705682143 801234567
705682314 801234567
705682431 801234567
705683124 801234567
705683241 801234567
705683412 801234567
705684132 801234567
705684213 801234567
705684321 801234567
705812364 801234567
705812436 801234567
705812643 801234567
705813246 801234567
705813462 801234567
705813624 801234567
705814263 801234567
705814326 801234567
705814632 801234567
705816234 801234567
705816342 801234567
705816423 801234567
705821346 801234567
705821463 801234567
705821634 801234567
705823164 801234567
705823416 801234567
705823641 801234567
705824136 801234567
705824361 801234567
705824613 801234567
705826143 801234567
705826314 801234567
705826431 801234567
705831264 801234567
705831426 801234567
705831642 801234567
705832146 801234567
705832461 801234567
705832614 801234567
705834162 801234567
705834216 801234567
705834621 801234567
705836124 801234567
705836241 801234567
705836412 801234567
705841236 801234567
705841362 801234567
705841623 801234567
705842163 801234567
705842316 801234567
705842631 801234567
705843126 801234567
705843261 801234567
705843612 801234567
705846132 801234567
705846213 801234567
705846321 801234567
705861243 801234567
705861324 801234567
705861432 801234567
705862134 801234567
705862341 801234567
705862413 801234567
705863142 801234567
705863214 801234567
705863421 801234567
705864123 801234567
705864231 801234567
705864312 801234567
706123485 801234567
706123548 801234567
706123854 801234567
706124358 801234567
706124583 801234567
706124835 801234567
706125384 801234567
706125438 801234567
706125843 801234567
706128345 801234567
706128453 801234567
706128534 801234567
706132458 801234567
706132584 801234567
706132845 801234567
706134285 801234567
706134528 801234567
706134852 801234567
706135248 801234567
706135482 801234567
706135824 801234567
706138254 801234567
706138425 801234567
706138542 801234567
706142385 801234567
706142538 801234567
706142853 801234567
706143258 801234567
706143582 801234567
706143825 801234567
706145283 801234567
706145328 801234567
706145832 801234567
706148235 801234567
706148352 801234567
706148523 801234567
706152348 801234567
706152483 801234567
706152834 801234567
706153284 801234567
706153428 801234567
706153842 801234567
706154238 801234567
706154382 801234567
706154823 801234567
706158243 801234567
706158324 801234567
706158432 801234567
706182354 801234567
706182435 801234567
706182543 801234567
706183245 801234567
706183452 801234567
706183524 801234567
706184253 801234567
706184325 801234567
706184532 801234567
706185234 801234567
706185342 801234567
706185423 801234567
706213458 801234567
706213584 801234567
706213845 801234567
706214385 801234567
706214538 801234567
706214853 801234567
706215348 801234567
706215483 801234567
706215834 801234567
706218354 801234567
706218435 801234567
706218543 801234567
706231485 801234567
706231548 801234567
706231854 801234567
706234158 801234567
706234581 801234567
706234815 801234567
706235184 801234567
706235418 801234567
706235841 801234567
706238145 801234567
706238451 801234567
706238514 801234567
706241358 801234567
706241583 801234567
706241835 801234567
706243185 801234567
706243518 801234567
706243851 801234567
706245138 801234567
706245381 801234567
706245813 801234567
706248153 801234567
706248315 801234567
706248531 801234567
706251384 801234567
706251438 801234567
706251843 801234567
706253148 801234567
706253481 801234567
706253814 801234567
706254183 801234567
706254318 801234567
706254831 801234567
706258134 801234567
706258341 801234567
706258413 801234567
706281345 801234567
706281453 801234567
706281534 801234567
706283154 801234567
706283415 801234567
706283541 801234567
706284135 801234567
706284351 801234567
706284513 801234567
706285143 801234567
706285314 801234567
706285431 801234567
706312485 801234567
706312548 801234567
706312854 801234567
706314258 801234567
706314582 801234567
706314825 801234567
706315284 801234567
706315428 801234567
706315842 801234567
706318245 801234567
706318452 801234567
706318524 801234567
706321458 801234567
706321584 801234567
706321845 801234567
706324185 801234567
706324518 801234567
706324851 801234567
706325148 801234567
706325481 801234567
706325814 801234567
706328154 801234567
706328415 801234567
706328541 801234567
706341285 801234567
706341528 801234567
706341852 801234567
706342158 801234567
706342581 801234567
706342815 801234567
706345182 801234567
706345218 801234567
706345821 801234567
706348125 801234567
706348251 801234567
706348512 801234567
706351248 801234567
706351482 801234567
706351824 801234567
706352184 801234567
706352418 801234567
706352841 801234567
706354128 801234567
706354281 801234567
706354812 801234567
706358142 801234567
706358214 801234567
706358421 801234567
706381254 801234567
706381425 801234567
706381542 801234567
706382145 801234567
706382451 801234567
706382514 801234567
706384152 801234567
706384215 801234567
706384521 801234567
706385124 801234567
706385241 801234567
706385412 801234567
706412358 801234567
706412583 801234567
706412835 801234567
706413285 801234567
706413528 801234567
706413852 801234567
706415238 801234567
706415382 801234567
706415823 801234567
706418253 801234567
706418325 801234567
706418532 801234567
706421385 801234567
706421538 801234567
706421853 801234567
706423158 801234567
706423581 801234567
706423815 801234567
706425183 801234567
706425318 801234567
706425831 801234567
706428135 801234567
706428351 801234567
706428513 801234567
706431258 801234567
706431582 801234567
706431825 801234567
706432185 801234567
706432518 801234567
706432851 801234567
706435128 801234567
706435281 801234567
706435812 801234567
706438152 801234567
706438215 801234567
706438521 801234567
706451283 801234567
706451328 801234567
706451832 801234567
706452138 801234567
706452381 801234567
706452813 801234567
706453182 801234567
706453218 801234567
706453821 801234567
706458123 801234567
706458231 801234567
706458312 801234567
706481235 801234567
706481352 801234567
706481523 801234567
706482153 801234567
706482315 801234567
706482531 801234567
706483125 801234567
706483251 801234567
706483512 801234567
706485132 801234567
706485213 801234567
706485321 801234567
706512384 801234567
706512438 801234567
706512843 801234567
706513248 801234567
706513482 801234567
706513824 801234567
706514283 801234567
706514328 801234567
706514832 801234567
706518234 801234567
706518342 801234567
706518423 801234567
706521348 801234567
706521483 801234567
706521834 801234567
706523184 801234567
706523418 801234567
706523841 801234567
706524138 801234567
706524381 801234567
706524813 801234567
706528143 801234567
706528314 801234567
706528431 801234567
706531284 801234567
706531428 801234567
706531842 801234567
706532148 801234567
706532481 801234567
706532814 801234567
706534182 801234567
706534218 801234567
706534821 801234567
706538124 801234567
706538241 801234567
706538412 801234567
706541238 801234567
706541382 801234567
706541823 801234567
706542183 801234567
706542318 801234567
706542831 801234567
706543128 801234567
706543281 801234567
706543812 801234567
706548132 801234567
706548213 801234567
706548321 801234567
706581243 801234567
706581324 801234567
706581432 801234567
706582134 801234567
706582341 801234567
