382014765 801234567
382015467 801234567
382015674 801234567
382015746 801234567
382016475 801234567
382016547 801234567
382016754 801234567
382017456 801234567
382017564 801234567
382017645 801234567
382041567 801234567
382041675 801234567
382041756 801234567
382045176 801234567
382045617 801234567
382045761 801234567
382046157 801234567
382046571 801234567
382046715 801234567
382047165 801234567
382047516 801234567
382047651 801234567
382051476 801234567
382051647 801234567
382051764 801234567
382054167 801234567
382054671 801234567
382054716 801234567
382056174 801234567
382056417 801234567
382056741 801234567
382057146 801234567
382057461 801234567
382057614 801234567
382061457 801234567
382061574 801234567
382061745 801234567
382064175 801234567
382064517 801234567
382064751 801234567
382065147 801234567
382065471 801234567
382065714 801234567
382067154 801234567
382067415 801234567
382067541 801234567
382071465 801234567
382071546 801234567
382071654 801234567
382074156 801234567
382074561 801234567
382074615 801234567
382075164 801234567
382075416 801234567
382075641 801234567
382076145 801234567
382076451 801234567
382076514 801234567
382104567 801234567
382104675 801234567
382104756 801234567
382105476 801234567
382105647 801234567
382105764 801234567
382106457 801234567
382106574 801234567
382106745 801234567
382107465 801234567
382107546 801234567
382107654 801234567
382140576 801234567
382140657 801234567
382140765 801234567
382145067 801234567
382145670 801234567
382145706 801234567
382146075 801234567
382146507 801234567
382146750 801234567
382147056 801234567
382147560 801234567
382147605 801234567
382150467 801234567
382150674 801234567
382150746 801234567
382154076 801234567
382154607 801234567
382154760 801234567
382156047 801234567
382156470 801234567
382156704 801234567
382157064 801234567
382157406 801234567
382157640 801234567
382160475 801234567
382160547 801234567
382160754 801234567
382164057 801234567
382164570 801234567
382164705 801234567
382165074 801234567
382165407 801234567
382165740 801234567
382167045 801234567
382167450 801234567
382167504 801234567
382170456 801234567
382170564 801234567
382170645 801234567
382174065 801234567
382174506 801234567
382174650 801234567
382175046 801234567
382175460 801234567
382175604 801234567
382176054 801234567
382176405 801234567
382176540 801234567
382401576 801234567
382401657 801234567
382401765 801234567
382405167 801234567
382405671 801234567
382405716 801234567
382406175 801234567
382406517 801234567
382406751 801234567
382407156 801234567
382407561 801234567
382407615 801234567
382410567 801234567
382410675 801234567
382410756 801234567
382415076 801234567
382415607 801234567
382415760 801234567
382416057 801234567
382416570 801234567
382416705 801234567
382417065 801234567
382417506 801234567
382417650 801234567
382450176 801234567
382450617 801234567
382450761 801234567
382451067 801234567
382451670 801234567
382451706 801234567
382456071 801234567
382456107 801234567
382456710 801234567
382457016 801234567
382457160 801234567
382457601 801234567
382460157 801234567
382460571 801234567
382460715 801234567
382461075 801234567
382461507 801234567
382461750 801234567
382465017 801234567
382465170 801234567
382465701 801234567
382467051 801234567
382467105 801234567
382467510 801234567
382470165 801234567
382470516 801234567
382470651 801234567
382471056 801234567
382471560 801234567
382471605 801234567
382475061 801234567
382475106 801234567
382475610 801234567
382476015 801234567
382476150 801234567
382476501 801234567
382501467 801234567
382501674 801234567
382501746 801234567
382504176 801234567
382504617 801234567
382504761 801234567
382506147 801234567
382506471 801234567
382506714 801234567
382507164 801234567
382507416 801234567
382507641 801234567
382510476 801234567
382510647 801234567
382510764 801234567
382514067 801234567
382514670 801234567
382514706 801234567
382516074 801234567
382516407 801234567
382516740 801234567
382517046 801234567
382517460 801234567
382517604 801234567
382540167 801234567
382540671 801234567
382540716 801234567
382541076 801234567
382541607 801234567
382541760 801234567
382546017 801234567
382546170 801234567
382546701 801234567
382547061 801234567
382547106 801234567
382547610 801234567
382560174 801234567
382560417 801234567
382560741 801234567
382561047 801234567
382561470 801234567
382561704 801234567
382564071 801234567
382564107 801234567
382564710 801234567
382567014 801234567
382567140 801234567
382567401 801234567
382570146 801234567
382570461 801234567
382570614 801234567
382571064 801234567
382571406 801234567
382571640 801234567
382574016 801234567
382574160 801234567
382574601 801234567
382576041 801234567
382576104 801234567
382576410 801234567
382601475 801234567
382601547 801234567
382601754 801234567
382604157 801234567
382604571 801234567
382604715 801234567
382605174 801234567
382605417 801234567
382605741 801234567
382607145 801234567
382607451 801234567
382607514 801234567
382610457 801234567
382610574 801234567
382610745 801234567
382614075 801234567
382614507 801234567
382614750 801234567
382615047 801234567
382615470 801234567
382615704 801234567
382617054 801234567
382617405 801234567
382617540 801234567
382640175 801234567
382640517 801234567
382640751 801234567
382641057 801234567
382641570 801234567
382641705 801234567
382645071 801234567
382645107 801234567
382645710 801234567
382647015 801234567
382647150 801234567
382647501 801234567
382650147 801234567
382650471 801234567
382650714 801234567
382651074 801234567
382651407 801234567
382651740 801234567
382654017 801234567
382654170 801234567
382654701 801234567
382657041 801234567
382657104 801234567
382657410 801234567
382670154 801234567
382670415 801234567
382670541 801234567
382671045 801234567
382671450 801234567
382671504 801234567
382674051 801234567
382674105 801234567
382674510 801234567
382675014 801234567
382675140 801234567
382675401 801234567
382701456 801234567
382701564 801234567
382701645 801234567
382704165 801234567
382704516 801234567
382704651 801234567
382705146 801234567
382705461 801234567
382705614 801234567
382706154 801234567
382706415 801234567
382706541 801234567
382710465 801234567
382710546 801234567
382710654 801234567
382714056 801234567
382714560 801234567
382714605 801234567
382715064 801234567
382715406 801234567
382715640 801234567
382716045 801234567
382716450 801234567
382716504 801234567
382740156 801234567
382740561 801234567
382740615 801234567
382741065 801234567
382741506 801234567
382741650 801234567
382745016 801234567
382745160 801234567
382745601 801234567
382746051 801234567
382746105 801234567
382746510 801234567
382750164 801234567
382750416 801234567
382750641 801234567
382751046 801234567
382751460 801234567
382751604 801234567
382754061 801234567
382754106 801234567
382754610 801234567
382756014 801234567
382756140 801234567
382756401 801234567
382760145 801234567
382760451 801234567
382760514 801234567
382761054 801234567
382761405 801234567
382761540 801234567
382764015 801234567
382764150 801234567
382764501 801234567
382765041 801234567
382765104 801234567
382765410 801234567
384012567 801234567
384012675 801234567
384012756 801234567
384015276 801234567
384015627 801234567
384015762 801234567
384016257 801234567
384016572 801234567
384016725 801234567
384017265 801234567
384017526 801234567
384017652 801234567
384021576 801234567
384021657 801234567
384021765 801234567
384025167 801234567
384025671 801234567
384025716 801234567
384026175 801234567
384026517 801234567
384026751 801234567
384027156 801234567
384027561 801234567
384027615 801234567
384051267 801234567
384051672 801234567
384051726 801234567
384052176 801234567
384052617 801234567
384052761 801234567
384056127 801234567
384056271 801234567
384056712 801234567
384057162 801234567
384057216 801234567
384057621 801234567
384061275 801234567
384061527 801234567
384061752 801234567
384062157 801234567
384062571 801234567
384062715 801234567
384065172 801234567
384065217 801234567
384065721 801234567
384067125 801234567
384067251 801234567
384067512 801234567
384071256 801234567
384071562 801234567
384071625 801234567
384072165 801234567
384072516 801234567
384072651 801234567
384075126 801234567
384075261 801234567
384075612 801234567
384076152 801234567
384076215 801234567
384076521 801234567
384102576 801234567
384102657 801234567
384102765 801234567
384105267 801234567
384105672 801234567
384105726 801234567
384106275 801234567
384106527 801234567
384106752 801234567
384107256 801234567
384107562 801234567
384107625 801234567
384120567 801234567
384120675 801234567
384120756 801234567
384125076 801234567
384125607 801234567
384125760 801234567
384126057 801234567
384126570 801234567
384126705 801234567
384127065 801234567
384127506 801234567
384127650 801234567
384150276 801234567
384150627 801234567
384150762 801234567
384152067 801234567
384152670 801234567
384152706 801234567
384156072 801234567
384156207 801234567
384156720 801234567
384157026 801234567
384157260 801234567
384157602 801234567
384160257 801234567
384160572 801234567
384160725 801234567
384162075 801234567
384162507 801234567
384162750 801234567
384165027 801234567
384165270 801234567
384165702 801234567
384167052 801234567
384167205 801234567
384167520 801234567
384170265 801234567
384170526 801234567
384170652 801234567
384172056 801234567
384172560 801234567
384172605 801234567
384175062 801234567
384175206 801234567
384175620 801234567
384176025 801234567
384176250 801234567
384176502 801234567
384201567 801234567
384201675 801234567
384201756 801234567
384205176 801234567
384205617 801234567
384205761 801234567
384206157 801234567
384206571 801234567
384206715 801234567
384207165 801234567
384207516 801234567
384207651 801234567
384210576 801234567
384210657 801234567
384210765 801234567
384215067 801234567
384215670 801234567
384215706 801234567
384216075 801234567
384216507 801234567
384216750 801234567
