370615824 801234567
370618254 801234567
370618425 801234567
370618542 801234567
370621485 801234567
370621548 801234567
370621854 801234567
370624158 801234567
370624581 801234567
370624815 801234567
370625184 801234567
370625418 801234567
370625841 801234567
370628145 801234567
370628451 801234567
370628514 801234567
370641258 801234567
370641582 801234567
370641825 801234567
370642185 801234567
370642518 801234567
370642851 801234567
370645128 801234567
370645281 801234567
370645812 801234567
370648152 801234567
370648215 801234567
370648521 801234567
370651284 801234567
370651428 801234567
370651842 801234567
370652148 801234567
370652481 801234567
370652814 801234567
370654182 801234567
370654218 801234567
370654821 801234567
370658124 801234567
370658241 801234567
370658412 801234567
370681245 801234567
370681452 801234567
370681524 801234567
370682154 801234567
370682415 801234567
370682541 801234567
370684125 801234567
370684251 801234567
370684512 801234567
370685142 801234567
370685214 801234567
370685421 801234567
370812465 801234567
370812546 801234567
370812654 801234567
370814256 801234567
370814562 801234567
370814625 801234567
370815264 801234567
370815426 801234567
370815642 801234567
370816245 801234567
370816452 801234567
370816524 801234567
370821456 801234567
370821564 801234567
370821645 801234567
370824165 801234567
370824516 801234567
370824651 801234567
370825146 801234567
370825461 801234567
370825614 801234567
370826154 801234567
370826415 801234567
370826541 801234567
370841265 801234567
370841526 801234567
370841652 801234567
370842156 801234567
370842561 801234567
370842615 801234567
370845162 801234567
370845216 801234567
370845621 801234567
370846125 801234567
370846251 801234567
370846512 801234567
370851246 801234567
370851462 801234567
370851624 801234567
370852164 801234567
370852416 801234567
370852641 801234567
370854126 801234567
370854261 801234567
370854612 801234567
370856142 801234567
370856214 801234567
370856421 801234567
370861254 801234567
370861425 801234567
370861542 801234567
370862145 801234567
370862451 801234567
370862514 801234567
370864152 801234567
370864215 801234567
370864521 801234567
370865124 801234567
370865241 801234567
370865412 801234567
371024586 801234567
371024658 801234567
371024865 801234567
371025468 801234567
371025684 801234567
371025846 801234567
371026485 801234567
371026548 801234567
371026854 801234567
371028456 801234567
371028564 801234567
371028645 801234567
371042568 801234567
371042685 801234567
371042856 801234567
371045286 801234567
371045628 801234567
371045862 801234567
371046258 801234567
371046582 801234567
371046825 801234567
371048265 801234567
371048526 801234567
371048652 801234567
371052486 801234567
371052648 801234567
371052864 801234567
371054268 801234567
371054682 801234567
371054826 801234567
371056284 801234567
371056428 801234567
371056842 801234567
371058246 801234567
371058462 801234567
371058624 801234567
371062458 801234567
371062584 801234567
371062845 801234567
371064285 801234567
371064528 801234567
371064852 801234567
371065248 801234567
371065482 801234567
371065824 801234567
371068254 801234567
371068425 801234567
371068542 801234567
371082465 801234567
371082546 801234567
371082654 801234567
371084256 801234567
371084562 801234567
371084625 801234567
371085264 801234567
371085426 801234567
371085642 801234567
371086245 801234567
371086452 801234567
371086524 801234567
371204568 801234567
371204685 801234567
371204856 801234567
371205486 801234567
371205648 801234567
371205864 801234567
371206458 801234567
371206584 801234567
371206845 801234567
371208465 801234567
371208546 801234567
371208654 801234567
371240586 801234567
371240658 801234567
371240865 801234567
371245068 801234567
371245680 801234567
371245806 801234567
371246085 801234567
371246508 801234567
371246850 801234567
371248056 801234567
371248560 801234567
371248605 801234567
371250468 801234567
371250684 801234567
371250846 801234567
371254086 801234567
371254608 801234567
371254860 801234567
371256048 801234567
371256480 801234567
371256804 801234567
371258064 801234567
371258406 801234567
371258640 801234567
371260485 801234567
371260548 801234567
371260854 801234567
371264058 801234567
371264580 801234567
371264805 801234567
371265084 801234567
371265408 801234567
371265840 801234567
371268045 801234567
371268450 801234567
371268504 801234567
371280456 801234567
371280564 801234567
371280645 801234567
371284065 801234567
371284506 801234567
371284650 801234567
371285046 801234567
371285460 801234567
371285604 801234567
371286054 801234567
371286405 801234567
371286540 801234567
371402586 801234567
371402658 801234567
371402865 801234567
371405268 801234567
371405682 801234567
371405826 801234567
371406285 801234567
371406528 801234567
371406852 801234567
371408256 801234567
371408562 801234567
371408625 801234567
371420568 801234567
371420685 801234567
371420856 801234567
371425086 801234567
371425608 801234567
371425860 801234567
371426058 801234567
371426580 801234567
371426805 801234567
371428065 801234567
371428506 801234567
371428650 801234567
371450286 801234567
371450628 801234567
371450862 801234567
371452068 801234567
371452680 801234567
371452806 801234567
371456082 801234567
371456208 801234567
371456820 801234567
371458026 801234567
371458260 801234567
371458602 801234567
371460258 801234567
371460582 801234567
371460825 801234567
371462085 801234567
371462508 801234567
371462850 801234567
371465028 801234567
371465280 801234567
371465802 801234567
371468052 801234567
371468205 801234567
371468520 801234567
371480265 801234567
371480526 801234567
371480652 801234567
371482056 801234567
371482560 801234567
371482605 801234567
371485062 801234567
371485206 801234567
371485620 801234567
371486025 801234567
371486250 801234567
371486502 801234567
371502468 801234567
371502684 801234567
371502846 801234567
371504286 801234567
371504628 801234567
371504862 801234567
371506248 801234567
371506482 801234567
371506824 801234567
371508264 801234567
371508426 801234567
371508642 801234567
371520486 801234567
371520648 801234567
371520864 801234567
371524068 801234567
371524680 801234567
371524806 801234567
371526084 801234567
371526408 801234567
371526840 801234567
371528046 801234567
371528460 801234567
371528604 801234567
371540268 801234567
371540682 801234567
371540826 801234567
371542086 801234567
371542608 801234567
371542860 801234567
371546028 801234567
371546280 801234567
371546802 801234567
371548062 801234567
371548206 801234567
371548620 801234567
371560284 801234567
371560428 801234567
371560842 801234567
371562048 801234567
371562480 801234567
371562804 801234567
371564082 801234567
371564208 801234567
371564820 801234567
371568024 801234567
371568240 801234567
371568402 801234567
371580246 801234567
371580462 801234567
371580624 801234567
371582064 801234567
371582406 801234567
371582640 801234567
371584026 801234567
371584260 801234567
371584602 801234567
371586042 801234567
371586204 801234567
371586420 801234567
371602485 801234567
371602548 801234567
371602854 801234567
371604258 801234567
371604582 801234567
371604825 801234567
371605284 801234567
371605428 801234567
371605842 801234567
371608245 801234567
371608452 801234567
371608524 801234567
371620458 801234567
371620584 801234567
371620845 801234567
371624085 801234567
371624508 801234567
371624850 801234567
371625048 801234567
371625480 801234567
371625804 801234567
371628054 801234567
371628405 801234567
371628540 801234567
371640285 801234567
371640528 801234567
371640852 801234567
371642058 801234567
371642580 801234567
371642805 801234567
371645082 801234567
371645208 801234567
371645820 801234567
371648025 801234567
371648250 801234567
371648502 801234567
371650248 801234567
371650482 801234567
371650824 801234567
371652084 801234567
371652408 801234567
371652840 801234567
371654028 801234567
371654280 801234567
371654802 801234567
371658042 801234567
371658204 801234567
371658420 801234567
371680254 801234567
371680425 801234567
371680542 801234567
371682045 801234567
371682450 801234567
371682504 801234567
371684052 801234567
371684205 801234567
371684520 801234567
371685024 801234567
371685240 801234567
371685402 801234567
371802456 801234567
371802564 801234567
371802645 801234567
371804265 801234567
371804526 801234567
371804652 801234567
371805246 801234567
371805462 801234567
371805624 801234567
371806254 801234567
371806425 801234567
371806542 801234567
371820465 801234567
371820546 801234567
371820654 801234567
371824056 801234567
371824560 801234567
371824605 801234567
371825064 801234567
371825406 801234567
371825640 801234567
371826045 801234567
371826450 801234567
371826504 801234567
371840256 801234567
371840562 801234567
371840625 801234567
371842065 801234567
371842506 801234567
371842650 801234567
371845026 801234567
371845260 801234567
371845602 801234567
371846052 801234567
371846205 801234567
371846520 801234567
371850264 801234567
371850426 801234567
371850642 801234567
371852046 801234567
371852460 801234567
371852604 801234567
371854062 801234567
371854206 801234567
371854620 801234567
371856024 801234567
371856240 801234567
371856402 801234567
371860245 801234567
371860452 801234567
371860524 801234567
371862054 801234567
371862405 801234567
371862540 801234567
371864025 801234567
371864250 801234567
371864502 801234567
371865042 801234567
371865204 801234567
371865420 801234567
372014568 801234567
372014685 801234567
372014856 801234567
372015486 801234567
372015648 801234567
372015864 801234567
372016458 801234567
372016584 801234567
372016845 801234567
372018465 801234567
372018546 801234567
372018654 801234567
372041586 801234567
372041658 801234567
372041865 801234567
372045168 801234567
372045681 801234567
372045816 801234567
372046185 801234567
372046518 801234567
372046851 801234567
372048156 801234567
372048561 801234567
372048615 801234567
372051468 801234567
372051684 801234567
372051846 801234567
