507421863 801234567
507423168 801234567
507423681 801234567
507423816 801234567
507426183 801234567
507426318 801234567
507426831 801234567
507428136 801234567
507428361 801234567
507428613 801234567
507431268 801234567
507431682 801234567
507431826 801234567
507432186 801234567
507432618 801234567
507432861 801234567
507436128 801234567
507436281 801234567
507436812 801234567
507438162 801234567
507438216 801234567
507438621 801234567
507461283 801234567
507461328 801234567
507461832 801234567
507462138 801234567
507462381 801234567
507462813 801234567
507463182 801234567
507463218 801234567
507463821 801234567
507468123 801234567
507468231 801234567
507468312 801234567
507481236 801234567
507481362 801234567
507481623 801234567
507482163 801234567
507482316 801234567
507482631 801234567
507483126 801234567
507483261 801234567
507483612 801234567
507486132 801234567
507486213 801234567
507486321 801234567
507612384 801234567
507612438 801234567
507612843 801234567
507613248 801234567
507613482 801234567
507613824 801234567
507614283 801234567
507614328 801234567
507614832 801234567
507618234 801234567
507618342 801234567
507618423 801234567
507621348 801234567
507621483 801234567
507621834 801234567
507623184 801234567
507623418 801234567
507623841 801234567
507624138 801234567
507624381 801234567
507624813 801234567
507628143 801234567
507628314 801234567
507628431 801234567
507631284 801234567
507631428 801234567
507631842 801234567
507632148 801234567
507632481 801234567
507632814 801234567
507634182 801234567
507634218 801234567
507634821 801234567
507638124 801234567
507638241 801234567
507638412 801234567
507641238 801234567
507641382 801234567
507641823 801234567
507642183 801234567
507642318 801234567
507642831 801234567
507643128 801234567
507643281 801234567
507643812 801234567
507648132 801234567
507648213 801234567
507648321 801234567
507681243 801234567
507681324 801234567
507681432 801234567
507682134 801234567
507682341 801234567
507682413 801234567
507683142 801234567
507683214 801234567
507683421 801234567
507684123 801234567
507684231 801234567
507684312 801234567
507812346 801234567
507812463 801234567
507812634 801234567
507813264 801234567
507813426 801234567
507813642 801234567
507814236 801234567
507814362 801234567
507814623 801234567
507816243 801234567
507816324 801234567
507816432 801234567
507821364 801234567
507821436 801234567
507821643 801234567
507823146 801234567
507823461 801234567
507823614 801234567
507824163 801234567
507824316 801234567
507824631 801234567
507826134 801234567
507826341 801234567
507826413 801234567
507831246 801234567
507831462 801234567
507831624 801234567
507832164 801234567
507832416 801234567
507832641 801234567
507834126 801234567
507834261 801234567
507834612 801234567
507836142 801234567
507836214 801234567
507836421 801234567
507841263 801234567
507841326 801234567
507841632 801234567
507842136 801234567
507842361 801234567
507842613 801234567
507843162 801234567
507843216 801234567
507843621 801234567
507846123 801234567
507846231 801234567
507846312 801234567
507861234 801234567
507861342 801234567
507861423 801234567
507862143 801234567
507862314 801234567
507862431 801234567
507863124 801234567
507863241 801234567
507863412 801234567
507864132 801234567
507864213 801234567
507864321 801234567
508123467 801234567
508123674 801234567
508123746 801234567
508124376 801234567
508124637 801234567
508124763 801234567
508126347 801234567
508126473 801234567
508126734 801234567
508127364 801234567
508127436 801234567
508127643 801234567
508132476 801234567
508132647 801234567
508132764 801234567
508134267 801234567
508134672 801234567
508134726 801234567
508136274 801234567
508136427 801234567
508136742 801234567
508137246 801234567
508137462 801234567
508137624 801234567
508142367 801234567
508142673 801234567
508142736 801234567
508143276 801234567
508143627 801234567
508143762 801234567
508146237 801234567
508146372 801234567
508146723 801234567
508147263 801234567
508147326 801234567
508147632 801234567
508162374 801234567
508162437 801234567
508162743 801234567
508163247 801234567
508163472 801234567
508163724 801234567
508164273 801234567
508164327 801234567
508164732 801234567
508167234 801234567
508167342 801234567
508167423 801234567
508172346 801234567
508172463 801234567
508172634 801234567
508173264 801234567
508173426 801234567
508173642 801234567
508174236 801234567
508174362 801234567
508174623 801234567
508176243 801234567
508176324 801234567
508176432 801234567
508213476 801234567
508213647 801234567
508213764 801234567
508214367 801234567
508214673 801234567
508214736 801234567
508216374 801234567
508216437 801234567
508216743 801234567
508217346 801234567
508217463 801234567
508217634 801234567
508231467 801234567
508231674 801234567
508231746 801234567
508234176 801234567
508234617 801234567
508234761 801234567
508236147 801234567
508236471 801234567
508236714 801234567
508237164 801234567
508237416 801234567
508237641 801234567
508241376 801234567
508241637 801234567
508241763 801234567
508243167 801234567
508243671 801234567
508243716 801234567
508246173 801234567
508246317 801234567
508246731 801234567
508247136 801234567
508247361 801234567
508247613 801234567
508261347 801234567
508261473 801234567
508261734 801234567
508263174 801234567
508263417 801234567
508263741 801234567
508264137 801234567
508264371 801234567
508264713 801234567
508267143 801234567
508267314 801234567
508267431 801234567
508271364 801234567
508271436 801234567
508271643 801234567
508273146 801234567
508273461 801234567
508273614 801234567
508274163 801234567
508274316 801234567
508274631 801234567
508276134 801234567
508276341 801234567
508276413 801234567
508312467 801234567
508312674 801234567
508312746 801234567
508314276 801234567
508314627 801234567
508314762 801234567
508316247 801234567
508316472 801234567
508316724 801234567
508317264 801234567
508317426 801234567
508317642 801234567
508321476 801234567
508321647 801234567
508321764 801234567
508324167 801234567
508324671 801234567
508324716 801234567
508326174 801234567
508326417 801234567
508326741 801234567
508327146 801234567
508327461 801234567
508327614 801234567
508341267 801234567
508341672 801234567
508341726 801234567
508342176 801234567
508342617 801234567
508342761 801234567
508346127 801234567
508346271 801234567
508346712 801234567
508347162 801234567
508347216 801234567
508347621 801234567
508361274 801234567
508361427 801234567
508361742 801234567
508362147 801234567
508362471 801234567
508362714 801234567
508364172 801234567
508364217 801234567
508364721 801234567
508367124 801234567
508367241 801234567
508367412 801234567
508371246 801234567
508371462 801234567
508371624 801234567
508372164 801234567
508372416 801234567
508372641 801234567
508374126 801234567
508374261 801234567
508374612 801234567
508376142 801234567
508376214 801234567
508376421 801234567
508412376 801234567
508412637 801234567
508412763 801234567
508413267 801234567
508413672 801234567
508413726 801234567
508416273 801234567
508416327 801234567
508416732 801234567
508417236 801234567
508417362 801234567
508417623 801234567
508421367 801234567
508421673 801234567
508421736 801234567
508423176 801234567
508423617 801234567
508423761 801234567
508426137 801234567
508426371 801234567
508426713 801234567
508427163 801234567
508427316 801234567
508427631 801234567
508431276 801234567
508431627 801234567
508431762 801234567
508432167 801234567
508432671 801234567
508432716 801234567
508436172 801234567
508436217 801234567
508436721 801234567
508437126 801234567
508437261 801234567
508437612 801234567
508461237 801234567
508461372 801234567
508461723 801234567
508462173 801234567
508462317 801234567
508462731 801234567
508463127 801234567
508463271 801234567
508463712 801234567
508467132 801234567
508467213 801234567
508467321 801234567
508471263 801234567
508471326 801234567
508471632 801234567
508472136 801234567
508472361 801234567
508472613 801234567
508473162 801234567
508473216 801234567
508473621 801234567
508476123 801234567
508476231 801234567
508476312 801234567
508612347 801234567
508612473 801234567
508612734 801234567
508613274 801234567
508613427 801234567
508613742 801234567
508614237 801234567
508614372 801234567
508614723 801234567
508617243 801234567
508617324 801234567
508617432 801234567
508621374 801234567
508621437 801234567
508621743 801234567
508623147 801234567
508623471 801234567
508623714 801234567
508624173 801234567
508624317 801234567
508624731 801234567
508627134 801234567
508627341 801234567
508627413 801234567
508631247 801234567
508631472 801234567
508631724 801234567
508632174 801234567
508632417 801234567
508632741 801234567
508634127 801234567
508634271 801234567
508634712 801234567
508637142 801234567
508637214 801234567
508637421 801234567
508641273 801234567
508641327 801234567
508641732 801234567
508642137 801234567
508642371 801234567
508642713 801234567
508643172 801234567
508643217 801234567
508643721 801234567
508647123 801234567
508647231 801234567
508647312 801234567
508671234 801234567
508671342 801234567
508671423 801234567
508672143 801234567
508672314 801234567
508672431 801234567
508673124 801234567
508673241 801234567
508673412 801234567
508674132 801234567
508674213 801234567
508674321 801234567
508712364 801234567
508712436 801234567
508712643 801234567
508713246 801234567
508713462 801234567
508713624 801234567
508714263 801234567
508714326 801234567
508714632 801234567
508716234 801234567
508716342 801234567
508716423 801234567
508721346 801234567
508721463 801234567
508721634 801234567
508723164 801234567
508723416 801234567
508723641 801234567
508724136 801234567
508724361 801234567
508724613 801234567
508726143 801234567
508726314 801234567
508726431 801234567
508731264 801234567
508731426 801234567
508731642 801234567
508732146 801234567
508732461 801234567
508732614 801234567
508734162 801234567
508734216 801234567
508734621 801234567
