405286713 801234567
405287163 801234567
405287316 801234567
405287631 801234567
405312687 801234567
405312768 801234567
405312876 801234567
405316278 801234567
405316782 801234567
405316827 801234567
405317286 801234567
405317628 801234567
405317862 801234567
405318267 801234567
405318672 801234567
405318726 801234567
405321678 801234567
405321786 801234567
405321867 801234567
405326187 801234567
405326718 801234567
405326871 801234567
405327168 801234567
405327681 801234567
405327816 801234567
405328176 801234567
405328617 801234567
405328761 801234567
405361287 801234567
405361728 801234567
405361872 801234567
405362178 801234567
405362781 801234567
405362817 801234567
405367182 801234567
405367218 801234567
405367821 801234567
405368127 801234567
405368271 801234567
405368712 801234567
405371268 801234567
405371682 801234567
405371826 801234567
405372186 801234567
405372618 801234567
405372861 801234567
405376128 801234567
405376281 801234567
405376812 801234567
405378162 801234567
405378216 801234567
405378621 801234567
405381276 801234567
405381627 801234567
405381762 801234567
405382167 801234567
405382671 801234567
405382716 801234567
405386172 801234567
405386217 801234567
405386721 801234567
405387126 801234567
405387261 801234567
405387612 801234567
405612378 801234567
405612783 801234567
405612837 801234567
405613287 801234567
405613728 801234567
405613872 801234567
405617238 801234567
405617382 801234567
405617823 801234567
405618273 801234567
405618327 801234567
405618732 801234567
405621387 801234567
405621738 801234567
405621873 801234567
405623178 801234567
405623781 801234567
405623817 801234567
405627183 801234567
405627318 801234567
405627831 801234567
405628137 801234567
405628371 801234567
405628713 801234567
405631278 801234567
405631782 801234567
405631827 801234567
405632187 801234567
405632718 801234567
405632871 801234567
405637128 801234567
405637281 801234567
405637812 801234567
405638172 801234567
405638217 801234567
405638721 801234567
405671283 801234567
405671328 801234567
405671832 801234567
405672138 801234567
405672381 801234567
405672813 801234567
405673182 801234567
405673218 801234567
405673821 801234567
405678123 801234567
405678231 801234567
405678312 801234567
405681237 801234567
405681372 801234567
405681723 801234567
405682173 801234567
405682317 801234567
405682731 801234567
405683127 801234567
405683271 801234567
405683712 801234567
405687132 801234567
405687213 801234567
405687321 801234567
405712386 801234567
405712638 801234567
405712863 801234567
405713268 801234567
405713682 801234567
405713826 801234567
405716283 801234567
405716328 801234567
405716832 801234567
405718236 801234567
405718362 801234567
405718623 801234567
405721368 801234567
405721683 801234567
405721836 801234567
405723186 801234567
405723618 801234567
405723861 801234567
405726138 801234567
405726381 801234567
405726813 801234567
405728163 801234567
405728316 801234567
405728631 801234567
405731286 801234567
405731628 801234567
405731862 801234567
405732168 801234567
405732681 801234567
405732816 801234567
405736182 801234567
405736218 801234567
405736821 801234567
405738126 801234567
405738261 801234567
405738612 801234567
405761238 801234567
405761382 801234567
405761823 801234567
405762183 801234567
405762318 801234567
405762831 801234567
405763128 801234567
405763281 801234567
405763812 801234567
405768132 801234567
405768213 801234567
405768321 801234567
405781263 801234567
405781326 801234567
405781632 801234567
405782136 801234567
405782361 801234567
405782613 801234567
405783162 801234567
405783216 801234567
405783621 801234567
405786123 801234567
405786231 801234567
405786312 801234567
405812367 801234567
405812673 801234567
405812736 801234567
405813276 801234567
405813627 801234567
405813762 801234567
405816237 801234567
405816372 801234567
405816723 801234567
405817263 801234567
405817326 801234567
405817632 801234567
405821376 801234567
405821637 801234567
405821763 801234567
405823167 801234567
405823671 801234567
405823716 801234567
405826173 801234567
405826317 801234567
405826731 801234567
405827136 801234567
405827361 801234567
405827613 801234567
405831267 801234567
405831672 801234567
405831726 801234567
405832176 801234567
405832617 801234567
405832761 801234567
405836127 801234567
405836271 801234567
405836712 801234567
405837162 801234567
405837216 801234567
405837621 801234567
405861273 801234567
405861327 801234567
405861732 801234567
405862137 801234567
405862371 801234567
405862713 801234567
405863172 801234567
405863217 801234567
405863721 801234567
405867123 801234567
405867231 801234567
405867312 801234567
405871236 801234567
405871362 801234567
405871623 801234567
405872163 801234567
405872316 801234567
405872631 801234567
405873126 801234567
405873261 801234567
405873612 801234567
405876132 801234567
405876213 801234567
405876321 801234567
406123578 801234567
406123785 801234567
406123857 801234567
406125387 801234567
406125738 801234567
406125873 801234567
406127358 801234567
406127583 801234567
406127835 801234567
406128375 801234567
406128537 801234567
406128753 801234567
406132587 801234567
406132758 801234567
406132875 801234567
406135278 801234567
406135782 801234567
406135827 801234567
406137285 801234567
406137528 801234567
406137852 801234567
406138257 801234567
406138572 801234567
406138725 801234567
406152378 801234567
406152783 801234567
406152837 801234567
406153287 801234567
406153728 801234567
406153872 801234567
406157238 801234567
406157382 801234567
406157823 801234567
406158273 801234567
406158327 801234567
406158732 801234567
406172385 801234567
406172538 801234567
406172853 801234567
406173258 801234567
406173582 801234567
406173825 801234567
406175283 801234567
406175328 801234567
406175832 801234567
406178235 801234567
406178352 801234567
406178523 801234567
406182357 801234567
406182573 801234567
406182735 801234567
406183275 801234567
406183527 801234567
406183752 801234567
406185237 801234567
406185372 801234567
406185723 801234567
406187253 801234567
406187325 801234567
406187532 801234567
406213587 801234567
406213758 801234567
406213875 801234567
406215378 801234567
406215783 801234567
406215837 801234567
406217385 801234567
406217538 801234567
406217853 801234567
406218357 801234567
406218573 801234567
406218735 801234567
406231578 801234567
406231785 801234567
406231857 801234567
406235187 801234567
406235718 801234567
406235871 801234567
406237158 801234567
406237581 801234567
406237815 801234567
406238175 801234567
406238517 801234567
406238751 801234567
406251387 801234567
406251738 801234567
406251873 801234567
406253178 801234567
406253781 801234567
406253817 801234567
406257183 801234567
406257318 801234567
406257831 801234567
406258137 801234567
406258371 801234567
406258713 801234567
406271358 801234567
406271583 801234567
406271835 801234567
406273185 801234567
406273518 801234567
406273851 801234567
406275138 801234567
406275381 801234567
406275813 801234567
406278153 801234567
406278315 801234567
406278531 801234567
406281375 801234567
406281537 801234567
406281753 801234567
406283157 801234567
406283571 801234567
406283715 801234567
406285173 801234567
406285317 801234567
406285731 801234567
406287135 801234567
406287351 801234567
406287513 801234567
406312578 801234567
406312785 801234567
406312857 801234567
406315287 801234567
406315728 801234567
406315872 801234567
406317258 801234567
406317582 801234567
406317825 801234567
406318275 801234567
406318527 801234567
406318752 801234567
406321587 801234567
406321758 801234567
406321875 801234567
406325178 801234567
406325781 801234567
406325817 801234567
406327185 801234567
406327518 801234567
406327851 801234567
406328157 801234567
406328571 801234567
406328715 801234567
406351278 801234567
406351782 801234567
406351827 801234567
406352187 801234567
406352718 801234567
406352871 801234567
406357128 801234567
406357281 801234567
406357812 801234567
406358172 801234567
406358217 801234567
406358721 801234567
406371285 801234567
406371528 801234567
406371852 801234567
406372158 801234567
406372581 801234567
406372815 801234567
406375182 801234567
406375218 801234567
406375821 801234567
406378125 801234567
406378251 801234567
406378512 801234567
406381257 801234567
406381572 801234567
406381725 801234567
406382175 801234567
406382517 801234567
406382751 801234567
406385127 801234567
406385271 801234567
406385712 801234567
406387152 801234567
406387215 801234567
406387521 801234567
406512387 801234567
406512738 801234567
406512873 801234567
406513278 801234567
406513782 801234567
406513827 801234567
406517283 801234567
406517328 801234567
406517832 801234567
406518237 801234567
406518372 801234567
406518723 801234567
406521378 801234567
406521783 801234567
406521837 801234567
406523187 801234567
406523718 801234567
406523871 801234567
406527138 801234567
406527381 801234567
406527813 801234567
406528173 801234567
406528317 801234567
406528731 801234567
406531287 801234567
406531728 801234567
406531872 801234567
406532178 801234567
406532781 801234567
406532817 801234567
406537182 801234567
406537218 801234567
406537821 801234567
406538127 801234567
406538271 801234567
406538712 801234567
406571238 801234567
406571382 801234567
406571823 801234567
406572183 801234567
406572318 801234567
406572831 801234567
406573128 801234567
406573281 801234567
406573812 801234567
406578132 801234567
406578213 801234567
406578321 801234567
406581273 801234567
406581327 801234567
406581732 801234567
406582137 801234567
406582371 801234567
406582713 801234567
406583172 801234567
406583217 801234567
406583721 801234567
406587123 801234567
406587231 801234567
406587312 801234567
406712358 801234567
406712583 801234567
406712835 801234567
406713285 801234567
406713528 801234567
406713852 801234567
406715238 801234567
406715382 801234567
406715823 801234567
406718253 801234567
406718325 801234567
406718532 801234567
406721385 801234567
406721538 801234567
406721853 801234567
