608321547 801234567
608321754 801234567
608324157 801234567
608324571 801234567
608324715 801234567
608325174 801234567
608325417 801234567
608325741 801234567
608327145 801234567
608327451 801234567
608327514 801234567
608341257 801234567
608341572 801234567
608341725 801234567
608342175 801234567
608342517 801234567
608342751 801234567
608345127 801234567
608345271 801234567
608345712 801234567
608347152 801234567
608347215 801234567
608347521 801234567
608351274 801234567
608351427 801234567
608351742 801234567
608352147 801234567
608352471 801234567
608352714 801234567
608354172 801234567
608354217 801234567
608354721 801234567
608357124 801234567
608357241 801234567
608357412 801234567
608371245 801234567
608371452 801234567
608371524 801234567
608372154 801234567
608372415 801234567
608372541 801234567
608374125 801234567
608374251 801234567
608374512 801234567
608375142 801234567
608375214 801234567
608375421 801234567
608412375 801234567
608412537 801234567
608412753 801234567
608413257 801234567
608413572 801234567
608413725 801234567
608415273 801234567
608415327 801234567
608415732 801234567
608417235 801234567
608417352 801234567
608417523 801234567
608421357 801234567
608421573 801234567
608421735 801234567
608423175 801234567
608423517 801234567
608423751 801234567
608425137 801234567
608425371 801234567
608425713 801234567
608427153 801234567
608427315 801234567
608427531 801234567
608431275 801234567
608431527 801234567
608431752 801234567
608432157 801234567
608432571 801234567
608432715 801234567
608435172 801234567
608435217 801234567
608435721 801234567
608437125 801234567
608437251 801234567
608437512 801234567
608451237 801234567
608451372 801234567
608451723 801234567
608452173 801234567
608452317 801234567
608452731 801234567
608453127 801234567
608453271 801234567
608453712 801234567
608457132 801234567
608457213 801234567
608457321 801234567
608471253 801234567
608471325 801234567
608471532 801234567
608472135 801234567
608472351 801234567
608472513 801234567
608473152 801234567
608473215 801234567
608473521 801234567
608475123 801234567
608475231 801234567
608475312 801234567
608512347 801234567
608512473 801234567
608512734 801234567
608513274 801234567
608513427 801234567
608513742 801234567
608514237 801234567
608514372 801234567
608514723 801234567
608517243 801234567
608517324 801234567
608517432 801234567
608521374 801234567
608521437 801234567
608521743 801234567
608523147 801234567
608523471 801234567
608523714 801234567
608524173 801234567
608524317 801234567
608524731 801234567
608527134 801234567
608527341 801234567
608527413 801234567
608531247 801234567
608531472 801234567
608531724 801234567
608532174 801234567
608532417 801234567
608532741 801234567
608534127 801234567
608534271 801234567
608534712 801234567
608537142 801234567
608537214 801234567
608537421 801234567
608541273 801234567
608541327 801234567
608541732 801234567
608542137 801234567
608542371 801234567
608542713 801234567
608543172 801234567
608543217 801234567
608543721 801234567
608547123 801234567
608547231 801234567
608547312 801234567
608571234 801234567
608571342 801234567
608571423 801234567
608572143 801234567
608572314 801234567
608572431 801234567
608573124 801234567
608573241 801234567
608573412 801234567
608574132 801234567
608574213 801234567
608574321 801234567
608712354 801234567
608712435 801234567
608712543 801234567
608713245 801234567
608713452 801234567
608713524 801234567
608714253 801234567
608714325 801234567
608714532 801234567
608715234 801234567
608715342 801234567
608715423 801234567
608721345 801234567
608721453 801234567
608721534 801234567
608723154 801234567
608723415 801234567
608723541 801234567
608724135 801234567
608724351 801234567
608724513 801234567
608725143 801234567
608725314 801234567
608725431 801234567
608731254 801234567
608731425 801234567
608731542 801234567
608732145 801234567
608732451 801234567
608732514 801234567
608734152 801234567
608734215 801234567
608734521 801234567
608735124 801234567
608735241 801234567
608735412 801234567
608741235 801234567
608741352 801234567
608741523 801234567
608742153 801234567
608742315 801234567
608742531 801234567
608743125 801234567
608743251 801234567
608743512 801234567
608745132 801234567
608745213 801234567
608745321 801234567
608751243 801234567
608751324 801234567
608751432 801234567
608752134 801234567
608752341 801234567
608752413 801234567
608753142 801234567
608753214 801234567
608753421 801234567
608754123 801234567
608754231 801234567
608754312 801234567
610234587 801234567
610234758 801234567
610234875 801234567
610235478 801234567
610235784 801234567
610235847 801234567
610237485 801234567
610237548 801234567
610237854 801234567
610238457 801234567
610238574 801234567
610238745 801234567
610243578 801234567
610243785 801234567
610243857 801234567
610245387 801234567
610245738 801234567
610245873 801234567
610247358 801234567
610247583 801234567
610247835 801234567
610248375 801234567
610248537 801234567
610248753 801234567
610253487 801234567
610253748 801234567
610253874 801234567
610254378 801234567
610254783 801234567
610254837 801234567
610257384 801234567
610257438 801234567
610257843 801234567
610258347 801234567
610258473 801234567
610258734 801234567
610273458 801234567
610273584 801234567
610273845 801234567
610274385 801234567
610274538 801234567
610274853 801234567
610275348 801234567
610275483 801234567
610275834 801234567
610278354 801234567
610278435 801234567
610278543 801234567
610283475 801234567
610283547 801234567
610283754 801234567
610284357 801234567
610284573 801234567
610284735 801234567
610285374 801234567
610285437 801234567
610285743 801234567
610287345 801234567
610287453 801234567
610287534 801234567
610324578 801234567
610324785 801234567
610324857 801234567
610325487 801234567
610325748 801234567
610325874 801234567
610327458 801234567
610327584 801234567
610327845 801234567
610328475 801234567
610328547 801234567
610328754 801234567
610342587 801234567
610342758 801234567
610342875 801234567
610345278 801234567
610345782 801234567
610345827 801234567
610347285 801234567
610347528 801234567
610347852 801234567
610348257 801234567
610348572 801234567
610348725 801234567
610352478 801234567
610352784 801234567
610352847 801234567
610354287 801234567
610354728 801234567
610354872 801234567
610357248 801234567
610357482 801234567
610357824 801234567
610358274 801234567
610358427 801234567
610358742 801234567
610372485 801234567
610372548 801234567
610372854 801234567
610374258 801234567
610374582 801234567
610374825 801234567
610375284 801234567
610375428 801234567
610375842 801234567
610378245 801234567
610378452 801234567
610378524 801234567
610382457 801234567
610382574 801234567
610382745 801234567
610384275 801234567
610384527 801234567
610384752 801234567
610385247 801234567
610385472 801234567
610385724 801234567
610387254 801234567
610387425 801234567
610387542 801234567
610423587 801234567
610423758 801234567
610423875 801234567
610425378 801234567
610425783 801234567
610425837 801234567
610427385 801234567
610427538 801234567
610427853 801234567
610428357 801234567
610428573 801234567
610428735 801234567
610432578 801234567
610432785 801234567
610432857 801234567
610435287 801234567
610435728 801234567
610435872 801234567
610437258 801234567
610437582 801234567
610437825 801234567
610438275 801234567
610438527 801234567
610438752 801234567
610452387 801234567
610452738 801234567
610452873 801234567
610453278 801234567
610453782 801234567
610453827 801234567
610457283 801234567
610457328 801234567
610457832 801234567
610458237 801234567
610458372 801234567
610458723 801234567
610472358 801234567
610472583 801234567
610472835 801234567
610473285 801234567
610473528 801234567
610473852 801234567
610475238 801234567
610475382 801234567
610475823 801234567
610478253 801234567
610478325 801234567
610478532 801234567
610482375 801234567
610482537 801234567
610482753 801234567
610483257 801234567
610483572 801234567
610483725 801234567
610485273 801234567
610485327 801234567
610485732 801234567
610487235 801234567
610487352 801234567
610487523 801234567
610523478 801234567
610523784 801234567
610523847 801234567
610524387 801234567
610524738 801234567
610524873 801234567
610527348 801234567
610527483 801234567
610527834 801234567
610528374 801234567
610528437 801234567
610528743 801234567
610532487 801234567
610532748 801234567
610532874 801234567
610534278 801234567
610534782 801234567
610534827 801234567
610537284 801234567
610537428 801234567
610537842 801234567
610538247 801234567
610538472 801234567
610538724 801234567
610542378 801234567
610542783 801234567
610542837 801234567
610543287 801234567
610543728 801234567
610543872 801234567
610547238 801234567
610547382 801234567
610547823 801234567
610548273 801234567
610548327 801234567
610548732 801234567
610572384 801234567
610572438 801234567
610572843 801234567
610573248 801234567
610573482 801234567
610573824 801234567
610574283 801234567
610574328 801234567
610574832 801234567
610578234 801234567
610578342 801234567
610578423 801234567
610582347 801234567
610582473 801234567
610582734 801234567
610583274 801234567
610583427 801234567
610583742 801234567
610584237 801234567
610584372 801234567
610584723 801234567
610587243 801234567
610587324 801234567
610587432 801234567
610723485 801234567
610723548 801234567
610723854 801234567
610724358 801234567
610724583 801234567
610724835 801234567
610725384 801234567
610725438 801234567
610725843 801234567
610728345 801234567
610728453 801234567
610728534 801234567
610732458 801234567
610732584 801234567
610732845 801234567
610734285 801234567
610734528 801234567
610734852 801234567
610735248 801234567
610735482 801234567
610735824 801234567
610738254 801234567
610738425 801234567
610738542 801234567
610742385 801234567
610742538 801234567
610742853 801234567
610743258 801234567
610743582 801234567
610743825 801234567
610745283 801234567
610745328 801234567
