068435127 801234567
068435271 801234567
068435712 801234567
068437152 801234567
068437215 801234567
068437521 801234567
068451273 801234567
068451327 801234567
068451732 801234567
068452137 801234567
068452371 801234567
068452713 801234567
068453172 801234567
068453217 801234567
068453721 801234567
068457123 801234567
068457231 801234567
068457312 801234567
068471235 801234567
068471352 801234567
068471523 801234567
068472153 801234567
068472315 801234567
068472531 801234567
068473125 801234567
068473251 801234567
068473512 801234567
068475132 801234567
068475213 801234567
068475321 801234567
068512374 801234567
068512437 801234567
068512743 801234567
068513247 801234567
068513472 801234567
068513724 801234567
068514273 801234567
068514327 801234567
068514732 801234567
068517234 801234567
068517342 801234567
068517423 801234567
068521347 801234567
068521473 801234567
068521734 801234567
068523174 801234567
068523417 801234567
068523741 801234567
068524137 801234567
068524371 801234567
068524713 801234567
068527143 801234567
068527314 801234567
068527431 801234567
068531274 801234567
068531427 801234567
068531742 801234567
068532147 801234567
068532471 801234567
068532714 801234567
068534172 801234567
068534217 801234567
068534721 801234567
068537124 801234567
068537241 801234567
068537412 801234567
068541237 801234567
068541372 801234567
068541723 801234567
068542173 801234567
068542317 801234567
068542731 801234567
068543127 801234567
068543271 801234567
068543712 801234567
068547132 801234567
068547213 801234567
068547321 801234567
068571243 801234567
068571324 801234567
068571432 801234567
068572134 801234567
068572341 801234567
068572413 801234567
068573142 801234567
068573214 801234567
068573421 801234567
068574123 801234567
068574231 801234567
068574312 801234567
068712345 801234567
068712453 801234567
068712534 801234567
068713254 801234567
068713425 801234567
068713542 801234567
068714235 801234567
068714352 801234567
068714523 801234567
068715243 801234567
068715324 801234567
068715432 801234567
068721354 801234567
068721435 801234567
068721543 801234567
068723145 801234567
068723451 801234567
068723514 801234567
068724153 801234567
068724315 801234567
068724531 801234567
068725134 801234567
068725341 801234567
068725413 801234567
068731245 801234567
068731452 801234567
068731524 801234567
068732154 801234567
068732415 801234567
068732541 801234567
068734125 801234567
068734251 801234567
068734512 801234567
068735142 801234567
068735214 801234567
068735421 801234567
068741253 801234567
068741325 801234567
068741532 801234567
068742135 801234567
068742351 801234567
068742513 801234567
068743152 801234567
068743215 801234567
068743521 801234567
068745123 801234567
068745231 801234567
068745312 801234567
068751234 801234567
068751342 801234567
068751423 801234567
068752143 801234567
068752314 801234567
068752431 801234567
068753124 801234567
068753241 801234567
068753412 801234567
068754132 801234567
068754213 801234567
068754321 801234567
071234568 801234567
071234685 801234567
071234856 801234567
071235486 801234567
071235648 801234567
071235864 801234567
071236458 801234567
071236584 801234567
071236845 801234567
071238465 801234567
071238546 801234567
071238654 801234567
071243586 801234567
071243658 801234567
071243865 801234567
071245368 801234567
071245683 801234567
071245836 801234567
071246385 801234567
071246538 801234567
071246853 801234567
071248356 801234567
071248563 801234567
071248635 801234567
071253468 801234567
071253684 801234567
071253846 801234567
071254386 801234567
071254638 801234567
071254863 801234567
071256348 801234567
071256483 801234567
071256834 801234567
071258364 801234567
071258436 801234567
071258643 801234567
071263485 801234567
071263548 801234567
071263854 801234567
071264358 801234567
071264583 801234567
071264835 801234567
071265384 801234567
071265438 801234567
071265843 801234567
071268345 801234567
071268453 801234567
071268534 801234567
071283456 801234567
071283564 801234567
071283645 801234567
071284365 801234567
071284536 801234567
071284653 801234567
071285346 801234567
071285463 801234567
071285634 801234567
071286354 801234567
071286435 801234567
071286543 801234567
071324586 801234567
071324658 801234567
071324865 801234567
071325468 801234567
071325684 801234567
071325846 801234567
071326485 801234567
071326548 801234567
071326854 801234567
071328456 801234567
071328564 801234567
071328645 801234567
071342568 801234567
071342685 801234567
071342856 801234567
071345286 801234567
071345628 801234567
071345862 801234567
071346258 801234567
071346582 801234567
071346825 801234567
071348265 801234567
071348526 801234567
071348652 801234567
071352486 801234567
071352648 801234567
071352864 801234567
071354268 801234567
071354682 801234567
071354826 801234567
071356284 801234567
071356428 801234567
071356842 801234567
071358246 801234567
071358462 801234567
071358624 801234567
071362458 801234567
071362584 801234567
071362845 801234567
071364285 801234567
071364528 801234567
071364852 801234567
071365248 801234567
071365482 801234567
071365824 801234567
071368254 801234567
071368425 801234567
071368542 801234567
071382465 801234567
071382546 801234567
071382654 801234567
071384256 801234567
071384562 801234567
071384625 801234567
071385264 801234567
071385426 801234567
071385642 801234567
071386245 801234567
071386452 801234567
071386524 801234567
071423568 801234567
071423685 801234567
071423856 801234567
071425386 801234567
071425638 801234567
071425863 801234567
071426358 801234567
071426583 801234567
071426835 801234567
071428365 801234567
071428536 801234567
071428653 801234567
071432586 801234567
071432658 801234567
071432865 801234567
071435268 801234567
071435682 801234567
071435826 801234567
071436285 801234567
071436528 801234567
071436852 801234567
071438256 801234567
071438562 801234567
071438625 801234567
071452368 801234567
071452683 801234567
071452836 801234567
071453286 801234567
071453628 801234567
071453862 801234567
071456238 801234567
071456382 801234567
071456823 801234567
071458263 801234567
071458326 801234567
071458632 801234567
071462385 801234567
071462538 801234567
071462853 801234567
071463258 801234567
071463582 801234567
071463825 801234567
071465283 801234567
071465328 801234567
071465832 801234567
071468235 801234567
071468352 801234567
071468523 801234567
071482356 801234567
071482563 801234567
071482635 801234567
071483265 801234567
071483526 801234567
071483652 801234567
071485236 801234567
071485362 801234567
071485623 801234567
071486253 801234567
071486325 801234567
071486532 801234567
071523486 801234567
071523648 801234567
071523864 801234567
071524368 801234567
071524683 801234567
071524836 801234567
071526384 801234567
071526438 801234567
071526843 801234567
071528346 801234567
071528463 801234567
071528634 801234567
071532468 801234567
071532684 801234567
071532846 801234567
071534286 801234567
071534628 801234567
071534862 801234567
071536248 801234567
071536482 801234567
071536824 801234567
071538264 801234567
071538426 801234567
071538642 801234567
071542386 801234567
071542638 801234567
071542863 801234567
071543268 801234567
071543682 801234567
071543826 801234567
071546283 801234567
071546328 801234567
071546832 801234567
071548236 801234567
071548362 801234567
071548623 801234567
071562348 801234567
071562483 801234567
071562834 801234567
071563284 801234567
071563428 801234567
071563842 801234567
071564238 801234567
071564382 801234567
071564823 801234567
071568243 801234567
071568324 801234567
071568432 801234567
071582364 801234567
071582436 801234567
071582643 801234567
071583246 801234567
071583462 801234567
071583624 801234567
071584263 801234567
071584326 801234567
071584632 801234567
071586234 801234567
071586342 801234567
071586423 801234567
071623458 801234567
071623584 801234567
071623845 801234567
071624385 801234567
071624538 801234567
071624853 801234567
071625348 801234567
071625483 801234567
071625834 801234567
071628354 801234567
071628435 801234567
071628543 801234567
071632485 801234567
071632548 801234567
071632854 801234567
071634258 801234567
071634582 801234567
071634825 801234567
071635284 801234567
071635428 801234567
071635842 801234567
071638245 801234567
071638452 801234567
071638524 801234567
071642358 801234567
071642583 801234567
071642835 801234567
071643285 801234567
071643528 801234567
071643852 801234567
071645238 801234567
071645382 801234567
071645823 801234567
071648253 801234567
071648325 801234567
071648532 801234567
071652384 801234567
071652438 801234567
071652843 801234567
071653248 801234567
071653482 801234567
071653824 801234567
071654283 801234567
071654328 801234567
071654832 801234567
071658234 801234567
071658342 801234567
071658423 801234567
071682345 801234567
071682453 801234567
071682534 801234567
071683254 801234567
071683425 801234567
071683542 801234567
071684235 801234567
071684352 801234567
071684523 801234567
071685243 801234567
071685324 801234567
071685432 801234567
071823465 801234567
071823546 801234567
071823654 801234567
071824356 801234567
071824563 801234567
071824635 801234567
071825364 801234567
071825436 801234567
071825643 801234567
071826345 801234567
071826453 801234567
071826534 801234567
071832456 801234567
071832564 801234567
071832645 801234567
071834265 801234567
071834526 801234567
071834652 801234567
071835246 801234567
071835462 801234567
071835624 801234567
071836254 801234567
071836425 801234567
071836542 801234567
071842365 801234567
071842536 801234567
071842653 801234567
071843256 801234567
071843562 801234567
071843625 801234567
071845263 801234567
071845326 801234567
071845632 801234567
071846235 801234567
071846352 801234567
071846523 801234567
071852346 801234567
071852463 801234567
071852634 801234567
071853264 801234567
071853426 801234567
071853642 801234567
071854236 801234567
071854362 801234567
071854623 801234567
071856243 801234567
071856324 801234567
071856432 801234567
071862354 801234567
