781203546 801234567
781203654 801234567
781204356 801234567
781204563 801234567
781204635 801234567
781205364 801234567
781205436 801234567
781205643 801234567
781206345 801234567
781206453 801234567
781206534 801234567
781230456 801234567
781230564 801234567
781230645 801234567
781234065 801234567
781234506 801234567
781234650 801234567
781235046 801234567
781235460 801234567
781235604 801234567
781236054 801234567
781236405 801234567
781236540 801234567
781240365 801234567
781240536 801234567
781240653 801234567
781243056 801234567
781243560 801234567
781243605 801234567
781245063 801234567
781245306 801234567
781245630 801234567
781246035 801234567
781246350 801234567
781246503 801234567
781250346 801234567
781250463 801234567
781250634 801234567
781253064 801234567
781253406 801234567
781253640 801234567
781254036 801234567
781254360 801234567
781254603 801234567
781256043 801234567
781256304 801234567
781256430 801234567
781260354 801234567
781260435 801234567
781260543 801234567
781263045 801234567
781263450 801234567
781263504 801234567
781264053 801234567
781264305 801234567
781264530 801234567
781265034 801234567
781265340 801234567
781265403 801234567
781302456 801234567
781302564 801234567
781302645 801234567
781304265 801234567
781304526 801234567
781304652 801234567
781305246 801234567
781305462 801234567
781305624 801234567
781306254 801234567
781306425 801234567
781306542 801234567
781320465 801234567
781320546 801234567
781320654 801234567
781324056 801234567
781324560 801234567
781324605 801234567
781325064 801234567
781325406 801234567
781325640 801234567
781326045 801234567
781326450 801234567
781326504 801234567
781340256 801234567
781340562 801234567
781340625 801234567
781342065 801234567
781342506 801234567
781342650 801234567
781345026 801234567
781345260 801234567
781345602 801234567
781346052 801234567
781346205 801234567
781346520 801234567
781350264 801234567
781350426 801234567
781350642 801234567
781352046 801234567
781352460 801234567
781352604 801234567
781354062 801234567
781354206 801234567
781354620 801234567
781356024 801234567
781356240 801234567
781356402 801234567
781360245 801234567
781360452 801234567
781360524 801234567
781362054 801234567
781362405 801234567
781362540 801234567
781364025 801234567
781364250 801234567
781364502 801234567
781365042 801234567
781365204 801234567
781365420 801234567
781402365 801234567
781402536 801234567
781402653 801234567
781403256 801234567
781403562 801234567
781403625 801234567
781405263 801234567
781405326 801234567
781405632 801234567
781406235 801234567
781406352 801234567
781406523 801234567
781420356 801234567
781420563 801234567
781420635 801234567
781423065 801234567
781423506 801234567
781423650 801234567
781425036 801234567
781425360 801234567
781425603 801234567
781426053 801234567
781426305 801234567
781426530 801234567
781430265 801234567
781430526 801234567
781430652 801234567
781432056 801234567
781432560 801234567
781432605 801234567
781435062 801234567
781435206 801234567
781435620 801234567
781436025 801234567
781436250 801234567
781436502 801234567
781450236 801234567
781450362 801234567
781450623 801234567
781452063 801234567
781452306 801234567
781452630 801234567
781453026 801234567
781453260 801234567
781453602 801234567
781456032 801234567
781456203 801234567
781456320 801234567
781460253 801234567
781460325 801234567
781460532 801234567
781462035 801234567
781462350 801234567
781462503 801234567
781463052 801234567
781463205 801234567
781463520 801234567
781465023 801234567
781465230 801234567
781465302 801234567
781502346 801234567
781502463 801234567
781502634 801234567
781503264 801234567
781503426 801234567
781503642 801234567
781504236 801234567
781504362 801234567
781504623 801234567
781506243 801234567
781506324 801234567
781506432 801234567
781520364 801234567
781520436 801234567
781520643 801234567
781523046 801234567
781523460 801234567
781523604 801234567
781524063 801234567
781524306 801234567
781524630 801234567
781526034 801234567
781526340 801234567
781526403 801234567
781530246 801234567
781530462 801234567
781530624 801234567
781532064 801234567
781532406 801234567
781532640 801234567
781534026 801234567
781534260 801234567
781534602 801234567
781536042 801234567
781536204 801234567
781536420 801234567
781540263 801234567
781540326 801234567
781540632 801234567
781542036 801234567
781542360 801234567
781542603 801234567
781543062 801234567
781543206 801234567
781543620 801234567
781546023 801234567
781546230 801234567
781546302 801234567
781560234 801234567
781560342 801234567
781560423 801234567
781562043 801234567
781562304 801234567
781562430 801234567
781563024 801234567
781563240 801234567
781563402 801234567
781564032 801234567
781564203 801234567
781564320 801234567
781602354 801234567
781602435 801234567
781602543 801234567
781603245 801234567
781603452 801234567
781603524 801234567
781604253 801234567
781604325 801234567
781604532 801234567
781605234 801234567
781605342 801234567
781605423 801234567
781620345 801234567
781620453 801234567
781620534 801234567
781623054 801234567
781623405 801234567
781623540 801234567
781624035 801234567
781624350 801234567
781624503 801234567
781625043 801234567
781625304 801234567
781625430 801234567
781630254 801234567
781630425 801234567
781630542 801234567
781632045 801234567
781632450 801234567
781632504 801234567
781634052 801234567
781634205 801234567
781634520 801234567
781635024 801234567
781635240 801234567
781635402 801234567
781640235 801234567
781640352 801234567
781640523 801234567
781642053 801234567
781642305 801234567
781642530 801234567
781643025 801234567
781643250 801234567
781643502 801234567
781645032 801234567
781645203 801234567
781645320 801234567
781650243 801234567
781650324 801234567
781650432 801234567
781652034 801234567
781652340 801234567
781652403 801234567
781653042 801234567
781653204 801234567
781653420 801234567
781654023 801234567
781654230 801234567
781654302 801234567
782013465 801234567
782013546 801234567
782013654 801234567
782014356 801234567
782014563 801234567
782014635 801234567
782015364 801234567
782015436 801234567
782015643 801234567
782016345 801234567
782016453 801234567
782016534 801234567
782031456 801234567
782031564 801234567
782031645 801234567
782034165 801234567
782034516 801234567
782034651 801234567
782035146 801234567
782035461 801234567
782035614 801234567
782036154 801234567
782036415 801234567
782036541 801234567
782041365 801234567
782041536 801234567
782041653 801234567
782043156 801234567
782043561 801234567
782043615 801234567
782045163 801234567
782045316 801234567
782045631 801234567
782046135 801234567
782046351 801234567
782046513 801234567
782051346 801234567
782051463 801234567
782051634 801234567
782053164 801234567
782053416 801234567
782053641 801234567
782054136 801234567
782054361 801234567
782054613 801234567
782056143 801234567
782056314 801234567
782056431 801234567
782061354 801234567
782061435 801234567
782061543 801234567
782063145 801234567
782063451 801234567
782063514 801234567
782064153 801234567
782064315 801234567
782064531 801234567
782065134 801234567
782065341 801234567
782065413 801234567
782103456 801234567
782103564 801234567
782103645 801234567
782104365 801234567
782104536 801234567
782104653 801234567
782105346 801234567
782105463 801234567
782105634 801234567
782106354 801234567
782106435 801234567
782106543 801234567
782130465 801234567
782130546 801234567
782130654 801234567
782134056 801234567
782134560 801234567
782134605 801234567
782135064 801234567
782135406 801234567
782135640 801234567
782136045 801234567
782136450 801234567
782136504 801234567
782140356 801234567
782140563 801234567
782140635 801234567
782143065 801234567
782143506 801234567
782143650 801234567
782145036 801234567
782145360 801234567
782145603 801234567
782146053 801234567
782146305 801234567
782146530 801234567
782150364 801234567
782150436 801234567
782150643 801234567
782153046 801234567
782153460 801234567
782153604 801234567
782154063 801234567
782154306 801234567
782154630 801234567
782156034 801234567
782156340 801234567
782156403 801234567
782160345 801234567
782160453 801234567
782160534 801234567
782163054 801234567
782163405 801234567
782163540 801234567
782164035 801234567
782164350 801234567
782164503 801234567
782165043 801234567
782165304 801234567
782165430 801234567
782301465 801234567
782301546 801234567
782301654 801234567
782304156 801234567
782304561 801234567
782304615 801234567
782305164 801234567
782305416 801234567
782305641 801234567
782306145 801234567
782306451 801234567
782306514 801234567
782310456 801234567
782310564 801234567
782310645 801234567
782314065 801234567
782314506 801234567
782314650 801234567
782315046 801234567
782315460 801234567
782315604 801234567
782316054 801234567
782316405 801234567
782316540 801234567
782340165 801234567
782340516 801234567
782340651 801234567
782341056 801234567
782341560 801234567
782341605 801234567
782345061 801234567
782345106 801234567
782345610 801234567
782346015 801234567
782346150 801234567
782346501 801234567
782350146 801234567
782350461 801234567
782350614 801234567
782351064 801234567
782351406 801234567
782351640 801234567
782354016 801234567
782354160 801234567
782354601 801234567
782356041 801234567
782356104 801234567
782356410 801234567
782360154 801234567
782360415 801234567
782360541 801234567
782361045 801234567
782361450 801234567
782361504 801234567
782364051 801234567
782364105 801234567
782364510 801234567
782365014 801234567
782365140 801234567
782365401 801234567
782401356 801234567
782401563 801234567
782401635 801234567
782403165 801234567
782403516 801234567
782403651 801234567
782405136 801234567
782405361 801234567
782405613 801234567
782406153 801234567
782406315 801234567
782406531 801234567
782410365 801234567
782410536 801234567
782410653 801234567
782413056 801234567
782413560 801234567
782413605 801234567
782415063 801234567
782415306 801234567
