745083126 801234567
745083261 801234567
745083612 801234567
745086132 801234567
745086213 801234567
745086321 801234567
745102386 801234567
745102638 801234567
745102863 801234567
745103268 801234567
745103682 801234567
745103826 801234567
745106283 801234567
745106328 801234567
745106832 801234567
745108236 801234567
745108362 801234567
745108623 801234567
745120368 801234567
745120683 801234567
745120836 801234567
745123086 801234567
745123608 801234567
745123860 801234567
745126038 801234567
745126380 801234567
745126803 801234567
745128063 801234567
745128306 801234567
745128630 801234567
745130286 801234567
745130628 801234567
745130862 801234567
745132068 801234567
745132680 801234567
745132806 801234567
745136082 801234567
745136208 801234567
745136820 801234567
745138026 801234567
745138260 801234567
745138602 801234567
745160238 801234567
745160382 801234567
745160823 801234567
745162083 801234567
745162308 801234567
745162830 801234567
745163028 801234567
745163280 801234567
745163802 801234567
745168032 801234567
745168203 801234567
745168320 801234567
745180263 801234567
745180326 801234567
745180632 801234567
745182036 801234567
745182360 801234567
745182603 801234567
745183062 801234567
745183206 801234567
745183620 801234567
745186023 801234567
745186230 801234567
745186302 801234567
745201368 801234567
745201683 801234567
745201836 801234567
745203186 801234567
745203618 801234567
745203861 801234567
745206138 801234567
745206381 801234567
745206813 801234567
745208163 801234567
745208316 801234567
745208631 801234567
745210386 801234567
745210638 801234567
745210863 801234567
745213068 801234567
745213680 801234567
745213806 801234567
745216083 801234567
745216308 801234567
745216830 801234567
745218036 801234567
745218360 801234567
745218603 801234567
745230168 801234567
745230681 801234567
745230816 801234567
745231086 801234567
745231608 801234567
745231860 801234567
745236018 801234567
745236180 801234567
745236801 801234567
745238061 801234567
745238106 801234567
745238610 801234567
745260183 801234567
745260318 801234567
745260831 801234567
745261038 801234567
745261380 801234567
745261803 801234567
745263081 801234567
745263108 801234567
745263810 801234567
745268013 801234567
745268130 801234567
745268301 801234567
745280136 801234567
745280361 801234567
745280613 801234567
745281063 801234567
745281306 801234567
745281630 801234567
745283016 801234567
745283160 801234567
745283601 801234567
745286031 801234567
745286103 801234567
745286310 801234567
745301286 801234567
745301628 801234567
745301862 801234567
745302168 801234567
745302681 801234567
745302816 801234567
745306182 801234567
745306218 801234567
745306821 801234567
745308126 801234567
745308261 801234567
745308612 801234567
745310268 801234567
745310682 801234567
745310826 801234567
745312086 801234567
745312608 801234567
745312860 801234567
745316028 801234567
745316280 801234567
745316802 801234567
745318062 801234567
745318206 801234567
745318620 801234567
745320186 801234567
745320618 801234567
745320861 801234567
745321068 801234567
745321680 801234567
745321806 801234567
745326081 801234567
745326108 801234567
745326810 801234567
745328016 801234567
745328160 801234567
745328601 801234567
745360128 801234567
745360281 801234567
745360812 801234567
745361082 801234567
745361208 801234567
745361820 801234567
745362018 801234567
745362180 801234567
745362801 801234567
745368021 801234567
745368102 801234567
745368210 801234567
745380162 801234567
745380216 801234567
745380621 801234567
745381026 801234567
745381260 801234567
745381602 801234567
745382061 801234567
745382106 801234567
745382610 801234567
745386012 801234567
745386120 801234567
745386201 801234567
745601238 801234567
745601382 801234567
745601823 801234567
745602183 801234567
745602318 801234567
745602831 801234567
745603128 801234567
745603281 801234567
745603812 801234567
745608132 801234567
745608213 801234567
745608321 801234567
745610283 801234567
745610328 801234567
745610832 801234567
745612038 801234567
745612380 801234567
745612803 801234567
745613082 801234567
745613208 801234567
745613820 801234567
745618023 801234567
745618230 801234567
745618302 801234567
745620138 801234567
745620381 801234567
745620813 801234567
745621083 801234567
745621308 801234567
745621830 801234567
745623018 801234567
745623180 801234567
745623801 801234567
745628031 801234567
745628103 801234567
745628310 801234567
745630182 801234567
745630218 801234567
745630821 801234567
745631028 801234567
745631280 801234567
745631802 801234567
745632081 801234567
745632108 801234567
745632810 801234567
745638012 801234567
745638120 801234567
745638201 801234567
745680123 801234567
745680231 801234567
745680312 801234567
745681032 801234567
745681203 801234567
745681320 801234567
745682013 801234567
745682130 801234567
745682301 801234567
745683021 801234567
745683102 801234567
745683210 801234567
745801263 801234567
745801326 801234567
745801632 801234567
745802136 801234567
745802361 801234567
745802613 801234567
745803162 801234567
745803216 801234567
745803621 801234567
745806123 801234567
745806231 801234567
745806312 801234567
745810236 801234567
745810362 801234567
745810623 801234567
745812063 801234567
745812306 801234567
745812630 801234567
745813026 801234567
745813260 801234567
745813602 801234567
745816032 801234567
745816203 801234567
745816320 801234567
745820163 801234567
745820316 801234567
745820631 801234567
745821036 801234567
745821360 801234567
745821603 801234567
745823061 801234567
745823106 801234567
745823610 801234567
745826013 801234567
745826130 801234567
745826301 801234567
745830126 801234567
745830261 801234567
745830612 801234567
745831062 801234567
745831206 801234567
745831620 801234567
745832016 801234567
745832160 801234567
745832601 801234567
745836021 801234567
745836102 801234567
745836210 801234567
745860132 801234567
745860213 801234567
745860321 801234567
745861023 801234567
745861230 801234567
745861302 801234567
745862031 801234567
745862103 801234567
745862310 801234567
745863012 801234567
745863120 801234567
745863201 801234567
746012385 801234567
746012538 801234567
746012853 801234567
746013258 801234567
746013582 801234567
746013825 801234567
746015283 801234567
746015328 801234567
746015832 801234567
746018235 801234567
746018352 801234567
746018523 801234567
746021358 801234567
746021583 801234567
746021835 801234567
746023185 801234567
746023518 801234567
746023851 801234567
746025138 801234567
746025381 801234567
746025813 801234567
746028153 801234567
746028315 801234567
746028531 801234567
746031285 801234567
746031528 801234567
746031852 801234567
746032158 801234567
746032581 801234567
746032815 801234567
746035182 801234567
746035218 801234567
746035821 801234567
746038125 801234567
746038251 801234567
746038512 801234567
746051238 801234567
746051382 801234567
746051823 801234567
746052183 801234567
746052318 801234567
746052831 801234567
746053128 801234567
746053281 801234567
746053812 801234567
746058132 801234567
746058213 801234567
746058321 801234567
746081253 801234567
746081325 801234567
746081532 801234567
746082135 801234567
746082351 801234567
746082513 801234567
746083152 801234567
746083215 801234567
746083521 801234567
746085123 801234567
746085231 801234567
746085312 801234567
746102358 801234567
746102583 801234567
746102835 801234567
746103285 801234567
746103528 801234567
746103852 801234567
746105238 801234567
746105382 801234567
746105823 801234567
746108253 801234567
746108325 801234567
746108532 801234567
746120385 801234567
746120538 801234567
746120853 801234567
746123058 801234567
746123580 801234567
746123805 801234567
746125083 801234567
746125308 801234567
746125830 801234567
746128035 801234567
746128350 801234567
746128503 801234567
746130258 801234567
746130582 801234567
746130825 801234567
746132085 801234567
746132508 801234567
746132850 801234567
746135028 801234567
746135280 801234567
746135802 801234567
746138052 801234567
746138205 801234567
746138520 801234567
746150283 801234567
746150328 801234567
746150832 801234567
746152038 801234567
746152380 801234567
746152803 801234567
746153082 801234567
746153208 801234567
746153820 801234567
746158023 801234567
746158230 801234567
746158302 801234567
746180235 801234567
746180352 801234567
746180523 801234567
746182053 801234567
746182305 801234567
746182530 801234567
746183025 801234567
746183250 801234567
746183502 801234567
746185032 801234567
746185203 801234567
746185320 801234567
746201385 801234567
746201538 801234567
746201853 801234567
746203158 801234567
746203581 801234567
746203815 801234567
746205183 801234567
746205318 801234567
746205831 801234567
746208135 801234567
746208351 801234567
746208513 801234567
746210358 801234567
746210583 801234567
746210835 801234567
746213085 801234567
746213508 801234567
746213850 801234567
746215038 801234567
746215380 801234567
746215803 801234567
746218053 801234567
746218305 801234567
746218530 801234567
746230185 801234567
746230518 801234567
746230851 801234567
746231058 801234567
746231580 801234567
746231805 801234567
746235081 801234567
746235108 801234567
746235810 801234567
746238015 801234567
746238150 801234567
746238501 801234567
746250138 801234567
746250381 801234567
746250813 801234567
746251083 801234567
746251308 801234567
746251830 801234567
746253018 801234567
746253180 801234567
746253801 801234567
746258031 801234567
746258103 801234567
746258310 801234567
746280153 801234567
746280315 801234567
746280531 801234567
746281035 801234567
746281350 801234567
746281503 801234567
746283051 801234567
746283105 801234567
746283510 801234567
746285013 801234567
746285130 801234567
746285301 801234567
746301258 801234567
746301582 801234567
746301825 801234567
746302185 801234567
746302518 801234567
746302851 801234567
746305128 801234567
746305281 801234567
746305812 801234567
746308152 801234567
746308215 801234567
746308521 801234567
746310285 801234567
