843527106 801234567
843527610 801234567
843560172 801234567
843560217 801234567
843560721 801234567
843561027 801234567
843561270 801234567
843561702 801234567
843562071 801234567
843562107 801234567
843562710 801234567
843567012 801234567
843567120 801234567
843567201 801234567
843570126 801234567
843570261 801234567
843570612 801234567
843571062 801234567
843571206 801234567
843571620 801234567
843572016 801234567
843572160 801234567
843572601 801234567
843576021 801234567
843576102 801234567
843576210 801234567
843601275 801234567
843601527 801234567
843601752 801234567
843602157 801234567
843602571 801234567
843602715 801234567
843605172 801234567
843605217 801234567
843605721 801234567
843607125 801234567
843607251 801234567
843607512 801234567
843610257 801234567
843610572 801234567
843610725 801234567
843612075 801234567
843612507 801234567
843612750 801234567
843615027 801234567
843615270 801234567
843615702 801234567
843617052 801234567
843617205 801234567
843617520 801234567
843620175 801234567
843620517 801234567
843620751 801234567
843621057 801234567
843621570 801234567
843621705 801234567
843625071 801234567
843625107 801234567
843625710 801234567
843627015 801234567
843627150 801234567
843627501 801234567
843650127 801234567
843650271 801234567
843650712 801234567
843651072 801234567
843651207 801234567
843651720 801234567
843652017 801234567
843652170 801234567
843652701 801234567
843657021 801234567
843657102 801234567
843657210 801234567
843670152 801234567
843670215 801234567
843670521 801234567
843671025 801234567
843671250 801234567
843671502 801234567
843672051 801234567
843672105 801234567
843672510 801234567
843675012 801234567
843675120 801234567
843675201 801234567
843701256 801234567
843701562 801234567
843701625 801234567
843702165 801234567
843702516 801234567
843702651 801234567
843705126 801234567
843705261 801234567
843705612 801234567
843706152 801234567
843706215 801234567
843706521 801234567
843710265 801234567
843710526 801234567
843710652 801234567
843712056 801234567
843712560 801234567
843712605 801234567
843715062 801234567
843715206 801234567
843715620 801234567
843716025 801234567
843716250 801234567
843716502 801234567
843720156 801234567
843720561 801234567
843720615 801234567
843721065 801234567
843721506 801234567
843721650 801234567
843725016 801234567
843725160 801234567
843725601 801234567
843726051 801234567
843726105 801234567
843726510 801234567
843750162 801234567
843750216 801234567
843750621 801234567
843751026 801234567
843751260 801234567
843751602 801234567
843752061 801234567
843752106 801234567
843752610 801234567
843756012 801234567
843756120 801234567
843756201 801234567
843760125 801234567
843760251 801234567
843760512 801234567
843761052 801234567
843761205 801234567
843761520 801234567
843762015 801234567
843762150 801234567
843762501 801234567
843765021 801234567
843765102 801234567
843765210 801234567
845012367 801234567
845012673 801234567
845012736 801234567
845013276 801234567
845013627 801234567
845013762 801234567
845016237 801234567
845016372 801234567
845016723 801234567
845017263 801234567
845017326 801234567
845017632 801234567
845021376 801234567
845021637 801234567
845021763 801234567
845023167 801234567
845023671 801234567
845023716 801234567
845026173 801234567
845026317 801234567
845026731 801234567
845027136 801234567
845027361 801234567
845027613 801234567
845031267 801234567
845031672 801234567
845031726 801234567
845032176 801234567
845032617 801234567
845032761 801234567
845036127 801234567
845036271 801234567
845036712 801234567
845037162 801234567
845037216 801234567
845037621 801234567
845061273 801234567
845061327 801234567
845061732 801234567
845062137 801234567
845062371 801234567
845062713 801234567
845063172 801234567
845063217 801234567
845063721 801234567
845067123 801234567
845067231 801234567
845067312 801234567
845071236 801234567
845071362 801234567
845071623 801234567
845072163 801234567
845072316 801234567
845072631 801234567
845073126 801234567
845073261 801234567
845073612 801234567
845076132 801234567
845076213 801234567
845076321 801234567
845102376 801234567
845102637 801234567
845102763 801234567
845103267 801234567
845103672 801234567
845103726 801234567
845106273 801234567
845106327 801234567
845106732 801234567
845107236 801234567
845107362 801234567
845107623 801234567
845120367 801234567
845120673 801234567
845120736 801234567
845123076 801234567
845123607 801234567
845123760 801234567
845126037 801234567
845126370 801234567
845126703 801234567
845127063 801234567
845127306 801234567
845127630 801234567
845130276 801234567
845130627 801234567
845130762 801234567
845132067 801234567
845132670 801234567
845132706 801234567
845136072 801234567
845136207 801234567
845136720 801234567
845137026 801234567
845137260 801234567
845137602 801234567
845160237 801234567
845160372 801234567
845160723 801234567
845162073 801234567
845162307 801234567
845162730 801234567
845163027 801234567
845163270 801234567
845163702 801234567
845167032 801234567
845167203 801234567
845167320 801234567
845170263 801234567
845170326 801234567
845170632 801234567
845172036 801234567
845172360 801234567
845172603 801234567
845173062 801234567
845173206 801234567
845173620 801234567
845176023 801234567
845176230 801234567
845176302 801234567
845201367 801234567
845201673 801234567
845201736 801234567
845203176 801234567
845203617 801234567
845203761 801234567
845206137 801234567
845206371 801234567
845206713 801234567
845207163 801234567
845207316 801234567
845207631 801234567
845210376 801234567
845210637 801234567
845210763 801234567
845213067 801234567
845213670 801234567
845213706 801234567
845216073 801234567
845216307 801234567
845216730 801234567
845217036 801234567
845217360 801234567
845217603 801234567
845230167 801234567
845230671 801234567
845230716 801234567
845231076 801234567
845231607 801234567
845231760 801234567
845236017 801234567
845236170 801234567
845236701 801234567
845237061 801234567
845237106 801234567
845237610 801234567
845260173 801234567
845260317 801234567
845260731 801234567
845261037 801234567
845261370 801234567
845261703 801234567
845263071 801234567
845263107 801234567
845263710 801234567
845267013 801234567
845267130 801234567
845267301 801234567
845270136 801234567
845270361 801234567
845270613 801234567
845271063 801234567
845271306 801234567
845271630 801234567
845273016 801234567
845273160 801234567
845273601 801234567
845276031 801234567
845276103 801234567
845276310 801234567
845301276 801234567
845301627 801234567
845301762 801234567
845302167 801234567
845302671 801234567
845302716 801234567
845306172 801234567
845306217 801234567
845306721 801234567
845307126 801234567
845307261 801234567
845307612 801234567
845310267 801234567
845310672 801234567
845310726 801234567
845312076 801234567
845312607 801234567
845312760 801234567
845316027 801234567
845316270 801234567
845316702 801234567
845317062 801234567
845317206 801234567
845317620 801234567
845320176 801234567
845320617 801234567
845320761 801234567
845321067 801234567
845321670 801234567
845321706 801234567
845326071 801234567
845326107 801234567
845326710 801234567
845327016 801234567
845327160 801234567
845327601 801234567
845360127 801234567
845360271 801234567
845360712 801234567
845361072 801234567
845361207 801234567
845361720 801234567
845362017 801234567
845362170 801234567
845362701 801234567
845367021 801234567
845367102 801234567
845367210 801234567
845370162 801234567
845370216 801234567
845370621 801234567
845371026 801234567
845371260 801234567
845371602 801234567
845372061 801234567
845372106 801234567
845372610 801234567
845376012 801234567
845376120 801234567
845376201 801234567
845601237 801234567
845601372 801234567
845601723 801234567
845602173 801234567
845602317 801234567
845602731 801234567
845603127 801234567
845603271 801234567
845603712 801234567
845607132 801234567
845607213 801234567
845607321 801234567
845610273 801234567
845610327 801234567
845610732 801234567
845612037 801234567
845612370 801234567
845612703 801234567
845613072 801234567
845613207 801234567
845613720 801234567
845617023 801234567
845617230 801234567
845617302 801234567
845620137 801234567
845620371 801234567
845620713 801234567
845621073 801234567
845621307 801234567
845621730 801234567
845623017 801234567
845623170 801234567
845623701 801234567
845627031 801234567
845627103 801234567
845627310 801234567
845630172 801234567
845630217 801234567
845630721 801234567
845631027 801234567
845631270 801234567
845631702 801234567
845632071 801234567
845632107 801234567
845632710 801234567
845637012 801234567
845637120 801234567
845637201 801234567
845670123 801234567
845670231 801234567
845670312 801234567
845671032 801234567
845671203 801234567
845671320 801234567
845672013 801234567
845672130 801234567
845672301 801234567
845673021 801234567
845673102 801234567
845673210 801234567
845701263 801234567
845701326 801234567
845701632 801234567
845702136 801234567
845702361 801234567
845702613 801234567
845703162 801234567
845703216 801234567
845703621 801234567
845706123 801234567
845706231 801234567
845706312 801234567
845710236 801234567
845710362 801234567
845710623 801234567
845712063 801234567
845712306 801234567
845712630 801234567
845713026 801234567
845713260 801234567
845713602 801234567
845716032 801234567
845716203 801234567
845716320 801234567
845720163 801234567
845720316 801234567
845720631 801234567
845721036 801234567
845721360 801234567
845721603 801234567
845723061 801234567
845723106 801234567
845723610 801234567
845726013 801234567
845726130 801234567
845726301 801234567
845730126 801234567
845730261 801234567
845730612 801234567
845731062 801234567
845731206 801234567
845731620 801234567
845732016 801234567
845732160 801234567
845732601 801234567
845736021 801234567
845736102 801234567
845736210 801234567
845760132 801234567
845760213 801234567
845760321 801234567
845761023 801234567
845761230 801234567
