847210365 801234567
847210536 801234567
847210653 801234567
847213056 801234567
847213560 801234567
847213605 801234567
847215063 801234567
847215306 801234567
847215630 801234567
847216035 801234567
847216350 801234567
847216503 801234567
847230156 801234567
847230561 801234567
847230615 801234567
847231065 801234567
847231506 801234567
847231650 801234567
847235016 801234567
847235160 801234567
847235601 801234567
847236051 801234567
847236105 801234567
847236510 801234567
847250163 801234567
847250316 801234567
847250631 801234567
847251036 801234567
847251360 801234567
847251603 801234567
847253061 801234567
847253106 801234567
847253610 801234567
847256013 801234567
847256130 801234567
847256301 801234567
847260135 801234567
847260351 801234567
847260513 801234567
847261053 801234567
847261305 801234567
847261530 801234567
847263015 801234567
847263150 801234567
847263501 801234567
847265031 801234567
847265103 801234567
847265310 801234567
847301265 801234567
847301526 801234567
847301652 801234567
847302156 801234567
847302561 801234567
847302615 801234567
847305162 801234567
847305216 801234567
847305621 801234567
847306125 801234567
847306251 801234567
847306512 801234567
847310256 801234567
847310562 801234567
847310625 801234567
847312065 801234567
847312506 801234567
847312650 801234567
847315026 801234567
847315260 801234567
847315602 801234567
847316052 801234567
847316205 801234567
847316520 801234567
847320165 801234567
847320516 801234567
847320651 801234567
847321056 801234567
847321560 801234567
847321605 801234567
847325061 801234567
847325106 801234567
847325610 801234567
847326015 801234567
847326150 801234567
847326501 801234567
847350126 801234567
847350261 801234567
847350612 801234567
847351062 801234567
847351206 801234567
847351620 801234567
847352016 801234567
847352160 801234567
847352601 801234567
847356021 801234567
847356102 801234567
847356210 801234567
847360152 801234567
847360215 801234567
847360521 801234567
847361025 801234567
847361250 801234567
847361502 801234567
847362051 801234567
847362105 801234567
847362510 801234567
847365012 801234567
847365120 801234567
847365201 801234567
847501236 801234567
847501362 801234567
847501623 801234567
847502163 801234567
847502316 801234567
847502631 801234567
847503126 801234567
847503261 801234567
847503612 801234567
847506132 801234567
847506213 801234567
847506321 801234567
847510263 801234567
847510326 801234567
847510632 801234567
847512036 801234567
847512360 801234567
847512603 801234567
847513062 801234567
847513206 801234567
847513620 801234567
847516023 801234567
847516230 801234567
847516302 801234567
847520136 801234567
847520361 801234567
847520613 801234567
847521063 801234567
847521306 801234567
847521630 801234567
847523016 801234567
847523160 801234567
847523601 801234567
847526031 801234567
847526103 801234567
847526310 801234567
847530162 801234567
847530216 801234567
847530621 801234567
847531026 801234567
847531260 801234567
847531602 801234567
847532061 801234567
847532106 801234567
847532610 801234567
847536012 801234567
847536120 801234567
847536201 801234567
847560123 801234567
847560231 801234567
847560312 801234567
847561032 801234567
847561203 801234567
847561320 801234567
847562013 801234567
847562130 801234567
847562301 801234567
847563021 801234567
847563102 801234567
847563210 801234567
847601253 801234567
847601325 801234567
847601532 801234567
847602135 801234567
847602351 801234567
847602513 801234567
847603152 801234567
847603215 801234567
847603521 801234567
847605123 801234567
847605231 801234567
847605312 801234567
847610235 801234567
847610352 801234567
847610523 801234567
847612053 801234567
847612305 801234567
847612530 801234567
847613025 801234567
847613250 801234567
847613502 801234567
847615032 801234567
847615203 801234567
847615320 801234567
847620153 801234567
847620315 801234567
847620531 801234567
847621035 801234567
847621350 801234567
847621503 801234567
847623051 801234567
847623105 801234567
847623510 801234567
847625013 801234567
847625130 801234567
847625301 801234567
847630125 801234567
847630251 801234567
847630512 801234567
847631052 801234567
847631205 801234567
847631520 801234567
847632015 801234567
847632150 801234567
847632501 801234567
847635021 801234567
847635102 801234567
847635210 801234567
847650132 801234567
847650213 801234567
847650321 801234567
847651023 801234567
847651230 801234567
847651302 801234567
847652031 801234567
847652103 801234567
847652310 801234567
847653012 801234567
847653120 801234567
847653201 801234567
850123476 801234567
850123647 801234567
850123764 801234567
850124367 801234567
850124673 801234567
850124736 801234567
850126374 801234567
850126437 801234567
850126743 801234567
850127346 801234567
850127463 801234567
850127634 801234567
850132467 801234567
850132674 801234567
850132746 801234567
850134276 801234567
850134627 801234567
850134762 801234567
850136247 801234567
850136472 801234567
850136724 801234567
850137264 801234567
850137426 801234567
850137642 801234567
850142376 801234567
850142637 801234567
850142763 801234567
850143267 801234567
850143672 801234567
850143726 801234567
850146273 801234567
850146327 801234567
850146732 801234567
850147236 801234567
850147362 801234567
850147623 801234567
850162347 801234567
850162473 801234567
850162734 801234567
850163274 801234567
850163427 801234567
850163742 801234567
850164237 801234567
850164372 801234567
850164723 801234567
850167243 801234567
850167324 801234567
850167432 801234567
850172364 801234567
850172436 801234567
850172643 801234567
850173246 801234567
850173462 801234567
850173624 801234567
850174263 801234567
850174326 801234567
850174632 801234567
850176234 801234567
850176342 801234567
850176423 801234567
850213467 801234567
850213674 801234567
850213746 801234567
850214376 801234567
850214637 801234567
850214763 801234567
850216347 801234567
850216473 801234567
850216734 801234567
850217364 801234567
850217436 801234567
850217643 801234567
850231476 801234567
850231647 801234567
850231764 801234567
850234167 801234567
850234671 801234567
850234716 801234567
850236174 801234567
850236417 801234567
850236741 801234567
850237146 801234567
850237461 801234567
850237614 801234567
850241367 801234567
850241673 801234567
850241736 801234567
850243176 801234567
850243617 801234567
850243761 801234567
850246137 801234567
850246371 801234567
850246713 801234567
850247163 801234567
850247316 801234567
850247631 801234567
850261374 801234567
850261437 801234567
850261743 801234567
850263147 801234567
850263471 801234567
850263714 801234567
850264173 801234567
850264317 801234567
850264731 801234567
850267134 801234567
850267341 801234567
850267413 801234567
850271346 801234567
850271463 801234567
850271634 801234567
850273164 801234567
850273416 801234567
850273641 801234567
850274136 801234567
850274361 801234567
850274613 801234567
850276143 801234567
850276314 801234567
850276431 801234567
850312476 801234567
850312647 801234567
850312764 801234567
850314267 801234567
850314672 801234567
850314726 801234567
850316274 801234567
850316427 801234567
850316742 801234567
850317246 801234567
850317462 801234567
850317624 801234567
850321467 801234567
850321674 801234567
850321746 801234567
850324176 801234567
850324617 801234567
850324761 801234567
850326147 801234567
850326471 801234567
850326714 801234567
850327164 801234567
850327416 801234567
850327641 801234567
850341276 801234567
850341627 801234567
850341762 801234567
850342167 801234567
850342671 801234567
850342716 801234567
850346172 801234567
850346217 801234567
850346721 801234567
850347126 801234567
850347261 801234567
850347612 801234567
850361247 801234567
850361472 801234567
850361724 801234567
850362174 801234567
850362417 801234567
850362741 801234567
850364127 801234567
850364271 801234567
850364712 801234567
850367142 801234567
850367214 801234567
850367421 801234567
850371264 801234567
850371426 801234567
850371642 801234567
850372146 801234567
850372461 801234567
850372614 801234567
850374162 801234567
850374216 801234567
850374621 801234567
850376124 801234567
850376241 801234567
850376412 801234567
850412367 801234567
850412673 801234567
850412736 801234567
850413276 801234567
850413627 801234567
850413762 801234567
850416237 801234567
850416372 801234567
850416723 801234567
850417263 801234567
850417326 801234567
850417632 801234567
850421376 801234567
850421637 801234567
850421763 801234567
850423167 801234567
850423671 801234567
850423716 801234567
850426173 801234567
850426317 801234567
850426731 801234567
850427136 801234567
850427361 801234567
850427613 801234567
850431267 801234567
850431672 801234567
850431726 801234567
850432176 801234567
850432617 801234567
850432761 801234567
850436127 801234567
850436271 801234567
850436712 801234567
850437162 801234567
850437216 801234567
850437621 801234567
850461273 801234567
850461327 801234567
850461732 801234567
850462137 801234567
850462371 801234567
850462713 801234567
850463172 801234567
850463217 801234567
850463721 801234567
850467123 801234567
850467231 801234567
850467312 801234567
850471236 801234567
850471362 801234567
850471623 801234567
850472163 801234567
850472316 801234567
850472631 801234567
850473126 801234567
850473261 801234567
850473612 801234567
850476132 801234567
850476213 801234567
850476321 801234567
850612374 801234567
850612437 801234567
850612743 801234567
850613247 801234567
850613472 801234567
850613724 801234567
850614273 801234567
850614327 801234567
850614732 801234567
850617234 801234567
850617342 801234567
850617423 801234567
850621347 801234567
850621473 801234567
850621734 801234567
850623174 801234567
850623417 801234567
850623741 801234567
850624137 801234567
850624371 801234567
850624713 801234567
850627143 801234567
850627314 801234567
850627431 801234567
850631274 801234567
850631427 801234567
850631742 801234567
850632147 801234567
850632471 801234567
850632714 801234567
850634172 801234567
