354670182 801234567
354670218 801234567
354670821 801234567
354671028 801234567
354671280 801234567
354671802 801234567
354672081 801234567
354672108 801234567
354672810 801234567
354678012 801234567
354678120 801234567
354678201 801234567
354680127 801234567
354680271 801234567
354680712 801234567
354681072 801234567
354681207 801234567
354681720 801234567
354682017 801234567
354682170 801234567
354682701 801234567
354687021 801234567
354687102 801234567
354687210 801234567
354701286 801234567
354701628 801234567
354701862 801234567
354702168 801234567
354702681 801234567
354702816 801234567
354706182 801234567
354706218 801234567
354706821 801234567
354708126 801234567
354708261 801234567
354708612 801234567
354710268 801234567
354710682 801234567
354710826 801234567
354712086 801234567
354712608 801234567
354712860 801234567
354716028 801234567
354716280 801234567
354716802 801234567
354718062 801234567
354718206 801234567
354718620 801234567
354720186 801234567
354720618 801234567
354720861 801234567
354721068 801234567
354721680 801234567
354721806 801234567
354726081 801234567
354726108 801234567
354726810 801234567
354728016 801234567
354728160 801234567
354728601 801234567
354760128 801234567
354760281 801234567
354760812 801234567
354761082 801234567
354761208 801234567
354761820 801234567
354762018 801234567
354762180 801234567
354762801 801234567
354768021 801234567
354768102 801234567
354768210 801234567
354780162 801234567
354780216 801234567
354780621 801234567
354781026 801234567
354781260 801234567
354781602 801234567
354782061 801234567
354782106 801234567
354782610 801234567
354786012 801234567
354786120 801234567
354786201 801234567
354801267 801234567
354801672 801234567
354801726 801234567
354802176 801234567
354802617 801234567
354802761 801234567
354806127 801234567
354806271 801234567
354806712 801234567
354807162 801234567
354807216 801234567
354807621 801234567
354810276 801234567
354810627 801234567
354810762 801234567
354812067 801234567
354812670 801234567
354812706 801234567
354816072 801234567
354816207 801234567
354816720 801234567
354817026 801234567
354817260 801234567
354817602 801234567
354820167 801234567
354820671 801234567
354820716 801234567
354821076 801234567
354821607 801234567
354821760 801234567
354826017 801234567
354826170 801234567
354826701 801234567
354827061 801234567
354827106 801234567
354827610 801234567
354860172 801234567
354860217 801234567
354860721 801234567
354861027 801234567
354861270 801234567
354861702 801234567
354862071 801234567
354862107 801234567
354862710 801234567
354867012 801234567
354867120 801234567
354867201 801234567
354870126 801234567
354870261 801234567
354870612 801234567
354871062 801234567
354871206 801234567
354871620 801234567
354872016 801234567
354872160 801234567
354872601 801234567
354876021 801234567
354876102 801234567
354876210 801234567
356012478 801234567
356012784 801234567
356012847 801234567
356014287 801234567
356014728 801234567
356014872 801234567
356017248 801234567
356017482 801234567
356017824 801234567
356018274 801234567
356018427 801234567
356018742 801234567
356021487 801234567
356021748 801234567
356021874 801234567
356024178 801234567
356024781 801234567
356024817 801234567
356027184 801234567
356027418 801234567
356027841 801234567
356028147 801234567
356028471 801234567
356028714 801234567
356041278 801234567
356041782 801234567
356041827 801234567
356042187 801234567
356042718 801234567
356042871 801234567
356047128 801234567
356047281 801234567
356047812 801234567
356048172 801234567
356048217 801234567
356048721 801234567
356071284 801234567
356071428 801234567
356071842 801234567
356072148 801234567
356072481 801234567
356072814 801234567
356074182 801234567
356074218 801234567
356074821 801234567
356078124 801234567
356078241 801234567
356078412 801234567
356081247 801234567
356081472 801234567
356081724 801234567
356082174 801234567
356082417 801234567
356082741 801234567
356084127 801234567
356084271 801234567
356084712 801234567
356087142 801234567
356087214 801234567
356087421 801234567
356102487 801234567
356102748 801234567
356102874 801234567
356104278 801234567
356104782 801234567
356104827 801234567
356107284 801234567
356107428 801234567
356107842 801234567
356108247 801234567
356108472 801234567
356108724 801234567
356120478 801234567
356120784 801234567
356120847 801234567
356124087 801234567
356124708 801234567
356124870 801234567
356127048 801234567
356127480 801234567
356127804 801234567
356128074 801234567
356128407 801234567
356128740 801234567
356140287 801234567
356140728 801234567
356140872 801234567
356142078 801234567
356142780 801234567
356142807 801234567
356147082 801234567
356147208 801234567
356147820 801234567
356148027 801234567
356148270 801234567
356148702 801234567
356170248 801234567
356170482 801234567
356170824 801234567
356172084 801234567
356172408 801234567
356172840 801234567
356174028 801234567
356174280 801234567
356174802 801234567
356178042 801234567
356178204 801234567
356178420 801234567
356180274 801234567
356180427 801234567
356180742 801234567
356182047 801234567
356182470 801234567
356182704 801234567
356184072 801234567
356184207 801234567
356184720 801234567
356187024 801234567
356187240 801234567
356187402 801234567
356201478 801234567
356201784 801234567
356201847 801234567
356204187 801234567
356204718 801234567
356204871 801234567
356207148 801234567
356207481 801234567
356207814 801234567
356208174 801234567
356208417 801234567
356208741 801234567
356210487 801234567
356210748 801234567
356210874 801234567
356214078 801234567
356214780 801234567
356214807 801234567
356217084 801234567
356217408 801234567
356217840 801234567
356218047 801234567
356218470 801234567
356218704 801234567
356240178 801234567
356240781 801234567
356240817 801234567
356241087 801234567
356241708 801234567
356241870 801234567
356247018 801234567
356247180 801234567
356247801 801234567
356248071 801234567
356248107 801234567
356248710 801234567
356270184 801234567
356270418 801234567
356270841 801234567
356271048 801234567
356271480 801234567
356271804 801234567
356274081 801234567
356274108 801234567
356274810 801234567
356278014 801234567
356278140 801234567
356278401 801234567
356280147 801234567
356280471 801234567
356280714 801234567
356281074 801234567
356281407 801234567
356281740 801234567
356284017 801234567
356284170 801234567
356284701 801234567
356287041 801234567
356287104 801234567
356287410 801234567
356401287 801234567
356401728 801234567
356401872 801234567
356402178 801234567
356402781 801234567
356402817 801234567
356407182 801234567
356407218 801234567
356407821 801234567
356408127 801234567
356408271 801234567
356408712 801234567
356410278 801234567
356410782 801234567
356410827 801234567
356412087 801234567
356412708 801234567
356412870 801234567
356417028 801234567
356417280 801234567
356417802 801234567
356418072 801234567
356418207 801234567
356418720 801234567
356420187 801234567
356420718 801234567
356420871 801234567
356421078 801234567
356421780 801234567
356421807 801234567
356427081 801234567
356427108 801234567
356427810 801234567
356428017 801234567
356428170 801234567
356428701 801234567
356470128 801234567
356470281 801234567
356470812 801234567
356471082 801234567
356471208 801234567
356471820 801234567
356472018 801234567
356472180 801234567
356472801 801234567
356478021 801234567
356478102 801234567
356478210 801234567
356480172 801234567
356480217 801234567
356480721 801234567
356481027 801234567
356481270 801234567
356481702 801234567
356482071 801234567
356482107 801234567
356482710 801234567
356487012 801234567
356487120 801234567
356487201 801234567
356701248 801234567
356701482 801234567
356701824 801234567
356702184 801234567
356702418 801234567
356702841 801234567
356704128 801234567
356704281 801234567
356704812 801234567
356708142 801234567
356708214 801234567
356708421 801234567
356710284 801234567
356710428 801234567
356710842 801234567
356712048 801234567
356712480 801234567
356712804 801234567
356714082 801234567
356714208 801234567
356714820 801234567
356718024 801234567
356718240 801234567
356718402 801234567
356720148 801234567
356720481 801234567
356720814 801234567
356721084 801234567
356721408 801234567
356721840 801234567
356724018 801234567
356724180 801234567
356724801 801234567
356728041 801234567
356728104 801234567
356728410 801234567
356740182 801234567
356740218 801234567
356740821 801234567
356741028 801234567
356741280 801234567
356741802 801234567
356742081 801234567
356742108 801234567
356742810 801234567
356748012 801234567
356748120 801234567
356748201 801234567
356780124 801234567
356780241 801234567
356780412 801234567
356781042 801234567
356781204 801234567
356781420 801234567
356782014 801234567
356782140 801234567
356782401 801234567
356784021 801234567
356784102 801234567
356784210 801234567
356801274 801234567
356801427 801234567
356801742 801234567
356802147 801234567
356802471 801234567
356802714 801234567
356804172 801234567
356804217 801234567
356804721 801234567
356807124 801234567
356807241 801234567
356807412 801234567
356810247 801234567
356810472 801234567
356810724 801234567
356812074 801234567
356812407 801234567
356812740 801234567
356814027 801234567
356814270 801234567
356814702 801234567
356817042 801234567
356817204 801234567
356817420 801234567
356820174 801234567
356820417 801234567
356820741 801234567
356821047 801234567
356821470 801234567
356821704 801234567
356824071 801234567
356824107 801234567
356824710 801234567
356827014 801234567
356827140 801234567
356827401 801234567
356840127 801234567
356840271 801234567
356840712 801234567
356841072 801234567
356841207 801234567
356841720 801234567
356842017 801234567
356842170 801234567
356842701 801234567
356847021 801234567
356847102 801234567
356847210 801234567
356870142 801234567
356870214 801234567
356870421 801234567
356871024 801234567
356871240 801234567
356871402 801234567
356872041 801234567
