352146870 801234567
352147068 801234567
352147680 801234567
352147806 801234567
352148076 801234567
352148607 801234567
352148760 801234567
352160487 801234567
352160748 801234567
352160874 801234567
352164078 801234567
352164780 801234567
352164807 801234567
352167084 801234567
352167408 801234567
352167840 801234567
352168047 801234567
352168470 801234567
352168704 801234567
352170468 801234567
352170684 801234567
352170846 801234567
352174086 801234567
352174608 801234567
352174860 801234567
352176048 801234567
352176480 801234567
352176804 801234567
352178064 801234567
352178406 801234567
352178640 801234567
352180476 801234567
352180647 801234567
352180764 801234567
352184067 801234567
352184670 801234567
352184706 801234567
352186074 801234567
352186407 801234567
352186740 801234567
352187046 801234567
352187460 801234567
352187604 801234567
352401678 801234567
352401786 801234567
352401867 801234567
352406187 801234567
352406718 801234567
352406871 801234567
352407168 801234567
352407681 801234567
352407816 801234567
352408176 801234567
352408617 801234567
352408761 801234567
352410687 801234567
352410768 801234567
352410876 801234567
352416078 801234567
352416780 801234567
352416807 801234567
352417086 801234567
352417608 801234567
352417860 801234567
352418067 801234567
352418670 801234567
352418706 801234567
352460178 801234567
352460781 801234567
352460817 801234567
352461087 801234567
352461708 801234567
352461870 801234567
352467018 801234567
352467180 801234567
352467801 801234567
352468071 801234567
352468107 801234567
352468710 801234567
352470186 801234567
352470618 801234567
352470861 801234567
352471068 801234567
352471680 801234567
352471806 801234567
352476081 801234567
352476108 801234567
352476810 801234567
352478016 801234567
352478160 801234567
352478601 801234567
352480167 801234567
352480671 801234567
352480716 801234567
352481076 801234567
352481607 801234567
352481760 801234567
352486017 801234567
352486170 801234567
352486701 801234567
352487061 801234567
352487106 801234567
352487610 801234567
352601487 801234567
352601748 801234567
352601874 801234567
352604178 801234567
352604781 801234567
352604817 801234567
352607184 801234567
352607418 801234567
352607841 801234567
352608147 801234567
352608471 801234567
352608714 801234567
352610478 801234567
352610784 801234567
352610847 801234567
352614087 801234567
352614708 801234567
352614870 801234567
352617048 801234567
352617480 801234567
352617804 801234567
352618074 801234567
352618407 801234567
352618740 801234567
352640187 801234567
352640718 801234567
352640871 801234567
352641078 801234567
352641780 801234567
352641807 801234567
352647081 801234567
352647108 801234567
352647810 801234567
352648017 801234567
352648170 801234567
352648701 801234567
352670148 801234567
352670481 801234567
352670814 801234567
352671084 801234567
352671408 801234567
352671840 801234567
352674018 801234567
352674180 801234567
352674801 801234567
352678041 801234567
352678104 801234567
352678410 801234567
352680174 801234567
352680417 801234567
352680741 801234567
352681047 801234567
352681470 801234567
352681704 801234567
352684071 801234567
352684107 801234567
352684710 801234567
352687014 801234567
352687140 801234567
352687401 801234567
352701468 801234567
352701684 801234567
352701846 801234567
352704186 801234567
352704618 801234567
352704861 801234567
352706148 801234567
352706481 801234567
352706814 801234567
352708164 801234567
352708416 801234567
352708641 801234567
352710486 801234567
352710648 801234567
352710864 801234567
352714068 801234567
352714680 801234567
352714806 801234567
352716084 801234567
352716408 801234567
352716840 801234567
352718046 801234567
352718460 801234567
352718604 801234567
352740168 801234567
352740681 801234567
352740816 801234567
352741086 801234567
352741608 801234567
352741860 801234567
352746018 801234567
352746180 801234567
352746801 801234567
352748061 801234567
352748106 801234567
352748610 801234567
352760184 801234567
352760418 801234567
352760841 801234567
352761048 801234567
352761480 801234567
352761804 801234567
352764081 801234567
352764108 801234567
352764810 801234567
352768014 801234567
352768140 801234567
352768401 801234567
352780146 801234567
352780461 801234567
352780614 801234567
352781064 801234567
352781406 801234567
352781640 801234567
352784016 801234567
352784160 801234567
352784601 801234567
352786041 801234567
352786104 801234567
352786410 801234567
352801476 801234567
352801647 801234567
352801764 801234567
352804167 801234567
352804671 801234567
352804716 801234567
352806174 801234567
352806417 801234567
352806741 801234567
352807146 801234567
352807461 801234567
352807614 801234567
352810467 801234567
352810674 801234567
352810746 801234567
352814076 801234567
352814607 801234567
352814760 801234567
352816047 801234567
352816470 801234567
352816704 801234567
352817064 801234567
352817406 801234567
352817640 801234567
352840176 801234567
352840617 801234567
352840761 801234567
352841067 801234567
352841670 801234567
352841706 801234567
352846071 801234567
352846107 801234567
352846710 801234567
352847016 801234567
352847160 801234567
352847601 801234567
352860147 801234567
352860471 801234567
352860714 801234567
352861074 801234567
352861407 801234567
352861740 801234567
352864017 801234567
352864170 801234567
352864701 801234567
352867041 801234567
352867104 801234567
352867410 801234567
352870164 801234567
352870416 801234567
352870641 801234567
352871046 801234567
352871460 801234567
352871604 801234567
352874061 801234567
352874106 801234567
352874610 801234567
352876014 801234567
352876140 801234567
352876401 801234567
354012687 801234567
354012768 801234567
354012876 801234567
354016278 801234567
354016782 801234567
354016827 801234567
354017286 801234567
354017628 801234567
354017862 801234567
354018267 801234567
354018672 801234567
354018726 801234567
354021678 801234567
354021786 801234567
354021867 801234567
354026187 801234567
354026718 801234567
354026871 801234567
354027168 801234567
354027681 801234567
354027816 801234567
354028176 801234567
354028617 801234567
354028761 801234567
354061287 801234567
354061728 801234567
354061872 801234567
354062178 801234567
354062781 801234567
354062817 801234567
354067182 801234567
354067218 801234567
354067821 801234567
354068127 801234567
354068271 801234567
354068712 801234567
354071268 801234567
354071682 801234567
354071826 801234567
354072186 801234567
354072618 801234567
354072861 801234567
354076128 801234567
354076281 801234567
354076812 801234567
354078162 801234567
354078216 801234567
354078621 801234567
354081276 801234567
354081627 801234567
354081762 801234567
354082167 801234567
354082671 801234567
354082716 801234567
354086172 801234567
354086217 801234567
354086721 801234567
354087126 801234567
354087261 801234567
354087612 801234567
354102678 801234567
354102786 801234567
354102867 801234567
354106287 801234567
354106728 801234567
354106872 801234567
354107268 801234567
354107682 801234567
354107826 801234567
354108276 801234567
354108627 801234567
354108762 801234567
354120687 801234567
354120768 801234567
354120876 801234567
354126078 801234567
354126780 801234567
354126807 801234567
354127086 801234567
354127608 801234567
354127860 801234567
354128067 801234567
354128670 801234567
354128706 801234567
354160278 801234567
354160782 801234567
354160827 801234567
354162087 801234567
354162708 801234567
354162870 801234567
354167028 801234567
354167280 801234567
354167802 801234567
354168072 801234567
354168207 801234567
354168720 801234567
354170286 801234567
354170628 801234567
354170862 801234567
354172068 801234567
354172680 801234567
354172806 801234567
354176082 801234567
354176208 801234567
354176820 801234567
354178026 801234567
354178260 801234567
354178602 801234567
354180267 801234567
354180672 801234567
354180726 801234567
354182076 801234567
354182607 801234567
354182760 801234567
354186027 801234567
354186270 801234567
354186702 801234567
354187062 801234567
354187206 801234567
354187620 801234567
354201687 801234567
354201768 801234567
354201876 801234567
354206178 801234567
354206781 801234567
354206817 801234567
354207186 801234567
354207618 801234567
354207861 801234567
354208167 801234567
354208671 801234567
354208716 801234567
354210678 801234567
354210786 801234567
354210867 801234567
354216087 801234567
354216708 801234567
354216870 801234567
354217068 801234567
354217680 801234567
354217806 801234567
354218076 801234567
354218607 801234567
354218760 801234567
354260187 801234567
354260718 801234567
354260871 801234567
354261078 801234567
354261780 801234567
354261807 801234567
354267081 801234567
354267108 801234567
354267810 801234567
354268017 801234567
354268170 801234567
354268701 801234567
354270168 801234567
354270681 801234567
354270816 801234567
354271086 801234567
354271608 801234567
354271860 801234567
354276018 801234567
354276180 801234567
354276801 801234567
354278061 801234567
354278106 801234567
354278610 801234567
354280176 801234567
354280617 801234567
354280761 801234567
354281067 801234567
354281670 801234567
354281706 801234567
354286071 801234567
354286107 801234567
354286710 801234567
354287016 801234567
354287160 801234567
354287601 801234567
354601278 801234567
354601782 801234567
354601827 801234567
354602187 801234567
354602718 801234567
354602871 801234567
354607128 801234567
354607281 801234567
354607812 801234567
354608172 801234567
354608217 801234567
354608721 801234567
354610287 801234567
354610728 801234567
354610872 801234567
354612078 801234567
354612780 801234567
354612807 801234567
354617082 801234567
354617208 801234567
354617820 801234567
354618027 801234567
354618270 801234567
354618702 801234567
354620178 801234567
354620781 801234567
354620817 801234567
354621087 801234567
354621708 801234567
354621870 801234567
354627018 801234567
354627180 801234567
354627801 801234567
354628071 801234567
354628107 801234567
354628710 801234567
