643185270 801234567
643185702 801234567
643187052 801234567
643187205 801234567
643187520 801234567
643201587 801234567
643201758 801234567
643201875 801234567
643205178 801234567
643205781 801234567
643205817 801234567
643207185 801234567
643207518 801234567
643207851 801234567
643208157 801234567
643208571 801234567
643208715 801234567
643210578 801234567
643210785 801234567
643210857 801234567
643215087 801234567
643215708 801234567
643215870 801234567
643217058 801234567
643217580 801234567
643217805 801234567
643218075 801234567
643218507 801234567
643218750 801234567
643250187 801234567
643250718 801234567
643250871 801234567
643251078 801234567
643251780 801234567
643251807 801234567
643257081 801234567
643257108 801234567
643257810 801234567
643258017 801234567
643258170 801234567
643258701 801234567
643270158 801234567
643270581 801234567
643270815 801234567
643271085 801234567
643271508 801234567
643271850 801234567
643275018 801234567
643275180 801234567
643275801 801234567
643278051 801234567
643278105 801234567
643278510 801234567
643280175 801234567
643280517 801234567
643280751 801234567
643281057 801234567
643281570 801234567
643281705 801234567
643285071 801234567
643285107 801234567
643285710 801234567
643287015 801234567
643287150 801234567
643287501 801234567
643501278 801234567
643501782 801234567
643501827 801234567
643502187 801234567
643502718 801234567
643502871 801234567
643507128 801234567
643507281 801234567
643507812 801234567
643508172 801234567
643508217 801234567
643508721 801234567
643510287 801234567
643510728 801234567
643510872 801234567
643512078 801234567
643512780 801234567
643512807 801234567
643517082 801234567
643517208 801234567
643517820 801234567
643518027 801234567
643518270 801234567
643518702 801234567
643520178 801234567
643520781 801234567
643520817 801234567
643521087 801234567
643521708 801234567
643521870 801234567
643527018 801234567
643527180 801234567
643527801 801234567
643528071 801234567
643528107 801234567
643528710 801234567
643570182 801234567
643570218 801234567
643570821 801234567
643571028 801234567
643571280 801234567
643571802 801234567
643572081 801234567
643572108 801234567
643572810 801234567
643578012 801234567
643578120 801234567
643578201 801234567
643580127 801234567
643580271 801234567
643580712 801234567
643581072 801234567
643581207 801234567
643581720 801234567
643582017 801234567
643582170 801234567
643582701 801234567
643587021 801234567
643587102 801234567
643587210 801234567
643701285 801234567
643701528 801234567
643701852 801234567
643702158 801234567
643702581 801234567
643702815 801234567
643705182 801234567
643705218 801234567
643705821 801234567
643708125 801234567
643708251 801234567
643708512 801234567
643710258 801234567
643710582 801234567
643710825 801234567
643712085 801234567
643712508 801234567
643712850 801234567
643715028 801234567
643715280 801234567
643715802 801234567
643718052 801234567
643718205 801234567
643718520 801234567
643720185 801234567
643720518 801234567
643720851 801234567
643721058 801234567
643721580 801234567
643721805 801234567
643725081 801234567
643725108 801234567
643725810 801234567
643728015 801234567
643728150 801234567
643728501 801234567
643750128 801234567
643750281 801234567
643750812 801234567
643751082 801234567
643751208 801234567
643751820 801234567
643752018 801234567
643752180 801234567
643752801 801234567
643758021 801234567
643758102 801234567
643758210 801234567
643780152 801234567
643780215 801234567
643780521 801234567
643781025 801234567
643781250 801234567
643781502 801234567
643782051 801234567
643782105 801234567
643782510 801234567
643785012 801234567
643785120 801234567
643785201 801234567
643801257 801234567
643801572 801234567
643801725 801234567
643802175 801234567
643802517 801234567
643802751 801234567
643805127 801234567
643805271 801234567
643805712 801234567
643807152 801234567
643807215 801234567
643807521 801234567
643810275 801234567
643810527 801234567
643810752 801234567
643812057 801234567
643812570 801234567
643812705 801234567
643815072 801234567
643815207 801234567
643815720 801234567
643817025 801234567
643817250 801234567
643817502 801234567
643820157 801234567
643820571 801234567
643820715 801234567
643821075 801234567
643821507 801234567
643821750 801234567
643825017 801234567
643825170 801234567
643825701 801234567
643827051 801234567
643827105 801234567
643827510 801234567
643850172 801234567
643850217 801234567
643850721 801234567
643851027 801234567
643851270 801234567
643851702 801234567
643852071 801234567
643852107 801234567
643852710 801234567
643857012 801234567
643857120 801234567
643857201 801234567
643870125 801234567
643870251 801234567
643870512 801234567
643871052 801234567
643871205 801234567
643871520 801234567
643872015 801234567
643872150 801234567
643872501 801234567
643875021 801234567
643875102 801234567
643875210 801234567
645012378 801234567
645012783 801234567
645012837 801234567
645013287 801234567
645013728 801234567
645013872 801234567
645017238 801234567
645017382 801234567
645017823 801234567
645018273 801234567
645018327 801234567
645018732 801234567
645021387 801234567
645021738 801234567
645021873 801234567
645023178 801234567
645023781 801234567
645023817 801234567
645027183 801234567
645027318 801234567
645027831 801234567
645028137 801234567
645028371 801234567
645028713 801234567
645031278 801234567
645031782 801234567
645031827 801234567
645032187 801234567
645032718 801234567
645032871 801234567
645037128 801234567
645037281 801234567
645037812 801234567
645038172 801234567
645038217 801234567
645038721 801234567
645071283 801234567
645071328 801234567
645071832 801234567
645072138 801234567
645072381 801234567
645072813 801234567
645073182 801234567
645073218 801234567
645073821 801234567
645078123 801234567
645078231 801234567
645078312 801234567
645081237 801234567
645081372 801234567
645081723 801234567
645082173 801234567
645082317 801234567
645082731 801234567
645083127 801234567
645083271 801234567
645083712 801234567
645087132 801234567
645087213 801234567
645087321 801234567
645102387 801234567
645102738 801234567
645102873 801234567
645103278 801234567
645103782 801234567
645103827 801234567
645107283 801234567
645107328 801234567
645107832 801234567
645108237 801234567
645108372 801234567
645108723 801234567
645120378 801234567
645120783 801234567
645120837 801234567
645123087 801234567
645123708 801234567
645123870 801234567
645127038 801234567
645127380 801234567
645127803 801234567
645128073 801234567
645128307 801234567
645128730 801234567
645130287 801234567
645130728 801234567
645130872 801234567
645132078 801234567
645132780 801234567
645132807 801234567
645137082 801234567
645137208 801234567
645137820 801234567
645138027 801234567
645138270 801234567
645138702 801234567
645170238 801234567
645170382 801234567
645170823 801234567
645172083 801234567
645172308 801234567
645172830 801234567
645173028 801234567
645173280 801234567
645173802 801234567
645178032 801234567
645178203 801234567
645178320 801234567
645180273 801234567
645180327 801234567
645180732 801234567
645182037 801234567
645182370 801234567
645182703 801234567
645183072 801234567
645183207 801234567
645183720 801234567
645187023 801234567
645187230 801234567
645187302 801234567
645201378 801234567
645201783 801234567
645201837 801234567
645203187 801234567
645203718 801234567
645203871 801234567
645207138 801234567
645207381 801234567
645207813 801234567
645208173 801234567
645208317 801234567
645208731 801234567
645210387 801234567
645210738 801234567
645210873 801234567
645213078 801234567
645213780 801234567
645213807 801234567
645217083 801234567
645217308 801234567
645217830 801234567
645218037 801234567
645218370 801234567
645218703 801234567
645230178 801234567
645230781 801234567
645230817 801234567
645231087 801234567
645231708 801234567
645231870 801234567
645237018 801234567
645237180 801234567
645237801 801234567
645238071 801234567
645238107 801234567
645238710 801234567
645270183 801234567
645270318 801234567
645270831 801234567
645271038 801234567
645271380 801234567
645271803 801234567
645273081 801234567
645273108 801234567
645273810 801234567
645278013 801234567
645278130 801234567
645278301 801234567
645280137 801234567
645280371 801234567
645280713 801234567
645281073 801234567
645281307 801234567
645281730 801234567
645283017 801234567
645283170 801234567
645283701 801234567
645287031 801234567
645287103 801234567
645287310 801234567
645301287 801234567
645301728 801234567
645301872 801234567
645302178 801234567
645302781 801234567
645302817 801234567
645307182 801234567
645307218 801234567
645307821 801234567
645308127 801234567
645308271 801234567
645308712 801234567
645310278 801234567
645310782 801234567
645310827 801234567
645312087 801234567
645312708 801234567
645312870 801234567
645317028 801234567
645317280 801234567
645317802 801234567
645318072 801234567
645318207 801234567
645318720 801234567
645320187 801234567
645320718 801234567
645320871 801234567
645321078 801234567
645321780 801234567
645321807 801234567
645327081 801234567
645327108 801234567
645327810 801234567
645328017 801234567
645328170 801234567
645328701 801234567
645370128 801234567
645370281 801234567
645370812 801234567
645371082 801234567
645371208 801234567
645371820 801234567
645372018 801234567
645372180 801234567
645372801 801234567
645378021 801234567
645378102 801234567
645378210 801234567
645380172 801234567
645380217 801234567
645380721 801234567
645381027 801234567
645381270 801234567
645381702 801234567
645382071 801234567
645382107 801234567
645382710 801234567
645387012 801234567
645387120 801234567
645387201 801234567
645701238 801234567
645701382 801234567
645701823 801234567
645702183 801234567
645702318 801234567
645702831 801234567
645703128 801234567
645703281 801234567
645703812 801234567
645708132 801234567
645708213 801234567
645708321 801234567
645710283 801234567
645710328 801234567
