635741082 801234567
635741208 801234567
635741820 801234567
635742018 801234567
635742180 801234567
635742801 801234567
635748021 801234567
635748102 801234567
635748210 801234567
635780142 801234567
635780214 801234567
635780421 801234567
635781024 801234567
635781240 801234567
635781402 801234567
635782041 801234567
635782104 801234567
635782410 801234567
635784012 801234567
635784120 801234567
635784201 801234567
635801247 801234567
635801472 801234567
635801724 801234567
635802174 801234567
635802417 801234567
635802741 801234567
635804127 801234567
635804271 801234567
635804712 801234567
635807142 801234567
635807214 801234567
635807421 801234567
635810274 801234567
635810427 801234567
635810742 801234567
635812047 801234567
635812470 801234567
635812704 801234567
635814072 801234567
635814207 801234567
635814720 801234567
635817024 801234567
635817240 801234567
635817402 801234567
635820147 801234567
635820471 801234567
635820714 801234567
635821074 801234567
635821407 801234567
635821740 801234567
635824017 801234567
635824170 801234567
635824701 801234567
635827041 801234567
635827104 801234567
635827410 801234567
635840172 801234567
635840217 801234567
635840721 801234567
635841027 801234567
635841270 801234567
635841702 801234567
635842071 801234567
635842107 801234567
635842710 801234567
635847012 801234567
635847120 801234567
635847201 801234567
635870124 801234567
635870241 801234567
635870412 801234567
635871042 801234567
635871204 801234567
635871420 801234567
635872014 801234567
635872140 801234567
635872401 801234567
635874021 801234567
635874102 801234567
635874210 801234567
637012458 801234567
637012584 801234567
637012845 801234567
637014285 801234567
637014528 801234567
637014852 801234567
637015248 801234567
637015482 801234567
637015824 801234567
637018254 801234567
637018425 801234567
637018542 801234567
637021485 801234567
637021548 801234567
637021854 801234567
637024158 801234567
637024581 801234567
637024815 801234567
637025184 801234567
637025418 801234567
637025841 801234567
637028145 801234567
637028451 801234567
637028514 801234567
637041258 801234567
637041582 801234567
637041825 801234567
637042185 801234567
637042518 801234567
637042851 801234567
637045128 801234567
637045281 801234567
637045812 801234567
637048152 801234567
637048215 801234567
637048521 801234567
637051284 801234567
637051428 801234567
637051842 801234567
637052148 801234567
637052481 801234567
637052814 801234567
637054182 801234567
637054218 801234567
637054821 801234567
637058124 801234567
637058241 801234567
637058412 801234567
637081245 801234567
637081452 801234567
637081524 801234567
637082154 801234567
637082415 801234567
637082541 801234567
637084125 801234567
637084251 801234567
637084512 801234567
637085142 801234567
637085214 801234567
637085421 801234567
637102485 801234567
637102548 801234567
637102854 801234567
637104258 801234567
637104582 801234567
637104825 801234567
637105284 801234567
637105428 801234567
637105842 801234567
637108245 801234567
637108452 801234567
637108524 801234567
637120458 801234567
637120584 801234567
637120845 801234567
637124085 801234567
637124508 801234567
637124850 801234567
637125048 801234567
637125480 801234567
637125804 801234567
637128054 801234567
637128405 801234567
637128540 801234567
637140285 801234567
637140528 801234567
637140852 801234567
637142058 801234567
637142580 801234567
637142805 801234567
637145082 801234567
637145208 801234567
637145820 801234567
637148025 801234567
637148250 801234567
637148502 801234567
637150248 801234567
637150482 801234567
637150824 801234567
637152084 801234567
637152408 801234567
637152840 801234567
637154028 801234567
637154280 801234567
637154802 801234567
637158042 801234567
637158204 801234567
637158420 801234567
637180254 801234567
637180425 801234567
637180542 801234567
637182045 801234567
637182450 801234567
637182504 801234567
637184052 801234567
637184205 801234567
637184520 801234567
637185024 801234567
637185240 801234567
637185402 801234567
637201458 801234567
637201584 801234567
637201845 801234567
637204185 801234567
637204518 801234567
637204851 801234567
637205148 801234567
637205481 801234567
637205814 801234567
637208154 801234567
637208415 801234567
637208541 801234567
637210485 801234567
637210548 801234567
637210854 801234567
637214058 801234567
637214580 801234567
637214805 801234567
637215084 801234567
637215408 801234567
637215840 801234567
637218045 801234567
637218450 801234567
637218504 801234567
637240158 801234567
637240581 801234567
637240815 801234567
637241085 801234567
637241508 801234567
637241850 801234567
637245018 801234567
637245180 801234567
637245801 801234567
637248051 801234567
637248105 801234567
637248510 801234567
637250184 801234567
637250418 801234567
637250841 801234567
637251048 801234567
637251480 801234567
637251804 801234567
637254081 801234567
637254108 801234567
637254810 801234567
637258014 801234567
637258140 801234567
637258401 801234567
637280145 801234567
637280451 801234567
637280514 801234567
637281054 801234567
637281405 801234567
637281540 801234567
637284015 801234567
637284150 801234567
637284501 801234567
637285041 801234567
637285104 801234567
637285410 801234567
637401285 801234567
637401528 801234567
637401852 801234567
637402158 801234567
637402581 801234567
637402815 801234567
637405182 801234567
637405218 801234567
637405821 801234567
637408125 801234567
637408251 801234567
637408512 801234567
637410258 801234567
637410582 801234567
637410825 801234567
637412085 801234567
637412508 801234567
637412850 801234567
637415028 801234567
637415280 801234567
637415802 801234567
637418052 801234567
637418205 801234567
637418520 801234567
637420185 801234567
637420518 801234567
637420851 801234567
637421058 801234567
637421580 801234567
637421805 801234567
637425081 801234567
637425108 801234567
637425810 801234567
637428015 801234567
637428150 801234567
637428501 801234567
637450128 801234567
637450281 801234567
637450812 801234567
637451082 801234567
637451208 801234567
637451820 801234567
637452018 801234567
637452180 801234567
637452801 801234567
637458021 801234567
637458102 801234567
637458210 801234567
637480152 801234567
637480215 801234567
637480521 801234567
637481025 801234567
637481250 801234567
637481502 801234567
637482051 801234567
637482105 801234567
637482510 801234567
637485012 801234567
637485120 801234567
637485201 801234567
637501248 801234567
637501482 801234567
637501824 801234567
637502184 801234567
637502418 801234567
637502841 801234567
637504128 801234567
637504281 801234567
637504812 801234567
637508142 801234567
637508214 801234567
637508421 801234567
637510284 801234567
637510428 801234567
637510842 801234567
637512048 801234567
637512480 801234567
637512804 801234567
637514082 801234567
637514208 801234567
637514820 801234567
637518024 801234567
637518240 801234567
637518402 801234567
637520148 801234567
637520481 801234567
637520814 801234567
637521084 801234567
637521408 801234567
637521840 801234567
637524018 801234567
637524180 801234567
637524801 801234567
637528041 801234567
637528104 801234567
637528410 801234567
637540182 801234567
637540218 801234567
637540821 801234567
637541028 801234567
637541280 801234567
637541802 801234567
637542081 801234567
637542108 801234567
637542810 801234567
637548012 801234567
637548120 801234567
637548201 801234567
637580124 801234567
637580241 801234567
637580412 801234567
637581042 801234567
637581204 801234567
637581420 801234567
637582014 801234567
637582140 801234567
637582401 801234567
637584021 801234567
637584102 801234567
637584210 801234567
637801254 801234567
637801425 801234567
637801542 801234567
637802145 801234567
637802451 801234567
637802514 801234567
637804152 801234567
637804215 801234567
637804521 801234567
637805124 801234567
637805241 801234567
637805412 801234567
637810245 801234567
637810452 801234567
637810524 801234567
637812054 801234567
637812405 801234567
637812540 801234567
637814025 801234567
637814250 801234567
637814502 801234567
637815042 801234567
637815204 801234567
637815420 801234567
637820154 801234567
637820415 801234567
637820541 801234567
637821045 801234567
637821450 801234567
637821504 801234567
637824051 801234567
637824105 801234567
637824510 801234567
637825014 801234567
637825140 801234567
637825401 801234567
637840125 801234567
637840251 801234567
637840512 801234567
637841052 801234567
637841205 801234567
637841520 801234567
637842015 801234567
637842150 801234567
637842501 801234567
637845021 801234567
637845102 801234567
637845210 801234567
637850142 801234567
637850214 801234567
637850421 801234567
637851024 801234567
637851240 801234567
637851402 801234567
637852041 801234567
637852104 801234567
637852410 801234567
637854012 801234567
637854120 801234567
637854201 801234567
638012475 801234567
638012547 801234567
638012754 801234567
638014257 801234567
638014572 801234567
638014725 801234567
638015274 801234567
638015427 801234567
638015742 801234567
638017245 801234567
638017452 801234567
638017524 801234567
638021457 801234567
638021574 801234567
638021745 801234567
638024175 801234567
638024517 801234567
638024751 801234567
638025147 801234567
638025471 801234567
638025714 801234567
638027154 801234567
638027415 801234567
638027541 801234567
638041275 801234567
638041527 801234567
638041752 801234567
638042157 801234567
638042571 801234567
638042715 801234567
638045172 801234567
638045217 801234567
638045721 801234567
638047125 801234567
638047251 801234567
638047512 801234567
638051247 801234567
638051472 801234567
638051724 801234567
638052174 801234567
638052417 801234567
638052741 801234567
638054127 801234567
638054271 801234567
638054712 801234567
638057142 801234567
638057214 801234567
638057421 801234567
638071254 801234567
638071425 801234567
638071542 801234567
638072145 801234567
638072451 801234567
638072514 801234567
638074152 801234567
638074215 801234567
638074521 801234567
638075124 801234567
