207684315 801234567
207684531 801234567
207685134 801234567
207685341 801234567
207685413 801234567
207813456 801234567
207813564 801234567
207813645 801234567
207814365 801234567
207814536 801234567
207814653 801234567
207815346 801234567
207815463 801234567
207815634 801234567
207816354 801234567
207816435 801234567
207816543 801234567
207831465 801234567
207831546 801234567
207831654 801234567
207834156 801234567
207834561 801234567
207834615 801234567
207835164 801234567
207835416 801234567
207835641 801234567
207836145 801234567
207836451 801234567
207836514 801234567
207841356 801234567
207841563 801234567
207841635 801234567
207843165 801234567
207843516 801234567
207843651 801234567
207845136 801234567
207845361 801234567
207845613 801234567
207846153 801234567
207846315 801234567
207846531 801234567
207851364 801234567
207851436 801234567
207851643 801234567
207853146 801234567
207853461 801234567
207853614 801234567
207854163 801234567
207854316 801234567
207854631 801234567
207856134 801234567
207856341 801234567
207856413 801234567
207861345 801234567
207861453 801234567
207861534 801234567
207863154 801234567
207863415 801234567
207863541 801234567
207864135 801234567
207864351 801234567
207864513 801234567
207865143 801234567
207865314 801234567
207865431 801234567
208134567 801234567
208134675 801234567
208134756 801234567
208135476 801234567
208135647 801234567
208135764 801234567
208136457 801234567
208136574 801234567
208136745 801234567
208137465 801234567
208137546 801234567
208137654 801234567
208143576 801234567
208143657 801234567
208143765 801234567
208145367 801234567
208145673 801234567
208145736 801234567
208146375 801234567
208146537 801234567
208146753 801234567
208147356 801234567
208147563 801234567
208147635 801234567
208153467 801234567
208153674 801234567
208153746 801234567
208154376 801234567
208154637 801234567
208154763 801234567
208156347 801234567
208156473 801234567
208156734 801234567
208157364 801234567
208157436 801234567
208157643 801234567
208163475 801234567
208163547 801234567
208163754 801234567
208164357 801234567
208164573 801234567
208164735 801234567
208165374 801234567
208165437 801234567
208165743 801234567
208167345 801234567
208167453 801234567
208167534 801234567
208173456 801234567
208173564 801234567
208173645 801234567
208174365 801234567
208174536 801234567
208174653 801234567
208175346 801234567
208175463 801234567
208175634 801234567
208176354 801234567
208176435 801234567
208176543 801234567
208314576 801234567
208314657 801234567
208314765 801234567
208315467 801234567
208315674 801234567
208315746 801234567
208316475 801234567
208316547 801234567
208316754 801234567
208317456 801234567
208317564 801234567
208317645 801234567
208341567 801234567
208341675 801234567
208341756 801234567
208345176 801234567
208345617 801234567
208345761 801234567
208346157 801234567
208346571 801234567
208346715 801234567
208347165 801234567
208347516 801234567
208347651 801234567
208351476 801234567
208351647 801234567
208351764 801234567
208354167 801234567
208354671 801234567
208354716 801234567
208356174 801234567
208356417 801234567
208356741 801234567
208357146 801234567
208357461 801234567
208357614 801234567
208361457 801234567
208361574 801234567
208361745 801234567
208364175 801234567
208364517 801234567
208364751 801234567
208365147 801234567
208365471 801234567
208365714 801234567
208367154 801234567
208367415 801234567
208367541 801234567
208371465 801234567
208371546 801234567
208371654 801234567
208374156 801234567
208374561 801234567
208374615 801234567
208375164 801234567
208375416 801234567
208375641 801234567
208376145 801234567
208376451 801234567
208376514 801234567
208413567 801234567
208413675 801234567
208413756 801234567
208415376 801234567
208415637 801234567
208415763 801234567
208416357 801234567
208416573 801234567
208416735 801234567
208417365 801234567
208417536 801234567
208417653 801234567
208431576 801234567
208431657 801234567
208431765 801234567
208435167 801234567
208435671 801234567
208435716 801234567
208436175 801234567
208436517 801234567
208436751 801234567
208437156 801234567
208437561 801234567
208437615 801234567
208451367 801234567
208451673 801234567
208451736 801234567
208453176 801234567
208453617 801234567
208453761 801234567
208456137 801234567
208456371 801234567
208456713 801234567
208457163 801234567
208457316 801234567
208457631 801234567
208461375 801234567
208461537 801234567
208461753 801234567
208463157 801234567
208463571 801234567
208463715 801234567
208465173 801234567
208465317 801234567
208465731 801234567
208467135 801234567
208467351 801234567
208467513 801234567
208471356 801234567
208471563 801234567
208471635 801234567
208473165 801234567
208473516 801234567
208473651 801234567
208475136 801234567
208475361 801234567
208475613 801234567
208476153 801234567
208476315 801234567
208476531 801234567
208513476 801234567
208513647 801234567
208513764 801234567
208514367 801234567
208514673 801234567
208514736 801234567
208516374 801234567
208516437 801234567
208516743 801234567
208517346 801234567
208517463 801234567
208517634 801234567
208531467 801234567
208531674 801234567
208531746 801234567
208534176 801234567
208534617 801234567
208534761 801234567
208536147 801234567
208536471 801234567
208536714 801234567
208537164 801234567
208537416 801234567
208537641 801234567
208541376 801234567
208541637 801234567
208541763 801234567
208543167 801234567
208543671 801234567
208543716 801234567
208546173 801234567
208546317 801234567
208546731 801234567
208547136 801234567
208547361 801234567
208547613 801234567
208561347 801234567
208561473 801234567
208561734 801234567
208563174 801234567
208563417 801234567
208563741 801234567
208564137 801234567
208564371 801234567
208564713 801234567
208567143 801234567
208567314 801234567
208567431 801234567
208571364 801234567
208571436 801234567
208571643 801234567
208573146 801234567
208573461 801234567
208573614 801234567
208574163 801234567
208574316 801234567
208574631 801234567
208576134 801234567
208576341 801234567
208576413 801234567
208613457 801234567
208613574 801234567
208613745 801234567
208614375 801234567
208614537 801234567
208614753 801234567
208615347 801234567
208615473 801234567
208615734 801234567
208617354 801234567
208617435 801234567
208617543 801234567
208631475 801234567
208631547 801234567
208631754 801234567
208634157 801234567
208634571 801234567
208634715 801234567
208635174 801234567
208635417 801234567
208635741 801234567
208637145 801234567
208637451 801234567
208637514 801234567
208641357 801234567
208641573 801234567
208641735 801234567
208643175 801234567
208643517 801234567
208643751 801234567
208645137 801234567
208645371 801234567
208645713 801234567
208647153 801234567
208647315 801234567
208647531 801234567
208651374 801234567
208651437 801234567
208651743 801234567
208653147 801234567
208653471 801234567
208653714 801234567
208654173 801234567
208654317 801234567
208654731 801234567
208657134 801234567
208657341 801234567
208657413 801234567
208671345 801234567
208671453 801234567
208671534 801234567
208673154 801234567
208673415 801234567
208673541 801234567
208674135 801234567
208674351 801234567
208674513 801234567
208675143 801234567
208675314 801234567
208675431 801234567
208713465 801234567
208713546 801234567
208713654 801234567
208714356 801234567
208714563 801234567
208714635 801234567
208715364 801234567
208715436 801234567
208715643 801234567
208716345 801234567
208716453 801234567
208716534 801234567
208731456 801234567
208731564 801234567
208731645 801234567
208734165 801234567
208734516 801234567
208734651 801234567
208735146 801234567
208735461 801234567
208735614 801234567
208736154 801234567
208736415 801234567
208736541 801234567
208741365 801234567
208741536 801234567
208741653 801234567
208743156 801234567
208743561 801234567
208743615 801234567
208745163 801234567
208745316 801234567
208745631 801234567
208746135 801234567
208746351 801234567
208746513 801234567
208751346 801234567
208751463 801234567
208751634 801234567
208753164 801234567
208753416 801234567
208753641 801234567
208754136 801234567
208754361 801234567
208754613 801234567
208756143 801234567
208756314 801234567
208756431 801234567
208761354 801234567
208761435 801234567
208761543 801234567
208763145 801234567
208763451 801234567
208763514 801234567
208764153 801234567
208764315 801234567
208764531 801234567
208765134 801234567
208765341 801234567
208765413 801234567
210345687 801234567
210345768 801234567
210345876 801234567
210346578 801234567
210346785 801234567
210346857 801234567
210347586 801234567
210347658 801234567
210347865 801234567
210348567 801234567
210348675 801234567
210348756 801234567
210354678 801234567
210354786 801234567
210354867 801234567
210356487 801234567
210356748 801234567
210356874 801234567
210357468 801234567
210357684 801234567
210357846 801234567
210358476 801234567
210358647 801234567
210358764 801234567
210364587 801234567
210364758 801234567
210364875 801234567
210365478 801234567
210365784 801234567
210365847 801234567
210367485 801234567
210367548 801234567
210367854 801234567
210368457 801234567
210368574 801234567
210368745 801234567
210374568 801234567
210374685 801234567
210374856 801234567
210375486 801234567
210375648 801234567
210375864 801234567
210376458 801234567
210376584 801234567
210376845 801234567
210378465 801234567
210378546 801234567
210378654 801234567
210384576 801234567
210384657 801234567
210384765 801234567
210385467 801234567
210385674 801234567
210385746 801234567
210386475 801234567
210386547 801234567
210386754 801234567
210387456 801234567
210387564 801234567
210387645 801234567
210435678 801234567
210435786 801234567
210435867 801234567
210436587 801234567
210436758 801234567
210436875 801234567
210437568 801234567
210437685 801234567
210437856 801234567
210438576 801234567
210438657 801234567
210438765 801234567
210453687 801234567
210453768 801234567
