840673512 801234567
840675132 801234567
840675213 801234567
840675321 801234567
840712365 801234567
840712536 801234567
840712653 801234567
840713256 801234567
840713562 801234567
840713625 801234567
840715263 801234567
840715326 801234567
840715632 801234567
840716235 801234567
840716352 801234567
840716523 801234567
840721356 801234567
840721563 801234567
840721635 801234567
840723165 801234567
840723516 801234567
840723651 801234567
840725136 801234567
840725361 801234567
840725613 801234567
840726153 801234567
840726315 801234567
840726531 801234567
840731265 801234567
840731526 801234567
840731652 801234567
840732156 801234567
840732561 801234567
840732615 801234567
840735162 801234567
840735216 801234567
840735621 801234567
840736125 801234567
840736251 801234567
840736512 801234567
840751236 801234567
840751362 801234567
840751623 801234567
840752163 801234567
840752316 801234567
840752631 801234567
840753126 801234567
840753261 801234567
840753612 801234567
840756132 801234567
840756213 801234567
840756321 801234567
840761253 801234567
840761325 801234567
840761532 801234567
840762135 801234567
840762351 801234567
840762513 801234567
840763152 801234567
840763215 801234567
840763521 801234567
840765123 801234567
840765231 801234567
840765312 801234567
841023576 801234567
841023657 801234567
841023765 801234567
841025367 801234567
841025673 801234567
841025736 801234567
841026375 801234567
841026537 801234567
841026753 801234567
841027356 801234567
841027563 801234567
841027635 801234567
841032567 801234567
841032675 801234567
841032756 801234567
841035276 801234567
841035627 801234567
841035762 801234567
841036257 801234567
841036572 801234567
841036725 801234567
841037265 801234567
841037526 801234567
841037652 801234567
841052376 801234567
841052637 801234567
841052763 801234567
841053267 801234567
841053672 801234567
841053726 801234567
841056273 801234567
841056327 801234567
841056732 801234567
841057236 801234567
841057362 801234567
841057623 801234567
841062357 801234567
841062573 801234567
841062735 801234567
841063275 801234567
841063527 801234567
841063752 801234567
841065237 801234567
841065372 801234567
841065723 801234567
841067253 801234567
841067325 801234567
841067532 801234567
841072365 801234567
841072536 801234567
841072653 801234567
841073256 801234567
841073562 801234567
841073625 801234567
841075263 801234567
841075326 801234567
841075632 801234567
841076235 801234567
841076352 801234567
841076523 801234567
841203567 801234567
841203675 801234567
841203756 801234567
841205376 801234567
841205637 801234567
841205763 801234567
841206357 801234567
841206573 801234567
841206735 801234567
841207365 801234567
841207536 801234567
841207653 801234567
841230576 801234567
841230657 801234567
841230765 801234567
841235067 801234567
841235670 801234567
841235706 801234567
841236075 801234567
841236507 801234567
841236750 801234567
841237056 801234567
841237560 801234567
841237605 801234567
841250367 801234567
841250673 801234567
841250736 801234567
841253076 801234567
841253607 801234567
841253760 801234567
841256037 801234567
841256370 801234567
841256703 801234567
841257063 801234567
841257306 801234567
841257630 801234567
841260375 801234567
841260537 801234567
841260753 801234567
841263057 801234567
841263570 801234567
841263705 801234567
841265073 801234567
841265307 801234567
841265730 801234567
841267035 801234567
841267350 801234567
841267503 801234567
841270356 801234567
841270563 801234567
841270635 801234567
841273065 801234567
841273506 801234567
841273650 801234567
841275036 801234567
841275360 801234567
841275603 801234567
841276053 801234567
841276305 801234567
841276530 801234567
841302576 801234567
841302657 801234567
841302765 801234567
841305267 801234567
841305672 801234567
841305726 801234567
841306275 801234567
841306527 801234567
841306752 801234567
841307256 801234567
841307562 801234567
841307625 801234567
841320567 801234567
841320675 801234567
841320756 801234567
841325076 801234567
841325607 801234567
841325760 801234567
841326057 801234567
841326570 801234567
841326705 801234567
841327065 801234567
841327506 801234567
841327650 801234567
841350276 801234567
841350627 801234567
841350762 801234567
841352067 801234567
841352670 801234567
841352706 801234567
841356072 801234567
841356207 801234567
841356720 801234567
841357026 801234567
841357260 801234567
841357602 801234567
841360257 801234567
841360572 801234567
841360725 801234567
841362075 801234567
841362507 801234567
841362750 801234567
841365027 801234567
841365270 801234567
841365702 801234567
841367052 801234567
841367205 801234567
841367520 801234567
841370265 801234567
841370526 801234567
841370652 801234567
841372056 801234567
841372560 801234567
841372605 801234567
841375062 801234567
841375206 801234567
841375620 801234567
841376025 801234567
841376250 801234567
841376502 801234567
841502367 801234567
841502673 801234567
841502736 801234567
841503276 801234567
841503627 801234567
841503762 801234567
841506237 801234567
841506372 801234567
841506723 801234567
841507263 801234567
841507326 801234567
841507632 801234567
841520376 801234567
841520637 801234567
841520763 801234567
841523067 801234567
841523670 801234567
841523706 801234567
841526073 801234567
841526307 801234567
841526730 801234567
841527036 801234567
841527360 801234567
841527603 801234567
841530267 801234567
841530672 801234567
841530726 801234567
841532076 801234567
841532607 801234567
841532760 801234567
841536027 801234567
841536270 801234567
841536702 801234567
841537062 801234567
841537206 801234567
841537620 801234567
841560273 801234567
841560327 801234567
841560732 801234567
841562037 801234567
841562370 801234567
841562703 801234567
841563072 801234567
841563207 801234567
841563720 801234567
841567023 801234567
841567230 801234567
841567302 801234567
841570236 801234567
841570362 801234567
841570623 801234567
841572063 801234567
841572306 801234567
841572630 801234567
841573026 801234567
841573260 801234567
841573602 801234567
841576032 801234567
841576203 801234567
841576320 801234567
841602375 801234567
841602537 801234567
841602753 801234567
841603257 801234567
841603572 801234567
841603725 801234567
841605273 801234567
841605327 801234567
841605732 801234567
841607235 801234567
841607352 801234567
841607523 801234567
841620357 801234567
841620573 801234567
841620735 801234567
841623075 801234567
841623507 801234567
841623750 801234567
841625037 801234567
841625370 801234567
841625703 801234567
841627053 801234567
841627305 801234567
841627530 801234567
841630275 801234567
841630527 801234567
841630752 801234567
841632057 801234567
841632570 801234567
841632705 801234567
841635072 801234567
841635207 801234567
841635720 801234567
841637025 801234567
841637250 801234567
841637502 801234567
841650237 801234567
841650372 801234567
841650723 801234567
841652073 801234567
841652307 801234567
841652730 801234567
841653027 801234567
841653270 801234567
841653702 801234567
841657032 801234567
841657203 801234567
841657320 801234567
841670253 801234567
841670325 801234567
841670532 801234567
841672035 801234567
841672350 801234567
841672503 801234567
841673052 801234567
841673205 801234567
841673520 801234567
841675023 801234567
841675230 801234567
841675302 801234567
841702356 801234567
841702563 801234567
841702635 801234567
841703265 801234567
841703526 801234567
841703652 801234567
841705236 801234567
841705362 801234567
841705623 801234567
841706253 801234567
841706325 801234567
841706532 801234567
841720365 801234567
841720536 801234567
841720653 801234567
841723056 801234567
841723560 801234567
841723605 801234567
841725063 801234567
841725306 801234567
841725630 801234567
841726035 801234567
841726350 801234567
841726503 801234567
841730256 801234567
841730562 801234567
841730625 801234567
841732065 801234567
841732506 801234567
841732650 801234567
841735026 801234567
841735260 801234567
841735602 801234567
841736052 801234567
841736205 801234567
841736520 801234567
841750263 801234567
841750326 801234567
841750632 801234567
841752036 801234567
841752360 801234567
841752603 801234567
841753062 801234567
841753206 801234567
841753620 801234567
841756023 801234567
841756230 801234567
841756302 801234567
841760235 801234567
841760352 801234567
841760523 801234567
841762053 801234567
841762305 801234567
841762530 801234567
841763025 801234567
841763250 801234567
841763502 801234567
841765032 801234567
841765203 801234567
841765320 801234567
842013567 801234567
842013675 801234567
842013756 801234567
842015376 801234567
842015637 801234567
842015763 801234567
842016357 801234567
842016573 801234567
842016735 801234567
842017365 801234567
842017536 801234567
842017653 801234567
842031576 801234567
842031657 801234567
842031765 801234567
842035167 801234567
842035671 801234567
842035716 801234567
842036175 801234567
842036517 801234567
842036751 801234567
842037156 801234567
842037561 801234567
842037615 801234567
842051367 801234567
842051673 801234567
842051736 801234567
842053176 801234567
842053617 801234567
842053761 801234567
842056137 801234567
842056371 801234567
842056713 801234567
842057163 801234567
842057316 801234567
842057631 801234567
842061375 801234567
842061537 801234567
842061753 801234567
842063157 801234567
842063571 801234567
842063715 801234567
842065173 801234567
842065317 801234567
842065731 801234567
842067135 801234567
842067351 801234567
842067513 801234567
842071356 801234567
842071563 801234567
842071635 801234567
842073165 801234567
842073516 801234567
842073651 801234567
842075136 801234567
842075361 801234567
842075613 801234567
842076153 801234567
842076315 801234567
842076531 801234567
842103576 801234567
842103657 801234567
842103765 801234567
842105367 801234567
842105673 801234567
842105736 801234567
842106375 801234567
842106537 801234567
842106753 801234567
842107356 801234567
842107563 801234567
842107635 801234567
842130567 801234567
842130675 801234567
842130756 801234567
