513708624 801234567
513720468 801234567
513720684 801234567
513720846 801234567
513724086 801234567
513724608 801234567
513724860 801234567
513726048 801234567
513726480 801234567
513726804 801234567
513728064 801234567
513728406 801234567
513728640 801234567
513740286 801234567
513740628 801234567
513740862 801234567
513742068 801234567
513742680 801234567
513742806 801234567
513746082 801234567
513746208 801234567
513746820 801234567
513748026 801234567
513748260 801234567
513748602 801234567
513760248 801234567
513760482 801234567
513760824 801234567
513762084 801234567
513762408 801234567
513762840 801234567
513764028 801234567
513764280 801234567
513764802 801234567
513768042 801234567
513768204 801234567
513768420 801234567
513780264 801234567
513780426 801234567
513780642 801234567
513782046 801234567
513782460 801234567
513782604 801234567
513784062 801234567
513784206 801234567
513784620 801234567
513786024 801234567
513786240 801234567
513786402 801234567
513802467 801234567
513802674 801234567
513802746 801234567
513804276 801234567
513804627 801234567
513804762 801234567
513806247 801234567
513806472 801234567
513806724 801234567
513807264 801234567
513807426 801234567
513807642 801234567
513820476 801234567
513820647 801234567
513820764 801234567
513824067 801234567
513824670 801234567
513824706 801234567
513826074 801234567
513826407 801234567
513826740 801234567
513827046 801234567
513827460 801234567
513827604 801234567
513840267 801234567
513840672 801234567
513840726 801234567
513842076 801234567
513842607 801234567
513842760 801234567
513846027 801234567
513846270 801234567
513846702 801234567
513847062 801234567
513847206 801234567
513847620 801234567
513860274 801234567
513860427 801234567
513860742 801234567
513862047 801234567
513862470 801234567
513862704 801234567
513864072 801234567
513864207 801234567
513864720 801234567
513867024 801234567
513867240 801234567
513867402 801234567
513870246 801234567
513870462 801234567
513870624 801234567
513872064 801234567
513872406 801234567
513872640 801234567
513874026 801234567
513874260 801234567
513874602 801234567
513876042 801234567
513876204 801234567
513876420 801234567
514023678 801234567
514023786 801234567
514023867 801234567
514026387 801234567
514026738 801234567
514026873 801234567
514027368 801234567
514027683 801234567
514027836 801234567
514028376 801234567
514028637 801234567
514028763 801234567
514032687 801234567
514032768 801234567
514032876 801234567
514036278 801234567
514036782 801234567
514036827 801234567
514037286 801234567
514037628 801234567
514037862 801234567
514038267 801234567
514038672 801234567
514038726 801234567
514062378 801234567
514062783 801234567
514062837 801234567
514063287 801234567
514063728 801234567
514063872 801234567
514067238 801234567
514067382 801234567
514067823 801234567
514068273 801234567
514068327 801234567
514068732 801234567
514072386 801234567
514072638 801234567
514072863 801234567
514073268 801234567
514073682 801234567
514073826 801234567
514076283 801234567
514076328 801234567
514076832 801234567
514078236 801234567
514078362 801234567
514078623 801234567
514082367 801234567
514082673 801234567
514082736 801234567
514083276 801234567
514083627 801234567
514083762 801234567
514086237 801234567
514086372 801234567
514086723 801234567
514087263 801234567
514087326 801234567
514087632 801234567
514203687 801234567
514203768 801234567
514203876 801234567
514206378 801234567
514206783 801234567
514206837 801234567
514207386 801234567
514207638 801234567
514207863 801234567
514208367 801234567
514208673 801234567
514208736 801234567
514230678 801234567
514230786 801234567
514230867 801234567
514236087 801234567
514236708 801234567
514236870 801234567
514237068 801234567
514237680 801234567
514237806 801234567
514238076 801234567
514238607 801234567
514238760 801234567
514260387 801234567
514260738 801234567
514260873 801234567
514263078 801234567
514263780 801234567
514263807 801234567
514267083 801234567
514267308 801234567
514267830 801234567
514268037 801234567
514268370 801234567
514268703 801234567
514270368 801234567
514270683 801234567
514270836 801234567
514273086 801234567
514273608 801234567
514273860 801234567
514276038 801234567
514276380 801234567
514276803 801234567
514278063 801234567
514278306 801234567
514278630 801234567
514280376 801234567
514280637 801234567
514280763 801234567
514283067 801234567
514283670 801234567
514283706 801234567
514286073 801234567
514286307 801234567
514286730 801234567
514287036 801234567
514287360 801234567
514287603 801234567
514302678 801234567
514302786 801234567
514302867 801234567
514306287 801234567
514306728 801234567
514306872 801234567
514307268 801234567
514307682 801234567
514307826 801234567
514308276 801234567
514308627 801234567
514308762 801234567
514320687 801234567
514320768 801234567
514320876 801234567
514326078 801234567
514326780 801234567
514326807 801234567
514327086 801234567
514327608 801234567
514327860 801234567
514328067 801234567
514328670 801234567
514328706 801234567
514360278 801234567
514360782 801234567
514360827 801234567
514362087 801234567
514362708 801234567
514362870 801234567
514367028 801234567
514367280 801234567
514367802 801234567
514368072 801234567
514368207 801234567
514368720 801234567
514370286 801234567
514370628 801234567
514370862 801234567
514372068 801234567
514372680 801234567
514372806 801234567
514376082 801234567
514376208 801234567
514376820 801234567
514378026 801234567
514378260 801234567
514378602 801234567
514380267 801234567
514380672 801234567
514380726 801234567
514382076 801234567
514382607 801234567
514382760 801234567
514386027 801234567
514386270 801234567
514386702 801234567
514387062 801234567
514387206 801234567
514387620 801234567
514602387 801234567
514602738 801234567
514602873 801234567
514603278 801234567
514603782 801234567
514603827 801234567
514607283 801234567
514607328 801234567
514607832 801234567
514608237 801234567
514608372 801234567
514608723 801234567
514620378 801234567
514620783 801234567
514620837 801234567
514623087 801234567
514623708 801234567
514623870 801234567
514627038 801234567
514627380 801234567
514627803 801234567
514628073 801234567
514628307 801234567
514628730 801234567
514630287 801234567
514630728 801234567
514630872 801234567
514632078 801234567
514632780 801234567
514632807 801234567
514637082 801234567
514637208 801234567
514637820 801234567
514638027 801234567
514638270 801234567
514638702 801234567
514670238 801234567
514670382 801234567
514670823 801234567
514672083 801234567
514672308 801234567
514672830 801234567
514673028 801234567
514673280 801234567
514673802 801234567
514678032 801234567
514678203 801234567
514678320 801234567
514680273 801234567
514680327 801234567
514680732 801234567
514682037 801234567
514682370 801234567
514682703 801234567
514683072 801234567
514683207 801234567
514683720 801234567
514687023 801234567
514687230 801234567
514687302 801234567
514702368 801234567
514702683 801234567
514702836 801234567
514703286 801234567
514703628 801234567
514703862 801234567
514706238 801234567
514706382 801234567
514706823 801234567
514708263 801234567
514708326 801234567
514708632 801234567
514720386 801234567
514720638 801234567
514720863 801234567
514723068 801234567
514723680 801234567
514723806 801234567
514726083 801234567
514726308 801234567
514726830 801234567
514728036 801234567
514728360 801234567
514728603 801234567
514730268 801234567
514730682 801234567
514730826 801234567
514732086 801234567
514732608 801234567
514732860 801234567
514736028 801234567
514736280 801234567
514736802 801234567
514738062 801234567
514738206 801234567
514738620 801234567
514760283 801234567
514760328 801234567
514760832 801234567
514762038 801234567
514762380 801234567
514762803 801234567
514763082 801234567
514763208 801234567
514763820 801234567
514768023 801234567
514768230 801234567
514768302 801234567
514780236 801234567
514780362 801234567
514780623 801234567
514782063 801234567
514782306 801234567
514782630 801234567
514783026 801234567
514783260 801234567
514783602 801234567
514786032 801234567
514786203 801234567
514786320 801234567
514802376 801234567
514802637 801234567
514802763 801234567
514803267 801234567
514803672 801234567
514803726 801234567
514806273 801234567
514806327 801234567
514806732 801234567
514807236 801234567
514807362 801234567
514807623 801234567
514820367 801234567
514820673 801234567
514820736 801234567
514823076 801234567
514823607 801234567
514823760 801234567
514826037 801234567
514826370 801234567
514826703 801234567
514827063 801234567
514827306 801234567
514827630 801234567
514830276 801234567
514830627 801234567
514830762 801234567
514832067 801234567
514832670 801234567
514832706 801234567
514836072 801234567
514836207 801234567
514836720 801234567
514837026 801234567
514837260 801234567
514837602 801234567
514860237 801234567
514860372 801234567
514860723 801234567
514862073 801234567
514862307 801234567
514862730 801234567
514863027 801234567
514863270 801234567
514863702 801234567
514867032 801234567
514867203 801234567
514867320 801234567
514870263 801234567
514870326 801234567
514870632 801234567
514872036 801234567
514872360 801234567
514872603 801234567
514873062 801234567
514873206 801234567
514873620 801234567
514876023 801234567
514876230 801234567
514876302 801234567
516023487 801234567
516023748 801234567
516023874 801234567
516024378 801234567
516024783 801234567
516024837 801234567
516027384 801234567
516027438 801234567
516027843 801234567
516028347 801234567
516028473 801234567
516028734 801234567
516032478 801234567
516032784 801234567
516032847 801234567
516034287 801234567
516034728 801234567
516034872 801234567
516037248 801234567
516037482 801234567
516037824 801234567
516038274 801234567
516038427 801234567
516038742 801234567
516042387 801234567
516042738 801234567
516042873 801234567
516043278 801234567
516043782 801234567
516043827 801234567
