210453876 801234567
210456378 801234567
210456783 801234567
210456837 801234567
210457386 801234567
210457638 801234567
210457863 801234567
210458367 801234567
210458673 801234567
210458736 801234567
210463578 801234567
210463785 801234567
210463857 801234567
210465387 801234567
210465738 801234567
210465873 801234567
210467358 801234567
210467583 801234567
210467835 801234567
210468375 801234567
210468537 801234567
210468753 801234567
210473586 801234567
210473658 801234567
210473865 801234567
210475368 801234567
210475683 801234567
210475836 801234567
210476385 801234567
210476538 801234567
210476853 801234567
210478356 801234567
210478563 801234567
210478635 801234567
210483567 801234567
210483675 801234567
210483756 801234567
210485376 801234567
210485637 801234567
210485763 801234567
210486357 801234567
210486573 801234567
210486735 801234567
210487365 801234567
210487536 801234567
210487653 801234567
210534687 801234567
210534768 801234567
210534876 801234567
210536478 801234567
210536784 801234567
210536847 801234567
210537486 801234567
210537648 801234567
210537864 801234567
210538467 801234567
210538674 801234567
210538746 801234567
210543678 801234567
210543786 801234567
210543867 801234567
210546387 801234567
210546738 801234567
210546873 801234567
210547368 801234567
210547683 801234567
210547836 801234567
210548376 801234567
210548637 801234567
210548763 801234567
210563487 801234567
210563748 801234567
210563874 801234567
210564378 801234567
210564783 801234567
210564837 801234567
210567384 801234567
210567438 801234567
210567843 801234567
210568347 801234567
210568473 801234567
210568734 801234567
210573468 801234567
210573684 801234567
210573846 801234567
210574386 801234567
210574638 801234567
210574863 801234567
210576348 801234567
210576483 801234567
210576834 801234567
210578364 801234567
210578436 801234567
210578643 801234567
210583476 801234567
210583647 801234567
210583764 801234567
210584367 801234567
210584673 801234567
210584736 801234567
210586374 801234567
210586437 801234567
210586743 801234567
210587346 801234567
210587463 801234567
210587634 801234567
210634578 801234567
210634785 801234567
210634857 801234567
210635487 801234567
210635748 801234567
210635874 801234567
210637458 801234567
210637584 801234567
210637845 801234567
210638475 801234567
210638547 801234567
210638754 801234567
210643587 801234567
210643758 801234567
210643875 801234567
210645378 801234567
210645783 801234567
210645837 801234567
210647385 801234567
210647538 801234567
210647853 801234567
210648357 801234567
210648573 801234567
210648735 801234567
210653478 801234567
210653784 801234567
210653847 801234567
210654387 801234567
210654738 801234567
210654873 801234567
210657348 801234567
210657483 801234567
210657834 801234567
210658374 801234567
210658437 801234567
210658743 801234567
210673485 801234567
210673548 801234567
210673854 801234567
210674358 801234567
210674583 801234567
210674835 801234567
210675384 801234567
210675438 801234567
210675843 801234567
210678345 801234567
210678453 801234567
210678534 801234567
210683457 801234567
210683574 801234567
210683745 801234567
210684375 801234567
210684537 801234567
210684753 801234567
210685347 801234567
210685473 801234567
210685734 801234567
210687354 801234567
210687435 801234567
210687543 801234567
210734586 801234567
210734658 801234567
210734865 801234567
210735468 801234567
210735684 801234567
210735846 801234567
210736485 801234567
210736548 801234567
210736854 801234567
210738456 801234567
210738564 801234567
210738645 801234567
210743568 801234567
210743685 801234567
210743856 801234567
210745386 801234567
210745638 801234567
210745863 801234567
210746358 801234567
210746583 801234567
210746835 801234567
210748365 801234567
210748536 801234567
210748653 801234567
210753486 801234567
210753648 801234567
210753864 801234567
210754368 801234567
210754683 801234567
210754836 801234567
210756384 801234567
210756438 801234567
210756843 801234567
210758346 801234567
210758463 801234567
210758634 801234567
210763458 801234567
210763584 801234567
210763845 801234567
210764385 801234567
210764538 801234567
210764853 801234567
210765348 801234567
210765483 801234567
210765834 801234567
210768354 801234567
210768435 801234567
210768543 801234567
210783465 801234567
210783546 801234567
210783654 801234567
210784356 801234567
210784563 801234567
210784635 801234567
210785364 801234567
210785436 801234567
210785643 801234567
210786345 801234567
210786453 801234567
210786534 801234567
210834567 801234567
210834675 801234567
210834756 801234567
210835476 801234567
210835647 801234567
210835764 801234567
210836457 801234567
210836574 801234567
210836745 801234567
210837465 801234567
210837546 801234567
210837654 801234567
210843576 801234567
210843657 801234567
210843765 801234567
210845367 801234567
210845673 801234567
210845736 801234567
210846375 801234567
210846537 801234567
210846753 801234567
210847356 801234567
210847563 801234567
210847635 801234567
210853467 801234567
210853674 801234567
210853746 801234567
210854376 801234567
210854637 801234567
210854763 801234567
210856347 801234567
210856473 801234567
210856734 801234567
210857364 801234567
210857436 801234567
210857643 801234567
210863475 801234567
210863547 801234567
210863754 801234567
210864357 801234567
210864573 801234567
210864735 801234567
210865374 801234567
210865437 801234567
210865743 801234567
210867345 801234567
210867453 801234567
210867534 801234567
210873456 801234567
210873564 801234567
210873645 801234567
210874365 801234567
210874536 801234567
210874653 801234567
210875346 801234567
210875463 801234567
210875634 801234567
210876354 801234567
210876435 801234567
210876543 801234567
213045678 801234567
213045786 801234567
213045867 801234567
213046587 801234567
213046758 801234567
213046875 801234567
213047568 801234567
213047685 801234567
213047856 801234567
213048576 801234567
213048657 801234567
213048765 801234567
213054687 801234567
213054768 801234567
213054876 801234567
213056478 801234567
213056784 801234567
213056847 801234567
213057486 801234567
213057648 801234567
213057864 801234567
213058467 801234567
213058674 801234567
213058746 801234567
213064578 801234567
213064785 801234567
213064857 801234567
213065487 801234567
213065748 801234567
213065874 801234567
213067458 801234567
213067584 801234567
213067845 801234567
213068475 801234567
213068547 801234567
213068754 801234567
213074586 801234567
213074658 801234567
213074865 801234567
213075468 801234567
213075684 801234567
213075846 801234567
213076485 801234567
213076548 801234567
213076854 801234567
213078456 801234567
213078564 801234567
213078645 801234567
213084567 801234567
213084675 801234567
213084756 801234567
213085476 801234567
213085647 801234567
213085764 801234567
213086457 801234567
213086574 801234567
213086745 801234567
213087465 801234567
213087546 801234567
213087654 801234567
213405687 801234567
213405768 801234567
213405876 801234567
213406578 801234567
213406785 801234567
213406857 801234567
213407586 801234567
213407658 801234567
213407865 801234567
213408567 801234567
213408675 801234567
213408756 801234567
213450678 801234567
213450786 801234567
213450867 801234567
213456087 801234567
213456708 801234567
213456870 801234567
213457068 801234567
213457680 801234567
213457806 801234567
213458076 801234567
213458607 801234567
213458760 801234567
213460587 801234567
213460758 801234567
213460875 801234567
213465078 801234567
213465780 801234567
213465807 801234567
213467085 801234567
213467508 801234567
213467850 801234567
213468057 801234567
213468570 801234567
213468705 801234567
213470568 801234567
213470685 801234567
213470856 801234567
213475086 801234567
213475608 801234567
213475860 801234567
213476058 801234567
213476580 801234567
213476805 801234567
213478065 801234567
213478506 801234567
213478650 801234567
213480576 801234567
213480657 801234567
213480765 801234567
213485067 801234567
213485670 801234567
213485706 801234567
213486075 801234567
213486507 801234567
213486750 801234567
213487056 801234567
213487560 801234567
213487605 801234567
213504678 801234567
213504786 801234567
213504867 801234567
213506487 801234567
213506748 801234567
213506874 801234567
213507468 801234567
213507684 801234567
213507846 801234567
213508476 801234567
213508647 801234567
213508764 801234567
213540687 801234567
213540768 801234567
213540876 801234567
213546078 801234567
213546780 801234567
213546807 801234567
213547086 801234567
213547608 801234567
213547860 801234567
213548067 801234567
213548670 801234567
213548706 801234567
213560478 801234567
213560784 801234567
213560847 801234567
213564087 801234567
213564708 801234567
213564870 801234567
213567048 801234567
213567480 801234567
213567804 801234567
213568074 801234567
213568407 801234567
213568740 801234567
213570486 801234567
213570648 801234567
213570864 801234567
213574068 801234567
213574680 801234567
213574806 801234567
213576084 801234567
213576408 801234567
213576840 801234567
213578046 801234567
213578460 801234567
213578604 801234567
213580467 801234567
213580674 801234567
213580746 801234567
213584076 801234567
213584607 801234567
213584760 801234567
213586047 801234567
213586470 801234567
213586704 801234567
213587064 801234567
213587406 801234567
213587640 801234567
213604587 801234567
213604758 801234567
213604875 801234567
213605478 801234567
213605784 801234567
213605847 801234567
213607485 801234567
213607548 801234567
213607854 801234567
213608457 801234567
213608574 801234567
213608745 801234567
213640578 801234567
213640785 801234567
213640857 801234567
213645087 801234567
213645708 801234567
213645870 801234567
213647058 801234567
213647580 801234567
213647805 801234567
213648075 801234567
213648507 801234567
213648750 801234567
213650487 801234567
213650748 801234567
213650874 801234567
213654078 801234567
213654780 801234567
213654807 801234567
213657084 801234567
213657408 801234567
213657840 801234567
