320871465 801234567
320871546 801234567
320871654 801234567
320874156 801234567
320874561 801234567
320874615 801234567
320875164 801234567
320875416 801234567
320875641 801234567
320876145 801234567
320876451 801234567
320876514 801234567
321045687 801234567
321045768 801234567
321045876 801234567
321046578 801234567
321046785 801234567
321046857 801234567
321047586 801234567
321047658 801234567
321047865 801234567
321048567 801234567
321048675 801234567
321048756 801234567
321054678 801234567
321054786 801234567
321054867 801234567
321056487 801234567
321056748 801234567
321056874 801234567
321057468 801234567
321057684 801234567
321057846 801234567
321058476 801234567
321058647 801234567
321058764 801234567
321064587 801234567
321064758 801234567
321064875 801234567
321065478 801234567
321065784 801234567
321065847 801234567
321067485 801234567
321067548 801234567
321067854 801234567
321068457 801234567
321068574 801234567
321068745 801234567
321074568 801234567
321074685 801234567
321074856 801234567
321075486 801234567
321075648 801234567
321075864 801234567
321076458 801234567
321076584 801234567
321076845 801234567
321078465 801234567
321078546 801234567
321078654 801234567
321084576 801234567
321084657 801234567
321084765 801234567
321085467 801234567
321085674 801234567
321085746 801234567
321086475 801234567
321086547 801234567
321086754 801234567
321087456 801234567
321087564 801234567
321087645 801234567
321405678 801234567
321405786 801234567
321405867 801234567
321406587 801234567
321406758 801234567
321406875 801234567
321407568 801234567
321407685 801234567
321407856 801234567
321408576 801234567
321408657 801234567
321408765 801234567
321450687 801234567
321450768 801234567
321450876 801234567
321456078 801234567
321456780 801234567
321456807 801234567
321457086 801234567
321457608 801234567
321457860 801234567
321458067 801234567
321458670 801234567
321458706 801234567
321460578 801234567
321460785 801234567
321460857 801234567
321465087 801234567
321465708 801234567
321465870 801234567
321467058 801234567
321467580 801234567
321467805 801234567
321468075 801234567
321468507 801234567
321468750 801234567
321470586 801234567
321470658 801234567
321470865 801234567
321475068 801234567
321475680 801234567
321475806 801234567
321476085 801234567
321476508 801234567
321476850 801234567
321478056 801234567
321478560 801234567
321478605 801234567
321480567 801234567
321480675 801234567
321480756 801234567
321485076 801234567
321485607 801234567
321485760 801234567
321486057 801234567
321486570 801234567
321486705 801234567
321487065 801234567
321487506 801234567
321487650 801234567
321504687 801234567
321504768 801234567
321504876 801234567
321506478 801234567
321506784 801234567
321506847 801234567
321507486 801234567
321507648 801234567
321507864 801234567
321508467 801234567
321508674 801234567
321508746 801234567
321540678 801234567
321540786 801234567
321540867 801234567
321546087 801234567
321546708 801234567
321546870 801234567
321547068 801234567
321547680 801234567
321547806 801234567
321548076 801234567
321548607 801234567
321548760 801234567
321560487 801234567
321560748 801234567
321560874 801234567
321564078 801234567
321564780 801234567
321564807 801234567
321567084 801234567
321567408 801234567
321567840 801234567
321568047 801234567
321568470 801234567
321568704 801234567
321570468 801234567
321570684 801234567
321570846 801234567
321574086 801234567
321574608 801234567
321574860 801234567
321576048 801234567
321576480 801234567
321576804 801234567
321578064 801234567
321578406 801234567
321578640 801234567
321580476 801234567
321580647 801234567
321580764 801234567
321584067 801234567
321584670 801234567
321584706 801234567
321586074 801234567
321586407 801234567
321586740 801234567
321587046 801234567
321587460 801234567
321587604 801234567
321604578 801234567
321604785 801234567
321604857 801234567
321605487 801234567
321605748 801234567
321605874 801234567
321607458 801234567
321607584 801234567
321607845 801234567
321608475 801234567
321608547 801234567
321608754 801234567
321640587 801234567
321640758 801234567
321640875 801234567
321645078 801234567
321645780 801234567
321645807 801234567
321647085 801234567
321647508 801234567
321647850 801234567
321648057 801234567
321648570 801234567
321648705 801234567
321650478 801234567
321650784 801234567
321650847 801234567
321654087 801234567
321654708 801234567
321654870 801234567
321657048 801234567
321657480 801234567
321657804 801234567
321658074 801234567
321658407 801234567
321658740 801234567
321670485 801234567
321670548 801234567
321670854 801234567
321674058 801234567
321674580 801234567
321674805 801234567
321675084 801234567
321675408 801234567
321675840 801234567
321678045 801234567
321678450 801234567
321678504 801234567
321680457 801234567
321680574 801234567
321680745 801234567
321684075 801234567
321684507 801234567
321684750 801234567
321685047 801234567
321685470 801234567
321685704 801234567
321687054 801234567
321687405 801234567
321687540 801234567
321704586 801234567
321704658 801234567
321704865 801234567
321705468 801234567
321705684 801234567
321705846 801234567
321706485 801234567
321706548 801234567
321706854 801234567
321708456 801234567
321708564 801234567
321708645 801234567
321740568 801234567
321740685 801234567
321740856 801234567
321745086 801234567
321745608 801234567
321745860 801234567
321746058 801234567
321746580 801234567
321746805 801234567
321748065 801234567
321748506 801234567
321748650 801234567
321750486 801234567
321750648 801234567
321750864 801234567
321754068 801234567
321754680 801234567
321754806 801234567
321756084 801234567
321756408 801234567
321756840 801234567
321758046 801234567
321758460 801234567
321758604 801234567
321760458 801234567
321760584 801234567
321760845 801234567
321764085 801234567
321764508 801234567
321764850 801234567
321765048 801234567
321765480 801234567
321765804 801234567
321768054 801234567
321768405 801234567
321768540 801234567
321780465 801234567
321780546 801234567
321780654 801234567
321784056 801234567
321784560 801234567
321784605 801234567
321785064 801234567
321785406 801234567
321785640 801234567
321786045 801234567
321786450 801234567
321786504 801234567
321804567 801234567
321804675 801234567
321804756 801234567
321805476 801234567
321805647 801234567
321805764 801234567
321806457 801234567
321806574 801234567
321806745 801234567
321807465 801234567
321807546 801234567
321807654 801234567
321840576 801234567
321840657 801234567
321840765 801234567
321845067 801234567
321845670 801234567
321845706 801234567
321846075 801234567
321846507 801234567
321846750 801234567
321847056 801234567
321847560 801234567
321847605 801234567
321850467 801234567
321850674 801234567
321850746 801234567
321854076 801234567
321854607 801234567
321854760 801234567
321856047 801234567
321856470 801234567
321856704 801234567
321857064 801234567
321857406 801234567
321857640 801234567
321860475 801234567
321860547 801234567
321860754 801234567
321864057 801234567
321864570 801234567
321864705 801234567
321865074 801234567
321865407 801234567
321865740 801234567
321867045 801234567
321867450 801234567
321867504 801234567
321870456 801234567
321870564 801234567
321870645 801234567
321874065 801234567
321874506 801234567
321874650 801234567
321875046 801234567
321875460 801234567
321875604 801234567
321876054 801234567
321876405 801234567
321876540 801234567
324015678 801234567
324015786 801234567
324015867 801234567
324016587 801234567
324016758 801234567
324016875 801234567
324017568 801234567
324017685 801234567
324017856 801234567
324018576 801234567
324018657 801234567
324018765 801234567
324051687 801234567
324051768 801234567
324051876 801234567
324056178 801234567
324056781 801234567
324056817 801234567
324057186 801234567
324057618 801234567
324057861 801234567
324058167 801234567
324058671 801234567
324058716 801234567
324061578 801234567
324061785 801234567
324061857 801234567
324065187 801234567
324065718 801234567
324065871 801234567
324067158 801234567
324067581 801234567
324067815 801234567
324068175 801234567
324068517 801234567
324068751 801234567
324071586 801234567
324071658 801234567
324071865 801234567
324075168 801234567
324075681 801234567
324075816 801234567
324076185 801234567
324076518 801234567
324076851 801234567
324078156 801234567
324078561 801234567
324078615 801234567
324081567 801234567
324081675 801234567
324081756 801234567
324085176 801234567
324085617 801234567
324085761 801234567
324086157 801234567
324086571 801234567
324086715 801234567
324087165 801234567
324087516 801234567
324087651 801234567
324105687 801234567
324105768 801234567
324105876 801234567
324106578 801234567
324106785 801234567
324106857 801234567
324107586 801234567
324107658 801234567
324107865 801234567
324108567 801234567
324108675 801234567
324108756 801234567
324150678 801234567
324150786 801234567
324150867 801234567
324156087 801234567
324156708 801234567
324156870 801234567
324157068 801234567
324157680 801234567
324157806 801234567
324158076 801234567
324158607 801234567
324158760 801234567
324160587 801234567
324160758 801234567
324160875 801234567
324165078 801234567
324165780 801234567
324165807 801234567
324167085 801234567
324167508 801234567
324167850 801234567
324168057 801234567
324168570 801234567
324168705 801234567
324170568 801234567
324170685 801234567
324170856 801234567
324175086 801234567
324175608 801234567
324175860 801234567
324176058 801234567
324176580 801234567
324176805 801234567
324178065 801234567
324178506 801234567
324178650 801234567
324180576 801234567
324180657 801234567
324180765 801234567
324185067 801234567
324185670 801234567
324185706 801234567
324186075 801234567
324186507 801234567
324186750 801234567
324187056 801234567
324187560 801234567
324187605 801234567
324501678 801234567
324501786 801234567
324501867 801234567
324506187 801234567
324506718 801234567
324506871 801234567
324507168 801234567
