402861537 801234567
402861753 801234567
402863157 801234567
402863571 801234567
402863715 801234567
402865173 801234567
402865317 801234567
402865731 801234567
402867135 801234567
402867351 801234567
402867513 801234567
402871356 801234567
402871563 801234567
402871635 801234567
402873165 801234567
402873516 801234567
402873651 801234567
402875136 801234567
402875361 801234567
402875613 801234567
402876153 801234567
402876315 801234567
402876531 801234567
403125678 801234567
403125786 801234567
403125867 801234567
403126587 801234567
403126758 801234567
403126875 801234567
403127568 801234567
403127685 801234567
403127856 801234567
403128576 801234567
403128657 801234567
403128765 801234567
403152687 801234567
403152768 801234567
403152876 801234567
403156278 801234567
403156782 801234567
403156827 801234567
403157286 801234567
403157628 801234567
403157862 801234567
403158267 801234567
403158672 801234567
403158726 801234567
403162578 801234567
403162785 801234567
403162857 801234567
403165287 801234567
403165728 801234567
403165872 801234567
403167258 801234567
403167582 801234567
403167825 801234567
403168275 801234567
403168527 801234567
403168752 801234567
403172586 801234567
403172658 801234567
403172865 801234567
403175268 801234567
403175682 801234567
403175826 801234567
403176285 801234567
403176528 801234567
403176852 801234567
403178256 801234567
403178562 801234567
403178625 801234567
403182567 801234567
403182675 801234567
403182756 801234567
403185276 801234567
403185627 801234567
403185762 801234567
403186257 801234567
403186572 801234567
403186725 801234567
403187265 801234567
403187526 801234567
403187652 801234567
403215687 801234567
403215768 801234567
403215876 801234567
403216578 801234567
403216785 801234567
403216857 801234567
403217586 801234567
403217658 801234567
403217865 801234567
403218567 801234567
403218675 801234567
403218756 801234567
403251678 801234567
403251786 801234567
403251867 801234567
403256187 801234567
403256718 801234567
403256871 801234567
403257168 801234567
403257681 801234567
403257816 801234567
403258176 801234567
403258617 801234567
403258761 801234567
403261587 801234567
403261758 801234567
403261875 801234567
403265178 801234567
403265781 801234567
403265817 801234567
403267185 801234567
403267518 801234567
403267851 801234567
403268157 801234567
403268571 801234567
403268715 801234567
403271568 801234567
403271685 801234567
403271856 801234567
403275186 801234567
403275618 801234567
403275861 801234567
403276158 801234567
403276581 801234567
403276815 801234567
403278165 801234567
403278516 801234567
403278651 801234567
403281576 801234567
403281657 801234567
403281765 801234567
403285167 801234567
403285671 801234567
403285716 801234567
403286175 801234567
403286517 801234567
403286751 801234567
403287156 801234567
403287561 801234567
403287615 801234567
403512678 801234567
403512786 801234567
403512867 801234567
403516287 801234567
403516728 801234567
403516872 801234567
403517268 801234567
403517682 801234567
403517826 801234567
403518276 801234567
403518627 801234567
403518762 801234567
403521687 801234567
403521768 801234567
403521876 801234567
403526178 801234567
403526781 801234567
403526817 801234567
403527186 801234567
403527618 801234567
403527861 801234567
403528167 801234567
403528671 801234567
403528716 801234567
403561278 801234567
403561782 801234567
403561827 801234567
403562187 801234567
403562718 801234567
403562871 801234567
403567128 801234567
403567281 801234567
403567812 801234567
403568172 801234567
403568217 801234567
403568721 801234567
403571286 801234567
403571628 801234567
403571862 801234567
403572168 801234567
403572681 801234567
403572816 801234567
403576182 801234567
403576218 801234567
403576821 801234567
403578126 801234567
403578261 801234567
403578612 801234567
403581267 801234567
403581672 801234567
403581726 801234567
403582176 801234567
403582617 801234567
403582761 801234567
403586127 801234567
403586271 801234567
403586712 801234567
403587162 801234567
403587216 801234567
403587621 801234567
403612587 801234567
403612758 801234567
403612875 801234567
403615278 801234567
403615782 801234567
403615827 801234567
403617285 801234567
403617528 801234567
403617852 801234567
403618257 801234567
403618572 801234567
403618725 801234567
403621578 801234567
403621785 801234567
403621857 801234567
403625187 801234567
403625718 801234567
403625871 801234567
403627158 801234567
403627581 801234567
403627815 801234567
403628175 801234567
403628517 801234567
403628751 801234567
403651287 801234567
403651728 801234567
403651872 801234567
403652178 801234567
403652781 801234567
403652817 801234567
403657182 801234567
403657218 801234567
403657821 801234567
403658127 801234567
403658271 801234567
403658712 801234567
403671258 801234567
403671582 801234567
403671825 801234567
403672185 801234567
403672518 801234567
403672851 801234567
403675128 801234567
403675281 801234567
403675812 801234567
403678152 801234567
403678215 801234567
403678521 801234567
403681275 801234567
403681527 801234567
403681752 801234567
403682157 801234567
403682571 801234567
403682715 801234567
403685172 801234567
403685217 801234567
403685721 801234567
403687125 801234567
403687251 801234567
403687512 801234567
403712568 801234567
403712685 801234567
403712856 801234567
403715286 801234567
403715628 801234567
403715862 801234567
403716258 801234567
403716582 801234567
403716825 801234567
403718265 801234567
403718526 801234567
403718652 801234567
403721586 801234567
403721658 801234567
403721865 801234567
403725168 801234567
403725681 801234567
403725816 801234567
403726185 801234567
403726518 801234567
403726851 801234567
403728156 801234567
403728561 801234567
403728615 801234567
403751268 801234567
403751682 801234567
403751826 801234567
403752186 801234567
403752618 801234567
403752861 801234567
403756128 801234567
403756281 801234567
403756812 801234567
403758162 801234567
403758216 801234567
403758621 801234567
403761285 801234567
403761528 801234567
403761852 801234567
403762158 801234567
403762581 801234567
403762815 801234567
403765182 801234567
403765218 801234567
403765821 801234567
403768125 801234567
403768251 801234567
403768512 801234567
403781256 801234567
403781562 801234567
403781625 801234567
403782165 801234567
403782516 801234567
403782651 801234567
403785126 801234567
403785261 801234567
403785612 801234567
403786152 801234567
403786215 801234567
403786521 801234567
403812576 801234567
403812657 801234567
403812765 801234567
403815267 801234567
403815672 801234567
403815726 801234567
403816275 801234567
403816527 801234567
403816752 801234567
403817256 801234567
403817562 801234567
403817625 801234567
403821567 801234567
403821675 801234567
403821756 801234567
403825176 801234567
403825617 801234567
403825761 801234567
403826157 801234567
403826571 801234567
403826715 801234567
403827165 801234567
403827516 801234567
403827651 801234567
403851276 801234567
403851627 801234567
403851762 801234567
403852167 801234567
403852671 801234567
403852716 801234567
403856172 801234567
403856217 801234567
403856721 801234567
403857126 801234567
403857261 801234567
403857612 801234567
403861257 801234567
403861572 801234567
403861725 801234567
403862175 801234567
403862517 801234567
403862751 801234567
403865127 801234567
403865271 801234567
403865712 801234567
403867152 801234567
403867215 801234567
403867521 801234567
403871265 801234567
403871526 801234567
403871652 801234567
403872156 801234567
403872561 801234567
403872615 801234567
403875162 801234567
403875216 801234567
403875621 801234567
403876125 801234567
403876251 801234567
403876512 801234567
405123687 801234567
405123768 801234567
405123876 801234567
405126378 801234567
405126783 801234567
405126837 801234567
405127386 801234567
405127638 801234567
405127863 801234567
405128367 801234567
405128673 801234567
405128736 801234567
405132678 801234567
405132786 801234567
405132867 801234567
405136287 801234567
405136728 801234567
405136872 801234567
405137268 801234567
405137682 801234567
405137826 801234567
405138276 801234567
405138627 801234567
405138762 801234567
405162387 801234567
405162738 801234567
405162873 801234567
405163278 801234567
405163782 801234567
405163827 801234567
405167283 801234567
405167328 801234567
405167832 801234567
405168237 801234567
405168372 801234567
405168723 801234567
405172368 801234567
405172683 801234567
405172836 801234567
405173286 801234567
405173628 801234567
405173862 801234567
405176238 801234567
405176382 801234567
405176823 801234567
405178263 801234567
405178326 801234567
405178632 801234567
405182376 801234567
405182637 801234567
405182763 801234567
405183267 801234567
405183672 801234567
405183726 801234567
405186273 801234567
405186327 801234567
405186732 801234567
405187236 801234567
405187362 801234567
405187623 801234567
405213678 801234567
405213786 801234567
405213867 801234567
405216387 801234567
405216738 801234567
405216873 801234567
405217368 801234567
405217683 801234567
405217836 801234567
405218376 801234567
405218637 801234567
405218763 801234567
405231687 801234567
405231768 801234567
405231876 801234567
405236178 801234567
405236781 801234567
405236817 801234567
405237186 801234567
405237618 801234567
405237861 801234567
405238167 801234567
405238671 801234567
405238716 801234567
405261378 801234567
405261783 801234567
405261837 801234567
405263187 801234567
405263718 801234567
405263871 801234567
405267138 801234567
405267381 801234567
405267813 801234567
405268173 801234567
405268317 801234567
405268731 801234567
405271386 801234567
405271638 801234567
405271863 801234567
405273168 801234567
405273681 801234567
405273816 801234567
405276183 801234567
405276318 801234567
405276831 801234567
405278136 801234567
405278361 801234567
405278613 801234567
405281367 801234567
405281673 801234567
405281736 801234567
405283176 801234567
405283617 801234567
405283761 801234567
405286137 801234567
405286371 801234567
