248765310 801234567
250134678 801234567
250134786 801234567
250134867 801234567
250136487 801234567
250136748 801234567
250136874 801234567
250137468 801234567
250137684 801234567
250137846 801234567
250138476 801234567
250138647 801234567
250138764 801234567
250143687 801234567
250143768 801234567
250143876 801234567
250146378 801234567
250146783 801234567
250146837 801234567
250147386 801234567
250147638 801234567
250147863 801234567
250148367 801234567
250148673 801234567
250148736 801234567
250163478 801234567
250163784 801234567
250163847 801234567
250164387 801234567
250164738 801234567
250164873 801234567
250167348 801234567
250167483 801234567
250167834 801234567
250168374 801234567
250168437 801234567
250168743 801234567
250173486 801234567
250173648 801234567
250173864 801234567
250174368 801234567
250174683 801234567
250174836 801234567
250176384 801234567
250176438 801234567
250176843 801234567
250178346 801234567
250178463 801234567
250178634 801234567
250183467 801234567
250183674 801234567
250183746 801234567
250184376 801234567
250184637 801234567
250184763 801234567
250186347 801234567
250186473 801234567
250186734 801234567
250187364 801234567
250187436 801234567
250187643 801234567
250314687 801234567
250314768 801234567
250314876 801234567
250316478 801234567
250316784 801234567
250316847 801234567
250317486 801234567
250317648 801234567
250317864 801234567
250318467 801234567
250318674 801234567
250318746 801234567
250341678 801234567
250341786 801234567
250341867 801234567
250346187 801234567
250346718 801234567
250346871 801234567
250347168 801234567
250347681 801234567
250347816 801234567
250348176 801234567
250348617 801234567
250348761 801234567
250361487 801234567
250361748 801234567
250361874 801234567
250364178 801234567
250364781 801234567
250364817 801234567
250367184 801234567
250367418 801234567
250367841 801234567
250368147 801234567
250368471 801234567
250368714 801234567
250371468 801234567
250371684 801234567
250371846 801234567
250374186 801234567
250374618 801234567
250374861 801234567
250376148 801234567
250376481 801234567
250376814 801234567
250378164 801234567
250378416 801234567
250378641 801234567
250381476 801234567
250381647 801234567
250381764 801234567
250384167 801234567
250384671 801234567
250384716 801234567
250386174 801234567
250386417 801234567
250386741 801234567
250387146 801234567
250387461 801234567
250387614 801234567
250413678 801234567
250413786 801234567
250413867 801234567
250416387 801234567
250416738 801234567
250416873 801234567
250417368 801234567
250417683 801234567
250417836 801234567
250418376 801234567
250418637 801234567
250418763 801234567
250431687 801234567
250431768 801234567
250431876 801234567
250436178 801234567
250436781 801234567
250436817 801234567
250437186 801234567
250437618 801234567
250437861 801234567
250438167 801234567
250438671 801234567
250438716 801234567
250461378 801234567
250461783 801234567
250461837 801234567
250463187 801234567
250463718 801234567
250463871 801234567
250467138 801234567
250467381 801234567
250467813 801234567
250468173 801234567
250468317 801234567
250468731 801234567
250471386 801234567
250471638 801234567
250471863 801234567
250473168 801234567
250473681 801234567
250473816 801234567
250476183 801234567
250476318 801234567
250476831 801234567
250478136 801234567
250478361 801234567
250478613 801234567
250481367 801234567
250481673 801234567
250481736 801234567
250483176 801234567
250483617 801234567
250483761 801234567
250486137 801234567
250486371 801234567
250486713 801234567
250487163 801234567
250487316 801234567
250487631 801234567
250613487 801234567
250613748 801234567
250613874 801234567
250614378 801234567
250614783 801234567
250614837 801234567
250617384 801234567
250617438 801234567
250617843 801234567
250618347 801234567
250618473 801234567
250618734 801234567
250631478 801234567
250631784 801234567
250631847 801234567
250634187 801234567
250634718 801234567
250634871 801234567
250637148 801234567
250637481 801234567
250637814 801234567
250638174 801234567
250638417 801234567
250638741 801234567
250641387 801234567
250641738 801234567
250641873 801234567
250643178 801234567
250643781 801234567
250643817 801234567
250647183 801234567
250647318 801234567
250647831 801234567
250648137 801234567
250648371 801234567
250648713 801234567
250671348 801234567
250671483 801234567
250671834 801234567
250673184 801234567
250673418 801234567
250673841 801234567
250674138 801234567
250674381 801234567
250674813 801234567
250678143 801234567
250678314 801234567
250678431 801234567
250681374 801234567
250681437 801234567
250681743 801234567
250683147 801234567
250683471 801234567
250683714 801234567
250684173 801234567
250684317 801234567
250684731 801234567
250687134 801234567
250687341 801234567
250687413 801234567
250713468 801234567
250713684 801234567
250713846 801234567
250714386 801234567
250714638 801234567
250714863 801234567
250716348 801234567
250716483 801234567
250716834 801234567
250718364 801234567
250718436 801234567
250718643 801234567
250731486 801234567
250731648 801234567
250731864 801234567
250734168 801234567
250734681 801234567
250734816 801234567
250736184 801234567
250736418 801234567
250736841 801234567
250738146 801234567
250738461 801234567
250738614 801234567
250741368 801234567
250741683 801234567
250741836 801234567
250743186 801234567
250743618 801234567
250743861 801234567
250746138 801234567
250746381 801234567
250746813 801234567
250748163 801234567
250748316 801234567
250748631 801234567
250761384 801234567
250761438 801234567
250761843 801234567
250763148 801234567
250763481 801234567
250763814 801234567
250764183 801234567
250764318 801234567
250764831 801234567
250768134 801234567
250768341 801234567
250768413 801234567
250781346 801234567
250781463 801234567
250781634 801234567
250783164 801234567
250783416 801234567
250783641 801234567
250784136 801234567
250784361 801234567
250784613 801234567
250786143 801234567
250786314 801234567
250786431 801234567
250813476 801234567
250813647 801234567
250813764 801234567
250814367 801234567
250814673 801234567
250814736 801234567
250816374 801234567
250816437 801234567
250816743 801234567
250817346 801234567
250817463 801234567
250817634 801234567
250831467 801234567
250831674 801234567
250831746 801234567
250834176 801234567
250834617 801234567
250834761 801234567
250836147 801234567
250836471 801234567
250836714 801234567
250837164 801234567
250837416 801234567
250837641 801234567
250841376 801234567
250841637 801234567
250841763 801234567
250843167 801234567
250843671 801234567
250843716 801234567
250846173 801234567
250846317 801234567
250846731 801234567
250847136 801234567
250847361 801234567
250847613 801234567
250861347 801234567
250861473 801234567
250861734 801234567
250863174 801234567
250863417 801234567
250863741 801234567
250864137 801234567
250864371 801234567
250864713 801234567
250867143 801234567
250867314 801234567
250867431 801234567
250871364 801234567
250871436 801234567
250871643 801234567
250873146 801234567
250873461 801234567
250873614 801234567
250874163 801234567
250874316 801234567
250874631 801234567
250876134 801234567
250876341 801234567
250876413 801234567
251034687 801234567
251034768 801234567
251034876 801234567
251036478 801234567
251036784 801234567
251036847 801234567
251037486 801234567
251037648 801234567
251037864 801234567
251038467 801234567
251038674 801234567
251038746 801234567
251043678 801234567
251043786 801234567
251043867 801234567
251046387 801234567
251046738 801234567
251046873 801234567
251047368 801234567
251047683 801234567
251047836 801234567
251048376 801234567
251048637 801234567
251048763 801234567
251063487 801234567
251063748 801234567
251063874 801234567
251064378 801234567
251064783 801234567
251064837 801234567
251067384 801234567
251067438 801234567
251067843 801234567
251068347 801234567
251068473 801234567
251068734 801234567
251073468 801234567
251073684 801234567
251073846 801234567
251074386 801234567
251074638 801234567
251074863 801234567
251076348 801234567
251076483 801234567
251076834 801234567
251078364 801234567
251078436 801234567
251078643 801234567
251083476 801234567
251083647 801234567
251083764 801234567
251084367 801234567
251084673 801234567
251084736 801234567
251086374 801234567
251086437 801234567
251086743 801234567
251087346 801234567
251087463 801234567
251087634 801234567
251304678 801234567
251304786 801234567
251304867 801234567
251306487 801234567
251306748 801234567
251306874 801234567
251307468 801234567
251307684 801234567
251307846 801234567
251308476 801234567
251308647 801234567
251308764 801234567
251340687 801234567
251340768 801234567
251340876 801234567
251346078 801234567
251346780 801234567
251346807 801234567
251347086 801234567
251347608 801234567
251347860 801234567
251348067 801234567
251348670 801234567
251348706 801234567
251360478 801234567
251360784 801234567
251360847 801234567
251364087 801234567
251364708 801234567
251364870 801234567
251367048 801234567
251367480 801234567
251367804 801234567
251368074 801234567
251368407 801234567
251368740 801234567
251370486 801234567
251370648 801234567
251370864 801234567
251374068 801234567
251374680 801234567
251374806 801234567
251376084 801234567
251376408 801234567
251376840 801234567
251378046 801234567
251378460 801234567
251378604 801234567
251380467 801234567
251380674 801234567
251380746 801234567
251384076 801234567
251384607 801234567
251384760 801234567
251386047 801234567
251386470 801234567
251386704 801234567
251387064 801234567
251387406 801234567
251387640 801234567
251403687 801234567
251403768 801234567
251403876 801234567
251406378 801234567
251406783 801234567
251406837 801234567
251407386 801234567
251407638 801234567
251407863 801234567
251408367 801234567
251408673 801234567
251408736 801234567
251430678 801234567
251430786 801234567
251430867 801234567
251436087 801234567
251436708 801234567
251436870 801234567
