451687032 801234567
451687203 801234567
451687320 801234567
451702386 801234567
451702638 801234567
451702863 801234567
451703268 801234567
451703682 801234567
451703826 801234567
451706283 801234567
451706328 801234567
451706832 801234567
451708236 801234567
451708362 801234567
451708623 801234567
451720368 801234567
451720683 801234567
451720836 801234567
451723086 801234567
451723608 801234567
451723860 801234567
451726038 801234567
451726380 801234567
451726803 801234567
451728063 801234567
451728306 801234567
451728630 801234567
451730286 801234567
451730628 801234567
451730862 801234567
451732068 801234567
451732680 801234567
451732806 801234567
451736082 801234567
451736208 801234567
451736820 801234567
451738026 801234567
451738260 801234567
451738602 801234567
451760238 801234567
451760382 801234567
451760823 801234567
451762083 801234567
451762308 801234567
451762830 801234567
451763028 801234567
451763280 801234567
451763802 801234567
451768032 801234567
451768203 801234567
451768320 801234567
451780263 801234567
451780326 801234567
451780632 801234567
451782036 801234567
451782360 801234567
451782603 801234567
451783062 801234567
451783206 801234567
451783620 801234567
451786023 801234567
451786230 801234567
451786302 801234567
451802367 801234567
451802673 801234567
451802736 801234567
451803276 801234567
451803627 801234567
451803762 801234567
451806237 801234567
451806372 801234567
451806723 801234567
451807263 801234567
451807326 801234567
451807632 801234567
451820376 801234567
451820637 801234567
451820763 801234567
451823067 801234567
451823670 801234567
451823706 801234567
451826073 801234567
451826307 801234567
451826730 801234567
451827036 801234567
451827360 801234567
451827603 801234567
451830267 801234567
451830672 801234567
451830726 801234567
451832076 801234567
451832607 801234567
451832760 801234567
451836027 801234567
451836270 801234567
451836702 801234567
451837062 801234567
451837206 801234567
451837620 801234567
451860273 801234567
451860327 801234567
451860732 801234567
451862037 801234567
451862370 801234567
451862703 801234567
451863072 801234567
451863207 801234567
451863720 801234567
451867023 801234567
451867230 801234567
451867302 801234567
451870236 801234567
451870362 801234567
451870623 801234567
451872063 801234567
451872306 801234567
451872630 801234567
451873026 801234567
451873260 801234567
451873602 801234567
451876032 801234567
451876203 801234567
451876320 801234567
452013678 801234567
452013786 801234567
452013867 801234567
452016387 801234567
452016738 801234567
452016873 801234567
452017368 801234567
452017683 801234567
452017836 801234567
452018376 801234567
452018637 801234567
452018763 801234567
452031687 801234567
452031768 801234567
452031876 801234567
452036178 801234567
452036781 801234567
452036817 801234567
452037186 801234567
452037618 801234567
452037861 801234567
452038167 801234567
452038671 801234567
452038716 801234567
452061378 801234567
452061783 801234567
452061837 801234567
452063187 801234567
452063718 801234567
452063871 801234567
452067138 801234567
452067381 801234567
452067813 801234567
452068173 801234567
452068317 801234567
452068731 801234567
452071386 801234567
452071638 801234567
452071863 801234567
452073168 801234567
452073681 801234567
452073816 801234567
452076183 801234567
452076318 801234567
452076831 801234567
452078136 801234567
452078361 801234567
452078613 801234567
452081367 801234567
452081673 801234567
452081736 801234567
452083176 801234567
452083617 801234567
452083761 801234567
452086137 801234567
452086371 801234567
452086713 801234567
452087163 801234567
452087316 801234567
452087631 801234567
452103687 801234567
452103768 801234567
452103876 801234567
452106378 801234567
452106783 801234567
452106837 801234567
452107386 801234567
452107638 801234567
452107863 801234567
452108367 801234567
452108673 801234567
452108736 801234567
452130678 801234567
452130786 801234567
452130867 801234567
452136087 801234567
452136708 801234567
452136870 801234567
452137068 801234567
452137680 801234567
452137806 801234567
452138076 801234567
452138607 801234567
452138760 801234567
452160387 801234567
452160738 801234567
452160873 801234567
452163078 801234567
452163780 801234567
452163807 801234567
452167083 801234567
452167308 801234567
452167830 801234567
452168037 801234567
452168370 801234567
452168703 801234567
452170368 801234567
452170683 801234567
452170836 801234567
452173086 801234567
452173608 801234567
452173860 801234567
452176038 801234567
452176380 801234567
452176803 801234567
452178063 801234567
452178306 801234567
452178630 801234567
452180376 801234567
452180637 801234567
452180763 801234567
452183067 801234567
452183670 801234567
452183706 801234567
452186073 801234567
452186307 801234567
452186730 801234567
452187036 801234567
452187360 801234567
452187603 801234567
452301678 801234567
452301786 801234567
452301867 801234567
452306187 801234567
452306718 801234567
452306871 801234567
452307168 801234567
452307681 801234567
452307816 801234567
452308176 801234567
452308617 801234567
452308761 801234567
452310687 801234567
452310768 801234567
452310876 801234567
452316078 801234567
452316780 801234567
452316807 801234567
452317086 801234567
452317608 801234567
452317860 801234567
452318067 801234567
452318670 801234567
452318706 801234567
452360178 801234567
452360781 801234567
452360817 801234567
452361087 801234567
452361708 801234567
452361870 801234567
452367018 801234567
452367180 801234567
452367801 801234567
452368071 801234567
452368107 801234567
452368710 801234567
452370186 801234567
452370618 801234567
452370861 801234567
452371068 801234567
452371680 801234567
452371806 801234567
452376081 801234567
452376108 801234567
452376810 801234567
452378016 801234567
452378160 801234567
452378601 801234567
452380167 801234567
452380671 801234567
452380716 801234567
452381076 801234567
452381607 801234567
452381760 801234567
452386017 801234567
452386170 801234567
452386701 801234567
452387061 801234567
452387106 801234567
452387610 801234567
452601387 801234567
452601738 801234567
452601873 801234567
452603178 801234567
452603781 801234567
452603817 801234567
452607183 801234567
452607318 801234567
452607831 801234567
452608137 801234567
452608371 801234567
452608713 801234567
452610378 801234567
452610783 801234567
452610837 801234567
452613087 801234567
452613708 801234567
452613870 801234567
452617038 801234567
452617380 801234567
452617803 801234567
452618073 801234567
452618307 801234567
452618730 801234567
452630187 801234567
452630718 801234567
452630871 801234567
452631078 801234567
452631780 801234567
452631807 801234567
452637081 801234567
452637108 801234567
452637810 801234567
452638017 801234567
452638170 801234567
452638701 801234567
452670138 801234567
452670381 801234567
452670813 801234567
452671083 801234567
452671308 801234567
452671830 801234567
452673018 801234567
452673180 801234567
452673801 801234567
452678031 801234567
452678103 801234567
452678310 801234567
452680173 801234567
452680317 801234567
452680731 801234567
452681037 801234567
452681370 801234567
452681703 801234567
452683071 801234567
452683107 801234567
452683710 801234567
452687013 801234567
452687130 801234567
452687301 801234567
452701368 801234567
452701683 801234567
452701836 801234567
452703186 801234567
452703618 801234567
452703861 801234567
452706138 801234567
452706381 801234567
452706813 801234567
452708163 801234567
452708316 801234567
452708631 801234567
452710386 801234567
452710638 801234567
452710863 801234567
452713068 801234567
452713680 801234567
452713806 801234567
452716083 801234567
452716308 801234567
452716830 801234567
452718036 801234567
452718360 801234567
452718603 801234567
452730168 801234567
452730681 801234567
452730816 801234567
452731086 801234567
452731608 801234567
452731860 801234567
452736018 801234567
452736180 801234567
452736801 801234567
452738061 801234567
452738106 801234567
452738610 801234567
452760183 801234567
452760318 801234567
452760831 801234567
452761038 801234567
452761380 801234567
452761803 801234567
452763081 801234567
452763108 801234567
452763810 801234567
452768013 801234567
452768130 801234567
452768301 801234567
452780136 801234567
452780361 801234567
452780613 801234567
452781063 801234567
452781306 801234567
452781630 801234567
452783016 801234567
452783160 801234567
452783601 801234567
452786031 801234567
452786103 801234567
452786310 801234567
452801376 801234567
452801637 801234567
452801763 801234567
452803167 801234567
452803671 801234567
452803716 801234567
452806173 801234567
452806317 801234567
452806731 801234567
452807136 801234567
452807361 801234567
452807613 801234567
452810367 801234567
452810673 801234567
452810736 801234567
452813076 801234567
452813607 801234567
452813760 801234567
452816037 801234567
452816370 801234567
452816703 801234567
452817063 801234567
452817306 801234567
452817630 801234567
452830176 801234567
452830617 801234567
452830761 801234567
452831067 801234567
452831670 801234567
452831706 801234567
452836071 801234567
452836107 801234567
452836710 801234567
452837016 801234567
452837160 801234567
452837601 801234567
452860137 801234567
452860371 801234567
452860713 801234567
452861073 801234567
452861307 801234567
452861730 801234567
452863017 801234567
452863170 801234567
452863701 801234567
452867031 801234567
452867103 801234567
452867310 801234567
452870163 801234567
452870316 801234567
452870631 801234567
452871036 801234567
452871360 801234567
452871603 801234567
452873061 801234567
452873106 801234567
452873610 801234567
452876013 801234567
452876130 801234567
452876301 801234567
453012687 801234567
453012768 801234567
453012876 801234567
453016278 801234567
453016782 801234567
453016827 801234567
453017286 801234567
453017628 801234567
453017862 801234567
453018267 801234567
453018672 801234567
453018726 801234567
453021678 801234567
453021786 801234567
453021867 801234567
453026187 801234567
