426530718 801234567
426530871 801234567
426531078 801234567
426531780 801234567
426531807 801234567
426537081 801234567
426537108 801234567
426537810 801234567
426538017 801234567
426538170 801234567
426538701 801234567
426570138 801234567
426570381 801234567
426570813 801234567
426571083 801234567
426571308 801234567
426571830 801234567
426573018 801234567
426573180 801234567
426573801 801234567
426578031 801234567
426578103 801234567
426578310 801234567
426580173 801234567
426580317 801234567
426580731 801234567
426581037 801234567
426581370 801234567
426581703 801234567
426583071 801234567
426583107 801234567
426583710 801234567
426587013 801234567
426587130 801234567
426587301 801234567
426701358 801234567
426701583 801234567
426701835 801234567
426703185 801234567
426703518 801234567
426703851 801234567
426705138 801234567
426705381 801234567
426705813 801234567
426708153 801234567
426708315 801234567
426708531 801234567
426710385 801234567
426710538 801234567
426710853 801234567
426713058 801234567
426713580 801234567
426713805 801234567
426715083 801234567
426715308 801234567
426715830 801234567
426718035 801234567
426718350 801234567
426718503 801234567
426730158 801234567
426730581 801234567
426730815 801234567
426731085 801234567
426731508 801234567
426731850 801234567
426735018 801234567
426735180 801234567
426735801 801234567
426738051 801234567
426738105 801234567
426738510 801234567
426750183 801234567
426750318 801234567
426750831 801234567
426751038 801234567
426751380 801234567
426751803 801234567
426753081 801234567
426753108 801234567
426753810 801234567
426758013 801234567
426758130 801234567
426758301 801234567
426780135 801234567
426780351 801234567
426780513 801234567
426781053 801234567
426781305 801234567
426781530 801234567
426783015 801234567
426783150 801234567
426783501 801234567
426785031 801234567
426785103 801234567
426785310 801234567
426801375 801234567
426801537 801234567
426801753 801234567
426803157 801234567
426803571 801234567
426803715 801234567
426805173 801234567
426805317 801234567
426805731 801234567
426807135 801234567
426807351 801234567
426807513 801234567
426810357 801234567
426810573 801234567
426810735 801234567
426813075 801234567
426813507 801234567
426813750 801234567
426815037 801234567
426815370 801234567
426815703 801234567
426817053 801234567
426817305 801234567
426817530 801234567
426830175 801234567
426830517 801234567
426830751 801234567
426831057 801234567
426831570 801234567
426831705 801234567
426835071 801234567
426835107 801234567
426835710 801234567
426837015 801234567
426837150 801234567
426837501 801234567
426850137 801234567
426850371 801234567
426850713 801234567
426851073 801234567
426851307 801234567
426851730 801234567
426853017 801234567
426853170 801234567
426853701 801234567
426857031 801234567
426857103 801234567
426857310 801234567
426870153 801234567
426870315 801234567
426870531 801234567
426871035 801234567
426871350 801234567
426871503 801234567
426873051 801234567
426873105 801234567
426873510 801234567
426875013 801234567
426875130 801234567
426875301 801234567
427013586 801234567
427013658 801234567
427013865 801234567
427015368 801234567
427015683 801234567
427015836 801234567
427016385 801234567
427016538 801234567
427016853 801234567
427018356 801234567
427018563 801234567
427018635 801234567
427031568 801234567
427031685 801234567
427031856 801234567
427035186 801234567
427035618 801234567
427035861 801234567
427036158 801234567
427036581 801234567
427036815 801234567
427038165 801234567
427038516 801234567
427038651 801234567
427051386 801234567
427051638 801234567
427051863 801234567
427053168 801234567
427053681 801234567
427053816 801234567
427056183 801234567
427056318 801234567
427056831 801234567
427058136 801234567
427058361 801234567
427058613 801234567
427061358 801234567
427061583 801234567
427061835 801234567
427063185 801234567
427063518 801234567
427063851 801234567
427065138 801234567
427065381 801234567
427065813 801234567
427068153 801234567
427068315 801234567
427068531 801234567
427081365 801234567
427081536 801234567
427081653 801234567
427083156 801234567
427083561 801234567
427083615 801234567
427085163 801234567
427085316 801234567
427085631 801234567
427086135 801234567
427086351 801234567
427086513 801234567
427103568 801234567
427103685 801234567
427103856 801234567
427105386 801234567
427105638 801234567
427105863 801234567
427106358 801234567
427106583 801234567
427106835 801234567
427108365 801234567
427108536 801234567
427108653 801234567
427130586 801234567
427130658 801234567
427130865 801234567
427135068 801234567
427135680 801234567
427135806 801234567
427136085 801234567
427136508 801234567
427136850 801234567
427138056 801234567
427138560 801234567
427138605 801234567
427150368 801234567
427150683 801234567
427150836 801234567
427153086 801234567
427153608 801234567
427153860 801234567
427156038 801234567
427156380 801234567
427156803 801234567
427158063 801234567
427158306 801234567
427158630 801234567
427160385 801234567
427160538 801234567
427160853 801234567
427163058 801234567
427163580 801234567
427163805 801234567
427165083 801234567
427165308 801234567
427165830 801234567
427168035 801234567
427168350 801234567
427168503 801234567
427180356 801234567
427180563 801234567
427180635 801234567
427183065 801234567
427183506 801234567
427183650 801234567
427185036 801234567
427185360 801234567
427185603 801234567
427186053 801234567
427186305 801234567
427186530 801234567
427301586 801234567
427301658 801234567
427301865 801234567
427305168 801234567
427305681 801234567
427305816 801234567
427306185 801234567
427306518 801234567
427306851 801234567
427308156 801234567
427308561 801234567
427308615 801234567
427310568 801234567
427310685 801234567
427310856 801234567
427315086 801234567
427315608 801234567
427315860 801234567
427316058 801234567
427316580 801234567
427316805 801234567
427318065 801234567
427318506 801234567
427318650 801234567
427350186 801234567
427350618 801234567
427350861 801234567
427351068 801234567
427351680 801234567
427351806 801234567
427356081 801234567
427356108 801234567
427356810 801234567
427358016 801234567
427358160 801234567
427358601 801234567
427360158 801234567
427360581 801234567
427360815 801234567
427361085 801234567
427361508 801234567
427361850 801234567
427365018 801234567
427365180 801234567
427365801 801234567
427368051 801234567
427368105 801234567
427368510 801234567
427380165 801234567
427380516 801234567
427380651 801234567
427381056 801234567
427381560 801234567
427381605 801234567
427385061 801234567
427385106 801234567
427385610 801234567
427386015 801234567
427386150 801234567
427386501 801234567
427501368 801234567
427501683 801234567
427501836 801234567
427503186 801234567
427503618 801234567
427503861 801234567
427506138 801234567
427506381 801234567
427506813 801234567
427508163 801234567
427508316 801234567
427508631 801234567
427510386 801234567
427510638 801234567
427510863 801234567
427513068 801234567
427513680 801234567
427513806 801234567
427516083 801234567
427516308 801234567
427516830 801234567
427518036 801234567
427518360 801234567
427518603 801234567
427530168 801234567
427530681 801234567
427530816 801234567
427531086 801234567
427531608 801234567
427531860 801234567
427536018 801234567
427536180 801234567
427536801 801234567
427538061 801234567
427538106 801234567
427538610 801234567
427560183 801234567
427560318 801234567
427560831 801234567
427561038 801234567
427561380 801234567
427561803 801234567
427563081 801234567
427563108 801234567
427563810 801234567
427568013 801234567
427568130 801234567
427568301 801234567
427580136 801234567
427580361 801234567
427580613 801234567
427581063 801234567
427581306 801234567
427581630 801234567
427583016 801234567
427583160 801234567
427583601 801234567
427586031 801234567
427586103 801234567
427586310 801234567
427601385 801234567
427601538 801234567
427601853 801234567
427603158 801234567
427603581 801234567
427603815 801234567
427605183 801234567
427605318 801234567
427605831 801234567
427608135 801234567
427608351 801234567
427608513 801234567
427610358 801234567
427610583 801234567
427610835 801234567
427613085 801234567
427613508 801234567
427613850 801234567
427615038 801234567
427615380 801234567
427615803 801234567
427618053 801234567
427618305 801234567
427618530 801234567
427630185 801234567
427630518 801234567
427630851 801234567
427631058 801234567
427631580 801234567
427631805 801234567
427635081 801234567
427635108 801234567
427635810 801234567
427638015 801234567
427638150 801234567
427638501 801234567
427650138 801234567
427650381 801234567
427650813 801234567
427651083 801234567
427651308 801234567
427651830 801234567
427653018 801234567
427653180 801234567
427653801 801234567
427658031 801234567
427658103 801234567
427658310 801234567
427680153 801234567
427680315 801234567
427680531 801234567
427681035 801234567
427681350 801234567
427681503 801234567
427683051 801234567
427683105 801234567
427683510 801234567
427685013 801234567
427685130 801234567
427685301 801234567
427801356 801234567
427801563 801234567
427801635 801234567
427803165 801234567
427803516 801234567
427803651 801234567
427805136 801234567
427805361 801234567
427805613 801234567
427806153 801234567
427806315 801234567
427806531 801234567
427810365 801234567
427810536 801234567
427810653 801234567
427813056 801234567
427813560 801234567
427813605 801234567
427815063 801234567
427815306 801234567
427815630 801234567
427816035 801234567
427816350 801234567
427816503 801234567
427830156 801234567
427830561 801234567
427830615 801234567
427831065 801234567
427831506 801234567
427831650 801234567
427835016 801234567
427835160 801234567
427835601 801234567
427836051 801234567
427836105 801234567
427836510 801234567
427850163 801234567
427850316 801234567
427850631 801234567
427851036 801234567
427851360 801234567
427851603 801234567
427853061 801234567
427853106 801234567
