751283046 801234567
751283460 801234567
751283604 801234567
751284063 801234567
751284306 801234567
751284630 801234567
751286034 801234567
751286340 801234567
751286403 801234567
751302468 801234567
751302684 801234567
751302846 801234567
751304286 801234567
751304628 801234567
751304862 801234567
751306248 801234567
751306482 801234567
751306824 801234567
751308264 801234567
751308426 801234567
751308642 801234567
751320486 801234567
751320648 801234567
751320864 801234567
751324068 801234567
751324680 801234567
751324806 801234567
751326084 801234567
751326408 801234567
751326840 801234567
751328046 801234567
751328460 801234567
751328604 801234567
751340268 801234567
751340682 801234567
751340826 801234567
751342086 801234567
751342608 801234567
751342860 801234567
751346028 801234567
751346280 801234567
751346802 801234567
751348062 801234567
751348206 801234567
751348620 801234567
751360284 801234567
751360428 801234567
751360842 801234567
751362048 801234567
751362480 801234567
751362804 801234567
751364082 801234567
751364208 801234567
751364820 801234567
751368024 801234567
751368240 801234567
751368402 801234567
751380246 801234567
751380462 801234567
751380624 801234567
751382064 801234567
751382406 801234567
751382640 801234567
751384026 801234567
751384260 801234567
751384602 801234567
751386042 801234567
751386204 801234567
751386420 801234567
751402386 801234567
751402638 801234567
751402863 801234567
751403268 801234567
751403682 801234567
751403826 801234567
751406283 801234567
751406328 801234567
751406832 801234567
751408236 801234567
751408362 801234567
751408623 801234567
751420368 801234567
751420683 801234567
751420836 801234567
751423086 801234567
751423608 801234567
751423860 801234567
751426038 801234567
751426380 801234567
751426803 801234567
751428063 801234567
751428306 801234567
751428630 801234567
751430286 801234567
751430628 801234567
751430862 801234567
751432068 801234567
751432680 801234567
751432806 801234567
751436082 801234567
751436208 801234567
751436820 801234567
751438026 801234567
751438260 801234567
751438602 801234567
751460238 801234567
751460382 801234567
751460823 801234567
751462083 801234567
751462308 801234567
751462830 801234567
751463028 801234567
751463280 801234567
751463802 801234567
751468032 801234567
751468203 801234567
751468320 801234567
751480263 801234567
751480326 801234567
751480632 801234567
751482036 801234567
751482360 801234567
751482603 801234567
751483062 801234567
751483206 801234567
751483620 801234567
751486023 801234567
751486230 801234567
751486302 801234567
751602348 801234567
751602483 801234567
751602834 801234567
751603284 801234567
751603428 801234567
751603842 801234567
751604238 801234567
751604382 801234567
751604823 801234567
751608243 801234567
751608324 801234567
751608432 801234567
751620384 801234567
751620438 801234567
751620843 801234567
751623048 801234567
751623480 801234567
751623804 801234567
751624083 801234567
751624308 801234567
751624830 801234567
751628034 801234567
751628340 801234567
751628403 801234567
751630248 801234567
751630482 801234567
751630824 801234567
751632084 801234567
751632408 801234567
751632840 801234567
751634028 801234567
751634280 801234567
751634802 801234567
751638042 801234567
751638204 801234567
751638420 801234567
751640283 801234567
751640328 801234567
751640832 801234567
751642038 801234567
751642380 801234567
751642803 801234567
751643082 801234567
751643208 801234567
751643820 801234567
751648023 801234567
751648230 801234567
751648302 801234567
751680234 801234567
751680342 801234567
751680423 801234567
751682043 801234567
751682304 801234567
751682430 801234567
751683024 801234567
751683240 801234567
751683402 801234567
751684032 801234567
751684203 801234567
751684320 801234567
751802364 801234567
751802436 801234567
751802643 801234567
751803246 801234567
751803462 801234567
751803624 801234567
751804263 801234567
751804326 801234567
751804632 801234567
751806234 801234567
751806342 801234567
751806423 801234567
751820346 801234567
751820463 801234567
751820634 801234567
751823064 801234567
751823406 801234567
751823640 801234567
751824036 801234567
751824360 801234567
751824603 801234567
751826043 801234567
751826304 801234567
751826430 801234567
751830264 801234567
751830426 801234567
751830642 801234567
751832046 801234567
751832460 801234567
751832604 801234567
751834062 801234567
751834206 801234567
751834620 801234567
751836024 801234567
751836240 801234567
751836402 801234567
751840236 801234567
751840362 801234567
751840623 801234567
751842063 801234567
751842306 801234567
751842630 801234567
751843026 801234567
751843260 801234567
751843602 801234567
751846032 801234567
751846203 801234567
751846320 801234567
751860243 801234567
751860324 801234567
751860432 801234567
751862034 801234567
751862340 801234567
751862403 801234567
751863042 801234567
751863204 801234567
751863420 801234567
751864023 801234567
751864230 801234567
751864302 801234567
752013486 801234567
752013648 801234567
752013864 801234567
752014368 801234567
752014683 801234567
752014836 801234567
752016384 801234567
752016438 801234567
752016843 801234567
752018346 801234567
752018463 801234567
752018634 801234567
752031468 801234567
752031684 801234567
752031846 801234567
752034186 801234567
752034618 801234567
752034861 801234567
752036148 801234567
752036481 801234567
752036814 801234567
752038164 801234567
752038416 801234567
752038641 801234567
752041386 801234567
752041638 801234567
752041863 801234567
752043168 801234567
752043681 801234567
752043816 801234567
752046183 801234567
752046318 801234567
752046831 801234567
752048136 801234567
752048361 801234567
752048613 801234567
752061348 801234567
752061483 801234567
752061834 801234567
752063184 801234567
752063418 801234567
752063841 801234567
752064138 801234567
752064381 801234567
752064813 801234567
752068143 801234567
752068314 801234567
752068431 801234567
752081364 801234567
752081436 801234567
752081643 801234567
752083146 801234567
752083461 801234567
752083614 801234567
752084163 801234567
752084316 801234567
752084631 801234567
752086134 801234567
752086341 801234567
752086413 801234567
752103468 801234567
752103684 801234567
752103846 801234567
752104386 801234567
752104638 801234567
752104863 801234567
752106348 801234567
752106483 801234567
752106834 801234567
752108364 801234567
752108436 801234567
752108643 801234567
752130486 801234567
752130648 801234567
752130864 801234567
752134068 801234567
752134680 801234567
752134806 801234567
752136084 801234567
752136408 801234567
752136840 801234567
752138046 801234567
752138460 801234567
752138604 801234567
752140368 801234567
752140683 801234567
752140836 801234567
752143086 801234567
752143608 801234567
752143860 801234567
752146038 801234567
752146380 801234567
752146803 801234567
752148063 801234567
752148306 801234567
752148630 801234567
752160384 801234567
752160438 801234567
752160843 801234567
752163048 801234567
752163480 801234567
752163804 801234567
752164083 801234567
752164308 801234567
752164830 801234567
752168034 801234567
752168340 801234567
752168403 801234567
752180346 801234567
752180463 801234567
752180634 801234567
752183064 801234567
752183406 801234567
752183640 801234567
752184036 801234567
752184360 801234567
752184603 801234567
752186043 801234567
752186304 801234567
752186430 801234567
752301486 801234567
752301648 801234567
752301864 801234567
752304168 801234567
752304681 801234567
752304816 801234567
752306184 801234567
752306418 801234567
752306841 801234567
752308146 801234567
752308461 801234567
752308614 801234567
752310468 801234567
752310684 801234567
752310846 801234567
752314086 801234567
752314608 801234567
752314860 801234567
752316048 801234567
752316480 801234567
752316804 801234567
752318064 801234567
752318406 801234567
752318640 801234567
752340186 801234567
752340618 801234567
752340861 801234567
752341068 801234567
752341680 801234567
752341806 801234567
752346081 801234567
752346108 801234567
752346810 801234567
752348016 801234567
752348160 801234567
752348601 801234567
752360148 801234567
752360481 801234567
752360814 801234567
752361084 801234567
752361408 801234567
752361840 801234567
752364018 801234567
752364180 801234567
752364801 801234567
752368041 801234567
752368104 801234567
752368410 801234567
752380164 801234567
752380416 801234567
752380641 801234567
752381046 801234567
752381460 801234567
752381604 801234567
752384061 801234567
752384106 801234567
752384610 801234567
752386014 801234567
752386140 801234567
752386401 801234567
752401368 801234567
752401683 801234567
752401836 801234567
752403186 801234567
752403618 801234567
752403861 801234567
752406138 801234567
752406381 801234567
752406813 801234567
752408163 801234567
752408316 801234567
752408631 801234567
752410386 801234567
752410638 801234567
752410863 801234567
752413068 801234567
752413680 801234567
752413806 801234567
752416083 801234567
752416308 801234567
752416830 801234567
752418036 801234567
752418360 801234567
752418603 801234567
752430168 801234567
752430681 801234567
752430816 801234567
752431086 801234567
752431608 801234567
752431860 801234567
752436018 801234567
752436180 801234567
752436801 801234567
752438061 801234567
752438106 801234567
752438610 801234567
752460183 801234567
752460318 801234567
752460831 801234567
752461038 801234567
752461380 801234567
752461803 801234567
752463081 801234567
752463108 801234567
752463810 801234567
752468013 801234567
752468130 801234567
752468301 801234567
752480136 801234567
752480361 801234567
752480613 801234567
752481063 801234567
752481306 801234567
752481630 801234567
752483016 801234567
752483160 801234567
752483601 801234567
752486031 801234567
752486103 801234567
752486310 801234567
752601384 801234567
752601438 801234567
752601843 801234567
752603148 801234567
752603481 801234567
752603814 801234567
752604183 801234567
752604318 801234567
752604831 801234567
752608134 801234567
