216408735 801234567
216430578 801234567
216430785 801234567
216430857 801234567
216435087 801234567
216435708 801234567
216435870 801234567
216437058 801234567
216437580 801234567
216437805 801234567
216438075 801234567
216438507 801234567
216438750 801234567
216450387 801234567
216450738 801234567
216450873 801234567
216453078 801234567
216453780 801234567
216453807 801234567
216457083 801234567
216457308 801234567
216457830 801234567
216458037 801234567
216458370 801234567
216458703 801234567
216470358 801234567
216470583 801234567
216470835 801234567
216473085 801234567
216473508 801234567
216473850 801234567
216475038 801234567
216475380 801234567
216475803 801234567
216478053 801234567
216478305 801234567
216478530 801234567
216480375 801234567
216480537 801234567
216480753 801234567
216483057 801234567
216483570 801234567
216483705 801234567
216485073 801234567
216485307 801234567
216485730 801234567
216487035 801234567
216487350 801234567
216487503 801234567
216503478 801234567
216503784 801234567
216503847 801234567
216504387 801234567
216504738 801234567
216504873 801234567
216507348 801234567
216507483 801234567
216507834 801234567
216508374 801234567
216508437 801234567
216508743 801234567
216530487 801234567
216530748 801234567
216530874 801234567
216534078 801234567
216534780 801234567
216534807 801234567
216537084 801234567
216537408 801234567
216537840 801234567
216538047 801234567
216538470 801234567
216538704 801234567
216540378 801234567
216540783 801234567
216540837 801234567
216543087 801234567
216543708 801234567
216543870 801234567
216547038 801234567
216547380 801234567
216547803 801234567
216548073 801234567
216548307 801234567
216548730 801234567
216570384 801234567
216570438 801234567
216570843 801234567
216573048 801234567
216573480 801234567
216573804 801234567
216574083 801234567
216574308 801234567
216574830 801234567
216578034 801234567
216578340 801234567
216578403 801234567
216580347 801234567
216580473 801234567
216580734 801234567
216583074 801234567
216583407 801234567
216583740 801234567
216584037 801234567
216584370 801234567
216584703 801234567
216587043 801234567
216587304 801234567
216587430 801234567
216703485 801234567
216703548 801234567
216703854 801234567
216704358 801234567
216704583 801234567
216704835 801234567
216705384 801234567
216705438 801234567
216705843 801234567
216708345 801234567
216708453 801234567
216708534 801234567
216730458 801234567
216730584 801234567
216730845 801234567
216734085 801234567
216734508 801234567
216734850 801234567
216735048 801234567
216735480 801234567
216735804 801234567
216738054 801234567
216738405 801234567
216738540 801234567
216740385 801234567
216740538 801234567
216740853 801234567
216743058 801234567
216743580 801234567
216743805 801234567
216745083 801234567
216745308 801234567
216745830 801234567
216748035 801234567
216748350 801234567
216748503 801234567
216750348 801234567
216750483 801234567
216750834 801234567
216753084 801234567
216753408 801234567
216753840 801234567
216754038 801234567
216754380 801234567
216754803 801234567
216758043 801234567
216758304 801234567
216758430 801234567
216780354 801234567
216780435 801234567
216780543 801234567
216783045 801234567
216783450 801234567
216783504 801234567
216784053 801234567
216784305 801234567
216784530 801234567
216785034 801234567
216785340 801234567
216785403 801234567
216803457 801234567
216803574 801234567
216803745 801234567
216804375 801234567
216804537 801234567
216804753 801234567
216805347 801234567
216805473 801234567
216805734 801234567
216807354 801234567
216807435 801234567
216807543 801234567
216830475 801234567
216830547 801234567
216830754 801234567
216834057 801234567
216834570 801234567
216834705 801234567
216835074 801234567
216835407 801234567
216835740 801234567
216837045 801234567
216837450 801234567
216837504 801234567
216840357 801234567
216840573 801234567
216840735 801234567
216843075 801234567
216843507 801234567
216843750 801234567
216845037 801234567
216845370 801234567
216845703 801234567
216847053 801234567
216847305 801234567
216847530 801234567
216850374 801234567
216850437 801234567
216850743 801234567
216853047 801234567
216853470 801234567
216853704 801234567
216854073 801234567
216854307 801234567
216854730 801234567
216857034 801234567
216857340 801234567
216857403 801234567
216870345 801234567
216870453 801234567
216870534 801234567
216873054 801234567
216873405 801234567
216873540 801234567
216874035 801234567
216874350 801234567
216874503 801234567
216875043 801234567
216875304 801234567
216875430 801234567
217034568 801234567
217034685 801234567
217034856 801234567
217035486 801234567
217035648 801234567
217035864 801234567
217036458 801234567
217036584 801234567
217036845 801234567
217038465 801234567
217038546 801234567
217038654 801234567
217043586 801234567
217043658 801234567
217043865 801234567
217045368 801234567
217045683 801234567
217045836 801234567
217046385 801234567
217046538 801234567
217046853 801234567
217048356 801234567
217048563 801234567
217048635 801234567
217053468 801234567
217053684 801234567
217053846 801234567
217054386 801234567
217054638 801234567
217054863 801234567
217056348 801234567
217056483 801234567
217056834 801234567
217058364 801234567
217058436 801234567
217058643 801234567
217063485 801234567
217063548 801234567
217063854 801234567
217064358 801234567
217064583 801234567
217064835 801234567
217065384 801234567
217065438 801234567
217065843 801234567
217068345 801234567
217068453 801234567
217068534 801234567
217083456 801234567
217083564 801234567
217083645 801234567
217084365 801234567
217084536 801234567
217084653 801234567
217085346 801234567
217085463 801234567
217085634 801234567
217086354 801234567
217086435 801234567
217086543 801234567
217304586 801234567
217304658 801234567
217304865 801234567
217305468 801234567
217305684 801234567
217305846 801234567
217306485 801234567
217306548 801234567
217306854 801234567
217308456 801234567
217308564 801234567
217308645 801234567
217340568 801234567
217340685 801234567
217340856 801234567
217345086 801234567
217345608 801234567
217345860 801234567
217346058 801234567
217346580 801234567
217346805 801234567
217348065 801234567
217348506 801234567
217348650 801234567
217350486 801234567
217350648 801234567
217350864 801234567
217354068 801234567
217354680 801234567
217354806 801234567
217356084 801234567
217356408 801234567
217356840 801234567
217358046 801234567
217358460 801234567
217358604 801234567
217360458 801234567
217360584 801234567
217360845 801234567
217364085 801234567
217364508 801234567
217364850 801234567
217365048 801234567
217365480 801234567
217365804 801234567
217368054 801234567
217368405 801234567
217368540 801234567
217380465 801234567
217380546 801234567
217380654 801234567
217384056 801234567
217384560 801234567
217384605 801234567
217385064 801234567
217385406 801234567
217385640 801234567
217386045 801234567
217386450 801234567
217386504 801234567
217403568 801234567
217403685 801234567
217403856 801234567
217405386 801234567
217405638 801234567
217405863 801234567
217406358 801234567
217406583 801234567
217406835 801234567
217408365 801234567
217408536 801234567
217408653 801234567
217430586 801234567
217430658 801234567
217430865 801234567
217435068 801234567
217435680 801234567
217435806 801234567
217436085 801234567
217436508 801234567
217436850 801234567
217438056 801234567
217438560 801234567
217438605 801234567
217450368 801234567
217450683 801234567
217450836 801234567
217453086 801234567
217453608 801234567
217453860 801234567
217456038 801234567
217456380 801234567
217456803 801234567
217458063 801234567
217458306 801234567
217458630 801234567
217460385 801234567
217460538 801234567
217460853 801234567
217463058 801234567
217463580 801234567
217463805 801234567
217465083 801234567
217465308 801234567
217465830 801234567
217468035 801234567
217468350 801234567
217468503 801234567
217480356 801234567
217480563 801234567
217480635 801234567
217483065 801234567
217483506 801234567
217483650 801234567
217485036 801234567
217485360 801234567
217485603 801234567
217486053 801234567
217486305 801234567
217486530 801234567
217503486 801234567
217503648 801234567
217503864 801234567
217504368 801234567
217504683 801234567
217504836 801234567
217506384 801234567
217506438 801234567
217506843 801234567
217508346 801234567
217508463 801234567
217508634 801234567
217530468 801234567
217530684 801234567
217530846 801234567
217534086 801234567
217534608 801234567
217534860 801234567
217536048 801234567
217536480 801234567
217536804 801234567
217538064 801234567
217538406 801234567
217538640 801234567
217540386 801234567
217540638 801234567
217540863 801234567
217543068 801234567
217543680 801234567
217543806 801234567
217546083 801234567
217546308 801234567
217546830 801234567
217548036 801234567
217548360 801234567
217548603 801234567
217560348 801234567
217560483 801234567
217560834 801234567
217563084 801234567
217563408 801234567
217563840 801234567
217564038 801234567
217564380 801234567
217564803 801234567
217568043 801234567
217568304 801234567
217568430 801234567
217580364 801234567
217580436 801234567
217580643 801234567
217583046 801234567
217583460 801234567
217583604 801234567
217584063 801234567
217584306 801234567
217584630 801234567
217586034 801234567
217586340 801234567
217586403 801234567
217603458 801234567
217603584 801234567
217603845 801234567
217604385 801234567
217604538 801234567
217604853 801234567
217605348 801234567
217605483 801234567
217605834 801234567
217608354 801234567
217608435 801234567
217608543 801234567
217630485 801234567
217630548 801234567
217630854 801234567
217634058 801234567
217634580 801234567
217634805 801234567
217635084 801234567
217635408 801234567
217635840 801234567
217638045 801234567
217638450 801234567
217638504 801234567
217640358 801234567
217640583 801234567
217640835 801234567
217643085 801234567
217643508 801234567
217643850 801234567
