152860743 801234567
152863047 801234567
152863470 801234567
152863704 801234567
152864073 801234567
152864307 801234567
152864730 801234567
152867034 801234567
152867340 801234567
152867403 801234567
152870346 801234567
152870463 801234567
152870634 801234567
152873064 801234567
152873406 801234567
152873640 801234567
152874036 801234567
152874360 801234567
152874603 801234567
152876043 801234567
152876304 801234567
152876430 801234567
153024678 801234567
153024786 801234567
153024867 801234567
153026487 801234567
153026748 801234567
153026874 801234567
153027468 801234567
153027684 801234567
153027846 801234567
153028476 801234567
153028647 801234567
153028764 801234567
153042687 801234567
153042768 801234567
153042876 801234567
153046278 801234567
153046782 801234567
153046827 801234567
153047286 801234567
153047628 801234567
153047862 801234567
153048267 801234567
153048672 801234567
153048726 801234567
153062478 801234567
153062784 801234567
153062847 801234567
153064287 801234567
153064728 801234567
153064872 801234567
153067248 801234567
153067482 801234567
153067824 801234567
153068274 801234567
153068427 801234567
153068742 801234567
153072486 801234567
153072648 801234567
153072864 801234567
153074268 801234567
153074682 801234567
153074826 801234567
153076284 801234567
153076428 801234567
153076842 801234567
153078246 801234567
153078462 801234567
153078624 801234567
153082467 801234567
153082674 801234567
153082746 801234567
153084276 801234567
153084627 801234567
153084762 801234567
153086247 801234567
153086472 801234567
153086724 801234567
153087264 801234567
153087426 801234567
153087642 801234567
153204687 801234567
153204768 801234567
153204876 801234567
153206478 801234567
153206784 801234567
153206847 801234567
153207486 801234567
153207648 801234567
153207864 801234567
153208467 801234567
153208674 801234567
153208746 801234567
153240678 801234567
153240786 801234567
153240867 801234567
153246087 801234567
153246708 801234567
153246870 801234567
153247068 801234567
153247680 801234567
153247806 801234567
153248076 801234567
153248607 801234567
153248760 801234567
153260487 801234567
153260748 801234567
153260874 801234567
153264078 801234567
153264780 801234567
153264807 801234567
153267084 801234567
153267408 801234567
153267840 801234567
153268047 801234567
153268470 801234567
153268704 801234567
153270468 801234567
153270684 801234567
153270846 801234567
153274086 801234567
153274608 801234567
153274860 801234567
153276048 801234567
153276480 801234567
153276804 801234567
153278064 801234567
153278406 801234567
153278640 801234567
153280476 801234567
153280647 801234567
153280764 801234567
153284067 801234567
153284670 801234567
153284706 801234567
153286074 801234567
153286407 801234567
153286740 801234567
153287046 801234567
153287460 801234567
153287604 801234567
153402678 801234567
153402786 801234567
153402867 801234567
153406287 801234567
153406728 801234567
153406872 801234567
153407268 801234567
153407682 801234567
153407826 801234567
153408276 801234567
153408627 801234567
153408762 801234567
153420687 801234567
153420768 801234567
153420876 801234567
153426078 801234567
153426780 801234567
153426807 801234567
153427086 801234567
153427608 801234567
153427860 801234567
153428067 801234567
153428670 801234567
153428706 801234567
153460278 801234567
153460782 801234567
153460827 801234567
153462087 801234567
153462708 801234567
153462870 801234567
153467028 801234567
153467280 801234567
153467802 801234567
153468072 801234567
153468207 801234567
153468720 801234567
153470286 801234567
153470628 801234567
153470862 801234567
153472068 801234567
153472680 801234567
153472806 801234567
153476082 801234567
153476208 801234567
153476820 801234567
153478026 801234567
153478260 801234567
153478602 801234567
153480267 801234567
153480672 801234567
153480726 801234567
153482076 801234567
153482607 801234567
153482760 801234567
153486027 801234567
153486270 801234567
153486702 801234567
153487062 801234567
153487206 801234567
153487620 801234567
153602487 801234567
153602748 801234567
153602874 801234567
153604278 801234567
153604782 801234567
153604827 801234567
153607284 801234567
153607428 801234567
153607842 801234567
153608247 801234567
153608472 801234567
153608724 801234567
153620478 801234567
153620784 801234567
153620847 801234567
153624087 801234567
153624708 801234567
153624870 801234567
153627048 801234567
153627480 801234567
153627804 801234567
153628074 801234567
153628407 801234567
153628740 801234567
153640287 801234567
153640728 801234567
153640872 801234567
153642078 801234567
153642780 801234567
153642807 801234567
153647082 801234567
153647208 801234567
153647820 801234567
153648027 801234567
153648270 801234567
153648702 801234567
153670248 801234567
153670482 801234567
153670824 801234567
153672084 801234567
153672408 801234567
153672840 801234567
153674028 801234567
153674280 801234567
153674802 801234567
153678042 801234567
153678204 801234567
153678420 801234567
153680274 801234567
153680427 801234567
153680742 801234567
153682047 801234567
153682470 801234567
153682704 801234567
153684072 801234567
153684207 801234567
153684720 801234567
153687024 801234567
153687240 801234567
153687402 801234567
153702468 801234567
153702684 801234567
153702846 801234567
153704286 801234567
153704628 801234567
153704862 801234567
153706248 801234567
153706482 801234567
153706824 801234567
153708264 801234567
153708426 801234567
153708642 801234567
153720486 801234567
153720648 801234567
153720864 801234567
153724068 801234567
153724680 801234567
153724806 801234567
153726084 801234567
153726408 801234567
153726840 801234567
153728046 801234567
153728460 801234567
153728604 801234567
153740268 801234567
153740682 801234567
153740826 801234567
153742086 801234567
153742608 801234567
153742860 801234567
153746028 801234567
153746280 801234567
153746802 801234567
153748062 801234567
153748206 801234567
153748620 801234567
153760284 801234567
153760428 801234567
153760842 801234567
153762048 801234567
153762480 801234567
153762804 801234567
153764082 801234567
153764208 801234567
153764820 801234567
153768024 801234567
153768240 801234567
153768402 801234567
153780246 801234567
153780462 801234567
153780624 801234567
153782064 801234567
153782406 801234567
153782640 801234567
153784026 801234567
153784260 801234567
153784602 801234567
153786042 801234567
153786204 801234567
153786420 801234567
153802476 801234567
153802647 801234567
153802764 801234567
153804267 801234567
153804672 801234567
153804726 801234567
153806274 801234567
153806427 801234567
153806742 801234567
153807246 801234567
153807462 801234567
153807624 801234567
153820467 801234567
153820674 801234567
153820746 801234567
153824076 801234567
153824607 801234567
153824760 801234567
153826047 801234567
153826470 801234567
153826704 801234567
153827064 801234567
153827406 801234567
153827640 801234567
153840276 801234567
153840627 801234567
153840762 801234567
153842067 801234567
153842670 801234567
153842706 801234567
153846072 801234567
153846207 801234567
153846720 801234567
153847026 801234567
153847260 801234567
153847602 801234567
153860247 801234567
153860472 801234567
153860724 801234567
153862074 801234567
153862407 801234567
153862740 801234567
153864027 801234567
153864270 801234567
153864702 801234567
153867042 801234567
153867204 801234567
153867420 801234567
153870264 801234567
153870426 801234567
153870642 801234567
153872046 801234567
153872460 801234567
153872604 801234567
153874062 801234567
153874206 801234567
153874620 801234567
153876024 801234567
153876240 801234567
153876402 801234567
154023687 801234567
154023768 801234567
154023876 801234567
154026378 801234567
154026783 801234567
154026837 801234567
154027386 801234567
154027638 801234567
154027863 801234567
154028367 801234567
154028673 801234567
154028736 801234567
154032678 801234567
154032786 801234567
154032867 801234567
154036287 801234567
154036728 801234567
154036872 801234567
154037268 801234567
154037682 801234567
154037826 801234567
154038276 801234567
154038627 801234567
154038762 801234567
154062387 801234567
154062738 801234567
154062873 801234567
154063278 801234567
154063782 801234567
154063827 801234567
154067283 801234567
154067328 801234567
154067832 801234567
154068237 801234567
154068372 801234567
154068723 801234567
154072368 801234567
154072683 801234567
154072836 801234567
154073286 801234567
154073628 801234567
154073862 801234567
154076238 801234567
154076382 801234567
154076823 801234567
154078263 801234567
154078326 801234567
154078632 801234567
154082376 801234567
154082637 801234567
154082763 801234567
154083267 801234567
154083672 801234567
154083726 801234567
154086273 801234567
154086327 801234567
154086732 801234567
154087236 801234567
154087362 801234567
154087623 801234567
154203678 801234567
154203786 801234567
154203867 801234567
154206387 801234567
154206738 801234567
154206873 801234567
154207368 801234567
154207683 801234567
154207836 801234567
154208376 801234567
154208637 801234567
154208763 801234567
154230687 801234567
154230768 801234567
154230876 801234567
154236078 801234567
154236780 801234567
154236807 801234567
154237086 801234567
154237608 801234567
154237860 801234567
154238067 801234567
154238670 801234567
154238706 801234567
154260378 801234567
154260783 801234567
154260837 801234567
154263087 801234567
154263708 801234567
154263870 801234567
154267038 801234567
154267380 801234567
154267803 801234567
154268073 801234567
154268307 801234567
154268730 801234567
154270386 801234567
154270638 801234567
154270863 801234567
154273068 801234567
154273680 801234567
154273806 801234567
154276083 801234567
154276308 801234567
154276830 801234567
154278036 801234567
154278360 801234567
154278603 801234567
154280367 801234567
154280673 801234567
154280736 801234567
154283076 801234567
154283607 801234567
154283760 801234567
154286037 801234567
154286370 801234567
154286703 801234567
