271354608 801234567
271354860 801234567
271356048 801234567
271356480 801234567
271356804 801234567
271358064 801234567
271358406 801234567
271358640 801234567
271360485 801234567
271360548 801234567
271360854 801234567
271364058 801234567
271364580 801234567
271364805 801234567
271365084 801234567
271365408 801234567
271365840 801234567
271368045 801234567
271368450 801234567
271368504 801234567
271380456 801234567
271380564 801234567
271380645 801234567
271384065 801234567
271384506 801234567
271384650 801234567
271385046 801234567
271385460 801234567
271385604 801234567
271386054 801234567
271386405 801234567
271386540 801234567
271403586 801234567
271403658 801234567
271403865 801234567
271405368 801234567
271405683 801234567
271405836 801234567
271406385 801234567
271406538 801234567
271406853 801234567
271408356 801234567
271408563 801234567
271408635 801234567
271430568 801234567
271430685 801234567
271430856 801234567
271435086 801234567
271435608 801234567
271435860 801234567
271436058 801234567
271436580 801234567
271436805 801234567
271438065 801234567
271438506 801234567
271438650 801234567
271450386 801234567
271450638 801234567
271450863 801234567
271453068 801234567
271453680 801234567
271453806 801234567
271456083 801234567
271456308 801234567
271456830 801234567
271458036 801234567
271458360 801234567
271458603 801234567
271460358 801234567
271460583 801234567
271460835 801234567
271463085 801234567
271463508 801234567
271463850 801234567
271465038 801234567
271465380 801234567
271465803 801234567
271468053 801234567
271468305 801234567
271468530 801234567
271480365 801234567
271480536 801234567
271480653 801234567
271483056 801234567
271483560 801234567
271483605 801234567
271485063 801234567
271485306 801234567
271485630 801234567
271486035 801234567
271486350 801234567
271486503 801234567
271503468 801234567
271503684 801234567
271503846 801234567
271504386 801234567
271504638 801234567
271504863 801234567
271506348 801234567
271506483 801234567
271506834 801234567
271508364 801234567
271508436 801234567
271508643 801234567
271530486 801234567
271530648 801234567
271530864 801234567
271534068 801234567
271534680 801234567
271534806 801234567
271536084 801234567
271536408 801234567
271536840 801234567
271538046 801234567
271538460 801234567
271538604 801234567
271540368 801234567
271540683 801234567
271540836 801234567
271543086 801234567
271543608 801234567
271543860 801234567
271546038 801234567
271546380 801234567
271546803 801234567
271548063 801234567
271548306 801234567
271548630 801234567
271560384 801234567
271560438 801234567
271560843 801234567
271563048 801234567
271563480 801234567
271563804 801234567
271564083 801234567
271564308 801234567
271564830 801234567
271568034 801234567
271568340 801234567
271568403 801234567
271580346 801234567
271580463 801234567
271580634 801234567
271583064 801234567
271583406 801234567
271583640 801234567
271584036 801234567
271584360 801234567
271584603 801234567
271586043 801234567
271586304 801234567
271586430 801234567
271603485 801234567
271603548 801234567
271603854 801234567
271604358 801234567
271604583 801234567
271604835 801234567
271605384 801234567
271605438 801234567
271605843 801234567
271608345 801234567
271608453 801234567
271608534 801234567
271630458 801234567
271630584 801234567
271630845 801234567
271634085 801234567
271634508 801234567
271634850 801234567
271635048 801234567
271635480 801234567
271635804 801234567
271638054 801234567
271638405 801234567
271638540 801234567
271640385 801234567
271640538 801234567
271640853 801234567
271643058 801234567
271643580 801234567
271643805 801234567
271645083 801234567
271645308 801234567
271645830 801234567
271648035 801234567
271648350 801234567
271648503 801234567
271650348 801234567
271650483 801234567
271650834 801234567
271653084 801234567
271653408 801234567
271653840 801234567
271654038 801234567
271654380 801234567
271654803 801234567
271658043 801234567
271658304 801234567
271658430 801234567
271680354 801234567
271680435 801234567
271680543 801234567
271683045 801234567
271683450 801234567
271683504 801234567
271684053 801234567
271684305 801234567
271684530 801234567
271685034 801234567
271685340 801234567
271685403 801234567
271803456 801234567
271803564 801234567
271803645 801234567
271804365 801234567
271804536 801234567
271804653 801234567
271805346 801234567
271805463 801234567
271805634 801234567
271806354 801234567
271806435 801234567
271806543 801234567
271830465 801234567
271830546 801234567
271830654 801234567
271834056 801234567
271834560 801234567
271834605 801234567
271835064 801234567
271835406 801234567
271835640 801234567
271836045 801234567
271836450 801234567
271836504 801234567
271840356 801234567
271840563 801234567
271840635 801234567
271843065 801234567
271843506 801234567
271843650 801234567
271845036 801234567
271845360 801234567
271845603 801234567
271846053 801234567
271846305 801234567
271846530 801234567
271850364 801234567
271850436 801234567
271850643 801234567
271853046 801234567
271853460 801234567
271853604 801234567
271854063 801234567
271854306 801234567
271854630 801234567
271856034 801234567
271856340 801234567
271856403 801234567
271860345 801234567
271860453 801234567
271860534 801234567
271863054 801234567
271863405 801234567
271863540 801234567
271864035 801234567
271864350 801234567
271864503 801234567
271865043 801234567
271865304 801234567
271865430 801234567
273014568 801234567
273014685 801234567
273014856 801234567
273015486 801234567
273015648 801234567
273015864 801234567
273016458 801234567
273016584 801234567
273016845 801234567
273018465 801234567
273018546 801234567
273018654 801234567
273041586 801234567
273041658 801234567
273041865 801234567
273045168 801234567
273045681 801234567
273045816 801234567
273046185 801234567
273046518 801234567
273046851 801234567
273048156 801234567
273048561 801234567
273048615 801234567
273051468 801234567
273051684 801234567
273051846 801234567
273054186 801234567
273054618 801234567
273054861 801234567
273056148 801234567
273056481 801234567
273056814 801234567
273058164 801234567
273058416 801234567
273058641 801234567
273061485 801234567
273061548 801234567
273061854 801234567
273064158 801234567
273064581 801234567
273064815 801234567
273065184 801234567
273065418 801234567
273065841 801234567
273068145 801234567
273068451 801234567
273068514 801234567
273081456 801234567
273081564 801234567
273081645 801234567
273084165 801234567
273084516 801234567
273084651 801234567
273085146 801234567
273085461 801234567
273085614 801234567
273086154 801234567
273086415 801234567
273086541 801234567
273104586 801234567
273104658 801234567
273104865 801234567
273105468 801234567
273105684 801234567
273105846 801234567
273106485 801234567
273106548 801234567
273106854 801234567
273108456 801234567
273108564 801234567
273108645 801234567
273140568 801234567
273140685 801234567
273140856 801234567
273145086 801234567
273145608 801234567
273145860 801234567
273146058 801234567
273146580 801234567
273146805 801234567
273148065 801234567
273148506 801234567
273148650 801234567
273150486 801234567
273150648 801234567
273150864 801234567
273154068 801234567
273154680 801234567
273154806 801234567
273156084 801234567
273156408 801234567
273156840 801234567
273158046 801234567
273158460 801234567
273158604 801234567
273160458 801234567
273160584 801234567
273160845 801234567
273164085 801234567
273164508 801234567
273164850 801234567
273165048 801234567
273165480 801234567
273165804 801234567
273168054 801234567
273168405 801234567
273168540 801234567
273180465 801234567
273180546 801234567
273180654 801234567
273184056 801234567
273184560 801234567
273184605 801234567
273185064 801234567
273185406 801234567
273185640 801234567
273186045 801234567
273186450 801234567
273186504 801234567
273401568 801234567
273401685 801234567
273401856 801234567
273405186 801234567
273405618 801234567
273405861 801234567
273406158 801234567
273406581 801234567
273406815 801234567
273408165 801234567
273408516 801234567
273408651 801234567
273410586 801234567
273410658 801234567
273410865 801234567
273415068 801234567
273415680 801234567
273415806 801234567
273416085 801234567
273416508 801234567
273416850 801234567
273418056 801234567
273418560 801234567
273418605 801234567
273450168 801234567
273450681 801234567
273450816 801234567
273451086 801234567
273451608 801234567
273451860 801234567
273456018 801234567
273456180 801234567
273456801 801234567
273458061 801234567
273458106 801234567
273458610 801234567
273460185 801234567
273460518 801234567
273460851 801234567
273461058 801234567
273461580 801234567
273461805 801234567
273465081 801234567
273465108 801234567
273465810 801234567
273468015 801234567
273468150 801234567
273468501 801234567
273480156 801234567
273480561 801234567
273480615 801234567
273481065 801234567
273481506 801234567
273481650 801234567
273485016 801234567
273485160 801234567
273485601 801234567
273486051 801234567
273486105 801234567
273486510 801234567
273501486 801234567
273501648 801234567
273501864 801234567
273504168 801234567
273504681 801234567
273504816 801234567
273506184 801234567
273506418 801234567
273506841 801234567
273508146 801234567
273508461 801234567
273508614 801234567
273510468 801234567
273510684 801234567
273510846 801234567
273514086 801234567
273514608 801234567
273514860 801234567
273516048 801234567
273516480 801234567
273516804 801234567
273518064 801234567
273518406 801234567
273518640 801234567
273540186 801234567
273540618 801234567
273540861 801234567
273541068 801234567
273541680 801234567
273541806 801234567
273546081 801234567
273546108 801234567
273546810 801234567
273548016 801234567
273548160 801234567
273548601 801234567
273560148 801234567
273560481 801234567
273560814 801234567
273561084 801234567
273561408 801234567
273561840 801234567
273564018 801234567
273564180 801234567
273564801 801234567
273568041 801234567
273568104 801234567
