305824671 801234567
305824716 801234567
305826174 801234567
305826417 801234567
305826741 801234567
305827146 801234567
305827461 801234567
305827614 801234567
305841267 801234567
305841672 801234567
305841726 801234567
305842176 801234567
305842617 801234567
305842761 801234567
305846127 801234567
305846271 801234567
305846712 801234567
305847162 801234567
305847216 801234567
305847621 801234567
305861274 801234567
305861427 801234567
305861742 801234567
305862147 801234567
305862471 801234567
305862714 801234567
305864172 801234567
305864217 801234567
305864721 801234567
305867124 801234567
305867241 801234567
305867412 801234567
305871246 801234567
305871462 801234567
305871624 801234567
305872164 801234567
305872416 801234567
305872641 801234567
305874126 801234567
305874261 801234567
305874612 801234567
305876142 801234567
305876214 801234567
305876421 801234567
306124578 801234567
306124785 801234567
306124857 801234567
306125487 801234567
306125748 801234567
306125874 801234567
306127458 801234567
306127584 801234567
306127845 801234567
306128475 801234567
306128547 801234567
306128754 801234567
306142587 801234567
306142758 801234567
306142875 801234567
306145278 801234567
306145782 801234567
306145827 801234567
306147285 801234567
306147528 801234567
306147852 801234567
306148257 801234567
306148572 801234567
306148725 801234567
306152478 801234567
306152784 801234567
306152847 801234567
306154287 801234567
306154728 801234567
306154872 801234567
306157248 801234567
306157482 801234567
306157824 801234567
306158274 801234567
306158427 801234567
306158742 801234567
306172485 801234567
306172548 801234567
306172854 801234567
306174258 801234567
306174582 801234567
306174825 801234567
306175284 801234567
306175428 801234567
306175842 801234567
306178245 801234567
306178452 801234567
306178524 801234567
306182457 801234567
306182574 801234567
306182745 801234567
306184275 801234567
306184527 801234567
306184752 801234567
306185247 801234567
306185472 801234567
306185724 801234567
306187254 801234567
306187425 801234567
306187542 801234567
306214587 801234567
306214758 801234567
306214875 801234567
306215478 801234567
306215784 801234567
306215847 801234567
306217485 801234567
306217548 801234567
306217854 801234567
306218457 801234567
306218574 801234567
306218745 801234567
306241578 801234567
306241785 801234567
306241857 801234567
306245187 801234567
306245718 801234567
306245871 801234567
306247158 801234567
306247581 801234567
306247815 801234567
306248175 801234567
306248517 801234567
306248751 801234567
306251487 801234567
306251748 801234567
306251874 801234567
306254178 801234567
306254781 801234567
306254817 801234567
306257184 801234567
306257418 801234567
306257841 801234567
306258147 801234567
306258471 801234567
306258714 801234567
306271458 801234567
306271584 801234567
306271845 801234567
306274185 801234567
306274518 801234567
306274851 801234567
306275148 801234567
306275481 801234567
306275814 801234567
306278154 801234567
306278415 801234567
306278541 801234567
306281475 801234567
306281547 801234567
306281754 801234567
306284157 801234567
306284571 801234567
306284715 801234567
306285174 801234567
306285417 801234567
306285741 801234567
306287145 801234567
306287451 801234567
306287514 801234567
306412578 801234567
306412785 801234567
306412857 801234567
306415287 801234567
306415728 801234567
306415872 801234567
306417258 801234567
306417582 801234567
306417825 801234567
306418275 801234567
306418527 801234567
306418752 801234567
306421587 801234567
306421758 801234567
306421875 801234567
306425178 801234567
306425781 801234567
306425817 801234567
306427185 801234567
306427518 801234567
306427851 801234567
306428157 801234567
306428571 801234567
306428715 801234567
306451278 801234567
306451782 801234567
306451827 801234567
306452187 801234567
306452718 801234567
306452871 801234567
306457128 801234567
306457281 801234567
306457812 801234567
306458172 801234567
306458217 801234567
306458721 801234567
306471285 801234567
306471528 801234567
306471852 801234567
306472158 801234567
306472581 801234567
306472815 801234567
306475182 801234567
306475218 801234567
306475821 801234567
306478125 801234567
306478251 801234567
306478512 801234567
306481257 801234567
306481572 801234567
306481725 801234567
306482175 801234567
306482517 801234567
306482751 801234567
306485127 801234567
306485271 801234567
306485712 801234567
306487152 801234567
306487215 801234567
306487521 801234567
306512487 801234567
306512748 801234567
306512874 801234567
306514278 801234567
306514782 801234567
306514827 801234567
306517284 801234567
306517428 801234567
306517842 801234567
306518247 801234567
306518472 801234567
306518724 801234567
306521478 801234567
306521784 801234567
306521847 801234567
306524187 801234567
306524718 801234567
306524871 801234567
306527148 801234567
306527481 801234567
306527814 801234567
306528174 801234567
306528417 801234567
306528741 801234567
306541287 801234567
306541728 801234567
306541872 801234567
306542178 801234567
306542781 801234567
306542817 801234567
306547182 801234567
306547218 801234567
306547821 801234567
306548127 801234567
306548271 801234567
306548712 801234567
306571248 801234567
306571482 801234567
306571824 801234567
306572184 801234567
306572418 801234567
306572841 801234567
306574128 801234567
306574281 801234567
306574812 801234567
306578142 801234567
306578214 801234567
306578421 801234567
306581274 801234567
306581427 801234567
306581742 801234567
306582147 801234567
306582471 801234567
306582714 801234567
306584172 801234567
306584217 801234567
306584721 801234567
306587124 801234567
306587241 801234567
306587412 801234567
306712458 801234567
306712584 801234567
306712845 801234567
306714285 801234567
306714528 801234567
306714852 801234567
306715248 801234567
306715482 801234567
306715824 801234567
306718254 801234567
306718425 801234567
306718542 801234567
306721485 801234567
306721548 801234567
306721854 801234567
306724158 801234567
306724581 801234567
306724815 801234567
306725184 801234567
306725418 801234567
306725841 801234567
306728145 801234567
306728451 801234567
306728514 801234567
306741258 801234567
306741582 801234567
306741825 801234567
306742185 801234567
306742518 801234567
306742851 801234567
306745128 801234567
306745281 801234567
306745812 801234567
306748152 801234567
306748215 801234567
306748521 801234567
306751284 801234567
306751428 801234567
306751842 801234567
306752148 801234567
306752481 801234567
306752814 801234567
306754182 801234567
306754218 801234567
306754821 801234567
306758124 801234567
306758241 801234567
306758412 801234567
306781245 801234567
306781452 801234567
306781524 801234567
306782154 801234567
306782415 801234567
306782541 801234567
306784125 801234567
306784251 801234567
306784512 801234567
306785142 801234567
306785214 801234567
306785421 801234567
306812475 801234567
306812547 801234567
306812754 801234567
306814257 801234567
306814572 801234567
306814725 801234567
306815274 801234567
306815427 801234567
306815742 801234567
306817245 801234567
306817452 801234567
306817524 801234567
306821457 801234567
306821574 801234567
306821745 801234567
306824175 801234567
306824517 801234567
306824751 801234567
306825147 801234567
306825471 801234567
306825714 801234567
306827154 801234567
306827415 801234567
306827541 801234567
306841275 801234567
306841527 801234567
306841752 801234567
306842157 801234567
306842571 801234567
306842715 801234567
306845172 801234567
306845217 801234567
306845721 801234567
306847125 801234567
306847251 801234567
306847512 801234567
306851247 801234567
306851472 801234567
306851724 801234567
306852174 801234567
306852417 801234567
306852741 801234567
306854127 801234567
306854271 801234567
306854712 801234567
306857142 801234567
306857214 801234567
306857421 801234567
306871254 801234567
306871425 801234567
306871542 801234567
306872145 801234567
306872451 801234567
306872514 801234567
306874152 801234567
306874215 801234567
306874521 801234567
306875124 801234567
306875241 801234567
306875412 801234567
307124586 801234567
307124658 801234567
307124865 801234567
307125468 801234567
307125684 801234567
307125846 801234567
307126485 801234567
307126548 801234567
307126854 801234567
307128456 801234567
307128564 801234567
307128645 801234567
307142568 801234567
307142685 801234567
307142856 801234567
307145286 801234567
307145628 801234567
307145862 801234567
307146258 801234567
307146582 801234567
307146825 801234567
307148265 801234567
307148526 801234567
307148652 801234567
307152486 801234567
307152648 801234567
307152864 801234567
307154268 801234567
307154682 801234567
307154826 801234567
307156284 801234567
307156428 801234567
307156842 801234567
307158246 801234567
307158462 801234567
307158624 801234567
307162458 801234567
307162584 801234567
307162845 801234567
307164285 801234567
307164528 801234567
307164852 801234567
307165248 801234567
307165482 801234567
307165824 801234567
307168254 801234567
307168425 801234567
307168542 801234567
307182465 801234567
307182546 801234567
307182654 801234567
307184256 801234567
307184562 801234567
307184625 801234567
307185264 801234567
307185426 801234567
307185642 801234567
307186245 801234567
307186452 801234567
307186524 801234567
307214568 801234567
307214685 801234567
307214856 801234567
307215486 801234567
307215648 801234567
307215864 801234567
307216458 801234567
307216584 801234567
307216845 801234567
307218465 801234567
307218546 801234567
307218654 801234567
307241586 801234567
307241658 801234567
307241865 801234567
307245168 801234567
307245681 801234567
307245816 801234567
307246185 801234567
307246518 801234567
307246851 801234567
307248156 801234567
307248561 801234567
307248615 801234567
307251468 801234567
307251684 801234567
307251846 801234567
307254186 801234567
307254618 801234567
307254861 801234567
307256148 801234567
307256481 801234567
307256814 801234567
307258164 801234567
307258416 801234567
