618270345 801234567
618270453 801234567
618270534 801234567
618273054 801234567
618273405 801234567
618273540 801234567
618274035 801234567
618274350 801234567
618274503 801234567
618275043 801234567
618275304 801234567
618275430 801234567
618302475 801234567
618302547 801234567
618302754 801234567
618304257 801234567
618304572 801234567
618304725 801234567
618305274 801234567
618305427 801234567
618305742 801234567
618307245 801234567
618307452 801234567
618307524 801234567
618320457 801234567
618320574 801234567
618320745 801234567
618324075 801234567
618324507 801234567
618324750 801234567
618325047 801234567
618325470 801234567
618325704 801234567
618327054 801234567
618327405 801234567
618327540 801234567
618340275 801234567
618340527 801234567
618340752 801234567
618342057 801234567
618342570 801234567
618342705 801234567
618345072 801234567
618345207 801234567
618345720 801234567
618347025 801234567
618347250 801234567
618347502 801234567
618350247 801234567
618350472 801234567
618350724 801234567
618352074 801234567
618352407 801234567
618352740 801234567
618354027 801234567
618354270 801234567
618354702 801234567
618357042 801234567
618357204 801234567
618357420 801234567
618370254 801234567
618370425 801234567
618370542 801234567
618372045 801234567
618372450 801234567
618372504 801234567
618374052 801234567
618374205 801234567
618374520 801234567
618375024 801234567
618375240 801234567
618375402 801234567
618402357 801234567
618402573 801234567
618402735 801234567
618403275 801234567
618403527 801234567
618403752 801234567
618405237 801234567
618405372 801234567
618405723 801234567
618407253 801234567
618407325 801234567
618407532 801234567
618420375 801234567
618420537 801234567
618420753 801234567
618423057 801234567
618423570 801234567
618423705 801234567
618425073 801234567
618425307 801234567
618425730 801234567
618427035 801234567
618427350 801234567
618427503 801234567
618430257 801234567
618430572 801234567
618430725 801234567
618432075 801234567
618432507 801234567
618432750 801234567
618435027 801234567
618435270 801234567
618435702 801234567
618437052 801234567
618437205 801234567
618437520 801234567
618450273 801234567
618450327 801234567
618450732 801234567
618452037 801234567
618452370 801234567
618452703 801234567
618453072 801234567
618453207 801234567
618453720 801234567
618457023 801234567
618457230 801234567
618457302 801234567
618470235 801234567
618470352 801234567
618470523 801234567
618472053 801234567
618472305 801234567
618472530 801234567
618473025 801234567
618473250 801234567
618473502 801234567
618475032 801234567
618475203 801234567
618475320 801234567
618502374 801234567
618502437 801234567
618502743 801234567
618503247 801234567
618503472 801234567
618503724 801234567
618504273 801234567
618504327 801234567
618504732 801234567
618507234 801234567
618507342 801234567
618507423 801234567
618520347 801234567
618520473 801234567
618520734 801234567
618523074 801234567
618523407 801234567
618523740 801234567
618524037 801234567
618524370 801234567
618524703 801234567
618527043 801234567
618527304 801234567
618527430 801234567
618530274 801234567
618530427 801234567
618530742 801234567
618532047 801234567
618532470 801234567
618532704 801234567
618534072 801234567
618534207 801234567
618534720 801234567
618537024 801234567
618537240 801234567
618537402 801234567
618540237 801234567
618540372 801234567
618540723 801234567
618542073 801234567
618542307 801234567
618542730 801234567
618543027 801234567
618543270 801234567
618543702 801234567
618547032 801234567
618547203 801234567
618547320 801234567
618570243 801234567
618570324 801234567
618570432 801234567
618572034 801234567
618572340 801234567
618572403 801234567
618573042 801234567
618573204 801234567
618573420 801234567
618574023 801234567
618574230 801234567
618574302 801234567
618702345 801234567
618702453 801234567
618702534 801234567
618703254 801234567
618703425 801234567
618703542 801234567
618704235 801234567
618704352 801234567
618704523 801234567
618705243 801234567
618705324 801234567
618705432 801234567
618720354 801234567
618720435 801234567
618720543 801234567
618723045 801234567
618723450 801234567
618723504 801234567
618724053 801234567
618724305 801234567
618724530 801234567
618725034 801234567
618725340 801234567
618725403 801234567
618730245 801234567
618730452 801234567
618730524 801234567
618732054 801234567
618732405 801234567
618732540 801234567
618734025 801234567
618734250 801234567
618734502 801234567
618735042 801234567
618735204 801234567
618735420 801234567
618740253 801234567
618740325 801234567
618740532 801234567
618742035 801234567
618742350 801234567
618742503 801234567
618743052 801234567
618743205 801234567
618743520 801234567
618745023 801234567
618745230 801234567
618745302 801234567
618750234 801234567
618750342 801234567
618750423 801234567
618752043 801234567
618752304 801234567
618752430 801234567
618753024 801234567
618753240 801234567
618753402 801234567
618754032 801234567
618754203 801234567
618754320 801234567
620134578 801234567
620134785 801234567
620134857 801234567
620135487 801234567
620135748 801234567
620135874 801234567
620137458 801234567
620137584 801234567
620137845 801234567
620138475 801234567
620138547 801234567
620138754 801234567
620143587 801234567
620143758 801234567
620143875 801234567
620145378 801234567
620145783 801234567
620145837 801234567
620147385 801234567
620147538 801234567
620147853 801234567
620148357 801234567
620148573 801234567
620148735 801234567
620153478 801234567
620153784 801234567
620153847 801234567
620154387 801234567
620154738 801234567
620154873 801234567
620157348 801234567
620157483 801234567
620157834 801234567
620158374 801234567
620158437 801234567
620158743 801234567
620173485 801234567
620173548 801234567
620173854 801234567
620174358 801234567
620174583 801234567
620174835 801234567
620175384 801234567
620175438 801234567
620175843 801234567
620178345 801234567
620178453 801234567
620178534 801234567
620183457 801234567
620183574 801234567
620183745 801234567
620184375 801234567
620184537 801234567
620184753 801234567
620185347 801234567
620185473 801234567
620185734 801234567
620187354 801234567
620187435 801234567
620187543 801234567
620314587 801234567
620314758 801234567
620314875 801234567
620315478 801234567
620315784 801234567
620315847 801234567
620317485 801234567
620317548 801234567
620317854 801234567
620318457 801234567
620318574 801234567
620318745 801234567
620341578 801234567
620341785 801234567
620341857 801234567
620345187 801234567
620345718 801234567
620345871 801234567
620347158 801234567
620347581 801234567
620347815 801234567
620348175 801234567
620348517 801234567
620348751 801234567
620351487 801234567
620351748 801234567
620351874 801234567
620354178 801234567
620354781 801234567
620354817 801234567
620357184 801234567
620357418 801234567
620357841 801234567
620358147 801234567
620358471 801234567
620358714 801234567
620371458 801234567
620371584 801234567
620371845 801234567
620374185 801234567
620374518 801234567
620374851 801234567
620375148 801234567
620375481 801234567
620375814 801234567
620378154 801234567
620378415 801234567
620378541 801234567
620381475 801234567
620381547 801234567
620381754 801234567
620384157 801234567
620384571 801234567
620384715 801234567
620385174 801234567
620385417 801234567
620385741 801234567
620387145 801234567
620387451 801234567
620387514 801234567
620413578 801234567
620413785 801234567
620413857 801234567
620415387 801234567
620415738 801234567
620415873 801234567
620417358 801234567
620417583 801234567
620417835 801234567
620418375 801234567
620418537 801234567
620418753 801234567
620431587 801234567
620431758 801234567
620431875 801234567
620435178 801234567
620435781 801234567
620435817 801234567
620437185 801234567
620437518 801234567
620437851 801234567
620438157 801234567
620438571 801234567
620438715 801234567
620451378 801234567
620451783 801234567
620451837 801234567
620453187 801234567
620453718 801234567
620453871 801234567
620457138 801234567
620457381 801234567
620457813 801234567
620458173 801234567
620458317 801234567
620458731 801234567
620471385 801234567
620471538 801234567
620471853 801234567
620473158 801234567
620473581 801234567
620473815 801234567
620475183 801234567
620475318 801234567
620475831 801234567
620478135 801234567
620478351 801234567
620478513 801234567
620481357 801234567
620481573 801234567
620481735 801234567
620483175 801234567
620483517 801234567
620483751 801234567
620485137 801234567
620485371 801234567
620485713 801234567
620487153 801234567
620487315 801234567
620487531 801234567
620513487 801234567
620513748 801234567
620513874 801234567
620514378 801234567
620514783 801234567
620514837 801234567
620517384 801234567
620517438 801234567
620517843 801234567
620518347 801234567
620518473 801234567
620518734 801234567
620531478 801234567
620531784 801234567
620531847 801234567
620534187 801234567
620534718 801234567
620534871 801234567
620537148 801234567
620537481 801234567
620537814 801234567
620538174 801234567
620538417 801234567
620538741 801234567
620541387 801234567
620541738 801234567
620541873 801234567
620543178 801234567
620543781 801234567
620543817 801234567
620547183 801234567
620547318 801234567
620547831 801234567
620548137 801234567
620548371 801234567
620548713 801234567
620571348 801234567
620571483 801234567
620571834 801234567
620573184 801234567
620573418 801234567
620573841 801234567
620574138 801234567
620574381 801234567
620574813 801234567
620578143 801234567
620578314 801234567
620578431 801234567
620581374 801234567
620581437 801234567
620581743 801234567
620583147 801234567
620583471 801234567
620583714 801234567
620584173 801234567
620584317 801234567
620584731 801234567
620587134 801234567
620587341 801234567
620587413 801234567
620713458 801234567
620713584 801234567
620713845 801234567
620714385 801234567
620714538 801234567
620714853 801234567
620715348 801234567
