054823716 801234567
054826173 801234567
054826317 801234567
054826731 801234567
054827136 801234567
054827361 801234567
054827613 801234567
054831267 801234567
054831672 801234567
054831726 801234567
054832176 801234567
054832617 801234567
054832761 801234567
054836127 801234567
054836271 801234567
054836712 801234567
054837162 801234567
054837216 801234567
054837621 801234567
054861273 801234567
054861327 801234567
054861732 801234567
054862137 801234567
054862371 801234567
054862713 801234567
054863172 801234567
054863217 801234567
054863721 801234567
054867123 801234567
054867231 801234567
054867312 801234567
054871236 801234567
054871362 801234567
054871623 801234567
054872163 801234567
054872316 801234567
054872631 801234567
054873126 801234567
054873261 801234567
054873612 801234567
054876132 801234567
054876213 801234567
054876321 801234567
056123478 801234567
056123784 801234567
056123847 801234567
056124387 801234567
056124738 801234567
056124873 801234567
056127348 801234567
056127483 801234567
056127834 801234567
056128374 801234567
056128437 801234567
056128743 801234567
056132487 801234567
056132748 801234567
056132874 801234567
056134278 801234567
056134782 801234567
056134827 801234567
056137284 801234567
056137428 801234567
056137842 801234567
056138247 801234567
056138472 801234567
056138724 801234567
056142378 801234567
056142783 801234567
056142837 801234567
056143287 801234567
056143728 801234567
056143872 801234567
056147238 801234567
056147382 801234567
056147823 801234567
056148273 801234567
056148327 801234567
056148732 801234567
056172384 801234567
056172438 801234567
056172843 801234567
056173248 801234567
056173482 801234567
056173824 801234567
056174283 801234567
056174328 801234567
056174832 801234567
056178234 801234567
056178342 801234567
056178423 801234567
056182347 801234567
056182473 801234567
056182734 801234567
056183274 801234567
056183427 801234567
056183742 801234567
056184237 801234567
056184372 801234567
056184723 801234567
056187243 801234567
056187324 801234567
056187432 801234567
056213487 801234567
056213748 801234567
056213874 801234567
056214378 801234567
056214783 801234567
056214837 801234567
056217384 801234567
056217438 801234567
056217843 801234567
056218347 801234567
056218473 801234567
056218734 801234567
056231478 801234567
056231784 801234567
056231847 801234567
056234187 801234567
056234718 801234567
056234871 801234567
056237148 801234567
056237481 801234567
056237814 801234567
056238174 801234567
056238417 801234567
056238741 801234567
056241387 801234567
056241738 801234567
056241873 801234567
056243178 801234567
056243781 801234567
056243817 801234567
056247183 801234567
056247318 801234567
056247831 801234567
056248137 801234567
056248371 801234567
056248713 801234567
056271348 801234567
056271483 801234567
056271834 801234567
056273184 801234567
056273418 801234567
056273841 801234567
056274138 801234567
056274381 801234567
056274813 801234567
056278143 801234567
056278314 801234567
056278431 801234567
056281374 801234567
056281437 801234567
056281743 801234567
056283147 801234567
056283471 801234567
056283714 801234567
056284173 801234567
056284317 801234567
056284731 801234567
056287134 801234567
056287341 801234567
056287413 801234567
056312478 801234567
056312784 801234567
056312847 801234567
056314287 801234567
056314728 801234567
056314872 801234567
056317248 801234567
056317482 801234567
056317824 801234567
056318274 801234567
056318427 801234567
056318742 801234567
056321487 801234567
056321748 801234567
056321874 801234567
056324178 801234567
056324781 801234567
056324817 801234567
056327184 801234567
056327418 801234567
056327841 801234567
056328147 801234567
056328471 801234567
056328714 801234567
056341278 801234567
056341782 801234567
056341827 801234567
056342187 801234567
056342718 801234567
056342871 801234567
056347128 801234567
056347281 801234567
056347812 801234567
056348172 801234567
056348217 801234567
056348721 801234567
056371284 801234567
056371428 801234567
056371842 801234567
056372148 801234567
056372481 801234567
056372814 801234567
056374182 801234567
056374218 801234567
056374821 801234567
056378124 801234567
056378241 801234567
056378412 801234567
056381247 801234567
056381472 801234567
056381724 801234567
056382174 801234567
056382417 801234567
056382741 801234567
056384127 801234567
056384271 801234567
056384712 801234567
056387142 801234567
056387214 801234567
056387421 801234567
056412387 801234567
056412738 801234567
056412873 801234567
056413278 801234567
056413782 801234567
056413827 801234567
056417283 801234567
056417328 801234567
056417832 801234567
056418237 801234567
056418372 801234567
056418723 801234567
056421378 801234567
056421783 801234567
056421837 801234567
056423187 801234567
056423718 801234567
056423871 801234567
056427138 801234567
056427381 801234567
056427813 801234567
056428173 801234567
056428317 801234567
056428731 801234567
056431287 801234567
056431728 801234567
056431872 801234567
056432178 801234567
056432781 801234567
056432817 801234567
056437182 801234567
056437218 801234567
056437821 801234567
056438127 801234567
056438271 801234567
056438712 801234567
056471238 801234567
056471382 801234567
056471823 801234567
056472183 801234567
056472318 801234567
056472831 801234567
056473128 801234567
056473281 801234567
056473812 801234567
056478132 801234567
056478213 801234567
056478321 801234567
056481273 801234567
056481327 801234567
056481732 801234567
056482137 801234567
056482371 801234567
056482713 801234567
056483172 801234567
056483217 801234567
056483721 801234567
056487123 801234567
056487231 801234567
056487312 801234567
056712348 801234567
056712483 801234567
056712834 801234567
056713284 801234567
056713428 801234567
056713842 801234567
056714238 801234567
056714382 801234567
056714823 801234567
056718243 801234567
056718324 801234567
056718432 801234567
056721384 801234567
056721438 801234567
056721843 801234567
056723148 801234567
056723481 801234567
056723814 801234567
056724183 801234567
056724318 801234567
056724831 801234567
056728134 801234567
056728341 801234567
056728413 801234567
056731248 801234567
056731482 801234567
056731824 801234567
056732184 801234567
056732418 801234567
056732841 801234567
056734128 801234567
056734281 801234567
056734812 801234567
056738142 801234567
056738214 801234567
056738421 801234567
056741283 801234567
056741328 801234567
056741832 801234567
056742138 801234567
056742381 801234567
056742813 801234567
056743182 801234567
056743218 801234567
056743821 801234567
056748123 801234567
056748231 801234567
056748312 801234567
056781234 801234567
056781342 801234567
056781423 801234567
056782143 801234567
056782314 801234567
056782431 801234567
056783124 801234567
056783241 801234567
056783412 801234567
056784132 801234567
056784213 801234567
056784321 801234567
056812374 801234567
056812437 801234567
056812743 801234567
056813247 801234567
056813472 801234567
056813724 801234567
056814273 801234567
056814327 801234567
056814732 801234567
056817234 801234567
056817342 801234567
056817423 801234567
056821347 801234567
056821473 801234567
056821734 801234567
056823174 801234567
056823417 801234567
056823741 801234567
056824137 801234567
056824371 801234567
056824713 801234567
056827143 801234567
056827314 801234567
056827431 801234567
056831274 801234567
056831427 801234567
056831742 801234567
056832147 801234567
056832471 801234567
056832714 801234567
056834172 801234567
056834217 801234567
056834721 801234567
056837124 801234567
056837241 801234567
056837412 801234567
056841237 801234567
056841372 801234567
056841723 801234567
056842173 801234567
056842317 801234567
056842731 801234567
056843127 801234567
056843271 801234567
056843712 801234567
056847132 801234567
056847213 801234567
056847321 801234567
056871243 801234567
056871324 801234567
056871432 801234567
056872134 801234567
056872341 801234567
056872413 801234567
056873142 801234567
056873214 801234567
056873421 801234567
056874123 801234567
056874231 801234567
056874312 801234567
057123486 801234567
057123648 801234567
057123864 801234567
057124368 801234567
057124683 801234567
057124836 801234567
057126384 801234567
057126438 801234567
057126843 801234567
057128346 801234567
057128463 801234567
057128634 801234567
057132468 801234567
057132684 801234567
057132846 801234567
057134286 801234567
057134628 801234567
057134862 801234567
057136248 801234567
057136482 801234567
057136824 801234567
057138264 801234567
057138426 801234567
057138642 801234567
057142386 801234567
057142638 801234567
057142863 801234567
057143268 801234567
057143682 801234567
057143826 801234567
057146283 801234567
057146328 801234567
057146832 801234567
057148236 801234567
057148362 801234567
057148623 801234567
057162348 801234567
057162483 801234567
057162834 801234567
057163284 801234567
057163428 801234567
057163842 801234567
057164238 801234567
057164382 801234567
057164823 801234567
057168243 801234567
057168324 801234567
057168432 801234567
057182364 801234567
057182436 801234567
057182643 801234567
057183246 801234567
057183462 801234567
057183624 801234567
057184263 801234567
057184326 801234567
057184632 801234567
057186234 801234567
057186342 801234567
057186423 801234567
057213468 801234567
057213684 801234567
057213846 801234567
057214386 801234567
057214638 801234567
057214863 801234567
057216348 801234567
057216483 801234567
057216834 801234567
057218364 801234567
057218436 801234567
057218643 801234567
057231486 801234567
057231648 801234567
057231864 801234567
057234168 801234567
057234681 801234567
057234816 801234567
057236184 801234567
057236418 801234567
057236841 801234567
057238146 801234567
057238461 801234567
057238614 801234567
057241368 801234567
057241683 801234567
057241836 801234567
057243186 801234567
057243618 801234567
057243861 801234567
057246138 801234567
057246381 801234567
057246813 801234567
057248163 801234567
057248316 801234567
057248631 801234567
