685713024 801234567
685713240 801234567
685713402 801234567
685714032 801234567
685714203 801234567
685714320 801234567
685720143 801234567
685720314 801234567
685720431 801234567
685721034 801234567
685721340 801234567
685721403 801234567
685723041 801234567
685723104 801234567
685723410 801234567
685724013 801234567
685724130 801234567
685724301 801234567
685730124 801234567
685730241 801234567
685730412 801234567
685731042 801234567
685731204 801234567
685731420 801234567
685732014 801234567
685732140 801234567
685732401 801234567
685734021 801234567
685734102 801234567
685734210 801234567
685740132 801234567
685740213 801234567
685740321 801234567
685741023 801234567
685741230 801234567
685741302 801234567
685742031 801234567
685742103 801234567
685742310 801234567
685743012 801234567
685743120 801234567
685743201 801234567
687012354 801234567
687012435 801234567
687012543 801234567
687013245 801234567
687013452 801234567
687013524 801234567
687014253 801234567
687014325 801234567
687014532 801234567
687015234 801234567
687015342 801234567
687015423 801234567
687021345 801234567
687021453 801234567
687021534 801234567
687023154 801234567
687023415 801234567
687023541 801234567
687024135 801234567
687024351 801234567
687024513 801234567
687025143 801234567
687025314 801234567
687025431 801234567
687031254 801234567
687031425 801234567
687031542 801234567
687032145 801234567
687032451 801234567
687032514 801234567
687034152 801234567
687034215 801234567
687034521 801234567
687035124 801234567
687035241 801234567
687035412 801234567
687041235 801234567
687041352 801234567
687041523 801234567
687042153 801234567
687042315 801234567
687042531 801234567
687043125 801234567
687043251 801234567
687043512 801234567
687045132 801234567
687045213 801234567
687045321 801234567
687051243 801234567
687051324 801234567
687051432 801234567
687052134 801234567
687052341 801234567
687052413 801234567
687053142 801234567
687053214 801234567
687053421 801234567
687054123 801234567
687054231 801234567
687054312 801234567
687102345 801234567
687102453 801234567
687102534 801234567
687103254 801234567
687103425 801234567
687103542 801234567
687104235 801234567
687104352 801234567
687104523 801234567
687105243 801234567
687105324 801234567
687105432 801234567
687120354 801234567
687120435 801234567
687120543 801234567
687123045 801234567
687123450 801234567
687123504 801234567
687124053 801234567
687124305 801234567
687124530 801234567
687125034 801234567
687125340 801234567
687125403 801234567
687130245 801234567
687130452 801234567
687130524 801234567
687132054 801234567
687132405 801234567
687132540 801234567
687134025 801234567
687134250 801234567
687134502 801234567
687135042 801234567
687135204 801234567
687135420 801234567
687140253 801234567
687140325 801234567
687140532 801234567
687142035 801234567
687142350 801234567
687142503 801234567
687143052 801234567
687143205 801234567
687143520 801234567
687145023 801234567
687145230 801234567
687145302 801234567
687150234 801234567
687150342 801234567
687150423 801234567
687152043 801234567
687152304 801234567
687152430 801234567
687153024 801234567
687153240 801234567
687153402 801234567
687154032 801234567
687154203 801234567
687154320 801234567
687201354 801234567
687201435 801234567
687201543 801234567
687203145 801234567
687203451 801234567
687203514 801234567
687204153 801234567
687204315 801234567
687204531 801234567
687205134 801234567
687205341 801234567
687205413 801234567
687210345 801234567
687210453 801234567
687210534 801234567
687213054 801234567
687213405 801234567
687213540 801234567
687214035 801234567
687214350 801234567
687214503 801234567
687215043 801234567
687215304 801234567
687215430 801234567
687230154 801234567
687230415 801234567
687230541 801234567
687231045 801234567
687231450 801234567
687231504 801234567
687234051 801234567
687234105 801234567
687234510 801234567
687235014 801234567
687235140 801234567
687235401 801234567
687240135 801234567
687240351 801234567
687240513 801234567
687241053 801234567
687241305 801234567
687241530 801234567
687243015 801234567
687243150 801234567
687243501 801234567
687245031 801234567
687245103 801234567
687245310 801234567
687250143 801234567
687250314 801234567
687250431 801234567
687251034 801234567
687251340 801234567
687251403 801234567
687253041 801234567
687253104 801234567
687253410 801234567
687254013 801234567
687254130 801234567
687254301 801234567
687301245 801234567
687301452 801234567
687301524 801234567
687302154 801234567
687302415 801234567
687302541 801234567
687304125 801234567
687304251 801234567
687304512 801234567
687305142 801234567
687305214 801234567
687305421 801234567
687310254 801234567
687310425 801234567
687310542 801234567
687312045 801234567
687312450 801234567
687312504 801234567
687314052 801234567
687314205 801234567
687314520 801234567
687315024 801234567
687315240 801234567
687315402 801234567
687320145 801234567
687320451 801234567
687320514 801234567
687321054 801234567
687321405 801234567
687321540 801234567
687324015 801234567
687324150 801234567
687324501 801234567
687325041 801234567
687325104 801234567
687325410 801234567
687340152 801234567
687340215 801234567
687340521 801234567
687341025 801234567
687341250 801234567
687341502 801234567
687342051 801234567
687342105 801234567
687342510 801234567
687345012 801234567
687345120 801234567
687345201 801234567
687350124 801234567
687350241 801234567
687350412 801234567
687351042 801234567
687351204 801234567
687351420 801234567
687352014 801234567
687352140 801234567
687352401 801234567
687354021 801234567
687354102 801234567
687354210 801234567
687401253 801234567
687401325 801234567
687401532 801234567
687402135 801234567
687402351 801234567
687402513 801234567
687403152 801234567
687403215 801234567
687403521 801234567
687405123 801234567
687405231 801234567
687405312 801234567
687410235 801234567
687410352 801234567
687410523 801234567
687412053 801234567
687412305 801234567
687412530 801234567
687413025 801234567
687413250 801234567
687413502 801234567
687415032 801234567
687415203 801234567
687415320 801234567
687420153 801234567
687420315 801234567
687420531 801234567
687421035 801234567
687421350 801234567
687421503 801234567
687423051 801234567
687423105 801234567
687423510 801234567
687425013 801234567
687425130 801234567
687425301 801234567
687430125 801234567
687430251 801234567
687430512 801234567
687431052 801234567
687431205 801234567
687431520 801234567
687432015 801234567
687432150 801234567
687432501 801234567
687435021 801234567
687435102 801234567
687435210 801234567
687450132 801234567
687450213 801234567
687450321 801234567
687451023 801234567
687451230 801234567
687451302 801234567
687452031 801234567
687452103 801234567
687452310 801234567
687453012 801234567
687453120 801234567
687453201 801234567
687501234 801234567
687501342 801234567
687501423 801234567
687502143 801234567
687502314 801234567
687502431 801234567
687503124 801234567
687503241 801234567
687503412 801234567
687504132 801234567
687504213 801234567
687504321 801234567
687510243 801234567
687510324 801234567
687510432 801234567
687512034 801234567
687512340 801234567
687512403 801234567
687513042 801234567
687513204 801234567
687513420 801234567
687514023 801234567
687514230 801234567
687514302 801234567
687520134 801234567
687520341 801234567
687520413 801234567
687521043 801234567
687521304 801234567
687521430 801234567
687523014 801234567
687523140 801234567
687523401 801234567
687524031 801234567
687524103 801234567
687524310 801234567
687530142 801234567
687530214 801234567
687530421 801234567
687531024 801234567
687531240 801234567
687531402 801234567
687532041 801234567
687532104 801234567
687532410 801234567
687534012 801234567
687534120 801234567
687534201 801234567
687540123 801234567
687540231 801234567
687540312 801234567
687541032 801234567
687541203 801234567
687541320 801234567
687542013 801234567
687542130 801234567
687542301 801234567
687543021 801234567
687543102 801234567
687543210 801234567
701234568 801234567
701234685 801234567
701234856 801234567
701235486 801234567
701235648 801234567
701235864 801234567
701236458 801234567
701236584 801234567
701236845 801234567
701238465 801234567
701238546 801234567
701238654 801234567
701243586 801234567
701243658 801234567
701243865 801234567
701245368 801234567
701245683 801234567
701245836 801234567
701246385 801234567
701246538 801234567
701246853 801234567
701248356 801234567
701248563 801234567
701248635 801234567
701253468 801234567
701253684 801234567
701253846 801234567
701254386 801234567
701254638 801234567
701254863 801234567
701256348 801234567
701256483 801234567
701256834 801234567
701258364 801234567
701258436 801234567
701258643 801234567
701263485 801234567
701263548 801234567
701263854 801234567
701264358 801234567
701264583 801234567
701264835 801234567
701265384 801234567
701265438 801234567
701265843 801234567
701268345 801234567
701268453 801234567
701268534 801234567
701283456 801234567
701283564 801234567
701283645 801234567
701284365 801234567
701284536 801234567
701284653 801234567
701285346 801234567
701285463 801234567
701285634 801234567
701286354 801234567
701286435 801234567
701286543 801234567
701324586 801234567
701324658 801234567
701324865 801234567
701325468 801234567
701325684 801234567
701325846 801234567
701326485 801234567
701326548 801234567
701326854 801234567
701328456 801234567
701328564 801234567
701328645 801234567
701342568 801234567
701342685 801234567
701342856 801234567
701345286 801234567
701345628 801234567
701345862 801234567
701346258 801234567
701346582 801234567
701346825 801234567
701348265 801234567
701348526 801234567
701348652 801234567
701352486 801234567
701352648 801234567
701352864 801234567
701354268 801234567
701354682 801234567
701354826 801234567
701356284 801234567
701356428 801234567
701356842 801234567
701358246 801234567
701358462 801234567
701358624 801234567
701362458 801234567
