701362584 801234567
701362845 801234567
701364285 801234567
701364528 801234567
701364852 801234567
701365248 801234567
701365482 801234567
701365824 801234567
701368254 801234567
701368425 801234567
701368542 801234567
701382465 801234567
701382546 801234567
701382654 801234567
701384256 801234567
701384562 801234567
701384625 801234567
701385264 801234567
701385426 801234567
701385642 801234567
701386245 801234567
701386452 801234567
701386524 801234567
701423568 801234567
701423685 801234567
701423856 801234567
701425386 801234567
701425638 801234567
701425863 801234567
701426358 801234567
701426583 801234567
701426835 801234567
701428365 801234567
701428536 801234567
701428653 801234567
701432586 801234567
701432658 801234567
701432865 801234567
701435268 801234567
701435682 801234567
701435826 801234567
701436285 801234567
701436528 801234567
701436852 801234567
701438256 801234567
701438562 801234567
701438625 801234567
701452368 801234567
701452683 801234567
701452836 801234567
701453286 801234567
701453628 801234567
701453862 801234567
701456238 801234567
701456382 801234567
701456823 801234567
701458263 801234567
701458326 801234567
701458632 801234567
701462385 801234567
701462538 801234567
701462853 801234567
701463258 801234567
701463582 801234567
701463825 801234567
701465283 801234567
701465328 801234567
701465832 801234567
701468235 801234567
701468352 801234567
701468523 801234567
701482356 801234567
701482563 801234567
701482635 801234567
701483265 801234567
701483526 801234567
701483652 801234567
701485236 801234567
701485362 801234567
701485623 801234567
701486253 801234567
701486325 801234567
701486532 801234567
701523486 801234567
701523648 801234567
701523864 801234567
701524368 801234567
701524683 801234567
701524836 801234567
701526384 801234567
701526438 801234567
701526843 801234567
701528346 801234567
701528463 801234567
701528634 801234567
701532468 801234567
701532684 801234567
701532846 801234567
701534286 801234567
701534628 801234567
701534862 801234567
701536248 801234567
701536482 801234567
701536824 801234567
701538264 801234567
701538426 801234567
701538642 801234567
701542386 801234567
701542638 801234567
701542863 801234567
701543268 801234567
701543682 801234567
701543826 801234567
701546283 801234567
701546328 801234567
701546832 801234567
701548236 801234567
701548362 801234567
701548623 801234567
701562348 801234567
701562483 801234567
701562834 801234567
701563284 801234567
701563428 801234567
701563842 801234567
701564238 801234567
701564382 801234567
701564823 801234567
701568243 801234567
701568324 801234567
701568432 801234567
701582364 801234567
701582436 801234567
701582643 801234567
701583246 801234567
701583462 801234567
701583624 801234567
701584263 801234567
701584326 801234567
701584632 801234567
701586234 801234567
701586342 801234567
701586423 801234567
701623458 801234567
701623584 801234567
701623845 801234567
701624385 801234567
701624538 801234567
701624853 801234567
701625348 801234567
701625483 801234567
701625834 801234567
701628354 801234567
701628435 801234567
701628543 801234567
701632485 801234567
701632548 801234567
701632854 801234567
701634258 801234567
701634582 801234567
701634825 801234567
701635284 801234567
701635428 801234567
701635842 801234567
701638245 801234567
701638452 801234567
701638524 801234567
701642358 801234567
701642583 801234567
701642835 801234567
701643285 801234567
701643528 801234567
701643852 801234567
701645238 801234567
701645382 801234567
701645823 801234567
701648253 801234567
701648325 801234567
701648532 801234567
701652384 801234567
701652438 801234567
701652843 801234567
701653248 801234567
701653482 801234567
701653824 801234567
701654283 801234567
701654328 801234567
701654832 801234567
701658234 801234567
701658342 801234567
701658423 801234567
701682345 801234567
701682453 801234567
701682534 801234567
701683254 801234567
701683425 801234567
701683542 801234567
701684235 801234567
701684352 801234567
701684523 801234567
701685243 801234567
701685324 801234567
701685432 801234567
701823465 801234567
701823546 801234567
701823654 801234567
701824356 801234567
701824563 801234567
701824635 801234567
701825364 801234567
701825436 801234567
701825643 801234567
701826345 801234567
701826453 801234567
701826534 801234567
701832456 801234567
701832564 801234567
701832645 801234567
701834265 801234567
701834526 801234567
701834652 801234567
701835246 801234567
701835462 801234567
701835624 801234567
701836254 801234567
701836425 801234567
701836542 801234567
701842365 801234567
701842536 801234567
701842653 801234567
701843256 801234567
701843562 801234567
701843625 801234567
701845263 801234567
701845326 801234567
701845632 801234567
701846235 801234567
701846352 801234567
701846523 801234567
701852346 801234567
701852463 801234567
701852634 801234567
701853264 801234567
701853426 801234567
701853642 801234567
701854236 801234567
701854362 801234567
701854623 801234567
701856243 801234567
701856324 801234567
701856432 801234567
701862354 801234567
701862435 801234567
701862543 801234567
701863245 801234567
701863452 801234567
701863524 801234567
701864253 801234567
701864325 801234567
701864532 801234567
701865234 801234567
701865342 801234567
701865423 801234567
702134586 801234567
702134658 801234567
702134865 801234567
702135468 801234567
702135684 801234567
702135846 801234567
702136485 801234567
702136548 801234567
702136854 801234567
702138456 801234567
702138564 801234567
702138645 801234567
702143568 801234567
702143685 801234567
702143856 801234567
702145386 801234567
702145638 801234567
702145863 801234567
702146358 801234567
702146583 801234567
702146835 801234567
702148365 801234567
702148536 801234567
702148653 801234567
702153486 801234567
702153648 801234567
702153864 801234567
702154368 801234567
702154683 801234567
702154836 801234567
702156384 801234567
702156438 801234567
702156843 801234567
702158346 801234567
702158463 801234567
702158634 801234567
702163458 801234567
702163584 801234567
702163845 801234567
702164385 801234567
702164538 801234567
702164853 801234567
702165348 801234567
702165483 801234567
702165834 801234567
702168354 801234567
702168435 801234567
702168543 801234567
702183465 801234567
702183546 801234567
702183654 801234567
702184356 801234567
702184563 801234567
702184635 801234567
702185364 801234567
702185436 801234567
702185643 801234567
702186345 801234567
702186453 801234567
702186534 801234567
702314568 801234567
702314685 801234567
702314856 801234567
702315486 801234567
702315648 801234567
702315864 801234567
702316458 801234567
702316584 801234567
702316845 801234567
702318465 801234567
702318546 801234567
702318654 801234567
702341586 801234567
702341658 801234567
702341865 801234567
702345168 801234567
702345681 801234567
702345816 801234567
702346185 801234567
702346518 801234567
702346851 801234567
702348156 801234567
702348561 801234567
702348615 801234567
702351468 801234567
702351684 801234567
702351846 801234567
702354186 801234567
702354618 801234567
702354861 801234567
702356148 801234567
702356481 801234567
702356814 801234567
702358164 801234567
702358416 801234567
702358641 801234567
702361485 801234567
702361548 801234567
702361854 801234567
702364158 801234567
702364581 801234567
702364815 801234567
702365184 801234567
702365418 801234567
702365841 801234567
702368145 801234567
702368451 801234567
702368514 801234567
702381456 801234567
702381564 801234567
702381645 801234567
702384165 801234567
702384516 801234567
702384651 801234567
702385146 801234567
702385461 801234567
702385614 801234567
702386154 801234567
702386415 801234567
702386541 801234567
702413586 801234567
702413658 801234567
702413865 801234567
702415368 801234567
702415683 801234567
702415836 801234567
702416385 801234567
702416538 801234567
702416853 801234567
702418356 801234567
702418563 801234567
702418635 801234567
702431568 801234567
702431685 801234567
702431856 801234567
702435186 801234567
702435618 801234567
702435861 801234567
702436158 801234567
702436581 801234567
702436815 801234567
702438165 801234567
702438516 801234567
702438651 801234567
702451386 801234567
702451638 801234567
702451863 801234567
702453168 801234567
702453681 801234567
702453816 801234567
702456183 801234567
702456318 801234567
702456831 801234567
702458136 801234567
702458361 801234567
702458613 801234567
702461358 801234567
702461583 801234567
702461835 801234567
702463185 801234567
702463518 801234567
702463851 801234567
702465138 801234567
702465381 801234567
702465813 801234567
702468153 801234567
702468315 801234567
702468531 801234567
702481365 801234567
702481536 801234567
702481653 801234567
702483156 801234567
702483561 801234567
702483615 801234567
702485163 801234567
702485316 801234567
702485631 801234567
702486135 801234567
702486351 801234567
702486513 801234567
702513468 801234567
702513684 801234567
702513846 801234567
702514386 801234567
702514638 801234567
702514863 801234567
702516348 801234567
702516483 801234567
702516834 801234567
702518364 801234567
702518436 801234567
702518643 801234567
702531486 801234567
702531648 801234567
702531864 801234567
702534168 801234567
702534681 801234567
702534816 801234567
702536184 801234567
702536418 801234567
702536841 801234567
702538146 801234567
702538461 801234567
702538614 801234567
702541368 801234567
702541683 801234567
702541836 801234567
702543186 801234567
702543618 801234567
702543861 801234567
702546138 801234567
702546381 801234567
702546813 801234567
702548163 801234567
702548316 801234567
702548631 801234567
702561384 801234567
702561438 801234567
702561843 801234567
702563148 801234567
702563481 801234567
702563814 801234567
702564183 801234567
702564318 801234567
702564831 801234567
702568134 801234567
702568341 801234567
702568413 801234567
702581346 801234567
702581463 801234567
702581634 801234567
702583164 801234567
702583416 801234567
702583641 801234567
702584136 801234567
702584361 801234567
