273568410 801234567
273580164 801234567
273580416 801234567
273580641 801234567
273581046 801234567
273581460 801234567
273581604 801234567
273584061 801234567
273584106 801234567
273584610 801234567
273586014 801234567
273586140 801234567
273586401 801234567
273601458 801234567
273601584 801234567
273601845 801234567
273604185 801234567
273604518 801234567
273604851 801234567
273605148 801234567
273605481 801234567
273605814 801234567
273608154 801234567
273608415 801234567
273608541 801234567
273610485 801234567
273610548 801234567
273610854 801234567
273614058 801234567
273614580 801234567
273614805 801234567
273615084 801234567
273615408 801234567
273615840 801234567
273618045 801234567
273618450 801234567
273618504 801234567
273640158 801234567
273640581 801234567
273640815 801234567
273641085 801234567
273641508 801234567
273641850 801234567
273645018 801234567
273645180 801234567
273645801 801234567
273648051 801234567
273648105 801234567
273648510 801234567
273650184 801234567
273650418 801234567
273650841 801234567
273651048 801234567
273651480 801234567
273651804 801234567
273654081 801234567
273654108 801234567
273654810 801234567
273658014 801234567
273658140 801234567
273658401 801234567
273680145 801234567
273680451 801234567
273680514 801234567
273681054 801234567
273681405 801234567
273681540 801234567
273684015 801234567
273684150 801234567
273684501 801234567
273685041 801234567
273685104 801234567
273685410 801234567
273801465 801234567
273801546 801234567
273801654 801234567
273804156 801234567
273804561 801234567
273804615 801234567
273805164 801234567
273805416 801234567
273805641 801234567
273806145 801234567
273806451 801234567
273806514 801234567
273810456 801234567
273810564 801234567
273810645 801234567
273814065 801234567
273814506 801234567
273814650 801234567
273815046 801234567
273815460 801234567
273815604 801234567
273816054 801234567
273816405 801234567
273816540 801234567
273840165 801234567
273840516 801234567
273840651 801234567
273841056 801234567
273841560 801234567
273841605 801234567
273845061 801234567
273845106 801234567
273845610 801234567
273846015 801234567
273846150 801234567
273846501 801234567
273850146 801234567
273850461 801234567
273850614 801234567
273851064 801234567
273851406 801234567
273851640 801234567
273854016 801234567
273854160 801234567
273854601 801234567
273856041 801234567
273856104 801234567
273856410 801234567
273860154 801234567
273860415 801234567
273860541 801234567
273861045 801234567
273861450 801234567
273861504 801234567
273864051 801234567
273864105 801234567
273864510 801234567
273865014 801234567
273865140 801234567
273865401 801234567
274013586 801234567
274013658 801234567
274013865 801234567
274015368 801234567
274015683 801234567
274015836 801234567
274016385 801234567
274016538 801234567
274016853 801234567
274018356 801234567
274018563 801234567
274018635 801234567
274031568 801234567
274031685 801234567
274031856 801234567
274035186 801234567
274035618 801234567
274035861 801234567
274036158 801234567
274036581 801234567
274036815 801234567
274038165 801234567
274038516 801234567
274038651 801234567
274051386 801234567
274051638 801234567
274051863 801234567
274053168 801234567
274053681 801234567
274053816 801234567
274056183 801234567
274056318 801234567
274056831 801234567
274058136 801234567
274058361 801234567
274058613 801234567
274061358 801234567
274061583 801234567
274061835 801234567
274063185 801234567
274063518 801234567
274063851 801234567
274065138 801234567
274065381 801234567
274065813 801234567
274068153 801234567
274068315 801234567
274068531 801234567
274081365 801234567
274081536 801234567
274081653 801234567
274083156 801234567
274083561 801234567
274083615 801234567
274085163 801234567
274085316 801234567
274085631 801234567
274086135 801234567
274086351 801234567
274086513 801234567
274103568 801234567
274103685 801234567
274103856 801234567
274105386 801234567
274105638 801234567
274105863 801234567
274106358 801234567
274106583 801234567
274106835 801234567
274108365 801234567
274108536 801234567
274108653 801234567
274130586 801234567
274130658 801234567
274130865 801234567
274135068 801234567
274135680 801234567
274135806 801234567
274136085 801234567
274136508 801234567
274136850 801234567
274138056 801234567
274138560 801234567
274138605 801234567
274150368 801234567
274150683 801234567
274150836 801234567
274153086 801234567
274153608 801234567
274153860 801234567
274156038 801234567
274156380 801234567
274156803 801234567
274158063 801234567
274158306 801234567
274158630 801234567
274160385 801234567
274160538 801234567
274160853 801234567
274163058 801234567
274163580 801234567
274163805 801234567
274165083 801234567
274165308 801234567
274165830 801234567
274168035 801234567
274168350 801234567
274168503 801234567
274180356 801234567
274180563 801234567
274180635 801234567
274183065 801234567
274183506 801234567
274183650 801234567
274185036 801234567
274185360 801234567
274185603 801234567
274186053 801234567
274186305 801234567
274186530 801234567
274301586 801234567
274301658 801234567
274301865 801234567
274305168 801234567
274305681 801234567
274305816 801234567
274306185 801234567
274306518 801234567
274306851 801234567
274308156 801234567
274308561 801234567
274308615 801234567
274310568 801234567
274310685 801234567
274310856 801234567
274315086 801234567
274315608 801234567
274315860 801234567
274316058 801234567
274316580 801234567
274316805 801234567
274318065 801234567
274318506 801234567
274318650 801234567
274350186 801234567
274350618 801234567
274350861 801234567
274351068 801234567
274351680 801234567
274351806 801234567
274356081 801234567
274356108 801234567
274356810 801234567
274358016 801234567
274358160 801234567
274358601 801234567
274360158 801234567
274360581 801234567
274360815 801234567
274361085 801234567
274361508 801234567
274361850 801234567
274365018 801234567
274365180 801234567
274365801 801234567
274368051 801234567
274368105 801234567
274368510 801234567
274380165 801234567
274380516 801234567
274380651 801234567
274381056 801234567
274381560 801234567
274381605 801234567
274385061 801234567
274385106 801234567
274385610 801234567
274386015 801234567
274386150 801234567
274386501 801234567
274501368 801234567
274501683 801234567
274501836 801234567
274503186 801234567
274503618 801234567
274503861 801234567
274506138 801234567
274506381 801234567
274506813 801234567
274508163 801234567
274508316 801234567
274508631 801234567
274510386 801234567
274510638 801234567
274510863 801234567
274513068 801234567
274513680 801234567
274513806 801234567
274516083 801234567
274516308 801234567
274516830 801234567
274518036 801234567
274518360 801234567
274518603 801234567
274530168 801234567
274530681 801234567
274530816 801234567
274531086 801234567
274531608 801234567
274531860 801234567
274536018 801234567
274536180 801234567
274536801 801234567
274538061 801234567
274538106 801234567
274538610 801234567
274560183 801234567
274560318 801234567
274560831 801234567
274561038 801234567
274561380 801234567
274561803 801234567
274563081 801234567
274563108 801234567
274563810 801234567
274568013 801234567
274568130 801234567
274568301 801234567
274580136 801234567
274580361 801234567
274580613 801234567
274581063 801234567
274581306 801234567
274581630 801234567
274583016 801234567
274583160 801234567
274583601 801234567
274586031 801234567
274586103 801234567
274586310 801234567
274601385 801234567
274601538 801234567
274601853 801234567
274603158 801234567
274603581 801234567
274603815 801234567
274605183 801234567
274605318 801234567
274605831 801234567
274608135 801234567
274608351 801234567
274608513 801234567
274610358 801234567
274610583 801234567
274610835 801234567
274613085 801234567
274613508 801234567
274613850 801234567
274615038 801234567
274615380 801234567
274615803 801234567
274618053 801234567
274618305 801234567
274618530 801234567
274630185 801234567
274630518 801234567
274630851 801234567
274631058 801234567
274631580 801234567
274631805 801234567
274635081 801234567
274635108 801234567
274635810 801234567
274638015 801234567
274638150 801234567
274638501 801234567
274650138 801234567
274650381 801234567
274650813 801234567
274651083 801234567
274651308 801234567
274651830 801234567
274653018 801234567
274653180 801234567
274653801 801234567
274658031 801234567
274658103 801234567
274658310 801234567
274680153 801234567
274680315 801234567
274680531 801234567
274681035 801234567
274681350 801234567
274681503 801234567
274683051 801234567
274683105 801234567
274683510 801234567
274685013 801234567
274685130 801234567
274685301 801234567
274801356 801234567
274801563 801234567
274801635 801234567
274803165 801234567
274803516 801234567
274803651 801234567
274805136 801234567
274805361 801234567
274805613 801234567
274806153 801234567
274806315 801234567
274806531 801234567
274810365 801234567
274810536 801234567
274810653 801234567
274813056 801234567
274813560 801234567
274813605 801234567
274815063 801234567
274815306 801234567
274815630 801234567
274816035 801234567
274816350 801234567
274816503 801234567
274830156 801234567
274830561 801234567
274830615 801234567
274831065 801234567
274831506 801234567
274831650 801234567
274835016 801234567
274835160 801234567
274835601 801234567
274836051 801234567
274836105 801234567
274836510 801234567
274850163 801234567
274850316 801234567
274850631 801234567
274851036 801234567
274851360 801234567
274851603 801234567
274853061 801234567
274853106 801234567
274853610 801234567
274856013 801234567
274856130 801234567
274856301 801234567
274860135 801234567
274860351 801234567
274860513 801234567
274861053 801234567
274861305 801234567
274861530 801234567
274863015 801234567
274863150 801234567
274863501 801234567
274865031 801234567
274865103 801234567
274865310 801234567
275013468 801234567
275013684 801234567
275013846 801234567
275014386 801234567
275014638 801234567
275014863 801234567
