634217850 801234567
634218057 801234567
634218570 801234567
634218705 801234567
634250178 801234567
634250781 801234567
634250817 801234567
634251087 801234567
634251708 801234567
634251870 801234567
634257018 801234567
634257180 801234567
634257801 801234567
634258071 801234567
634258107 801234567
634258710 801234567
634270185 801234567
634270518 801234567
634270851 801234567
634271058 801234567
634271580 801234567
634271805 801234567
634275081 801234567
634275108 801234567
634275810 801234567
634278015 801234567
634278150 801234567
634278501 801234567
634280157 801234567
634280571 801234567
634280715 801234567
634281075 801234567
634281507 801234567
634281750 801234567
634285017 801234567
634285170 801234567
634285701 801234567
634287051 801234567
634287105 801234567
634287510 801234567
634501287 801234567
634501728 801234567
634501872 801234567
634502178 801234567
634502781 801234567
634502817 801234567
634507182 801234567
634507218 801234567
634507821 801234567
634508127 801234567
634508271 801234567
634508712 801234567
634510278 801234567
634510782 801234567
634510827 801234567
634512087 801234567
634512708 801234567
634512870 801234567
634517028 801234567
634517280 801234567
634517802 801234567
634518072 801234567
634518207 801234567
634518720 801234567
634520187 801234567
634520718 801234567
634520871 801234567
634521078 801234567
634521780 801234567
634521807 801234567
634527081 801234567
634527108 801234567
634527810 801234567
634528017 801234567
634528170 801234567
634528701 801234567
634570128 801234567
634570281 801234567
634570812 801234567
634571082 801234567
634571208 801234567
634571820 801234567
634572018 801234567
634572180 801234567
634572801 801234567
634578021 801234567
634578102 801234567
634578210 801234567
634580172 801234567
634580217 801234567
634580721 801234567
634581027 801234567
634581270 801234567
634581702 801234567
634582071 801234567
634582107 801234567
634582710 801234567
634587012 801234567
634587120 801234567
634587201 801234567
634701258 801234567
634701582 801234567
634701825 801234567
634702185 801234567
634702518 801234567
634702851 801234567
634705128 801234567
634705281 801234567
634705812 801234567
634708152 801234567
634708215 801234567
634708521 801234567
634710285 801234567
634710528 801234567
634710852 801234567
634712058 801234567
634712580 801234567
634712805 801234567
634715082 801234567
634715208 801234567
634715820 801234567
634718025 801234567
634718250 801234567
634718502 801234567
634720158 801234567
634720581 801234567
634720815 801234567
634721085 801234567
634721508 801234567
634721850 801234567
634725018 801234567
634725180 801234567
634725801 801234567
634728051 801234567
634728105 801234567
634728510 801234567
634750182 801234567
634750218 801234567
634750821 801234567
634751028 801234567
634751280 801234567
634751802 801234567
634752081 801234567
634752108 801234567
634752810 801234567
634758012 801234567
634758120 801234567
634758201 801234567
634780125 801234567
634780251 801234567
634780512 801234567
634781052 801234567
634781205 801234567
634781520 801234567
634782015 801234567
634782150 801234567
634782501 801234567
634785021 801234567
634785102 801234567
634785210 801234567
634801275 801234567
634801527 801234567
634801752 801234567
634802157 801234567
634802571 801234567
634802715 801234567
634805172 801234567
634805217 801234567
634805721 801234567
634807125 801234567
634807251 801234567
634807512 801234567
634810257 801234567
634810572 801234567
634810725 801234567
634812075 801234567
634812507 801234567
634812750 801234567
634815027 801234567
634815270 801234567
634815702 801234567
634817052 801234567
634817205 801234567
634817520 801234567
634820175 801234567
634820517 801234567
634820751 801234567
634821057 801234567
634821570 801234567
634821705 801234567
634825071 801234567
634825107 801234567
634825710 801234567
634827015 801234567
634827150 801234567
634827501 801234567
634850127 801234567
634850271 801234567
634850712 801234567
634851072 801234567
634851207 801234567
634851720 801234567
634852017 801234567
634852170 801234567
634852701 801234567
634857021 801234567
634857102 801234567
634857210 801234567
634870152 801234567
634870215 801234567
634870521 801234567
634871025 801234567
634871250 801234567
634871502 801234567
634872051 801234567
634872105 801234567
634872510 801234567
634875012 801234567
634875120 801234567
634875201 801234567
635012487 801234567
635012748 801234567
635012874 801234567
635014278 801234567
635014782 801234567
635014827 801234567
635017284 801234567
635017428 801234567
635017842 801234567
635018247 801234567
635018472 801234567
635018724 801234567
635021478 801234567
635021784 801234567
635021847 801234567
635024187 801234567
635024718 801234567
635024871 801234567
635027148 801234567
635027481 801234567
635027814 801234567
635028174 801234567
635028417 801234567
635028741 801234567
635041287 801234567
635041728 801234567
635041872 801234567
635042178 801234567
635042781 801234567
635042817 801234567
635047182 801234567
635047218 801234567
635047821 801234567
635048127 801234567
635048271 801234567
635048712 801234567
635071248 801234567
635071482 801234567
635071824 801234567
635072184 801234567
635072418 801234567
635072841 801234567
635074128 801234567
635074281 801234567
635074812 801234567
635078142 801234567
635078214 801234567
635078421 801234567
635081274 801234567
635081427 801234567
635081742 801234567
635082147 801234567
635082471 801234567
635082714 801234567
635084172 801234567
635084217 801234567
635084721 801234567
635087124 801234567
635087241 801234567
635087412 801234567
635102478 801234567
635102784 801234567
635102847 801234567
635104287 801234567
635104728 801234567
635104872 801234567
635107248 801234567
635107482 801234567
635107824 801234567
635108274 801234567
635108427 801234567
635108742 801234567
635120487 801234567
635120748 801234567
635120874 801234567
635124078 801234567
635124780 801234567
635124807 801234567
635127084 801234567
635127408 801234567
635127840 801234567
635128047 801234567
635128470 801234567
635128704 801234567
635140278 801234567
635140782 801234567
635140827 801234567
635142087 801234567
635142708 801234567
635142870 801234567
635147028 801234567
635147280 801234567
635147802 801234567
635148072 801234567
635148207 801234567
635148720 801234567
635170284 801234567
635170428 801234567
635170842 801234567
635172048 801234567
635172480 801234567
635172804 801234567
635174082 801234567
635174208 801234567
635174820 801234567
635178024 801234567
635178240 801234567
635178402 801234567
635180247 801234567
635180472 801234567
635180724 801234567
635182074 801234567
635182407 801234567
635182740 801234567
635184027 801234567
635184270 801234567
635184702 801234567
635187042 801234567
635187204 801234567
635187420 801234567
635201487 801234567
635201748 801234567
635201874 801234567
635204178 801234567
635204781 801234567
635204817 801234567
635207184 801234567
635207418 801234567
635207841 801234567
635208147 801234567
635208471 801234567
635208714 801234567
635210478 801234567
635210784 801234567
635210847 801234567
635214087 801234567
635214708 801234567
635214870 801234567
635217048 801234567
635217480 801234567
635217804 801234567
635218074 801234567
635218407 801234567
635218740 801234567
635240187 801234567
635240718 801234567
635240871 801234567
635241078 801234567
635241780 801234567
635241807 801234567
635247081 801234567
635247108 801234567
635247810 801234567
635248017 801234567
635248170 801234567
635248701 801234567
635270148 801234567
635270481 801234567
635270814 801234567
635271084 801234567
635271408 801234567
635271840 801234567
635274018 801234567
635274180 801234567
635274801 801234567
635278041 801234567
635278104 801234567
635278410 801234567
635280174 801234567
635280417 801234567
635280741 801234567
635281047 801234567
635281470 801234567
635281704 801234567
635284071 801234567
635284107 801234567
635284710 801234567
635287014 801234567
635287140 801234567
635287401 801234567
635401278 801234567
635401782 801234567
635401827 801234567
635402187 801234567
635402718 801234567
635402871 801234567
635407128 801234567
635407281 801234567
635407812 801234567
635408172 801234567
635408217 801234567
635408721 801234567
635410287 801234567
635410728 801234567
635410872 801234567
635412078 801234567
635412780 801234567
635412807 801234567
635417082 801234567
635417208 801234567
635417820 801234567
635418027 801234567
635418270 801234567
635418702 801234567
635420178 801234567
635420781 801234567
635420817 801234567
635421087 801234567
635421708 801234567
635421870 801234567
635427018 801234567
635427180 801234567
635427801 801234567
635428071 801234567
635428107 801234567
635428710 801234567
635470182 801234567
635470218 801234567
635470821 801234567
635471028 801234567
635471280 801234567
635471802 801234567
635472081 801234567
635472108 801234567
635472810 801234567
635478012 801234567
635478120 801234567
635478201 801234567
635480127 801234567
635480271 801234567
635480712 801234567
635481072 801234567
635481207 801234567
635481720 801234567
635482017 801234567
635482170 801234567
635482701 801234567
635487021 801234567
635487102 801234567
635487210 801234567
635701284 801234567
635701428 801234567
635701842 801234567
635702148 801234567
635702481 801234567
635702814 801234567
635704182 801234567
635704218 801234567
635704821 801234567
635708124 801234567
635708241 801234567
635708412 801234567
635710248 801234567
635710482 801234567
635710824 801234567
635712084 801234567
635712408 801234567
635712840 801234567
635714028 801234567
635714280 801234567
635714802 801234567
635718042 801234567
635718204 801234567
635718420 801234567
635720184 801234567
635720418 801234567
635720841 801234567
635721048 801234567
635721480 801234567
635721804 801234567
635724081 801234567
635724108 801234567
635724810 801234567
635728014 801234567
635728140 801234567
635728401 801234567
635740128 801234567
635740281 801234567
635740812 801234567
