485126730 801234567
485127036 801234567
485127360 801234567
485127603 801234567
485130267 801234567
485130672 801234567
485130726 801234567
485132076 801234567
485132607 801234567
485132760 801234567
485136027 801234567
485136270 801234567
485136702 801234567
485137062 801234567
485137206 801234567
485137620 801234567
485160273 801234567
485160327 801234567
485160732 801234567
485162037 801234567
485162370 801234567
485162703 801234567
485163072 801234567
485163207 801234567
485163720 801234567
485167023 801234567
485167230 801234567
485167302 801234567
485170236 801234567
485170362 801234567
485170623 801234567
485172063 801234567
485172306 801234567
485172630 801234567
485173026 801234567
485173260 801234567
485173602 801234567
485176032 801234567
485176203 801234567
485176320 801234567
485201376 801234567
485201637 801234567
485201763 801234567
485203167 801234567
485203671 801234567
485203716 801234567
485206173 801234567
485206317 801234567
485206731 801234567
485207136 801234567
485207361 801234567
485207613 801234567
485210367 801234567
485210673 801234567
485210736 801234567
485213076 801234567
485213607 801234567
485213760 801234567
485216037 801234567
485216370 801234567
485216703 801234567
485217063 801234567
485217306 801234567
485217630 801234567
485230176 801234567
485230617 801234567
485230761 801234567
485231067 801234567
485231670 801234567
485231706 801234567
485236071 801234567
485236107 801234567
485236710 801234567
485237016 801234567
485237160 801234567
485237601 801234567
485260137 801234567
485260371 801234567
485260713 801234567
485261073 801234567
485261307 801234567
485261730 801234567
485263017 801234567
485263170 801234567
485263701 801234567
485267031 801234567
485267103 801234567
485267310 801234567
485270163 801234567
485270316 801234567
485270631 801234567
485271036 801234567
485271360 801234567
485271603 801234567
485273061 801234567
485273106 801234567
485273610 801234567
485276013 801234567
485276130 801234567
485276301 801234567
485301267 801234567
485301672 801234567
485301726 801234567
485302176 801234567
485302617 801234567
485302761 801234567
485306127 801234567
485306271 801234567
485306712 801234567
485307162 801234567
485307216 801234567
485307621 801234567
485310276 801234567
485310627 801234567
485310762 801234567
485312067 801234567
485312670 801234567
485312706 801234567
485316072 801234567
485316207 801234567
485316720 801234567
485317026 801234567
485317260 801234567
485317602 801234567
485320167 801234567
485320671 801234567
485320716 801234567
485321076 801234567
485321607 801234567
485321760 801234567
485326017 801234567
485326170 801234567
485326701 801234567
485327061 801234567
485327106 801234567
485327610 801234567
485360172 801234567
485360217 801234567
485360721 801234567
485361027 801234567
485361270 801234567
485361702 801234567
485362071 801234567
485362107 801234567
485362710 801234567
485367012 801234567
485367120 801234567
485367201 801234567
485370126 801234567
485370261 801234567
485370612 801234567
485371062 801234567
485371206 801234567
485371620 801234567
485372016 801234567
485372160 801234567
485372601 801234567
485376021 801234567
485376102 801234567
485376210 801234567
485601273 801234567
485601327 801234567
485601732 801234567
485602137 801234567
485602371 801234567
485602713 801234567
485603172 801234567
485603217 801234567
485603721 801234567
485607123 801234567
485607231 801234567
485607312 801234567
485610237 801234567
485610372 801234567
485610723 801234567
485612073 801234567
485612307 801234567
485612730 801234567
485613027 801234567
485613270 801234567
485613702 801234567
485617032 801234567
485617203 801234567
485617320 801234567
485620173 801234567
485620317 801234567
485620731 801234567
485621037 801234567
485621370 801234567
485621703 801234567
485623071 801234567
485623107 801234567
485623710 801234567
485627013 801234567
485627130 801234567
485627301 801234567
485630127 801234567
485630271 801234567
485630712 801234567
485631072 801234567
485631207 801234567
485631720 801234567
485632017 801234567
485632170 801234567
485632701 801234567
485637021 801234567
485637102 801234567
485637210 801234567
485670132 801234567
485670213 801234567
485670321 801234567
485671023 801234567
485671230 801234567
485671302 801234567
485672031 801234567
485672103 801234567
485672310 801234567
485673012 801234567
485673120 801234567
485673201 801234567
485701236 801234567
485701362 801234567
485701623 801234567
485702163 801234567
485702316 801234567
485702631 801234567
485703126 801234567
485703261 801234567
485703612 801234567
485706132 801234567
485706213 801234567
485706321 801234567
485710263 801234567
485710326 801234567
485710632 801234567
485712036 801234567
485712360 801234567
485712603 801234567
485713062 801234567
485713206 801234567
485713620 801234567
485716023 801234567
485716230 801234567
485716302 801234567
485720136 801234567
485720361 801234567
485720613 801234567
485721063 801234567
485721306 801234567
485721630 801234567
485723016 801234567
485723160 801234567
485723601 801234567
485726031 801234567
485726103 801234567
485726310 801234567
485730162 801234567
485730216 801234567
485730621 801234567
485731026 801234567
485731260 801234567
485731602 801234567
485732061 801234567
485732106 801234567
485732610 801234567
485736012 801234567
485736120 801234567
485736201 801234567
485760123 801234567
485760231 801234567
485760312 801234567
485761032 801234567
485761203 801234567
485761320 801234567
485762013 801234567
485762130 801234567
485762301 801234567
485763021 801234567
485763102 801234567
485763210 801234567
486012357 801234567
486012573 801234567
486012735 801234567
486013275 801234567
486013527 801234567
486013752 801234567
486015237 801234567
486015372 801234567
486015723 801234567
486017253 801234567
486017325 801234567
486017532 801234567
486021375 801234567
486021537 801234567
486021753 801234567
486023157 801234567
486023571 801234567
486023715 801234567
486025173 801234567
486025317 801234567
486025731 801234567
486027135 801234567
486027351 801234567
486027513 801234567
486031257 801234567
486031572 801234567
486031725 801234567
486032175 801234567
486032517 801234567
486032751 801234567
486035127 801234567
486035271 801234567
486035712 801234567
486037152 801234567
486037215 801234567
486037521 801234567
486051273 801234567
486051327 801234567
486051732 801234567
486052137 801234567
486052371 801234567
486052713 801234567
486053172 801234567
486053217 801234567
486053721 801234567
486057123 801234567
486057231 801234567
486057312 801234567
486071235 801234567
486071352 801234567
486071523 801234567
486072153 801234567
486072315 801234567
486072531 801234567
486073125 801234567
486073251 801234567
486073512 801234567
486075132 801234567
486075213 801234567
486075321 801234567
486102375 801234567
486102537 801234567
486102753 801234567
486103257 801234567
486103572 801234567
486103725 801234567
486105273 801234567
486105327 801234567
486105732 801234567
486107235 801234567
486107352 801234567
486107523 801234567
486120357 801234567
486120573 801234567
486120735 801234567
486123075 801234567
486123507 801234567
486123750 801234567
486125037 801234567
486125370 801234567
486125703 801234567
486127053 801234567
486127305 801234567
486127530 801234567
486130275 801234567
486130527 801234567
486130752 801234567
486132057 801234567
486132570 801234567
486132705 801234567
486135072 801234567
486135207 801234567
486135720 801234567
486137025 801234567
486137250 801234567
486137502 801234567
486150237 801234567
486150372 801234567
486150723 801234567
486152073 801234567
486152307 801234567
486152730 801234567
486153027 801234567
486153270 801234567
486153702 801234567
486157032 801234567
486157203 801234567
486157320 801234567
486170253 801234567
486170325 801234567
486170532 801234567
486172035 801234567
486172350 801234567
486172503 801234567
486173052 801234567
486173205 801234567
486173520 801234567
486175023 801234567
486175230 801234567
486175302 801234567
486201357 801234567
486201573 801234567
486201735 801234567
486203175 801234567
486203517 801234567
486203751 801234567
486205137 801234567
486205371 801234567
486205713 801234567
486207153 801234567
486207315 801234567
486207531 801234567
486210375 801234567
486210537 801234567
486210753 801234567
486213057 801234567
486213570 801234567
486213705 801234567
486215073 801234567
486215307 801234567
486215730 801234567
486217035 801234567
486217350 801234567
486217503 801234567
486230157 801234567
486230571 801234567
486230715 801234567
486231075 801234567
486231507 801234567
486231750 801234567
486235017 801234567
486235170 801234567
486235701 801234567
486237051 801234567
486237105 801234567
486237510 801234567
486250173 801234567
486250317 801234567
486250731 801234567
486251037 801234567
486251370 801234567
486251703 801234567
486253071 801234567
486253107 801234567
486253710 801234567
486257013 801234567
486257130 801234567
486257301 801234567
486270135 801234567
486270351 801234567
486270513 801234567
486271053 801234567
486271305 801234567
486271530 801234567
486273015 801234567
486273150 801234567
486273501 801234567
486275031 801234567
486275103 801234567
486275310 801234567
486301275 801234567
486301527 801234567
486301752 801234567
486302157 801234567
486302571 801234567
486302715 801234567
486305172 801234567
486305217 801234567
486305721 801234567
486307125 801234567
486307251 801234567
486307512 801234567
486310257 801234567
486310572 801234567
486310725 801234567
486312075 801234567
486312507 801234567
486312750 801234567
486315027 801234567
486315270 801234567
486315702 801234567
486317052 801234567
486317205 801234567
486317520 801234567
486320175 801234567
486320517 801234567
486320751 801234567
486321057 801234567
486321570 801234567
486321705 801234567
486325071 801234567
486325107 801234567
486325710 801234567
486327015 801234567
486327150 801234567
486327501 801234567
486350127 801234567
486350271 801234567
486350712 801234567
