027483165 801234567
027483516 801234567
027483651 801234567
027485136 801234567
027485361 801234567
027485613 801234567
027486153 801234567
027486315 801234567
027486531 801234567
027513486 801234567
027513648 801234567
027513864 801234567
027514368 801234567
027514683 801234567
027514836 801234567
027516384 801234567
027516438 801234567
027516843 801234567
027518346 801234567
027518463 801234567
027518634 801234567
027531468 801234567
027531684 801234567
027531846 801234567
027534186 801234567
027534618 801234567
027534861 801234567
027536148 801234567
027536481 801234567
027536814 801234567
027538164 801234567
027538416 801234567
027538641 801234567
027541386 801234567
027541638 801234567
027541863 801234567
027543168 801234567
027543681 801234567
027543816 801234567
027546183 801234567
027546318 801234567
027546831 801234567
027548136 801234567
027548361 801234567
027548613 801234567
027561348 801234567
027561483 801234567
027561834 801234567
027563184 801234567
027563418 801234567
027563841 801234567
027564138 801234567
027564381 801234567
027564813 801234567
027568143 801234567
027568314 801234567
027568431 801234567
027581364 801234567
027581436 801234567
027581643 801234567
027583146 801234567
027583461 801234567
027583614 801234567
027584163 801234567
027584316 801234567
027584631 801234567
027586134 801234567
027586341 801234567
027586413 801234567
027613458 801234567
027613584 801234567
027613845 801234567
027614385 801234567
027614538 801234567
027614853 801234567
027615348 801234567
027615483 801234567
027615834 801234567
027618354 801234567
027618435 801234567
027618543 801234567
027631485 801234567
027631548 801234567
027631854 801234567
027634158 801234567
027634581 801234567
027634815 801234567
027635184 801234567
027635418 801234567
027635841 801234567
027638145 801234567
027638451 801234567
027638514 801234567
027641358 801234567
027641583 801234567
027641835 801234567
027643185 801234567
027643518 801234567
027643851 801234567
027645138 801234567
027645381 801234567
027645813 801234567
027648153 801234567
027648315 801234567
027648531 801234567
027651384 801234567
027651438 801234567
027651843 801234567
027653148 801234567
027653481 801234567
027653814 801234567
027654183 801234567
027654318 801234567
027654831 801234567
027658134 801234567
027658341 801234567
027658413 801234567
027681345 801234567
027681453 801234567
027681534 801234567
027683154 801234567
027683415 801234567
027683541 801234567
027684135 801234567
027684351 801234567
027684513 801234567
027685143 801234567
027685314 801234567
027685431 801234567
027813465 801234567
027813546 801234567
027813654 801234567
027814356 801234567
027814563 801234567
027814635 801234567
027815364 801234567
027815436 801234567
027815643 801234567
027816345 801234567
027816453 801234567
027816534 801234567
027831456 801234567
027831564 801234567
027831645 801234567
027834165 801234567
027834516 801234567
027834651 801234567
027835146 801234567
027835461 801234567
027835614 801234567
027836154 801234567
027836415 801234567
027836541 801234567
027841365 801234567
027841536 801234567
027841653 801234567
027843156 801234567
027843561 801234567
027843615 801234567
027845163 801234567
027845316 801234567
027845631 801234567
027846135 801234567
027846351 801234567
027846513 801234567
027851346 801234567
027851463 801234567
027851634 801234567
027853164 801234567
027853416 801234567
027853641 801234567
027854136 801234567
027854361 801234567
027854613 801234567
027856143 801234567
027856314 801234567
027856431 801234567
027861354 801234567
027861435 801234567
027861543 801234567
027863145 801234567
027863451 801234567
027863514 801234567
027864153 801234567
027864315 801234567
027864531 801234567
027865134 801234567
027865341 801234567
027865413 801234567
028134576 801234567
028134657 801234567
028134765 801234567
028135467 801234567
028135674 801234567
028135746 801234567
028136475 801234567
028136547 801234567
028136754 801234567
028137456 801234567
028137564 801234567
028137645 801234567
028143567 801234567
028143675 801234567
028143756 801234567
028145376 801234567
028145637 801234567
028145763 801234567
028146357 801234567
028146573 801234567
028146735 801234567
028147365 801234567
028147536 801234567
028147653 801234567
028153476 801234567
028153647 801234567
028153764 801234567
028154367 801234567
028154673 801234567
028154736 801234567
028156374 801234567
028156437 801234567
028156743 801234567
028157346 801234567
028157463 801234567
028157634 801234567
028163457 801234567
028163574 801234567
028163745 801234567
028164375 801234567
028164537 801234567
028164753 801234567
028165347 801234567
028165473 801234567
028165734 801234567
028167354 801234567
028167435 801234567
028167543 801234567
028173465 801234567
028173546 801234567
028173654 801234567
028174356 801234567
028174563 801234567
028174635 801234567
028175364 801234567
028175436 801234567
028175643 801234567
028176345 801234567
028176453 801234567
028176534 801234567
028314567 801234567
028314675 801234567
028314756 801234567
028315476 801234567
028315647 801234567
028315764 801234567
028316457 801234567
028316574 801234567
028316745 801234567
028317465 801234567
028317546 801234567
028317654 801234567
028341576 801234567
028341657 801234567
028341765 801234567
028345167 801234567
028345671 801234567
028345716 801234567
028346175 801234567
028346517 801234567
028346751 801234567
028347156 801234567
028347561 801234567
028347615 801234567
028351467 801234567
028351674 801234567
028351746 801234567
028354176 801234567
028354617 801234567
028354761 801234567
028356147 801234567
028356471 801234567
028356714 801234567
028357164 801234567
028357416 801234567
028357641 801234567
028361475 801234567
028361547 801234567
028361754 801234567
028364157 801234567
028364571 801234567
028364715 801234567
028365174 801234567
028365417 801234567
028365741 801234567
028367145 801234567
028367451 801234567
028367514 801234567
028371456 801234567
028371564 801234567
028371645 801234567
028374165 801234567
028374516 801234567
028374651 801234567
028375146 801234567
028375461 801234567
028375614 801234567
028376154 801234567
028376415 801234567
028376541 801234567
028413576 801234567
028413657 801234567
028413765 801234567
028415367 801234567
028415673 801234567
028415736 801234567
028416375 801234567
028416537 801234567
028416753 801234567
028417356 801234567
028417563 801234567
028417635 801234567
028431567 801234567
028431675 801234567
028431756 801234567
028435176 801234567
028435617 801234567
028435761 801234567
028436157 801234567
028436571 801234567
028436715 801234567
028437165 801234567
028437516 801234567
028437651 801234567
028451376 801234567
028451637 801234567
028451763 801234567
028453167 801234567
028453671 801234567
028453716 801234567
028456173 801234567
028456317 801234567
028456731 801234567
028457136 801234567
028457361 801234567
028457613 801234567
028461357 801234567
028461573 801234567
028461735 801234567
028463175 801234567
028463517 801234567
028463751 801234567
028465137 801234567
028465371 801234567
028465713 801234567
028467153 801234567
028467315 801234567
028467531 801234567
028471365 801234567
028471536 801234567
028471653 801234567
028473156 801234567
028473561 801234567
028473615 801234567
028475163 801234567
028475316 801234567
028475631 801234567
028476135 801234567
028476351 801234567
028476513 801234567
028513467 801234567
028513674 801234567
028513746 801234567
028514376 801234567
028514637 801234567
028514763 801234567
028516347 801234567
028516473 801234567
028516734 801234567
028517364 801234567
028517436 801234567
028517643 801234567
028531476 801234567
028531647 801234567
028531764 801234567
028534167 801234567
028534671 801234567
028534716 801234567
028536174 801234567
028536417 801234567
028536741 801234567
028537146 801234567
028537461 801234567
028537614 801234567
028541367 801234567
028541673 801234567
028541736 801234567
028543176 801234567
028543617 801234567
028543761 801234567
028546137 801234567
028546371 801234567
028546713 801234567
028547163 801234567
028547316 801234567
028547631 801234567
028561374 801234567
028561437 801234567
028561743 801234567
028563147 801234567
028563471 801234567
028563714 801234567
028564173 801234567
028564317 801234567
028564731 801234567
028567134 801234567
028567341 801234567
028567413 801234567
028571346 801234567
028571463 801234567
028571634 801234567
028573164 801234567
028573416 801234567
028573641 801234567
028574136 801234567
028574361 801234567
028574613 801234567
028576143 801234567
028576314 801234567
028576431 801234567
028613475 801234567
028613547 801234567
028613754 801234567
028614357 801234567
028614573 801234567
028614735 801234567
028615374 801234567
028615437 801234567
028615743 801234567
028617345 801234567
028617453 801234567
028617534 801234567
028631457 801234567
028631574 801234567
028631745 801234567
028634175 801234567
028634517 801234567
028634751 801234567
028635147 801234567
028635471 801234567
028635714 801234567
028637154 801234567
028637415 801234567
028637541 801234567
028641375 801234567
028641537 801234567
028641753 801234567
028643157 801234567
028643571 801234567
028643715 801234567
028645173 801234567
028645317 801234567
028645731 801234567
028647135 801234567
028647351 801234567
028647513 801234567
028651347 801234567
028651473 801234567
028651734 801234567
028653174 801234567
028653417 801234567
028653741 801234567
028654137 801234567
028654371 801234567
028654713 801234567
028657143 801234567
028657314 801234567
028657431 801234567
028671354 801234567
028671435 801234567
028671543 801234567
028673145 801234567
028673451 801234567
028673514 801234567
028674153 801234567
028674315 801234567
028674531 801234567
028675134 801234567
028675341 801234567
028675413 801234567
028713456 801234567
028713564 801234567
028713645 801234567
028714365 801234567
028714536 801234567
028714653 801234567
028715346 801234567
028715463 801234567
028715634 801234567
028716354 801234567
