684275301 801234567
684301257 801234567
684301572 801234567
684301725 801234567
684302175 801234567
684302517 801234567
684302751 801234567
684305127 801234567
684305271 801234567
684305712 801234567
684307152 801234567
684307215 801234567
684307521 801234567
684310275 801234567
684310527 801234567
684310752 801234567
684312057 801234567
684312570 801234567
684312705 801234567
684315072 801234567
684315207 801234567
684315720 801234567
684317025 801234567
684317250 801234567
684317502 801234567
684320157 801234567
684320571 801234567
684320715 801234567
684321075 801234567
684321507 801234567
684321750 801234567
684325017 801234567
684325170 801234567
684325701 801234567
684327051 801234567
684327105 801234567
684327510 801234567
684350172 801234567
684350217 801234567
684350721 801234567
684351027 801234567
684351270 801234567
684351702 801234567
684352071 801234567
684352107 801234567
684352710 801234567
684357012 801234567
684357120 801234567
684357201 801234567
684370125 801234567
684370251 801234567
684370512 801234567
684371052 801234567
684371205 801234567
684371520 801234567
684372015 801234567
684372150 801234567
684372501 801234567
684375021 801234567
684375102 801234567
684375210 801234567
684501273 801234567
684501327 801234567
684501732 801234567
684502137 801234567
684502371 801234567
684502713 801234567
684503172 801234567
684503217 801234567
684503721 801234567
684507123 801234567
684507231 801234567
684507312 801234567
684510237 801234567
684510372 801234567
684510723 801234567
684512073 801234567
684512307 801234567
684512730 801234567
684513027 801234567
684513270 801234567
684513702 801234567
684517032 801234567
684517203 801234567
684517320 801234567
684520173 801234567
684520317 801234567
684520731 801234567
684521037 801234567
684521370 801234567
684521703 801234567
684523071 801234567
684523107 801234567
684523710 801234567
684527013 801234567
684527130 801234567
684527301 801234567
684530127 801234567
684530271 801234567
684530712 801234567
684531072 801234567
684531207 801234567
684531720 801234567
684532017 801234567
684532170 801234567
684532701 801234567
684537021 801234567
684537102 801234567
684537210 801234567
684570132 801234567
684570213 801234567
684570321 801234567
684571023 801234567
684571230 801234567
684571302 801234567
684572031 801234567
684572103 801234567
684572310 801234567
684573012 801234567
684573120 801234567
684573201 801234567
684701235 801234567
684701352 801234567
684701523 801234567
684702153 801234567
684702315 801234567
684702531 801234567
684703125 801234567
684703251 801234567
684703512 801234567
684705132 801234567
684705213 801234567
684705321 801234567
684710253 801234567
684710325 801234567
684710532 801234567
684712035 801234567
684712350 801234567
684712503 801234567
684713052 801234567
684713205 801234567
684713520 801234567
684715023 801234567
684715230 801234567
684715302 801234567
684720135 801234567
684720351 801234567
684720513 801234567
684721053 801234567
684721305 801234567
684721530 801234567
684723015 801234567
684723150 801234567
684723501 801234567
684725031 801234567
684725103 801234567
684725310 801234567
684730152 801234567
684730215 801234567
684730521 801234567
684731025 801234567
684731250 801234567
684731502 801234567
684732051 801234567
684732105 801234567
684732510 801234567
684735012 801234567
684735120 801234567
684735201 801234567
684750123 801234567
684750231 801234567
684750312 801234567
684751032 801234567
684751203 801234567
684751320 801234567
684752013 801234567
684752130 801234567
684752301 801234567
684753021 801234567
684753102 801234567
684753210 801234567
685012347 801234567
685012473 801234567
685012734 801234567
685013274 801234567
685013427 801234567
685013742 801234567
685014237 801234567
685014372 801234567
685014723 801234567
685017243 801234567
685017324 801234567
685017432 801234567
685021374 801234567
685021437 801234567
685021743 801234567
685023147 801234567
685023471 801234567
685023714 801234567
685024173 801234567
685024317 801234567
685024731 801234567
685027134 801234567
685027341 801234567
685027413 801234567
685031247 801234567
685031472 801234567
685031724 801234567
685032174 801234567
685032417 801234567
685032741 801234567
685034127 801234567
685034271 801234567
685034712 801234567
685037142 801234567
685037214 801234567
685037421 801234567
685041273 801234567
685041327 801234567
685041732 801234567
685042137 801234567
685042371 801234567
685042713 801234567
685043172 801234567
685043217 801234567
685043721 801234567
685047123 801234567
685047231 801234567
685047312 801234567
685071234 801234567
685071342 801234567
685071423 801234567
685072143 801234567
685072314 801234567
685072431 801234567
685073124 801234567
685073241 801234567
685073412 801234567
685074132 801234567
685074213 801234567
685074321 801234567
685102374 801234567
685102437 801234567
685102743 801234567
685103247 801234567
685103472 801234567
685103724 801234567
685104273 801234567
685104327 801234567
685104732 801234567
685107234 801234567
685107342 801234567
685107423 801234567
685120347 801234567
685120473 801234567
685120734 801234567
685123074 801234567
685123407 801234567
685123740 801234567
685124037 801234567
685124370 801234567
685124703 801234567
685127043 801234567
685127304 801234567
685127430 801234567
685130274 801234567
685130427 801234567
685130742 801234567
685132047 801234567
685132470 801234567
685132704 801234567
685134072 801234567
685134207 801234567
685134720 801234567
685137024 801234567
685137240 801234567
685137402 801234567
685140237 801234567
685140372 801234567
685140723 801234567
685142073 801234567
685142307 801234567
685142730 801234567
685143027 801234567
685143270 801234567
685143702 801234567
685147032 801234567
685147203 801234567
685147320 801234567
685170243 801234567
685170324 801234567
685170432 801234567
685172034 801234567
685172340 801234567
685172403 801234567
685173042 801234567
685173204 801234567
685173420 801234567
685174023 801234567
685174230 801234567
685174302 801234567
685201347 801234567
685201473 801234567
685201734 801234567
685203174 801234567
685203417 801234567
685203741 801234567
685204137 801234567
685204371 801234567
685204713 801234567
685207143 801234567
685207314 801234567
685207431 801234567
685210374 801234567
685210437 801234567
685210743 801234567
685213047 801234567
685213470 801234567
685213704 801234567
685214073 801234567
685214307 801234567
685214730 801234567
685217034 801234567
685217340 801234567
685217403 801234567
685230147 801234567
685230471 801234567
685230714 801234567
685231074 801234567
685231407 801234567
685231740 801234567
685234017 801234567
685234170 801234567
685234701 801234567
685237041 801234567
685237104 801234567
685237410 801234567
685240173 801234567
685240317 801234567
685240731 801234567
685241037 801234567
685241370 801234567
685241703 801234567
685243071 801234567
685243107 801234567
685243710 801234567
685247013 801234567
685247130 801234567
685247301 801234567
685270134 801234567
685270341 801234567
685270413 801234567
685271043 801234567
685271304 801234567
685271430 801234567
685273014 801234567
685273140 801234567
685273401 801234567
685274031 801234567
685274103 801234567
685274310 801234567
685301274 801234567
685301427 801234567
685301742 801234567
685302147 801234567
685302471 801234567
685302714 801234567
685304172 801234567
685304217 801234567
685304721 801234567
685307124 801234567
685307241 801234567
685307412 801234567
685310247 801234567
685310472 801234567
685310724 801234567
685312074 801234567
685312407 801234567
685312740 801234567
685314027 801234567
685314270 801234567
685314702 801234567
685317042 801234567
685317204 801234567
685317420 801234567
685320174 801234567
685320417 801234567
685320741 801234567
685321047 801234567
685321470 801234567
685321704 801234567
685324071 801234567
685324107 801234567
685324710 801234567
685327014 801234567
685327140 801234567
685327401 801234567
685340127 801234567
685340271 801234567
685340712 801234567
685341072 801234567
685341207 801234567
685341720 801234567
685342017 801234567
685342170 801234567
685342701 801234567
685347021 801234567
685347102 801234567
685347210 801234567
685370142 801234567
685370214 801234567
685370421 801234567
685371024 801234567
685371240 801234567
685371402 801234567
685372041 801234567
685372104 801234567
685372410 801234567
685374012 801234567
685374120 801234567
685374201 801234567
685401237 801234567
685401372 801234567
685401723 801234567
685402173 801234567
685402317 801234567
685402731 801234567
685403127 801234567
685403271 801234567
685403712 801234567
685407132 801234567
685407213 801234567
685407321 801234567
685410273 801234567
685410327 801234567
685410732 801234567
685412037 801234567
685412370 801234567
685412703 801234567
685413072 801234567
685413207 801234567
685413720 801234567
685417023 801234567
685417230 801234567
685417302 801234567
685420137 801234567
685420371 801234567
685420713 801234567
685421073 801234567
685421307 801234567
685421730 801234567
685423017 801234567
685423170 801234567
685423701 801234567
685427031 801234567
685427103 801234567
685427310 801234567
685430172 801234567
685430217 801234567
685430721 801234567
685431027 801234567
685431270 801234567
685431702 801234567
685432071 801234567
685432107 801234567
685432710 801234567
685437012 801234567
685437120 801234567
685437201 801234567
685470123 801234567
685470231 801234567
685470312 801234567
685471032 801234567
685471203 801234567
685471320 801234567
685472013 801234567
685472130 801234567
685472301 801234567
685473021 801234567
685473102 801234567
685473210 801234567
685701243 801234567
685701324 801234567
685701432 801234567
685702134 801234567
685702341 801234567
685702413 801234567
685703142 801234567
685703214 801234567
685703421 801234567
685704123 801234567
685704231 801234567
685704312 801234567
685710234 801234567
685710342 801234567
685710423 801234567
685712043 801234567
685712304 801234567
685712430 801234567
