084612735 801234567
084613275 801234567
084613527 801234567
084613752 801234567
084615237 801234567
084615372 801234567
084615723 801234567
084617253 801234567
084617325 801234567
084617532 801234567
084621375 801234567
084621537 801234567
084621753 801234567
084623157 801234567
084623571 801234567
084623715 801234567
084625173 801234567
084625317 801234567
084625731 801234567
084627135 801234567
084627351 801234567
084627513 801234567
084631257 801234567
084631572 801234567
084631725 801234567
084632175 801234567
084632517 801234567
084632751 801234567
084635127 801234567
084635271 801234567
084635712 801234567
084637152 801234567
084637215 801234567
084637521 801234567
084651273 801234567
084651327 801234567
084651732 801234567
084652137 801234567
084652371 801234567
084652713 801234567
084653172 801234567
084653217 801234567
084653721 801234567
084657123 801234567
084657231 801234567
084657312 801234567
084671235 801234567
084671352 801234567
084671523 801234567
084672153 801234567
084672315 801234567
084672531 801234567
084673125 801234567
084673251 801234567
084673512 801234567
084675132 801234567
084675213 801234567
084675321 801234567
084712365 801234567
084712536 801234567
084712653 801234567
084713256 801234567
084713562 801234567
084713625 801234567
084715263 801234567
084715326 801234567
084715632 801234567
084716235 801234567
084716352 801234567
084716523 801234567
084721356 801234567
084721563 801234567
084721635 801234567
084723165 801234567
084723516 801234567
084723651 801234567
084725136 801234567
084725361 801234567
084725613 801234567
084726153 801234567
084726315 801234567
084726531 801234567
084731265 801234567
084731526 801234567
084731652 801234567
084732156 801234567
084732561 801234567
084732615 801234567
084735162 801234567
084735216 801234567
084735621 801234567
084736125 801234567
084736251 801234567
084736512 801234567
084751236 801234567
084751362 801234567
084751623 801234567
084752163 801234567
084752316 801234567
084752631 801234567
084753126 801234567
084753261 801234567
084753612 801234567
084756132 801234567
084756213 801234567
084756321 801234567
084761253 801234567
084761325 801234567
084761532 801234567
084762135 801234567
084762351 801234567
084762513 801234567
084763152 801234567
084763215 801234567
084763521 801234567
084765123 801234567
084765231 801234567
084765312 801234567
085123476 801234567
085123647 801234567
085123764 801234567
085124367 801234567
085124673 801234567
085124736 801234567
085126374 801234567
085126437 801234567
085126743 801234567
085127346 801234567
085127463 801234567
085127634 801234567
085132467 801234567
085132674 801234567
085132746 801234567
085134276 801234567
085134627 801234567
085134762 801234567
085136247 801234567
085136472 801234567
085136724 801234567
085137264 801234567
085137426 801234567
085137642 801234567
085142376 801234567
085142637 801234567
085142763 801234567
085143267 801234567
085143672 801234567
085143726 801234567
085146273 801234567
085146327 801234567
085146732 801234567
085147236 801234567
085147362 801234567
085147623 801234567
085162347 801234567
085162473 801234567
085162734 801234567
085163274 801234567
085163427 801234567
085163742 801234567
085164237 801234567
085164372 801234567
085164723 801234567
085167243 801234567
085167324 801234567
085167432 801234567
085172364 801234567
085172436 801234567
085172643 801234567
085173246 801234567
085173462 801234567
085173624 801234567
085174263 801234567
085174326 801234567
085174632 801234567
085176234 801234567
085176342 801234567
085176423 801234567
085213467 801234567
085213674 801234567
085213746 801234567
085214376 801234567
085214637 801234567
085214763 801234567
085216347 801234567
085216473 801234567
085216734 801234567
085217364 801234567
085217436 801234567
085217643 801234567
085231476 801234567
085231647 801234567
085231764 801234567
085234167 801234567
085234671 801234567
085234716 801234567
085236174 801234567
085236417 801234567
085236741 801234567
085237146 801234567
085237461 801234567
085237614 801234567
085241367 801234567
085241673 801234567
085241736 801234567
085243176 801234567
085243617 801234567
085243761 801234567
085246137 801234567
085246371 801234567
085246713 801234567
085247163 801234567
085247316 801234567
085247631 801234567
085261374 801234567
085261437 801234567
085261743 801234567
085263147 801234567
085263471 801234567
085263714 801234567
085264173 801234567
085264317 801234567
085264731 801234567
085267134 801234567
085267341 801234567
085267413 801234567
085271346 801234567
085271463 801234567
085271634 801234567
085273164 801234567
085273416 801234567
085273641 801234567
085274136 801234567
085274361 801234567
085274613 801234567
085276143 801234567
085276314 801234567
085276431 801234567
085312476 801234567
085312647 801234567
085312764 801234567
085314267 801234567
085314672 801234567
085314726 801234567
085316274 801234567
085316427 801234567
085316742 801234567
085317246 801234567
085317462 801234567
085317624 801234567
085321467 801234567
085321674 801234567
085321746 801234567
085324176 801234567
085324617 801234567
085324761 801234567
085326147 801234567
085326471 801234567
085326714 801234567
085327164 801234567
085327416 801234567
085327641 801234567
085341276 801234567
085341627 801234567
085341762 801234567
085342167 801234567
085342671 801234567
085342716 801234567
085346172 801234567
085346217 801234567
085346721 801234567
085347126 801234567
085347261 801234567
085347612 801234567
085361247 801234567
085361472 801234567
085361724 801234567
085362174 801234567
085362417 801234567
085362741 801234567
085364127 801234567
085364271 801234567
085364712 801234567
085367142 801234567
085367214 801234567
085367421 801234567
085371264 801234567
085371426 801234567
085371642 801234567
085372146 801234567
085372461 801234567
085372614 801234567
085374162 801234567
085374216 801234567
085374621 801234567
085376124 801234567
085376241 801234567
085376412 801234567
085412367 801234567
085412673 801234567
085412736 801234567
085413276 801234567
085413627 801234567
085413762 801234567
085416237 801234567
085416372 801234567
085416723 801234567
085417263 801234567
085417326 801234567
085417632 801234567
085421376 801234567
085421637 801234567
085421763 801234567
085423167 801234567
085423671 801234567
085423716 801234567
085426173 801234567
085426317 801234567
085426731 801234567
085427136 801234567
085427361 801234567
085427613 801234567
085431267 801234567
085431672 801234567
085431726 801234567
085432176 801234567
085432617 801234567
085432761 801234567
085436127 801234567
085436271 801234567
085436712 801234567
085437162 801234567
085437216 801234567
085437621 801234567
085461273 801234567
085461327 801234567
085461732 801234567
085462137 801234567
085462371 801234567
085462713 801234567
085463172 801234567
085463217 801234567
085463721 801234567
085467123 801234567
085467231 801234567
085467312 801234567
085471236 801234567
085471362 801234567
085471623 801234567
085472163 801234567
085472316 801234567
085472631 801234567
085473126 801234567
085473261 801234567
085473612 801234567
085476132 801234567
085476213 801234567
085476321 801234567
085612374 801234567
085612437 801234567
085612743 801234567
085613247 801234567
085613472 801234567
085613724 801234567
085614273 801234567
085614327 801234567
085614732 801234567
085617234 801234567
085617342 801234567
085617423 801234567
085621347 801234567
085621473 801234567
085621734 801234567
085623174 801234567
085623417 801234567
085623741 801234567
085624137 801234567
085624371 801234567
085624713 801234567
085627143 801234567
085627314 801234567
085627431 801234567
085631274 801234567
085631427 801234567
085631742 801234567
085632147 801234567
085632471 801234567
085632714 801234567
085634172 801234567
085634217 801234567
085634721 801234567
085637124 801234567
085637241 801234567
085637412 801234567
085641237 801234567
085641372 801234567
085641723 801234567
085642173 801234567
085642317 801234567
085642731 801234567
085643127 801234567
085643271 801234567
085643712 801234567
085647132 801234567
085647213 801234567
085647321 801234567
085671243 801234567
085671324 801234567
085671432 801234567
085672134 801234567
085672341 801234567
085672413 801234567
085673142 801234567
085673214 801234567
085673421 801234567
085674123 801234567
085674231 801234567
085674312 801234567
085712346 801234567
085712463 801234567
085712634 801234567
085713264 801234567
085713426 801234567
085713642 801234567
085714236 801234567
085714362 801234567
085714623 801234567
085716243 801234567
085716324 801234567
085716432 801234567
085721364 801234567
085721436 801234567
085721643 801234567
085723146 801234567
085723461 801234567
085723614 801234567
085724163 801234567
085724316 801234567
085724631 801234567
085726134 801234567
085726341 801234567
085726413 801234567
085731246 801234567
085731462 801234567
085731624 801234567
085732164 801234567
085732416 801234567
085732641 801234567
085734126 801234567
085734261 801234567
085734612 801234567
085736142 801234567
085736214 801234567
085736421 801234567
085741263 801234567
085741326 801234567
085741632 801234567
085742136 801234567
085742361 801234567
085742613 801234567
085743162 801234567
085743216 801234567
085743621 801234567
085746123 801234567
085746231 801234567
085746312 801234567
085761234 801234567
085761342 801234567
085761423 801234567
085762143 801234567
085762314 801234567
085762431 801234567
085763124 801234567
085763241 801234567
085763412 801234567
085764132 801234567
085764213 801234567
085764321 801234567
086123457 801234567
086123574 801234567
086123745 801234567
086124375 801234567
086124537 801234567
086124753 801234567
086125347 801234567
086125473 801234567
086125734 801234567
086127354 801234567
086127435 801234567
086127543 801234567
086132475 801234567
086132547 801234567
086132754 801234567
086134257 801234567
086134572 801234567
086134725 801234567
086135274 801234567
086135427 801234567
086135742 801234567
