024731685 801234567
024731856 801234567
024735186 801234567
024735618 801234567
024735861 801234567
024736158 801234567
024736581 801234567
024736815 801234567
024738165 801234567
024738516 801234567
024738651 801234567
024751386 801234567
024751638 801234567
024751863 801234567
024753168 801234567
024753681 801234567
024753816 801234567
024756183 801234567
024756318 801234567
024756831 801234567
024758136 801234567
024758361 801234567
024758613 801234567
024761358 801234567
024761583 801234567
024761835 801234567
024763185 801234567
024763518 801234567
024763851 801234567
024765138 801234567
024765381 801234567
024765813 801234567
024768153 801234567
024768315 801234567
024768531 801234567
024781365 801234567
024781536 801234567
024781653 801234567
024783156 801234567
024783561 801234567
024783615 801234567
024785163 801234567
024785316 801234567
024785631 801234567
024786135 801234567
024786351 801234567
024786513 801234567
024813567 801234567
024813675 801234567
024813756 801234567
024815376 801234567
024815637 801234567
024815763 801234567
024816357 801234567
024816573 801234567
024816735 801234567
024817365 801234567
024817536 801234567
024817653 801234567
024831576 801234567
024831657 801234567
024831765 801234567
024835167 801234567
024835671 801234567
024835716 801234567
024836175 801234567
024836517 801234567
024836751 801234567
024837156 801234567
024837561 801234567
024837615 801234567
024851367 801234567
024851673 801234567
024851736 801234567
024853176 801234567
024853617 801234567
024853761 801234567
024856137 801234567
024856371 801234567
024856713 801234567
024857163 801234567
024857316 801234567
024857631 801234567
024861375 801234567
024861537 801234567
024861753 801234567
024863157 801234567
024863571 801234567
024863715 801234567
024865173 801234567
024865317 801234567
024865731 801234567
024867135 801234567
024867351 801234567
024867513 801234567
024871356 801234567
024871563 801234567
024871635 801234567
024873165 801234567
024873516 801234567
024873651 801234567
024875136 801234567
024875361 801234567
024875613 801234567
024876153 801234567
024876315 801234567
024876531 801234567
025134678 801234567
025134786 801234567
025134867 801234567
025136487 801234567
025136748 801234567
025136874 801234567
025137468 801234567
025137684 801234567
025137846 801234567
025138476 801234567
025138647 801234567
025138764 801234567
025143687 801234567
025143768 801234567
025143876 801234567
025146378 801234567
025146783 801234567
025146837 801234567
025147386 801234567
025147638 801234567
025147863 801234567
025148367 801234567
025148673 801234567
025148736 801234567
025163478 801234567
025163784 801234567
025163847 801234567
025164387 801234567
025164738 801234567
025164873 801234567
025167348 801234567
025167483 801234567
025167834 801234567
025168374 801234567
025168437 801234567
025168743 801234567
025173486 801234567
025173648 801234567
025173864 801234567
025174368 801234567
025174683 801234567
025174836 801234567
025176384 801234567
025176438 801234567
025176843 801234567
025178346 801234567
025178463 801234567
025178634 801234567
025183467 801234567
025183674 801234567
025183746 801234567
025184376 801234567
025184637 801234567
025184763 801234567
025186347 801234567
025186473 801234567
025186734 801234567
025187364 801234567
025187436 801234567
025187643 801234567
025314687 801234567
025314768 801234567
025314876 801234567
025316478 801234567
025316784 801234567
025316847 801234567
025317486 801234567
025317648 801234567
025317864 801234567
025318467 801234567
025318674 801234567
025318746 801234567
025341678 801234567
025341786 801234567
025341867 801234567
025346187 801234567
025346718 801234567
025346871 801234567
025347168 801234567
025347681 801234567
025347816 801234567
025348176 801234567
025348617 801234567
025348761 801234567
025361487 801234567
025361748 801234567
025361874 801234567
025364178 801234567
025364781 801234567
025364817 801234567
025367184 801234567
025367418 801234567
025367841 801234567
025368147 801234567
025368471 801234567
025368714 801234567
025371468 801234567
025371684 801234567
025371846 801234567
025374186 801234567
025374618 801234567
025374861 801234567
025376148 801234567
025376481 801234567
025376814 801234567
025378164 801234567
025378416 801234567
025378641 801234567
025381476 801234567
025381647 801234567
025381764 801234567
025384167 801234567
025384671 801234567
025384716 801234567
025386174 801234567
025386417 801234567
025386741 801234567
025387146 801234567
025387461 801234567
025387614 801234567
025413678 801234567
025413786 801234567
025413867 801234567
025416387 801234567
025416738 801234567
025416873 801234567
025417368 801234567
025417683 801234567
025417836 801234567
025418376 801234567
025418637 801234567
025418763 801234567
025431687 801234567
025431768 801234567
025431876 801234567
025436178 801234567
025436781 801234567
025436817 801234567
025437186 801234567
025437618 801234567
025437861 801234567
025438167 801234567
025438671 801234567
025438716 801234567
025461378 801234567
025461783 801234567
025461837 801234567
025463187 801234567
025463718 801234567
025463871 801234567
025467138 801234567
025467381 801234567
025467813 801234567
025468173 801234567
025468317 801234567
025468731 801234567
025471386 801234567
025471638 801234567
025471863 801234567
025473168 801234567
025473681 801234567
025473816 801234567
025476183 801234567
025476318 801234567
025476831 801234567
025478136 801234567
025478361 801234567
025478613 801234567
025481367 801234567
025481673 801234567
025481736 801234567
025483176 801234567
025483617 801234567
025483761 801234567
025486137 801234567
025486371 801234567
025486713 801234567
025487163 801234567
025487316 801234567
025487631 801234567
025613487 801234567
025613748 801234567
025613874 801234567
025614378 801234567
025614783 801234567
025614837 801234567
025617384 801234567
025617438 801234567
025617843 801234567
025618347 801234567
025618473 801234567
025618734 801234567
025631478 801234567
025631784 801234567
025631847 801234567
025634187 801234567
025634718 801234567
025634871 801234567
025637148 801234567
025637481 801234567
025637814 801234567
025638174 801234567
025638417 801234567
025638741 801234567
025641387 801234567
025641738 801234567
025641873 801234567
025643178 801234567
025643781 801234567
025643817 801234567
025647183 801234567
025647318 801234567
025647831 801234567
025648137 801234567
025648371 801234567
025648713 801234567
025671348 801234567
025671483 801234567
025671834 801234567
025673184 801234567
025673418 801234567
025673841 801234567
025674138 801234567
025674381 801234567
025674813 801234567
025678143 801234567
025678314 801234567
025678431 801234567
025681374 801234567
025681437 801234567
025681743 801234567
025683147 801234567
025683471 801234567
025683714 801234567
025684173 801234567
025684317 801234567
025684731 801234567
025687134 801234567
025687341 801234567
025687413 801234567
025713468 801234567
025713684 801234567
025713846 801234567
025714386 801234567
025714638 801234567
025714863 801234567
025716348 801234567
025716483 801234567
025716834 801234567
025718364 801234567
025718436 801234567
025718643 801234567
025731486 801234567
025731648 801234567
025731864 801234567
025734168 801234567
025734681 801234567
025734816 801234567
025736184 801234567
025736418 801234567
025736841 801234567
025738146 801234567
025738461 801234567
025738614 801234567
025741368 801234567
025741683 801234567
025741836 801234567
025743186 801234567
025743618 801234567
025743861 801234567
025746138 801234567
025746381 801234567
025746813 801234567
025748163 801234567
025748316 801234567
025748631 801234567
025761384 801234567
025761438 801234567
025761843 801234567
025763148 801234567
025763481 801234567
025763814 801234567
025764183 801234567
025764318 801234567
025764831 801234567
025768134 801234567
025768341 801234567
025768413 801234567
025781346 801234567
025781463 801234567
025781634 801234567
025783164 801234567
025783416 801234567
025783641 801234567
025784136 801234567
025784361 801234567
025784613 801234567
025786143 801234567
025786314 801234567
025786431 801234567
025813476 801234567
025813647 801234567
025813764 801234567
025814367 801234567
025814673 801234567
025814736 801234567
025816374 801234567
025816437 801234567
025816743 801234567
025817346 801234567
025817463 801234567
025817634 801234567
025831467 801234567
025831674 801234567
025831746 801234567
025834176 801234567
025834617 801234567
025834761 801234567
025836147 801234567
025836471 801234567
025836714 801234567
025837164 801234567
025837416 801234567
025837641 801234567
025841376 801234567
025841637 801234567
025841763 801234567
025843167 801234567
025843671 801234567
025843716 801234567
025846173 801234567
025846317 801234567
025846731 801234567
025847136 801234567
025847361 801234567
025847613 801234567
025861347 801234567
025861473 801234567
025861734 801234567
025863174 801234567
025863417 801234567
025863741 801234567
025864137 801234567
025864371 801234567
025864713 801234567
025867143 801234567
025867314 801234567
025867431 801234567
025871364 801234567
025871436 801234567
025871643 801234567
025873146 801234567
025873461 801234567
025873614 801234567
025874163 801234567
025874316 801234567
025874631 801234567
025876134 801234567
025876341 801234567
025876413 801234567
026134587 801234567
026134758 801234567
026134875 801234567
026135478 801234567
026135784 801234567
026135847 801234567
026137485 801234567
026137548 801234567
026137854 801234567
026138457 801234567
026138574 801234567
026138745 801234567
026143578 801234567
026143785 801234567
026143857 801234567
026145387 801234567
026145738 801234567
026145873 801234567
026147358 801234567
026147583 801234567
026147835 801234567
026148375 801234567
026148537 801234567
026148753 801234567
026153487 801234567
026153748 801234567
026153874 801234567
026154378 801234567
026154783 801234567
026154837 801234567
026157384 801234567
026157438 801234567
