583601247 801234567
583601472 801234567
583601724 801234567
583602174 801234567
583602417 801234567
583602741 801234567
583604127 801234567
583604271 801234567
583604712 801234567
583607142 801234567
583607214 801234567
583607421 801234567
583610274 801234567
583610427 801234567
583610742 801234567
583612047 801234567
583612470 801234567
583612704 801234567
583614072 801234567
583614207 801234567
583614720 801234567
583617024 801234567
583617240 801234567
583617402 801234567
583620147 801234567
583620471 801234567
583620714 801234567
583621074 801234567
583621407 801234567
583621740 801234567
583624017 801234567
583624170 801234567
583624701 801234567
583627041 801234567
583627104 801234567
583627410 801234567
583640172 801234567
583640217 801234567
583640721 801234567
583641027 801234567
583641270 801234567
583641702 801234567
583642071 801234567
583642107 801234567
583642710 801234567
583647012 801234567
583647120 801234567
583647201 801234567
583670124 801234567
583670241 801234567
583670412 801234567
583671042 801234567
583671204 801234567
583671420 801234567
583672014 801234567
583672140 801234567
583672401 801234567
583674021 801234567
583674102 801234567
583674210 801234567
583701264 801234567
583701426 801234567
583701642 801234567
583702146 801234567
583702461 801234567
583702614 801234567
583704162 801234567
583704216 801234567
583704621 801234567
583706124 801234567
583706241 801234567
583706412 801234567
583710246 801234567
583710462 801234567
583710624 801234567
583712064 801234567
583712406 801234567
583712640 801234567
583714026 801234567
583714260 801234567
583714602 801234567
583716042 801234567
583716204 801234567
583716420 801234567
583720164 801234567
583720416 801234567
583720641 801234567
583721046 801234567
583721460 801234567
583721604 801234567
583724061 801234567
583724106 801234567
583724610 801234567
583726014 801234567
583726140 801234567
583726401 801234567
583740126 801234567
583740261 801234567
583740612 801234567
583741062 801234567
583741206 801234567
583741620 801234567
583742016 801234567
583742160 801234567
583742601 801234567
583746021 801234567
583746102 801234567
583746210 801234567
583760142 801234567
583760214 801234567
583760421 801234567
583761024 801234567
583761240 801234567
583761402 801234567
583762041 801234567
583762104 801234567
583762410 801234567
583764012 801234567
583764120 801234567
583764201 801234567
584012376 801234567
584012637 801234567
584012763 801234567
584013267 801234567
584013672 801234567
584013726 801234567
584016273 801234567
584016327 801234567
584016732 801234567
584017236 801234567
584017362 801234567
584017623 801234567
584021367 801234567
584021673 801234567
584021736 801234567
584023176 801234567
584023617 801234567
584023761 801234567
584026137 801234567
584026371 801234567
584026713 801234567
584027163 801234567
584027316 801234567
584027631 801234567
584031276 801234567
584031627 801234567
584031762 801234567
584032167 801234567
584032671 801234567
584032716 801234567
584036172 801234567
584036217 801234567
584036721 801234567
584037126 801234567
584037261 801234567
584037612 801234567
584061237 801234567
584061372 801234567
584061723 801234567
584062173 801234567
584062317 801234567
584062731 801234567
584063127 801234567
584063271 801234567
584063712 801234567
584067132 801234567
584067213 801234567
584067321 801234567
584071263 801234567
584071326 801234567
584071632 801234567
584072136 801234567
584072361 801234567
584072613 801234567
584073162 801234567
584073216 801234567
584073621 801234567
584076123 801234567
584076231 801234567
584076312 801234567
584102367 801234567
584102673 801234567
584102736 801234567
584103276 801234567
584103627 801234567
584103762 801234567
584106237 801234567
584106372 801234567
584106723 801234567
584107263 801234567
584107326 801234567
584107632 801234567
584120376 801234567
584120637 801234567
584120763 801234567
584123067 801234567
584123670 801234567
584123706 801234567
584126073 801234567
584126307 801234567
584126730 801234567
584127036 801234567
584127360 801234567
584127603 801234567
584130267 801234567
584130672 801234567
584130726 801234567
584132076 801234567
584132607 801234567
584132760 801234567
584136027 801234567
584136270 801234567
584136702 801234567
584137062 801234567
584137206 801234567
584137620 801234567
584160273 801234567
584160327 801234567
584160732 801234567
584162037 801234567
584162370 801234567
584162703 801234567
584163072 801234567
584163207 801234567
584163720 801234567
584167023 801234567
584167230 801234567
584167302 801234567
584170236 801234567
584170362 801234567
584170623 801234567
584172063 801234567
584172306 801234567
584172630 801234567
584173026 801234567
584173260 801234567
584173602 801234567
584176032 801234567
584176203 801234567
584176320 801234567
584201376 801234567
584201637 801234567
584201763 801234567
584203167 801234567
584203671 801234567
584203716 801234567
584206173 801234567
584206317 801234567
584206731 801234567
584207136 801234567
584207361 801234567
584207613 801234567
584210367 801234567
584210673 801234567
584210736 801234567
584213076 801234567
584213607 801234567
584213760 801234567
584216037 801234567
584216370 801234567
584216703 801234567
584217063 801234567
584217306 801234567
584217630 801234567
584230176 801234567
584230617 801234567
584230761 801234567
584231067 801234567
584231670 801234567
584231706 801234567
584236071 801234567
584236107 801234567
584236710 801234567
584237016 801234567
584237160 801234567
584237601 801234567
584260137 801234567
584260371 801234567
584260713 801234567
584261073 801234567
584261307 801234567
584261730 801234567
584263017 801234567
584263170 801234567
584263701 801234567
584267031 801234567
584267103 801234567
584267310 801234567
584270163 801234567
584270316 801234567
584270631 801234567
584271036 801234567
584271360 801234567
584271603 801234567
584273061 801234567
584273106 801234567
584273610 801234567
584276013 801234567
584276130 801234567
584276301 801234567
584301267 801234567
584301672 801234567
584301726 801234567
584302176 801234567
584302617 801234567
584302761 801234567
584306127 801234567
584306271 801234567
584306712 801234567
584307162 801234567
584307216 801234567
584307621 801234567
584310276 801234567
584310627 801234567
584310762 801234567
584312067 801234567
584312670 801234567
584312706 801234567
584316072 801234567
584316207 801234567
584316720 801234567
584317026 801234567
584317260 801234567
584317602 801234567
584320167 801234567
584320671 801234567
584320716 801234567
584321076 801234567
584321607 801234567
584321760 801234567
584326017 801234567
584326170 801234567
584326701 801234567
584327061 801234567
584327106 801234567
584327610 801234567
584360172 801234567
584360217 801234567
584360721 801234567
584361027 801234567
584361270 801234567
584361702 801234567
584362071 801234567
584362107 801234567
584362710 801234567
584367012 801234567
584367120 801234567
584367201 801234567
584370126 801234567
584370261 801234567
584370612 801234567
584371062 801234567
584371206 801234567
584371620 801234567
584372016 801234567
584372160 801234567
584372601 801234567
584376021 801234567
584376102 801234567
584376210 801234567
584601273 801234567
584601327 801234567
584601732 801234567
584602137 801234567
584602371 801234567
584602713 801234567
584603172 801234567
584603217 801234567
584603721 801234567
584607123 801234567
584607231 801234567
584607312 801234567
584610237 801234567
584610372 801234567
584610723 801234567
584612073 801234567
584612307 801234567
584612730 801234567
584613027 801234567
584613270 801234567
584613702 801234567
584617032 801234567
584617203 801234567
584617320 801234567
584620173 801234567
584620317 801234567
584620731 801234567
584621037 801234567
584621370 801234567
584621703 801234567
584623071 801234567
584623107 801234567
584623710 801234567
584627013 801234567
584627130 801234567
584627301 801234567
584630127 801234567
584630271 801234567
584630712 801234567
584631072 801234567
584631207 801234567
584631720 801234567
584632017 801234567
584632170 801234567
584632701 801234567
584637021 801234567
584637102 801234567
584637210 801234567
584670132 801234567
584670213 801234567
584670321 801234567
584671023 801234567
584671230 801234567
584671302 801234567
584672031 801234567
584672103 801234567
584672310 801234567
584673012 801234567
584673120 801234567
584673201 801234567
584701236 801234567
584701362 801234567
584701623 801234567
584702163 801234567
584702316 801234567
584702631 801234567
584703126 801234567
584703261 801234567
584703612 801234567
584706132 801234567
584706213 801234567
584706321 801234567
584710263 801234567
584710326 801234567
584710632 801234567
584712036 801234567
584712360 801234567
584712603 801234567
584713062 801234567
584713206 801234567
584713620 801234567
584716023 801234567
584716230 801234567
584716302 801234567
584720136 801234567
584720361 801234567
584720613 801234567
584721063 801234567
584721306 801234567
584721630 801234567
584723016 801234567
584723160 801234567
584723601 801234567
584726031 801234567
584726103 801234567
584726310 801234567
584730162 801234567
584730216 801234567
584730621 801234567
584731026 801234567
584731260 801234567
584731602 801234567
584732061 801234567
584732106 801234567
584732610 801234567
584736012 801234567
584736120 801234567
584736201 801234567
584760123 801234567
584760231 801234567
584760312 801234567
584761032 801234567
584761203 801234567
584761320 801234567
584762013 801234567
584762130 801234567
584762301 801234567
584763021 801234567
584763102 801234567
584763210 801234567
586012347 801234567
586012473 801234567
586012734 801234567
586013274 801234567
586013427 801234567
586013742 801234567
586014237 801234567
586014372 801234567
586014723 801234567
586017243 801234567
586017324 801234567
586017432 801234567
586021374 801234567
586021437 801234567
586021743 801234567
586023147 801234567
586023471 801234567
586023714 801234567
586024173 801234567
