674320185 801234567
674320518 801234567
674320851 801234567
674321058 801234567
674321580 801234567
674321805 801234567
674325081 801234567
674325108 801234567
674325810 801234567
674328015 801234567
674328150 801234567
674328501 801234567
674350128 801234567
674350281 801234567
674350812 801234567
674351082 801234567
674351208 801234567
674351820 801234567
674352018 801234567
674352180 801234567
674352801 801234567
674358021 801234567
674358102 801234567
674358210 801234567
674380152 801234567
674380215 801234567
674380521 801234567
674381025 801234567
674381250 801234567
674381502 801234567
674382051 801234567
674382105 801234567
674382510 801234567
674385012 801234567
674385120 801234567
674385201 801234567
674501238 801234567
674501382 801234567
674501823 801234567
674502183 801234567
674502318 801234567
674502831 801234567
674503128 801234567
674503281 801234567
674503812 801234567
674508132 801234567
674508213 801234567
674508321 801234567
674510283 801234567
674510328 801234567
674510832 801234567
674512038 801234567
674512380 801234567
674512803 801234567
674513082 801234567
674513208 801234567
674513820 801234567
674518023 801234567
674518230 801234567
674518302 801234567
674520138 801234567
674520381 801234567
674520813 801234567
674521083 801234567
674521308 801234567
674521830 801234567
674523018 801234567
674523180 801234567
674523801 801234567
674528031 801234567
674528103 801234567
674528310 801234567
674530182 801234567
674530218 801234567
674530821 801234567
674531028 801234567
674531280 801234567
674531802 801234567
674532081 801234567
674532108 801234567
674532810 801234567
674538012 801234567
674538120 801234567
674538201 801234567
674580123 801234567
674580231 801234567
674580312 801234567
674581032 801234567
674581203 801234567
674581320 801234567
674582013 801234567
674582130 801234567
674582301 801234567
674583021 801234567
674583102 801234567
674583210 801234567
674801253 801234567
674801325 801234567
674801532 801234567
674802135 801234567
674802351 801234567
674802513 801234567
674803152 801234567
674803215 801234567
674803521 801234567
674805123 801234567
674805231 801234567
674805312 801234567
674810235 801234567
674810352 801234567
674810523 801234567
674812053 801234567
674812305 801234567
674812530 801234567
674813025 801234567
674813250 801234567
674813502 801234567
674815032 801234567
674815203 801234567
674815320 801234567
674820153 801234567
674820315 801234567
674820531 801234567
674821035 801234567
674821350 801234567
674821503 801234567
674823051 801234567
674823105 801234567
674823510 801234567
674825013 801234567
674825130 801234567
674825301 801234567
674830125 801234567
674830251 801234567
674830512 801234567
674831052 801234567
674831205 801234567
674831520 801234567
674832015 801234567
674832150 801234567
674832501 801234567
674835021 801234567
674835102 801234567
674835210 801234567
674850132 801234567
674850213 801234567
674850321 801234567
674851023 801234567
674851230 801234567
674851302 801234567
674852031 801234567
674852103 801234567
674852310 801234567
674853012 801234567
674853120 801234567
674853201 801234567
675012384 801234567
675012438 801234567
675012843 801234567
675013248 801234567
675013482 801234567
675013824 801234567
675014283 801234567
675014328 801234567
675014832 801234567
675018234 801234567
675018342 801234567
675018423 801234567
675021348 801234567
675021483 801234567
675021834 801234567
675023184 801234567
675023418 801234567
675023841 801234567
675024138 801234567
675024381 801234567
675024813 801234567
675028143 801234567
675028314 801234567
675028431 801234567
675031284 801234567
675031428 801234567
675031842 801234567
675032148 801234567
675032481 801234567
675032814 801234567
675034182 801234567
675034218 801234567
675034821 801234567
675038124 801234567
675038241 801234567
675038412 801234567
675041238 801234567
675041382 801234567
675041823 801234567
675042183 801234567
675042318 801234567
675042831 801234567
675043128 801234567
675043281 801234567
675043812 801234567
675048132 801234567
675048213 801234567
675048321 801234567
675081243 801234567
675081324 801234567
675081432 801234567
675082134 801234567
675082341 801234567
675082413 801234567
675083142 801234567
675083214 801234567
675083421 801234567
675084123 801234567
675084231 801234567
675084312 801234567
675102348 801234567
675102483 801234567
675102834 801234567
675103284 801234567
675103428 801234567
675103842 801234567
675104238 801234567
675104382 801234567
675104823 801234567
675108243 801234567
675108324 801234567
675108432 801234567
675120384 801234567
675120438 801234567
675120843 801234567
675123048 801234567
675123480 801234567
675123804 801234567
675124083 801234567
675124308 801234567
675124830 801234567
675128034 801234567
675128340 801234567
675128403 801234567
675130248 801234567
675130482 801234567
675130824 801234567
675132084 801234567
675132408 801234567
675132840 801234567
675134028 801234567
675134280 801234567
675134802 801234567
675138042 801234567
675138204 801234567
675138420 801234567
675140283 801234567
675140328 801234567
675140832 801234567
675142038 801234567
675142380 801234567
675142803 801234567
675143082 801234567
675143208 801234567
675143820 801234567
675148023 801234567
675148230 801234567
675148302 801234567
675180234 801234567
675180342 801234567
675180423 801234567
675182043 801234567
675182304 801234567
675182430 801234567
675183024 801234567
675183240 801234567
675183402 801234567
675184032 801234567
675184203 801234567
675184320 801234567
675201384 801234567
675201438 801234567
675201843 801234567
675203148 801234567
675203481 801234567
675203814 801234567
675204183 801234567
675204318 801234567
675204831 801234567
675208134 801234567
675208341 801234567
675208413 801234567
675210348 801234567
675210483 801234567
675210834 801234567
675213084 801234567
675213408 801234567
675213840 801234567
675214038 801234567
675214380 801234567
675214803 801234567
675218043 801234567
675218304 801234567
675218430 801234567
675230184 801234567
675230418 801234567
675230841 801234567
675231048 801234567
675231480 801234567
675231804 801234567
675234081 801234567
675234108 801234567
675234810 801234567
675238014 801234567
675238140 801234567
675238401 801234567
675240138 801234567
675240381 801234567
675240813 801234567
675241083 801234567
675241308 801234567
675241830 801234567
675243018 801234567
675243180 801234567
675243801 801234567
675248031 801234567
675248103 801234567
675248310 801234567
675280143 801234567
675280314 801234567
675280431 801234567
675281034 801234567
675281340 801234567
675281403 801234567
675283041 801234567
675283104 801234567
675283410 801234567
675284013 801234567
675284130 801234567
675284301 801234567
675301248 801234567
675301482 801234567
675301824 801234567
675302184 801234567
675302418 801234567
675302841 801234567
675304128 801234567
675304281 801234567
675304812 801234567
675308142 801234567
675308214 801234567
675308421 801234567
675310284 801234567
675310428 801234567
675310842 801234567
675312048 801234567
675312480 801234567
675312804 801234567
675314082 801234567
675314208 801234567
675314820 801234567
675318024 801234567
675318240 801234567
675318402 801234567
675320148 801234567
675320481 801234567
675320814 801234567
675321084 801234567
675321408 801234567
675321840 801234567
675324018 801234567
675324180 801234567
675324801 801234567
675328041 801234567
675328104 801234567
675328410 801234567
675340182 801234567
675340218 801234567
675340821 801234567
675341028 801234567
675341280 801234567
675341802 801234567
675342081 801234567
675342108 801234567
675342810 801234567
675348012 801234567
675348120 801234567
675348201 801234567
675380124 801234567
675380241 801234567
675380412 801234567
675381042 801234567
675381204 801234567
675381420 801234567
675382014 801234567
675382140 801234567
675382401 801234567
675384021 801234567
675384102 801234567
675384210 801234567
675401283 801234567
675401328 801234567
675401832 801234567
675402138 801234567
675402381 801234567
675402813 801234567
675403182 801234567
675403218 801234567
675403821 801234567
675408123 801234567
675408231 801234567
675408312 801234567
675410238 801234567
675410382 801234567
675410823 801234567
675412083 801234567
675412308 801234567
675412830 801234567
675413028 801234567
675413280 801234567
675413802 801234567
675418032 801234567
675418203 801234567
675418320 801234567
675420183 801234567
675420318 801234567
675420831 801234567
675421038 801234567
675421380 801234567
675421803 801234567
675423081 801234567
675423108 801234567
675423810 801234567
675428013 801234567
675428130 801234567
675428301 801234567
675430128 801234567
675430281 801234567
675430812 801234567
675431082 801234567
675431208 801234567
675431820 801234567
675432018 801234567
675432180 801234567
675432801 801234567
675438021 801234567
675438102 801234567
675438210 801234567
675480132 801234567
675480213 801234567
675480321 801234567
675481023 801234567
675481230 801234567
675481302 801234567
675482031 801234567
675482103 801234567
675482310 801234567
675483012 801234567
675483120 801234567
675483201 801234567
675801234 801234567
675801342 801234567
675801423 801234567
675802143 801234567
675802314 801234567
675802431 801234567
675803124 801234567
675803241 801234567
675803412 801234567
675804132 801234567
675804213 801234567
675804321 801234567
675810243 801234567
675810324 801234567
675810432 801234567
675812034 801234567
675812340 801234567
675812403 801234567
675813042 801234567
675813204 801234567
675813420 801234567
675814023 801234567
675814230 801234567
675814302 801234567
675820134 801234567
675820341 801234567
675820413 801234567
675821043 801234567
675821304 801234567
675821430 801234567
675823014 801234567
675823140 801234567
675823401 801234567
675824031 801234567
675824103 801234567
675824310 801234567
675830142 801234567
675830214 801234567
675830421 801234567
675831024 801234567
675831240 801234567
675831402 801234567
675832041 801234567
