251437068 801234567
251437680 801234567
251437806 801234567
251438076 801234567
251438607 801234567
251438760 801234567
251460387 801234567
251460738 801234567
251460873 801234567
251463078 801234567
251463780 801234567
251463807 801234567
251467083 801234567
251467308 801234567
251467830 801234567
251468037 801234567
251468370 801234567
251468703 801234567
251470368 801234567
251470683 801234567
251470836 801234567
251473086 801234567
251473608 801234567
251473860 801234567
251476038 801234567
251476380 801234567
251476803 801234567
251478063 801234567
251478306 801234567
251478630 801234567
251480376 801234567
251480637 801234567
251480763 801234567
251483067 801234567
251483670 801234567
251483706 801234567
251486073 801234567
251486307 801234567
251486730 801234567
251487036 801234567
251487360 801234567
251487603 801234567
251603478 801234567
251603784 801234567
251603847 801234567
251604387 801234567
251604738 801234567
251604873 801234567
251607348 801234567
251607483 801234567
251607834 801234567
251608374 801234567
251608437 801234567
251608743 801234567
251630487 801234567
251630748 801234567
251630874 801234567
251634078 801234567
251634780 801234567
251634807 801234567
251637084 801234567
251637408 801234567
251637840 801234567
251638047 801234567
251638470 801234567
251638704 801234567
251640378 801234567
251640783 801234567
251640837 801234567
251643087 801234567
251643708 801234567
251643870 801234567
251647038 801234567
251647380 801234567
251647803 801234567
251648073 801234567
251648307 801234567
251648730 801234567
251670384 801234567
251670438 801234567
251670843 801234567
251673048 801234567
251673480 801234567
251673804 801234567
251674083 801234567
251674308 801234567
251674830 801234567
251678034 801234567
251678340 801234567
251678403 801234567
251680347 801234567
251680473 801234567
251680734 801234567
251683074 801234567
251683407 801234567
251683740 801234567
251684037 801234567
251684370 801234567
251684703 801234567
251687043 801234567
251687304 801234567
251687430 801234567
251703486 801234567
251703648 801234567
251703864 801234567
251704368 801234567
251704683 801234567
251704836 801234567
251706384 801234567
251706438 801234567
251706843 801234567
251708346 801234567
251708463 801234567
251708634 801234567
251730468 801234567
251730684 801234567
251730846 801234567
251734086 801234567
251734608 801234567
251734860 801234567
251736048 801234567
251736480 801234567
251736804 801234567
251738064 801234567
251738406 801234567
251738640 801234567
251740386 801234567
251740638 801234567
251740863 801234567
251743068 801234567
251743680 801234567
251743806 801234567
251746083 801234567
251746308 801234567
251746830 801234567
251748036 801234567
251748360 801234567
251748603 801234567
251760348 801234567
251760483 801234567
251760834 801234567
251763084 801234567
251763408 801234567
251763840 801234567
251764038 801234567
251764380 801234567
251764803 801234567
251768043 801234567
251768304 801234567
251768430 801234567
251780364 801234567
251780436 801234567
251780643 801234567
251783046 801234567
251783460 801234567
251783604 801234567
251784063 801234567
251784306 801234567
251784630 801234567
251786034 801234567
251786340 801234567
251786403 801234567
251803467 801234567
251803674 801234567
251803746 801234567
251804376 801234567
251804637 801234567
251804763 801234567
251806347 801234567
251806473 801234567
251806734 801234567
251807364 801234567
251807436 801234567
251807643 801234567
251830476 801234567
251830647 801234567
251830764 801234567
251834067 801234567
251834670 801234567
251834706 801234567
251836074 801234567
251836407 801234567
251836740 801234567
251837046 801234567
251837460 801234567
251837604 801234567
251840367 801234567
251840673 801234567
251840736 801234567
251843076 801234567
251843607 801234567
251843760 801234567
251846037 801234567
251846370 801234567
251846703 801234567
251847063 801234567
251847306 801234567
251847630 801234567
251860374 801234567
251860437 801234567
251860743 801234567
251863047 801234567
251863470 801234567
251863704 801234567
251864073 801234567
251864307 801234567
251864730 801234567
251867034 801234567
251867340 801234567
251867403 801234567
251870346 801234567
251870463 801234567
251870634 801234567
251873064 801234567
251873406 801234567
251873640 801234567
251874036 801234567
251874360 801234567
251874603 801234567
251876043 801234567
251876304 801234567
251876430 801234567
253014678 801234567
253014786 801234567
253014867 801234567
253016487 801234567
253016748 801234567
253016874 801234567
253017468 801234567
253017684 801234567
253017846 801234567
253018476 801234567
253018647 801234567
253018764 801234567
253041687 801234567
253041768 801234567
253041876 801234567
253046178 801234567
253046781 801234567
253046817 801234567
253047186 801234567
253047618 801234567
253047861 801234567
253048167 801234567
253048671 801234567
253048716 801234567
253061478 801234567
253061784 801234567
253061847 801234567
253064187 801234567
253064718 801234567
253064871 801234567
253067148 801234567
253067481 801234567
253067814 801234567
253068174 801234567
253068417 801234567
253068741 801234567
253071486 801234567
253071648 801234567
253071864 801234567
253074168 801234567
253074681 801234567
253074816 801234567
253076184 801234567
253076418 801234567
253076841 801234567
253078146 801234567
253078461 801234567
253078614 801234567
253081467 801234567
253081674 801234567
253081746 801234567
253084176 801234567
253084617 801234567
253084761 801234567
253086147 801234567
253086471 801234567
253086714 801234567
253087164 801234567
253087416 801234567
253087641 801234567
253104687 801234567
253104768 801234567
253104876 801234567
253106478 801234567
253106784 801234567
253106847 801234567
253107486 801234567
253107648 801234567
253107864 801234567
253108467 801234567
253108674 801234567
253108746 801234567
253140678 801234567
253140786 801234567
253140867 801234567
253146087 801234567
253146708 801234567
253146870 801234567
253147068 801234567
253147680 801234567
253147806 801234567
253148076 801234567
253148607 801234567
253148760 801234567
253160487 801234567
253160748 801234567
253160874 801234567
253164078 801234567
253164780 801234567
253164807 801234567
253167084 801234567
253167408 801234567
253167840 801234567
253168047 801234567
253168470 801234567
253168704 801234567
253170468 801234567
253170684 801234567
253170846 801234567
253174086 801234567
253174608 801234567
253174860 801234567
253176048 801234567
253176480 801234567
253176804 801234567
253178064 801234567
253178406 801234567
253178640 801234567
253180476 801234567
253180647 801234567
253180764 801234567
253184067 801234567
253184670 801234567
253184706 801234567
253186074 801234567
253186407 801234567
253186740 801234567
253187046 801234567
253187460 801234567
253187604 801234567
253401678 801234567
253401786 801234567
253401867 801234567
253406187 801234567
253406718 801234567
253406871 801234567
253407168 801234567
253407681 801234567
253407816 801234567
253408176 801234567
253408617 801234567
253408761 801234567
253410687 801234567
253410768 801234567
253410876 801234567
253416078 801234567
253416780 801234567
253416807 801234567
253417086 801234567
253417608 801234567
253417860 801234567
253418067 801234567
253418670 801234567
253418706 801234567
253460178 801234567
253460781 801234567
253460817 801234567
253461087 801234567
253461708 801234567
253461870 801234567
253467018 801234567
253467180 801234567
253467801 801234567
253468071 801234567
253468107 801234567
253468710 801234567
253470186 801234567
253470618 801234567
253470861 801234567
253471068 801234567
253471680 801234567
253471806 801234567
253476081 801234567
253476108 801234567
253476810 801234567
253478016 801234567
253478160 801234567
253478601 801234567
253480167 801234567
253480671 801234567
253480716 801234567
253481076 801234567
253481607 801234567
253481760 801234567
253486017 801234567
253486170 801234567
253486701 801234567
253487061 801234567
253487106 801234567
253487610 801234567
253601487 801234567
253601748 801234567
253601874 801234567
253604178 801234567
253604781 801234567
253604817 801234567
253607184 801234567
253607418 801234567
253607841 801234567
253608147 801234567
253608471 801234567
253608714 801234567
253610478 801234567
253610784 801234567
253610847 801234567
253614087 801234567
253614708 801234567
253614870 801234567
253617048 801234567
253617480 801234567
253617804 801234567
253618074 801234567
253618407 801234567
253618740 801234567
253640187 801234567
253640718 801234567
253640871 801234567
253641078 801234567
253641780 801234567
253641807 801234567
253647081 801234567
253647108 801234567
253647810 801234567
253648017 801234567
253648170 801234567
253648701 801234567
253670148 801234567
253670481 801234567
253670814 801234567
253671084 801234567
253671408 801234567
253671840 801234567
253674018 801234567
253674180 801234567
253674801 801234567
253678041 801234567
253678104 801234567
253678410 801234567
253680174 801234567
253680417 801234567
253680741 801234567
253681047 801234567
253681470 801234567
253681704 801234567
253684071 801234567
253684107 801234567
253684710 801234567
253687014 801234567
253687140 801234567
253687401 801234567
253701468 801234567
253701684 801234567
253701846 801234567
253704186 801234567
253704618 801234567
253704861 801234567
253706148 801234567
253706481 801234567
253706814 801234567
253708164 801234567
253708416 801234567
253708641 801234567
253710486 801234567
253710648 801234567
253710864 801234567
253714068 801234567
253714680 801234567
253714806 801234567
253716084 801234567
253716408 801234567
253716840 801234567
253718046 801234567
253718460 801234567
253718604 801234567
253740168 801234567
253740681 801234567
253740816 801234567
253741086 801234567
253741608 801234567
253741860 801234567
253746018 801234567
253746180 801234567
253746801 801234567
253748061 801234567
253748106 801234567
253748610 801234567
253760184 801234567
