764013528 801234567
764013852 801234567
764015238 801234567
764015382 801234567
764015823 801234567
764018253 801234567
764018325 801234567
764018532 801234567
764021385 801234567
764021538 801234567
764021853 801234567
764023158 801234567
764023581 801234567
764023815 801234567
764025183 801234567
764025318 801234567
764025831 801234567
764028135 801234567
764028351 801234567
764028513 801234567
764031258 801234567
764031582 801234567
764031825 801234567
764032185 801234567
764032518 801234567
764032851 801234567
764035128 801234567
764035281 801234567
764035812 801234567
764038152 801234567
764038215 801234567
764038521 801234567
764051283 801234567
764051328 801234567
764051832 801234567
764052138 801234567
764052381 801234567
764052813 801234567
764053182 801234567
764053218 801234567
764053821 801234567
764058123 801234567
764058231 801234567
764058312 801234567
764081235 801234567
764081352 801234567
764081523 801234567
764082153 801234567
764082315 801234567
764082531 801234567
764083125 801234567
764083251 801234567
764083512 801234567
764085132 801234567
764085213 801234567
764085321 801234567
764102385 801234567
764102538 801234567
764102853 801234567
764103258 801234567
764103582 801234567
764103825 801234567
764105283 801234567
764105328 801234567
764105832 801234567
764108235 801234567
764108352 801234567
764108523 801234567
764120358 801234567
764120583 801234567
764120835 801234567
764123085 801234567
764123508 801234567
764123850 801234567
764125038 801234567
764125380 801234567
764125803 801234567
764128053 801234567
764128305 801234567
764128530 801234567
764130285 801234567
764130528 801234567
764130852 801234567
764132058 801234567
764132580 801234567
764132805 801234567
764135082 801234567
764135208 801234567
764135820 801234567
764138025 801234567
764138250 801234567
764138502 801234567
764150238 801234567
764150382 801234567
764150823 801234567
764152083 801234567
764152308 801234567
764152830 801234567
764153028 801234567
764153280 801234567
764153802 801234567
764158032 801234567
764158203 801234567
764158320 801234567
764180253 801234567
764180325 801234567
764180532 801234567
764182035 801234567
764182350 801234567
764182503 801234567
764183052 801234567
764183205 801234567
764183520 801234567
764185023 801234567
764185230 801234567
764185302 801234567
764201358 801234567
764201583 801234567
764201835 801234567
764203185 801234567
764203518 801234567
764203851 801234567
764205138 801234567
764205381 801234567
764205813 801234567
764208153 801234567
764208315 801234567
764208531 801234567
764210385 801234567
764210538 801234567
764210853 801234567
764213058 801234567
764213580 801234567
764213805 801234567
764215083 801234567
764215308 801234567
764215830 801234567
764218035 801234567
764218350 801234567
764218503 801234567
764230158 801234567
764230581 801234567
764230815 801234567
764231085 801234567
764231508 801234567
764231850 801234567
764235018 801234567
764235180 801234567
764235801 801234567
764238051 801234567
764238105 801234567
764238510 801234567
764250183 801234567
764250318 801234567
764250831 801234567
764251038 801234567
764251380 801234567
764251803 801234567
764253081 801234567
764253108 801234567
764253810 801234567
764258013 801234567
764258130 801234567
764258301 801234567
764280135 801234567
764280351 801234567
764280513 801234567
764281053 801234567
764281305 801234567
764281530 801234567
764283015 801234567
764283150 801234567
764283501 801234567
764285031 801234567
764285103 801234567
764285310 801234567
764301285 801234567
764301528 801234567
764301852 801234567
764302158 801234567
764302581 801234567
764302815 801234567
764305182 801234567
764305218 801234567
764305821 801234567
764308125 801234567
764308251 801234567
764308512 801234567
764310258 801234567
764310582 801234567
764310825 801234567
764312085 801234567
764312508 801234567
764312850 801234567
764315028 801234567
764315280 801234567
764315802 801234567
764318052 801234567
764318205 801234567
764318520 801234567
764320185 801234567
764320518 801234567
764320851 801234567
764321058 801234567
764321580 801234567
764321805 801234567
764325081 801234567
764325108 801234567
764325810 801234567
764328015 801234567
764328150 801234567
764328501 801234567
764350128 801234567
764350281 801234567
764350812 801234567
764351082 801234567
764351208 801234567
764351820 801234567
764352018 801234567
764352180 801234567
764352801 801234567
764358021 801234567
764358102 801234567
764358210 801234567
764380152 801234567
764380215 801234567
764380521 801234567
764381025 801234567
764381250 801234567
764381502 801234567
764382051 801234567
764382105 801234567
764382510 801234567
764385012 801234567
764385120 801234567
764385201 801234567
764501238 801234567
764501382 801234567
764501823 801234567
764502183 801234567
764502318 801234567
764502831 801234567
764503128 801234567
764503281 801234567
764503812 801234567
764508132 801234567
764508213 801234567
764508321 801234567
764510283 801234567
764510328 801234567
764510832 801234567
764512038 801234567
764512380 801234567
764512803 801234567
764513082 801234567
764513208 801234567
764513820 801234567
764518023 801234567
764518230 801234567
764518302 801234567
764520138 801234567
764520381 801234567
764520813 801234567
764521083 801234567
764521308 801234567
764521830 801234567
764523018 801234567
764523180 801234567
764523801 801234567
764528031 801234567
764528103 801234567
764528310 801234567
764530182 801234567
764530218 801234567
764530821 801234567
764531028 801234567
764531280 801234567
764531802 801234567
764532081 801234567
764532108 801234567
764532810 801234567
764538012 801234567
764538120 801234567
764538201 801234567
764580123 801234567
764580231 801234567
764580312 801234567
764581032 801234567
764581203 801234567
764581320 801234567
764582013 801234567
764582130 801234567
764582301 801234567
764583021 801234567
764583102 801234567
764583210 801234567
764801253 801234567
764801325 801234567
764801532 801234567
764802135 801234567
764802351 801234567
764802513 801234567
764803152 801234567
764803215 801234567
764803521 801234567
764805123 801234567
764805231 801234567
764805312 801234567
764810235 801234567
764810352 801234567
764810523 801234567
764812053 801234567
764812305 801234567
764812530 801234567
764813025 801234567
764813250 801234567
764813502 801234567
764815032 801234567
764815203 801234567
764815320 801234567
764820153 801234567
764820315 801234567
764820531 801234567
764821035 801234567
764821350 801234567
764821503 801234567
764823051 801234567
764823105 801234567
764823510 801234567
764825013 801234567
764825130 801234567
764825301 801234567
764830125 801234567
764830251 801234567
764830512 801234567
764831052 801234567
764831205 801234567
764831520 801234567
764832015 801234567
764832150 801234567
764832501 801234567
764835021 801234567
764835102 801234567
764835210 801234567
764850132 801234567
764850213 801234567
764850321 801234567
764851023 801234567
764851230 801234567
764851302 801234567
764852031 801234567
764852103 801234567
764852310 801234567
764853012 801234567
764853120 801234567
764853201 801234567
765012384 801234567
765012438 801234567
765012843 801234567
765013248 801234567
765013482 801234567
765013824 801234567
765014283 801234567
765014328 801234567
765014832 801234567
765018234 801234567
765018342 801234567
765018423 801234567
765021348 801234567
765021483 801234567
765021834 801234567
765023184 801234567
765023418 801234567
765023841 801234567
765024138 801234567
765024381 801234567
765024813 801234567
765028143 801234567
765028314 801234567
765028431 801234567
765031284 801234567
765031428 801234567
765031842 801234567
765032148 801234567
765032481 801234567
765032814 801234567
765034182 801234567
765034218 801234567
765034821 801234567
765038124 801234567
765038241 801234567
765038412 801234567
765041238 801234567
765041382 801234567
765041823 801234567
765042183 801234567
765042318 801234567
765042831 801234567
765043128 801234567
765043281 801234567
765043812 801234567
765048132 801234567
765048213 801234567
765048321 801234567
765081243 801234567
765081324 801234567
765081432 801234567
765082134 801234567
765082341 801234567
765082413 801234567
765083142 801234567
765083214 801234567
765083421 801234567
765084123 801234567
765084231 801234567
765084312 801234567
765102348 801234567
765102483 801234567
765102834 801234567
765103284 801234567
765103428 801234567
765103842 801234567
765104238 801234567
765104382 801234567
765104823 801234567
765108243 801234567
765108324 801234567
765108432 801234567
765120384 801234567
765120438 801234567
765120843 801234567
765123048 801234567
765123480 801234567
765123804 801234567
765124083 801234567
765124308 801234567
765124830 801234567
765128034 801234567
765128340 801234567
765128403 801234567
765130248 801234567
765130482 801234567
765130824 801234567
765132084 801234567
765132408 801234567
765132840 801234567
765134028 801234567
765134280 801234567
765134802 801234567
765138042 801234567
765138204 801234567
765138420 801234567
765140283 801234567
765140328 801234567
765140832 801234567
765142038 801234567
765142380 801234567
765142803 801234567
765143082 801234567
765143208 801234567
765143820 801234567
765148023 801234567
765148230 801234567
765148302 801234567
765180234 801234567
765180342 801234567
765180423 801234567
765182043 801234567
765182304 801234567
765182430 801234567
765183024 801234567
765183240 801234567
765183402 801234567
765184032 801234567
765184203 801234567
765184320 801234567
765201384 801234567
765201438 801234567
765201843 801234567
765203148 801234567
765203481 801234567
765203814 801234567
765204183 801234567
765204318 801234567
765204831 801234567
765208134 801234567
765208341 801234567
765208413 801234567
765210348 801234567
765210483 801234567
765210834 801234567
765213084 801234567
765213408 801234567
765213840 801234567
765214038 801234567
765214380 801234567
765214803 801234567
765218043 801234567
765218304 801234567
