561032487 801234567
561032748 801234567
561032874 801234567
561034278 801234567
561034782 801234567
561034827 801234567
561037284 801234567
561037428 801234567
561037842 801234567
561038247 801234567
561038472 801234567
561038724 801234567
561042378 801234567
561042783 801234567
561042837 801234567
561043287 801234567
561043728 801234567
561043872 801234567
561047238 801234567
561047382 801234567
561047823 801234567
561048273 801234567
561048327 801234567
561048732 801234567
561072384 801234567
561072438 801234567
561072843 801234567
561073248 801234567
561073482 801234567
561073824 801234567
561074283 801234567
561074328 801234567
561074832 801234567
561078234 801234567
561078342 801234567
561078423 801234567
561082347 801234567
561082473 801234567
561082734 801234567
561083274 801234567
561083427 801234567
561083742 801234567
561084237 801234567
561084372 801234567
561084723 801234567
561087243 801234567
561087324 801234567
561087432 801234567
561203487 801234567
561203748 801234567
561203874 801234567
561204378 801234567
561204783 801234567
561204837 801234567
561207384 801234567
561207438 801234567
561207843 801234567
561208347 801234567
561208473 801234567
561208734 801234567
561230478 801234567
561230784 801234567
561230847 801234567
561234087 801234567
561234708 801234567
561234870 801234567
561237048 801234567
561237480 801234567
561237804 801234567
561238074 801234567
561238407 801234567
561238740 801234567
561240387 801234567
561240738 801234567
561240873 801234567
561243078 801234567
561243780 801234567
561243807 801234567
561247083 801234567
561247308 801234567
561247830 801234567
561248037 801234567
561248370 801234567
561248703 801234567
561270348 801234567
561270483 801234567
561270834 801234567
561273084 801234567
561273408 801234567
561273840 801234567
561274038 801234567
561274380 801234567
561274803 801234567
561278043 801234567
561278304 801234567
561278430 801234567
561280374 801234567
561280437 801234567
561280743 801234567
561283047 801234567
561283470 801234567
561283704 801234567
561284073 801234567
561284307 801234567
561284730 801234567
561287034 801234567
561287340 801234567
561287403 801234567
561302478 801234567
561302784 801234567
561302847 801234567
561304287 801234567
561304728 801234567
561304872 801234567
561307248 801234567
561307482 801234567
561307824 801234567
561308274 801234567
561308427 801234567
561308742 801234567
561320487 801234567
561320748 801234567
561320874 801234567
561324078 801234567
561324780 801234567
561324807 801234567
561327084 801234567
561327408 801234567
561327840 801234567
561328047 801234567
561328470 801234567
561328704 801234567
561340278 801234567
561340782 801234567
561340827 801234567
561342087 801234567
561342708 801234567
561342870 801234567
561347028 801234567
561347280 801234567
561347802 801234567
561348072 801234567
561348207 801234567
561348720 801234567
561370284 801234567
561370428 801234567
561370842 801234567
561372048 801234567
561372480 801234567
561372804 801234567
561374082 801234567
561374208 801234567
561374820 801234567
561378024 801234567
561378240 801234567
561378402 801234567
561380247 801234567
561380472 801234567
561380724 801234567
561382074 801234567
561382407 801234567
561382740 801234567
561384027 801234567
561384270 801234567
561384702 801234567
561387042 801234567
561387204 801234567
561387420 801234567
561402387 801234567
561402738 801234567
561402873 801234567
561403278 801234567
561403782 801234567
561403827 801234567
561407283 801234567
561407328 801234567
561407832 801234567
561408237 801234567
561408372 801234567
561408723 801234567
561420378 801234567
561420783 801234567
561420837 801234567
561423087 801234567
561423708 801234567
561423870 801234567
561427038 801234567
561427380 801234567
561427803 801234567
561428073 801234567
561428307 801234567
561428730 801234567
561430287 801234567
561430728 801234567
561430872 801234567
561432078 801234567
561432780 801234567
561432807 801234567
561437082 801234567
561437208 801234567
561437820 801234567
561438027 801234567
561438270 801234567
561438702 801234567
561470238 801234567
561470382 801234567
561470823 801234567
561472083 801234567
561472308 801234567
561472830 801234567
561473028 801234567
561473280 801234567
561473802 801234567
561478032 801234567
561478203 801234567
561478320 801234567
561480273 801234567
561480327 801234567
561480732 801234567
561482037 801234567
561482370 801234567
561482703 801234567
561483072 801234567
561483207 801234567
561483720 801234567
561487023 801234567
561487230 801234567
561487302 801234567
561702348 801234567
561702483 801234567
561702834 801234567
561703284 801234567
561703428 801234567
561703842 801234567
561704238 801234567
561704382 801234567
561704823 801234567
561708243 801234567
561708324 801234567
561708432 801234567
561720384 801234567
561720438 801234567
561720843 801234567
561723048 801234567
561723480 801234567
561723804 801234567
561724083 801234567
561724308 801234567
561724830 801234567
561728034 801234567
561728340 801234567
561728403 801234567
561730248 801234567
561730482 801234567
561730824 801234567
561732084 801234567
561732408 801234567
561732840 801234567
561734028 801234567
561734280 801234567
561734802 801234567
561738042 801234567
561738204 801234567
561738420 801234567
561740283 801234567
561740328 801234567
561740832 801234567
561742038 801234567
561742380 801234567
561742803 801234567
561743082 801234567
561743208 801234567
561743820 801234567
561748023 801234567
561748230 801234567
561748302 801234567
561780234 801234567
561780342 801234567
561780423 801234567
561782043 801234567
561782304 801234567
561782430 801234567
561783024 801234567
561783240 801234567
561783402 801234567
561784032 801234567
561784203 801234567
561784320 801234567
561802374 801234567
561802437 801234567
561802743 801234567
561803247 801234567
561803472 801234567
561803724 801234567
561804273 801234567
561804327 801234567
561804732 801234567
561807234 801234567
561807342 801234567
561807423 801234567
561820347 801234567
561820473 801234567
561820734 801234567
561823074 801234567
561823407 801234567
561823740 801234567
561824037 801234567
561824370 801234567
561824703 801234567
561827043 801234567
561827304 801234567
561827430 801234567
561830274 801234567
561830427 801234567
561830742 801234567
561832047 801234567
561832470 801234567
561832704 801234567
561834072 801234567
561834207 801234567
561834720 801234567
561837024 801234567
561837240 801234567
561837402 801234567
561840237 801234567
561840372 801234567
561840723 801234567
561842073 801234567
561842307 801234567
561842730 801234567
561843027 801234567
561843270 801234567
561843702 801234567
561847032 801234567
561847203 801234567
561847320 801234567
561870243 801234567
561870324 801234567
561870432 801234567
561872034 801234567
561872340 801234567
561872403 801234567
561873042 801234567
561873204 801234567
561873420 801234567
561874023 801234567
561874230 801234567
561874302 801234567
562013487 801234567
562013748 801234567
562013874 801234567
562014378 801234567
562014783 801234567
562014837 801234567
562017384 801234567
562017438 801234567
562017843 801234567
562018347 801234567
562018473 801234567
562018734 801234567
562031478 801234567
562031784 801234567
562031847 801234567
562034187 801234567
562034718 801234567
562034871 801234567
562037148 801234567
562037481 801234567
562037814 801234567
562038174 801234567
562038417 801234567
562038741 801234567
562041387 801234567
562041738 801234567
562041873 801234567
562043178 801234567
562043781 801234567
562043817 801234567
562047183 801234567
562047318 801234567
562047831 801234567
562048137 801234567
562048371 801234567
562048713 801234567
562071348 801234567
562071483 801234567
562071834 801234567
562073184 801234567
562073418 801234567
562073841 801234567
562074138 801234567
562074381 801234567
562074813 801234567
562078143 801234567
562078314 801234567
562078431 801234567
562081374 801234567
562081437 801234567
562081743 801234567
562083147 801234567
562083471 801234567
562083714 801234567
562084173 801234567
562084317 801234567
562084731 801234567
562087134 801234567
562087341 801234567
562087413 801234567
562103478 801234567
562103784 801234567
562103847 801234567
562104387 801234567
562104738 801234567
562104873 801234567
562107348 801234567
562107483 801234567
562107834 801234567
562108374 801234567
562108437 801234567
562108743 801234567
562130487 801234567
562130748 801234567
562130874 801234567
562134078 801234567
562134780 801234567
562134807 801234567
562137084 801234567
562137408 801234567
562137840 801234567
562138047 801234567
562138470 801234567
562138704 801234567
562140378 801234567
562140783 801234567
562140837 801234567
562143087 801234567
562143708 801234567
562143870 801234567
562147038 801234567
562147380 801234567
562147803 801234567
562148073 801234567
562148307 801234567
562148730 801234567
562170384 801234567
562170438 801234567
562170843 801234567
562173048 801234567
562173480 801234567
562173804 801234567
562174083 801234567
562174308 801234567
562174830 801234567
562178034 801234567
562178340 801234567
562178403 801234567
562180347 801234567
562180473 801234567
562180734 801234567
562183074 801234567
562183407 801234567
562183740 801234567
562184037 801234567
562184370 801234567
562184703 801234567
562187043 801234567
562187304 801234567
562187430 801234567
562301487 801234567
562301748 801234567
562301874 801234567
562304178 801234567
562304781 801234567
562304817 801234567
562307184 801234567
562307418 801234567
562307841 801234567
562308147 801234567
562308471 801234567
562308714 801234567
562310478 801234567
562310784 801234567
562310847 801234567
562314087 801234567
562314708 801234567
562314870 801234567
562317048 801234567
562317480 801234567
562317804 801234567
562318074 801234567
562318407 801234567
562318740 801234567
562340187 801234567
562340718 801234567
562340871 801234567
562341078 801234567
562341780 801234567
562341807 801234567
562347081 801234567
