375802614 801234567
375804162 801234567
375804216 801234567
375804621 801234567
375806124 801234567
375806241 801234567
375806412 801234567
375810246 801234567
375810462 801234567
375810624 801234567
375812064 801234567
375812406 801234567
375812640 801234567
375814026 801234567
375814260 801234567
375814602 801234567
375816042 801234567
375816204 801234567
375816420 801234567
375820164 801234567
375820416 801234567
375820641 801234567
375821046 801234567
375821460 801234567
375821604 801234567
375824061 801234567
375824106 801234567
375824610 801234567
375826014 801234567
375826140 801234567
375826401 801234567
375840126 801234567
375840261 801234567
375840612 801234567
375841062 801234567
375841206 801234567
375841620 801234567
375842016 801234567
375842160 801234567
375842601 801234567
375846021 801234567
375846102 801234567
375846210 801234567
375860142 801234567
375860214 801234567
375860421 801234567
375861024 801234567
375861240 801234567
375861402 801234567
375862041 801234567
375862104 801234567
375862410 801234567
375864012 801234567
375864120 801234567
375864201 801234567
376012485 801234567
376012548 801234567
376012854 801234567
376014258 801234567
376014582 801234567
376014825 801234567
376015284 801234567
376015428 801234567
376015842 801234567
376018245 801234567
376018452 801234567
376018524 801234567
376021458 801234567
376021584 801234567
376021845 801234567
376024185 801234567
376024518 801234567
376024851 801234567
376025148 801234567
376025481 801234567
376025814 801234567
376028154 801234567
376028415 801234567
376028541 801234567
376041285 801234567
376041528 801234567
376041852 801234567
376042158 801234567
376042581 801234567
376042815 801234567
376045182 801234567
376045218 801234567
376045821 801234567
376048125 801234567
376048251 801234567
376048512 801234567
376051248 801234567
376051482 801234567
376051824 801234567
376052184 801234567
376052418 801234567
376052841 801234567
376054128 801234567
376054281 801234567
376054812 801234567
376058142 801234567
376058214 801234567
376058421 801234567
376081254 801234567
376081425 801234567
376081542 801234567
376082145 801234567
376082451 801234567
376082514 801234567
376084152 801234567
376084215 801234567
376084521 801234567
376085124 801234567
376085241 801234567
376085412 801234567
376102458 801234567
376102584 801234567
376102845 801234567
376104285 801234567
376104528 801234567
376104852 801234567
376105248 801234567
376105482 801234567
376105824 801234567
376108254 801234567
376108425 801234567
376108542 801234567
376120485 801234567
376120548 801234567
376120854 801234567
376124058 801234567
376124580 801234567
376124805 801234567
376125084 801234567
376125408 801234567
376125840 801234567
376128045 801234567
376128450 801234567
376128504 801234567
376140258 801234567
376140582 801234567
376140825 801234567
376142085 801234567
376142508 801234567
376142850 801234567
376145028 801234567
376145280 801234567
376145802 801234567
376148052 801234567
376148205 801234567
376148520 801234567
376150284 801234567
376150428 801234567
376150842 801234567
376152048 801234567
376152480 801234567
376152804 801234567
376154082 801234567
376154208 801234567
376154820 801234567
376158024 801234567
376158240 801234567
376158402 801234567
376180245 801234567
376180452 801234567
376180524 801234567
376182054 801234567
376182405 801234567
376182540 801234567
376184025 801234567
376184250 801234567
376184502 801234567
376185042 801234567
376185204 801234567
376185420 801234567
376201485 801234567
376201548 801234567
376201854 801234567
376204158 801234567
376204581 801234567
376204815 801234567
376205184 801234567
376205418 801234567
376205841 801234567
376208145 801234567
376208451 801234567
376208514 801234567
376210458 801234567
376210584 801234567
376210845 801234567
376214085 801234567
376214508 801234567
376214850 801234567
376215048 801234567
376215480 801234567
376215804 801234567
376218054 801234567
376218405 801234567
376218540 801234567
376240185 801234567
376240518 801234567
376240851 801234567
376241058 801234567
376241580 801234567
376241805 801234567
376245081 801234567
376245108 801234567
376245810 801234567
376248015 801234567
376248150 801234567
376248501 801234567
376250148 801234567
376250481 801234567
376250814 801234567
376251084 801234567
376251408 801234567
376251840 801234567
376254018 801234567
376254180 801234567
376254801 801234567
376258041 801234567
376258104 801234567
376258410 801234567
376280154 801234567
376280415 801234567
376280541 801234567
376281045 801234567
376281450 801234567
376281504 801234567
376284051 801234567
376284105 801234567
376284510 801234567
376285014 801234567
376285140 801234567
376285401 801234567
376401258 801234567
376401582 801234567
376401825 801234567
376402185 801234567
376402518 801234567
376402851 801234567
376405128 801234567
376405281 801234567
376405812 801234567
376408152 801234567
376408215 801234567
376408521 801234567
376410285 801234567
376410528 801234567
376410852 801234567
376412058 801234567
376412580 801234567
376412805 801234567
376415082 801234567
376415208 801234567
376415820 801234567
376418025 801234567
376418250 801234567
376418502 801234567
376420158 801234567
376420581 801234567
376420815 801234567
376421085 801234567
376421508 801234567
376421850 801234567
376425018 801234567
376425180 801234567
376425801 801234567
376428051 801234567
376428105 801234567
376428510 801234567
376450182 801234567
376450218 801234567
376450821 801234567
376451028 801234567
376451280 801234567
376451802 801234567
376452081 801234567
376452108 801234567
376452810 801234567
376458012 801234567
376458120 801234567
376458201 801234567
376480125 801234567
376480251 801234567
376480512 801234567
376481052 801234567
376481205 801234567
376481520 801234567
376482015 801234567
376482150 801234567
376482501 801234567
376485021 801234567
376485102 801234567
376485210 801234567
376501284 801234567
376501428 801234567
376501842 801234567
376502148 801234567
376502481 801234567
376502814 801234567
376504182 801234567
376504218 801234567
376504821 801234567
376508124 801234567
376508241 801234567
376508412 801234567
376510248 801234567
376510482 801234567
376510824 801234567
376512084 801234567
376512408 801234567
376512840 801234567
376514028 801234567
376514280 801234567
376514802 801234567
376518042 801234567
376518204 801234567
376518420 801234567
376520184 801234567
376520418 801234567
376520841 801234567
376521048 801234567
376521480 801234567
376521804 801234567
376524081 801234567
376524108 801234567
376524810 801234567
376528014 801234567
376528140 801234567
376528401 801234567
376540128 801234567
376540281 801234567
376540812 801234567
376541082 801234567
376541208 801234567
376541820 801234567
376542018 801234567
376542180 801234567
376542801 801234567
376548021 801234567
376548102 801234567
376548210 801234567
376580142 801234567
376580214 801234567
376580421 801234567
376581024 801234567
376581240 801234567
376581402 801234567
376582041 801234567
376582104 801234567
376582410 801234567
376584012 801234567
376584120 801234567
376584201 801234567
376801245 801234567
376801452 801234567
376801524 801234567
376802154 801234567
376802415 801234567
376802541 801234567
376804125 801234567
376804251 801234567
376804512 801234567
376805142 801234567
376805214 801234567
376805421 801234567
376810254 801234567
376810425 801234567
376810542 801234567
376812045 801234567
376812450 801234567
376812504 801234567
376814052 801234567
376814205 801234567
376814520 801234567
376815024 801234567
376815240 801234567
376815402 801234567
376820145 801234567
376820451 801234567
376820514 801234567
376821054 801234567
376821405 801234567
376821540 801234567
376824015 801234567
376824150 801234567
376824501 801234567
376825041 801234567
376825104 801234567
376825410 801234567
376840152 801234567
376840215 801234567
376840521 801234567
376841025 801234567
376841250 801234567
376841502 801234567
376842051 801234567
376842105 801234567
376842510 801234567
376845012 801234567
376845120 801234567
376845201 801234567
376850124 801234567
376850241 801234567
376850412 801234567
376851042 801234567
376851204 801234567
376851420 801234567
376852014 801234567
376852140 801234567
376852401 801234567
376854021 801234567
376854102 801234567
376854210 801234567
378012456 801234567
378012564 801234567
378012645 801234567
378014265 801234567
378014526 801234567
378014652 801234567
378015246 801234567
378015462 801234567
378015624 801234567
378016254 801234567
378016425 801234567
378016542 801234567
378021465 801234567
378021546 801234567
378021654 801234567
378024156 801234567
378024561 801234567
378024615 801234567
378025164 801234567
378025416 801234567
378025641 801234567
378026145 801234567
378026451 801234567
378026514 801234567
378041256 801234567
378041562 801234567
378041625 801234567
378042165 801234567
378042516 801234567
378042651 801234567
378045126 801234567
378045261 801234567
378045612 801234567
378046152 801234567
378046215 801234567
378046521 801234567
378051264 801234567
378051426 801234567
378051642 801234567
378052146 801234567
378052461 801234567
378052614 801234567
378054162 801234567
378054216 801234567
378054621 801234567
378056124 801234567
378056241 801234567
378056412 801234567
378061245 801234567
378061452 801234567
378061524 801234567
378062154 801234567
378062415 801234567
378062541 801234567
378064125 801234567
378064251 801234567
378064512 801234567
378065142 801234567
378065214 801234567
378065421 801234567
378102465 801234567
378102546 801234567
378102654 801234567
378104256 801234567
378104562 801234567
378104625 801234567
378105264 801234567
378105426 801234567
378105642 801234567
378106245 801234567
378106452 801234567
378106524 801234567
378120456 801234567
378120564 801234567
378120645 801234567
378124065 801234567
378124506 801234567
378124650 801234567
378125046 801234567
378125460 801234567
378125604 801234567
378126054 801234567
378126405 801234567
378126540 801234567
