614508372 801234567
614508723 801234567
614520378 801234567
614520783 801234567
614520837 801234567
614523087 801234567
614523708 801234567
614523870 801234567
614527038 801234567
614527380 801234567
614527803 801234567
614528073 801234567
614528307 801234567
614528730 801234567
614530287 801234567
614530728 801234567
614530872 801234567
614532078 801234567
614532780 801234567
614532807 801234567
614537082 801234567
614537208 801234567
614537820 801234567
614538027 801234567
614538270 801234567
614538702 801234567
614570238 801234567
614570382 801234567
614570823 801234567
614572083 801234567
614572308 801234567
614572830 801234567
614573028 801234567
614573280 801234567
614573802 801234567
614578032 801234567
614578203 801234567
614578320 801234567
614580273 801234567
614580327 801234567
614580732 801234567
614582037 801234567
614582370 801234567
614582703 801234567
614583072 801234567
614583207 801234567
614583720 801234567
614587023 801234567
614587230 801234567
614587302 801234567
614702358 801234567
614702583 801234567
614702835 801234567
614703285 801234567
614703528 801234567
614703852 801234567
614705238 801234567
614705382 801234567
614705823 801234567
614708253 801234567
614708325 801234567
614708532 801234567
614720385 801234567
614720538 801234567
614720853 801234567
614723058 801234567
614723580 801234567
614723805 801234567
614725083 801234567
614725308 801234567
614725830 801234567
614728035 801234567
614728350 801234567
614728503 801234567
614730258 801234567
614730582 801234567
614730825 801234567
614732085 801234567
614732508 801234567
614732850 801234567
614735028 801234567
614735280 801234567
614735802 801234567
614738052 801234567
614738205 801234567
614738520 801234567
614750283 801234567
614750328 801234567
614750832 801234567
614752038 801234567
614752380 801234567
614752803 801234567
614753082 801234567
614753208 801234567
614753820 801234567
614758023 801234567
614758230 801234567
614758302 801234567
614780235 801234567
614780352 801234567
614780523 801234567
614782053 801234567
614782305 801234567
614782530 801234567
614783025 801234567
614783250 801234567
614783502 801234567
614785032 801234567
614785203 801234567
614785320 801234567
614802375 801234567
614802537 801234567
614802753 801234567
614803257 801234567
614803572 801234567
614803725 801234567
614805273 801234567
614805327 801234567
614805732 801234567
614807235 801234567
614807352 801234567
614807523 801234567
614820357 801234567
614820573 801234567
614820735 801234567
614823075 801234567
614823507 801234567
614823750 801234567
614825037 801234567
614825370 801234567
614825703 801234567
614827053 801234567
614827305 801234567
614827530 801234567
614830275 801234567
614830527 801234567
614830752 801234567
614832057 801234567
614832570 801234567
614832705 801234567
614835072 801234567
614835207 801234567
614835720 801234567
614837025 801234567
614837250 801234567
614837502 801234567
614850237 801234567
614850372 801234567
614850723 801234567
614852073 801234567
614852307 801234567
614852730 801234567
614853027 801234567
614853270 801234567
614853702 801234567
614857032 801234567
614857203 801234567
614857320 801234567
614870253 801234567
614870325 801234567
614870532 801234567
614872035 801234567
614872350 801234567
614872503 801234567
614873052 801234567
614873205 801234567
614873520 801234567
614875023 801234567
614875230 801234567
614875302 801234567
615023487 801234567
615023748 801234567
615023874 801234567
615024378 801234567
615024783 801234567
615024837 801234567
615027384 801234567
615027438 801234567
615027843 801234567
615028347 801234567
615028473 801234567
615028734 801234567
615032478 801234567
615032784 801234567
615032847 801234567
615034287 801234567
615034728 801234567
615034872 801234567
615037248 801234567
615037482 801234567
615037824 801234567
615038274 801234567
615038427 801234567
615038742 801234567
615042387 801234567
615042738 801234567
615042873 801234567
615043278 801234567
615043782 801234567
615043827 801234567
615047283 801234567
615047328 801234567
615047832 801234567
615048237 801234567
615048372 801234567
615048723 801234567
615072348 801234567
615072483 801234567
615072834 801234567
615073284 801234567
615073428 801234567
615073842 801234567
615074238 801234567
615074382 801234567
615074823 801234567
615078243 801234567
615078324 801234567
615078432 801234567
615082374 801234567
615082437 801234567
615082743 801234567
615083247 801234567
615083472 801234567
615083724 801234567
615084273 801234567
615084327 801234567
615084732 801234567
615087234 801234567
615087342 801234567
615087423 801234567
615203478 801234567
615203784 801234567
615203847 801234567
615204387 801234567
615204738 801234567
615204873 801234567
615207348 801234567
615207483 801234567
615207834 801234567
615208374 801234567
615208437 801234567
615208743 801234567
615230487 801234567
615230748 801234567
615230874 801234567
615234078 801234567
615234780 801234567
615234807 801234567
615237084 801234567
615237408 801234567
615237840 801234567
615238047 801234567
615238470 801234567
615238704 801234567
615240378 801234567
615240783 801234567
615240837 801234567
615243087 801234567
615243708 801234567
615243870 801234567
615247038 801234567
615247380 801234567
615247803 801234567
615248073 801234567
615248307 801234567
615248730 801234567
615270384 801234567
615270438 801234567
615270843 801234567
615273048 801234567
615273480 801234567
615273804 801234567
615274083 801234567
615274308 801234567
615274830 801234567
615278034 801234567
615278340 801234567
615278403 801234567
615280347 801234567
615280473 801234567
615280734 801234567
615283074 801234567
615283407 801234567
615283740 801234567
615284037 801234567
615284370 801234567
615284703 801234567
615287043 801234567
615287304 801234567
615287430 801234567
615302487 801234567
615302748 801234567
615302874 801234567
615304278 801234567
615304782 801234567
615304827 801234567
615307284 801234567
615307428 801234567
615307842 801234567
615308247 801234567
615308472 801234567
615308724 801234567
615320478 801234567
615320784 801234567
615320847 801234567
615324087 801234567
615324708 801234567
615324870 801234567
615327048 801234567
615327480 801234567
615327804 801234567
615328074 801234567
615328407 801234567
615328740 801234567
615340287 801234567
615340728 801234567
615340872 801234567
615342078 801234567
615342780 801234567
615342807 801234567
615347082 801234567
615347208 801234567
615347820 801234567
615348027 801234567
615348270 801234567
615348702 801234567
615370248 801234567
615370482 801234567
615370824 801234567
615372084 801234567
615372408 801234567
615372840 801234567
615374028 801234567
615374280 801234567
615374802 801234567
615378042 801234567
615378204 801234567
615378420 801234567
615380274 801234567
615380427 801234567
615380742 801234567
615382047 801234567
615382470 801234567
615382704 801234567
615384072 801234567
615384207 801234567
615384720 801234567
615387024 801234567
615387240 801234567
615387402 801234567
615402378 801234567
615402783 801234567
615402837 801234567
615403287 801234567
615403728 801234567
615403872 801234567
615407238 801234567
615407382 801234567
615407823 801234567
615408273 801234567
615408327 801234567
615408732 801234567
615420387 801234567
615420738 801234567
615420873 801234567
615423078 801234567
615423780 801234567
615423807 801234567
615427083 801234567
615427308 801234567
615427830 801234567
615428037 801234567
615428370 801234567
615428703 801234567
615430278 801234567
615430782 801234567
615430827 801234567
615432087 801234567
615432708 801234567
615432870 801234567
615437028 801234567
615437280 801234567
615437802 801234567
615438072 801234567
615438207 801234567
615438720 801234567
615470283 801234567
615470328 801234567
615470832 801234567
615472038 801234567
615472380 801234567
615472803 801234567
615473082 801234567
615473208 801234567
615473820 801234567
615478023 801234567
615478230 801234567
615478302 801234567
615480237 801234567
615480372 801234567
615480723 801234567
615482073 801234567
615482307 801234567
615482730 801234567
615483027 801234567
615483270 801234567
615483702 801234567
615487032 801234567
615487203 801234567
615487320 801234567
615702384 801234567
615702438 801234567
615702843 801234567
615703248 801234567
615703482 801234567
615703824 801234567
615704283 801234567
615704328 801234567
615704832 801234567
615708234 801234567
615708342 801234567
615708423 801234567
615720348 801234567
615720483 801234567
615720834 801234567
615723084 801234567
615723408 801234567
615723840 801234567
615724038 801234567
615724380 801234567
615724803 801234567
615728043 801234567
615728304 801234567
615728430 801234567
615730284 801234567
615730428 801234567
615730842 801234567
615732048 801234567
615732480 801234567
615732804 801234567
615734082 801234567
615734208 801234567
615734820 801234567
615738024 801234567
615738240 801234567
615738402 801234567
615740238 801234567
615740382 801234567
615740823 801234567
615742083 801234567
615742308 801234567
615742830 801234567
615743028 801234567
615743280 801234567
615743802 801234567
615748032 801234567
615748203 801234567
615748320 801234567
615780243 801234567
615780324 801234567
615780432 801234567
615782034 801234567
615782340 801234567
615782403 801234567
615783042 801234567
615783204 801234567
615783420 801234567
615784023 801234567
615784230 801234567
615784302 801234567
615802347 801234567
615802473 801234567
615802734 801234567
615803274 801234567
615803427 801234567
615803742 801234567
615804237 801234567
615804372 801234567
615804723 801234567
615807243 801234567
615807324 801234567
615807432 801234567
615820374 801234567
615820437 801234567
615820743 801234567
615823047 801234567
615823470 801234567
615823704 801234567
615824073 801234567
615824307 801234567
615824730 801234567
615827034 801234567
615827340 801234567
615827403 801234567
615830247 801234567
615830472 801234567
615830724 801234567
615832074 801234567
615832407 801234567
