162830574 801234567
162830745 801234567
162834075 801234567
162834507 801234567
162834750 801234567
162835047 801234567
162835470 801234567
162835704 801234567
162837054 801234567
162837405 801234567
162837540 801234567
162840375 801234567
162840537 801234567
162840753 801234567
162843057 801234567
162843570 801234567
162843705 801234567
162845073 801234567
162845307 801234567
162845730 801234567
162847035 801234567
162847350 801234567
162847503 801234567
162850347 801234567
162850473 801234567
162850734 801234567
162853074 801234567
162853407 801234567
162853740 801234567
162854037 801234567
162854370 801234567
162854703 801234567
162857043 801234567
162857304 801234567
162857430 801234567
162870354 801234567
162870435 801234567
162870543 801234567
162873045 801234567
162873450 801234567
162873504 801234567
162874053 801234567
162874305 801234567
162874530 801234567
162875034 801234567
162875340 801234567
162875403 801234567
163024587 801234567
163024758 801234567
163024875 801234567
163025478 801234567
163025784 801234567
163025847 801234567
163027485 801234567
163027548 801234567
163027854 801234567
163028457 801234567
163028574 801234567
163028745 801234567
163042578 801234567
163042785 801234567
163042857 801234567
163045287 801234567
163045728 801234567
163045872 801234567
163047258 801234567
163047582 801234567
163047825 801234567
163048275 801234567
163048527 801234567
163048752 801234567
163052487 801234567
163052748 801234567
163052874 801234567
163054278 801234567
163054782 801234567
163054827 801234567
163057284 801234567
163057428 801234567
163057842 801234567
163058247 801234567
163058472 801234567
163058724 801234567
163072458 801234567
163072584 801234567
163072845 801234567
163074285 801234567
163074528 801234567
163074852 801234567
163075248 801234567
163075482 801234567
163075824 801234567
163078254 801234567
163078425 801234567
163078542 801234567
163082475 801234567
163082547 801234567
163082754 801234567
163084257 801234567
163084572 801234567
163084725 801234567
163085274 801234567
163085427 801234567
163085742 801234567
163087245 801234567
163087452 801234567
163087524 801234567
163204578 801234567
163204785 801234567
163204857 801234567
163205487 801234567
163205748 801234567
163205874 801234567
163207458 801234567
163207584 801234567
163207845 801234567
163208475 801234567
163208547 801234567
163208754 801234567
163240587 801234567
163240758 801234567
163240875 801234567
163245078 801234567
163245780 801234567
163245807 801234567
163247085 801234567
163247508 801234567
163247850 801234567
163248057 801234567
163248570 801234567
163248705 801234567
163250478 801234567
163250784 801234567
163250847 801234567
163254087 801234567
163254708 801234567
163254870 801234567
163257048 801234567
163257480 801234567
163257804 801234567
163258074 801234567
163258407 801234567
163258740 801234567
163270485 801234567
163270548 801234567
163270854 801234567
163274058 801234567
163274580 801234567
163274805 801234567
163275084 801234567
163275408 801234567
163275840 801234567
163278045 801234567
163278450 801234567
163278504 801234567
163280457 801234567
163280574 801234567
163280745 801234567
163284075 801234567
163284507 801234567
163284750 801234567
163285047 801234567
163285470 801234567
163285704 801234567
163287054 801234567
163287405 801234567
163287540 801234567
163402587 801234567
163402758 801234567
163402875 801234567
163405278 801234567
163405782 801234567
163405827 801234567
163407285 801234567
163407528 801234567
163407852 801234567
163408257 801234567
163408572 801234567
163408725 801234567
163420578 801234567
163420785 801234567
163420857 801234567
163425087 801234567
163425708 801234567
163425870 801234567
163427058 801234567
163427580 801234567
163427805 801234567
163428075 801234567
163428507 801234567
163428750 801234567
163450287 801234567
163450728 801234567
163450872 801234567
163452078 801234567
163452780 801234567
163452807 801234567
163457082 801234567
163457208 801234567
163457820 801234567
163458027 801234567
163458270 801234567
163458702 801234567
163470258 801234567
163470582 801234567
163470825 801234567
163472085 801234567
163472508 801234567
163472850 801234567
163475028 801234567
163475280 801234567
163475802 801234567
163478052 801234567
163478205 801234567
163478520 801234567
163480275 801234567
163480527 801234567
163480752 801234567
163482057 801234567
163482570 801234567
163482705 801234567
163485072 801234567
163485207 801234567
163485720 801234567
163487025 801234567
163487250 801234567
163487502 801234567
163502478 801234567
163502784 801234567
163502847 801234567
163504287 801234567
163504728 801234567
163504872 801234567
163507248 801234567
163507482 801234567
163507824 801234567
163508274 801234567
163508427 801234567
163508742 801234567
163520487 801234567
163520748 801234567
163520874 801234567
163524078 801234567
163524780 801234567
163524807 801234567
163527084 801234567
163527408 801234567
163527840 801234567
163528047 801234567
163528470 801234567
163528704 801234567
163540278 801234567
163540782 801234567
163540827 801234567
163542087 801234567
163542708 801234567
163542870 801234567
163547028 801234567
163547280 801234567
163547802 801234567
163548072 801234567
163548207 801234567
163548720 801234567
163570284 801234567
163570428 801234567
163570842 801234567
163572048 801234567
163572480 801234567
163572804 801234567
163574082 801234567
163574208 801234567
163574820 801234567
163578024 801234567
163578240 801234567
163578402 801234567
163580247 801234567
163580472 801234567
163580724 801234567
163582074 801234567
163582407 801234567
163582740 801234567
163584027 801234567
163584270 801234567
163584702 801234567
163587042 801234567
163587204 801234567
163587420 801234567
163702485 801234567
163702548 801234567
163702854 801234567
163704258 801234567
163704582 801234567
163704825 801234567
163705284 801234567
163705428 801234567
163705842 801234567
163708245 801234567
163708452 801234567
163708524 801234567
163720458 801234567
163720584 801234567
163720845 801234567
163724085 801234567
163724508 801234567
163724850 801234567
163725048 801234567
163725480 801234567
163725804 801234567
163728054 801234567
163728405 801234567
163728540 801234567
163740285 801234567
163740528 801234567
163740852 801234567
163742058 801234567
163742580 801234567
163742805 801234567
163745082 801234567
163745208 801234567
163745820 801234567
163748025 801234567
163748250 801234567
163748502 801234567
163750248 801234567
163750482 801234567
163750824 801234567
163752084 801234567
163752408 801234567
163752840 801234567
163754028 801234567
163754280 801234567
163754802 801234567
163758042 801234567
163758204 801234567
163758420 801234567
163780254 801234567
163780425 801234567
163780542 801234567
163782045 801234567
163782450 801234567
163782504 801234567
163784052 801234567
163784205 801234567
163784520 801234567
163785024 801234567
163785240 801234567
163785402 801234567
163802457 801234567
163802574 801234567
163802745 801234567
163804275 801234567
163804527 801234567
163804752 801234567
163805247 801234567
163805472 801234567
163805724 801234567
163807254 801234567
163807425 801234567
163807542 801234567
163820475 801234567
163820547 801234567
163820754 801234567
163824057 801234567
163824570 801234567
163824705 801234567
163825074 801234567
163825407 801234567
163825740 801234567
163827045 801234567
163827450 801234567
163827504 801234567
163840257 801234567
163840572 801234567
163840725 801234567
163842075 801234567
163842507 801234567
163842750 801234567
163845027 801234567
163845270 801234567
163845702 801234567
163847052 801234567
163847205 801234567
163847520 801234567
163850274 801234567
163850427 801234567
163850742 801234567
163852047 801234567
163852470 801234567
163852704 801234567
163854072 801234567
163854207 801234567
163854720 801234567
163857024 801234567
163857240 801234567
163857402 801234567
163870245 801234567
163870452 801234567
163870524 801234567
163872054 801234567
163872405 801234567
163872540 801234567
163874025 801234567
163874250 801234567
163874502 801234567
163875042 801234567
163875204 801234567
163875420 801234567
164023578 801234567
164023785 801234567
164023857 801234567
164025387 801234567
164025738 801234567
164025873 801234567
164027358 801234567
164027583 801234567
164027835 801234567
164028375 801234567
164028537 801234567
164028753 801234567
164032587 801234567
164032758 801234567
164032875 801234567
164035278 801234567
164035782 801234567
164035827 801234567
164037285 801234567
164037528 801234567
164037852 801234567
164038257 801234567
164038572 801234567
164038725 801234567
164052378 801234567
164052783 801234567
164052837 801234567
164053287 801234567
164053728 801234567
164053872 801234567
164057238 801234567
164057382 801234567
164057823 801234567
164058273 801234567
164058327 801234567
164058732 801234567
164072385 801234567
164072538 801234567
164072853 801234567
164073258 801234567
164073582 801234567
164073825 801234567
164075283 801234567
164075328 801234567
164075832 801234567
164078235 801234567
164078352 801234567
164078523 801234567
164082357 801234567
164082573 801234567
164082735 801234567
164083275 801234567
164083527 801234567
164083752 801234567
164085237 801234567
164085372 801234567
164085723 801234567
164087253 801234567
164087325 801234567
164087532 801234567
164203587 801234567
164203758 801234567
164203875 801234567
164205378 801234567
164205783 801234567
164205837 801234567
164207385 801234567
164207538 801234567
164207853 801234567
164208357 801234567
164208573 801234567
164208735 801234567
164230578 801234567
164230785 801234567
164230857 801234567
164235087 801234567
164235708 801234567
164235870 801234567
164237058 801234567
164237580 801234567
164237805 801234567
164238075 801234567
164238507 801234567
164238750 801234567
164250387 801234567
164250738 801234567
164250873 801234567
164253078 801234567
164253780 801234567
164253807 801234567
164257083 801234567
164257308 801234567
