541072683 801234567
541072836 801234567
541073286 801234567
541073628 801234567
541073862 801234567
541076238 801234567
541076382 801234567
541076823 801234567
541078263 801234567
541078326 801234567
541078632 801234567
541082376 801234567
541082637 801234567
541082763 801234567
541083267 801234567
541083672 801234567
541083726 801234567
541086273 801234567
541086327 801234567
541086732 801234567
541087236 801234567
541087362 801234567
541087623 801234567
541203678 801234567
541203786 801234567
541203867 801234567
541206387 801234567
541206738 801234567
541206873 801234567
541207368 801234567
541207683 801234567
541207836 801234567
541208376 801234567
541208637 801234567
541208763 801234567
541230687 801234567
541230768 801234567
541230876 801234567
541236078 801234567
541236780 801234567
541236807 801234567
541237086 801234567
541237608 801234567
541237860 801234567
541238067 801234567
541238670 801234567
541238706 801234567
541260378 801234567
541260783 801234567
541260837 801234567
541263087 801234567
541263708 801234567
541263870 801234567
541267038 801234567
541267380 801234567
541267803 801234567
541268073 801234567
541268307 801234567
541268730 801234567
541270386 801234567
541270638 801234567
541270863 801234567
541273068 801234567
541273680 801234567
541273806 801234567
541276083 801234567
541276308 801234567
541276830 801234567
541278036 801234567
541278360 801234567
541278603 801234567
541280367 801234567
541280673 801234567
541280736 801234567
541283076 801234567
541283607 801234567
541283760 801234567
541286037 801234567
541286370 801234567
541286703 801234567
541287063 801234567
541287306 801234567
541287630 801234567
541302687 801234567
541302768 801234567
541302876 801234567
541306278 801234567
541306782 801234567
541306827 801234567
541307286 801234567
541307628 801234567
541307862 801234567
541308267 801234567
541308672 801234567
541308726 801234567
541320678 801234567
541320786 801234567
541320867 801234567
541326087 801234567
541326708 801234567
541326870 801234567
541327068 801234567
541327680 801234567
541327806 801234567
541328076 801234567
541328607 801234567
541328760 801234567
541360287 801234567
541360728 801234567
541360872 801234567
541362078 801234567
541362780 801234567
541362807 801234567
541367082 801234567
541367208 801234567
541367820 801234567
541368027 801234567
541368270 801234567
541368702 801234567
541370268 801234567
541370682 801234567
541370826 801234567
541372086 801234567
541372608 801234567
541372860 801234567
541376028 801234567
541376280 801234567
541376802 801234567
541378062 801234567
541378206 801234567
541378620 801234567
541380276 801234567
541380627 801234567
541380762 801234567
541382067 801234567
541382670 801234567
541382706 801234567
541386072 801234567
541386207 801234567
541386720 801234567
541387026 801234567
541387260 801234567
541387602 801234567
541602378 801234567
541602783 801234567
541602837 801234567
541603287 801234567
541603728 801234567
541603872 801234567
541607238 801234567
541607382 801234567
541607823 801234567
541608273 801234567
541608327 801234567
541608732 801234567
541620387 801234567
541620738 801234567
541620873 801234567
541623078 801234567
541623780 801234567
541623807 801234567
541627083 801234567
541627308 801234567
541627830 801234567
541628037 801234567
541628370 801234567
541628703 801234567
541630278 801234567
541630782 801234567
541630827 801234567
541632087 801234567
541632708 801234567
541632870 801234567
541637028 801234567
541637280 801234567
541637802 801234567
541638072 801234567
541638207 801234567
541638720 801234567
541670283 801234567
541670328 801234567
541670832 801234567
541672038 801234567
541672380 801234567
541672803 801234567
541673082 801234567
541673208 801234567
541673820 801234567
541678023 801234567
541678230 801234567
541678302 801234567
541680237 801234567
541680372 801234567
541680723 801234567
541682073 801234567
541682307 801234567
541682730 801234567
541683027 801234567
541683270 801234567
541683702 801234567
541687032 801234567
541687203 801234567
541687320 801234567
541702386 801234567
541702638 801234567
541702863 801234567
541703268 801234567
541703682 801234567
541703826 801234567
541706283 801234567
541706328 801234567
541706832 801234567
541708236 801234567
541708362 801234567
541708623 801234567
541720368 801234567
541720683 801234567
541720836 801234567
541723086 801234567
541723608 801234567
541723860 801234567
541726038 801234567
541726380 801234567
541726803 801234567
541728063 801234567
541728306 801234567
541728630 801234567
541730286 801234567
541730628 801234567
541730862 801234567
541732068 801234567
541732680 801234567
541732806 801234567
541736082 801234567
541736208 801234567
541736820 801234567
541738026 801234567
541738260 801234567
541738602 801234567
541760238 801234567
541760382 801234567
541760823 801234567
541762083 801234567
541762308 801234567
541762830 801234567
541763028 801234567
541763280 801234567
541763802 801234567
541768032 801234567
541768203 801234567
541768320 801234567
541780263 801234567
541780326 801234567
541780632 801234567
541782036 801234567
541782360 801234567
541782603 801234567
541783062 801234567
541783206 801234567
541783620 801234567
541786023 801234567
541786230 801234567
541786302 801234567
541802367 801234567
541802673 801234567
541802736 801234567
541803276 801234567
541803627 801234567
541803762 801234567
541806237 801234567
541806372 801234567
541806723 801234567
541807263 801234567
541807326 801234567
541807632 801234567
541820376 801234567
541820637 801234567
541820763 801234567
541823067 801234567
541823670 801234567
541823706 801234567
541826073 801234567
541826307 801234567
541826730 801234567
541827036 801234567
541827360 801234567
541827603 801234567
541830267 801234567
541830672 801234567
541830726 801234567
541832076 801234567
541832607 801234567
541832760 801234567
541836027 801234567
541836270 801234567
541836702 801234567
541837062 801234567
541837206 801234567
541837620 801234567
541860273 801234567
541860327 801234567
541860732 801234567
541862037 801234567
541862370 801234567
541862703 801234567
541863072 801234567
541863207 801234567
541863720 801234567
541867023 801234567
541867230 801234567
541867302 801234567
541870236 801234567
541870362 801234567
541870623 801234567
541872063 801234567
541872306 801234567
541872630 801234567
541873026 801234567
541873260 801234567
541873602 801234567
541876032 801234567
541876203 801234567
541876320 801234567
542013678 801234567
542013786 801234567
542013867 801234567
542016387 801234567
542016738 801234567
542016873 801234567
542017368 801234567
542017683 801234567
542017836 801234567
542018376 801234567
542018637 801234567
542018763 801234567
542031687 801234567
542031768 801234567
542031876 801234567
542036178 801234567
542036781 801234567
542036817 801234567
542037186 801234567
542037618 801234567
542037861 801234567
542038167 801234567
542038671 801234567
542038716 801234567
542061378 801234567
542061783 801234567
542061837 801234567
542063187 801234567
542063718 801234567
542063871 801234567
542067138 801234567
542067381 801234567
542067813 801234567
542068173 801234567
542068317 801234567
542068731 801234567
542071386 801234567
542071638 801234567
542071863 801234567
542073168 801234567
542073681 801234567
542073816 801234567
542076183 801234567
542076318 801234567
542076831 801234567
542078136 801234567
542078361 801234567
542078613 801234567
542081367 801234567
542081673 801234567
542081736 801234567
542083176 801234567
542083617 801234567
542083761 801234567
542086137 801234567
542086371 801234567
542086713 801234567
542087163 801234567
542087316 801234567
542087631 801234567
542103687 801234567
542103768 801234567
542103876 801234567
542106378 801234567
542106783 801234567
542106837 801234567
542107386 801234567
542107638 801234567
542107863 801234567
542108367 801234567
542108673 801234567
542108736 801234567
542130678 801234567
542130786 801234567
542130867 801234567
542136087 801234567
542136708 801234567
542136870 801234567
542137068 801234567
542137680 801234567
542137806 801234567
542138076 801234567
542138607 801234567
542138760 801234567
542160387 801234567
542160738 801234567
542160873 801234567
542163078 801234567
542163780 801234567
542163807 801234567
542167083 801234567
542167308 801234567
542167830 801234567
542168037 801234567
542168370 801234567
542168703 801234567
542170368 801234567
542170683 801234567
542170836 801234567
542173086 801234567
542173608 801234567
542173860 801234567
542176038 801234567
542176380 801234567
542176803 801234567
542178063 801234567
542178306 801234567
542178630 801234567
542180376 801234567
542180637 801234567
542180763 801234567
542183067 801234567
542183670 801234567
542183706 801234567
542186073 801234567
542186307 801234567
542186730 801234567
542187036 801234567
542187360 801234567
542187603 801234567
542301678 801234567
542301786 801234567
542301867 801234567
542306187 801234567
542306718 801234567
542306871 801234567
542307168 801234567
542307681 801234567
542307816 801234567
542308176 801234567
542308617 801234567
542308761 801234567
542310687 801234567
542310768 801234567
542310876 801234567
542316078 801234567
542316780 801234567
542316807 801234567
542317086 801234567
542317608 801234567
542317860 801234567
542318067 801234567
542318670 801234567
542318706 801234567
542360178 801234567
542360781 801234567
542360817 801234567
542361087 801234567
542361708 801234567
542361870 801234567
542367018 801234567
542367180 801234567
542367801 801234567
542368071 801234567
542368107 801234567
542368710 801234567
542370186 801234567
542370618 801234567
542370861 801234567
542371068 801234567
542371680 801234567
542371806 801234567
542376081 801234567
542376108 801234567
542376810 801234567
542378016 801234567
542378160 801234567
542378601 801234567
542380167 801234567
542380671 801234567
542380716 801234567
542381076 801234567
542381607 801234567
542381760 801234567
542386017 801234567
542386170 801234567
