576043812 801234567
576048132 801234567
576048213 801234567
576048321 801234567
576081243 801234567
576081324 801234567
576081432 801234567
576082134 801234567
576082341 801234567
576082413 801234567
576083142 801234567
576083214 801234567
576083421 801234567
576084123 801234567
576084231 801234567
576084312 801234567
576102348 801234567
576102483 801234567
576102834 801234567
576103284 801234567
576103428 801234567
576103842 801234567
576104238 801234567
576104382 801234567
576104823 801234567
576108243 801234567
576108324 801234567
576108432 801234567
576120384 801234567
576120438 801234567
576120843 801234567
576123048 801234567
576123480 801234567
576123804 801234567
576124083 801234567
576124308 801234567
576124830 801234567
576128034 801234567
576128340 801234567
576128403 801234567
576130248 801234567
576130482 801234567
576130824 801234567
576132084 801234567
576132408 801234567
576132840 801234567
576134028 801234567
576134280 801234567
576134802 801234567
576138042 801234567
576138204 801234567
576138420 801234567
576140283 801234567
576140328 801234567
576140832 801234567
576142038 801234567
576142380 801234567
576142803 801234567
576143082 801234567
576143208 801234567
576143820 801234567
576148023 801234567
576148230 801234567
576148302 801234567
576180234 801234567
576180342 801234567
576180423 801234567
576182043 801234567
576182304 801234567
576182430 801234567
576183024 801234567
576183240 801234567
576183402 801234567
576184032 801234567
576184203 801234567
576184320 801234567
576201384 801234567
576201438 801234567
576201843 801234567
576203148 801234567
576203481 801234567
576203814 801234567
576204183 801234567
576204318 801234567
576204831 801234567
576208134 801234567
576208341 801234567
576208413 801234567
576210348 801234567
576210483 801234567
576210834 801234567
576213084 801234567
576213408 801234567
576213840 801234567
576214038 801234567
576214380 801234567
576214803 801234567
576218043 801234567
576218304 801234567
576218430 801234567
576230184 801234567
576230418 801234567
576230841 801234567
576231048 801234567
576231480 801234567
576231804 801234567
576234081 801234567
576234108 801234567
576234810 801234567
576238014 801234567
576238140 801234567
576238401 801234567
576240138 801234567
576240381 801234567
576240813 801234567
576241083 801234567
576241308 801234567
576241830 801234567
576243018 801234567
576243180 801234567
576243801 801234567
576248031 801234567
576248103 801234567
576248310 801234567
576280143 801234567
576280314 801234567
576280431 801234567
576281034 801234567
576281340 801234567
576281403 801234567
576283041 801234567
576283104 801234567
576283410 801234567
576284013 801234567
576284130 801234567
576284301 801234567
576301248 801234567
576301482 801234567
576301824 801234567
576302184 801234567
576302418 801234567
576302841 801234567
576304128 801234567
576304281 801234567
576304812 801234567
576308142 801234567
576308214 801234567
576308421 801234567
576310284 801234567
576310428 801234567
576310842 801234567
576312048 801234567
576312480 801234567
576312804 801234567
576314082 801234567
576314208 801234567
576314820 801234567
576318024 801234567
576318240 801234567
576318402 801234567
576320148 801234567
576320481 801234567
576320814 801234567
576321084 801234567
576321408 801234567
576321840 801234567
576324018 801234567
576324180 801234567
576324801 801234567
576328041 801234567
576328104 801234567
576328410 801234567
576340182 801234567
576340218 801234567
576340821 801234567
576341028 801234567
576341280 801234567
576341802 801234567
576342081 801234567
576342108 801234567
576342810 801234567
576348012 801234567
576348120 801234567
576348201 801234567
576380124 801234567
576380241 801234567
576380412 801234567
576381042 801234567
576381204 801234567
576381420 801234567
576382014 801234567
576382140 801234567
576382401 801234567
576384021 801234567
576384102 801234567
576384210 801234567
576401283 801234567
576401328 801234567
576401832 801234567
576402138 801234567
576402381 801234567
576402813 801234567
576403182 801234567
576403218 801234567
576403821 801234567
576408123 801234567
576408231 801234567
576408312 801234567
576410238 801234567
576410382 801234567
576410823 801234567
576412083 801234567
576412308 801234567
576412830 801234567
576413028 801234567
576413280 801234567
576413802 801234567
576418032 801234567
576418203 801234567
576418320 801234567
576420183 801234567
576420318 801234567
576420831 801234567
576421038 801234567
576421380 801234567
576421803 801234567
576423081 801234567
576423108 801234567
576423810 801234567
576428013 801234567
576428130 801234567
576428301 801234567
576430128 801234567
576430281 801234567
576430812 801234567
576431082 801234567
576431208 801234567
576431820 801234567
576432018 801234567
576432180 801234567
576432801 801234567
576438021 801234567
576438102 801234567
576438210 801234567
576480132 801234567
576480213 801234567
576480321 801234567
576481023 801234567
576481230 801234567
576481302 801234567
576482031 801234567
576482103 801234567
576482310 801234567
576483012 801234567
576483120 801234567
576483201 801234567
576801234 801234567
576801342 801234567
576801423 801234567
576802143 801234567
576802314 801234567
576802431 801234567
576803124 801234567
576803241 801234567
576803412 801234567
576804132 801234567
576804213 801234567
576804321 801234567
576810243 801234567
576810324 801234567
576810432 801234567
576812034 801234567
576812340 801234567
576812403 801234567
576813042 801234567
576813204 801234567
576813420 801234567
576814023 801234567
576814230 801234567
576814302 801234567
576820134 801234567
576820341 801234567
576820413 801234567
576821043 801234567
576821304 801234567
576821430 801234567
576823014 801234567
576823140 801234567
576823401 801234567
576824031 801234567
576824103 801234567
576824310 801234567
576830142 801234567
576830214 801234567
576830421 801234567
576831024 801234567
576831240 801234567
576831402 801234567
576832041 801234567
576832104 801234567
576832410 801234567
576834012 801234567
576834120 801234567
576834201 801234567
576840123 801234567
576840231 801234567
576840312 801234567
576841032 801234567
576841203 801234567
576841320 801234567
576842013 801234567
576842130 801234567
576842301 801234567
576843021 801234567
576843102 801234567
576843210 801234567
578012346 801234567
578012463 801234567
578012634 801234567
578013264 801234567
578013426 801234567
578013642 801234567
578014236 801234567
578014362 801234567
578014623 801234567
578016243 801234567
578016324 801234567
578016432 801234567
578021364 801234567
578021436 801234567
578021643 801234567
578023146 801234567
578023461 801234567
578023614 801234567
578024163 801234567
578024316 801234567
578024631 801234567
578026134 801234567
578026341 801234567
578026413 801234567
578031246 801234567
578031462 801234567
578031624 801234567
578032164 801234567
578032416 801234567
578032641 801234567
578034126 801234567
578034261 801234567
578034612 801234567
578036142 801234567
578036214 801234567
578036421 801234567
578041263 801234567
578041326 801234567
578041632 801234567
578042136 801234567
578042361 801234567
578042613 801234567
578043162 801234567
578043216 801234567
578043621 801234567
578046123 801234567
578046231 801234567
578046312 801234567
578061234 801234567
578061342 801234567
578061423 801234567
578062143 801234567
578062314 801234567
578062431 801234567
578063124 801234567
578063241 801234567
578063412 801234567
578064132 801234567
578064213 801234567
578064321 801234567
578102364 801234567
578102436 801234567
578102643 801234567
578103246 801234567
578103462 801234567
578103624 801234567
578104263 801234567
578104326 801234567
578104632 801234567
578106234 801234567
578106342 801234567
578106423 801234567
578120346 801234567
578120463 801234567
578120634 801234567
578123064 801234567
578123406 801234567
578123640 801234567
578124036 801234567
578124360 801234567
578124603 801234567
578126043 801234567
578126304 801234567
578126430 801234567
578130264 801234567
578130426 801234567
578130642 801234567
578132046 801234567
578132460 801234567
578132604 801234567
578134062 801234567
578134206 801234567
578134620 801234567
578136024 801234567
578136240 801234567
578136402 801234567
578140236 801234567
578140362 801234567
578140623 801234567
578142063 801234567
578142306 801234567
578142630 801234567
578143026 801234567
578143260 801234567
578143602 801234567
578146032 801234567
578146203 801234567
578146320 801234567
578160243 801234567
578160324 801234567
578160432 801234567
578162034 801234567
578162340 801234567
578162403 801234567
578163042 801234567
578163204 801234567
578163420 801234567
578164023 801234567
578164230 801234567
578164302 801234567
578201346 801234567
578201463 801234567
578201634 801234567
578203164 801234567
578203416 801234567
578203641 801234567
578204136 801234567
578204361 801234567
578204613 801234567
578206143 801234567
578206314 801234567
578206431 801234567
578210364 801234567
578210436 801234567
578210643 801234567
578213046 801234567
578213460 801234567
578213604 801234567
578214063 801234567
578214306 801234567
578214630 801234567
578216034 801234567
578216340 801234567
578216403 801234567
578230146 801234567
578230461 801234567
578230614 801234567
578231064 801234567
578231406 801234567
578231640 801234567
578234016 801234567
578234160 801234567
578234601 801234567
578236041 801234567
578236104 801234567
578236410 801234567
578240163 801234567
578240316 801234567
578240631 801234567
578241036 801234567
578241360 801234567
578241603 801234567
578243061 801234567
578243106 801234567
578243610 801234567
578246013 801234567
578246130 801234567
578246301 801234567
578260134 801234567
578260341 801234567
578260413 801234567
578261043 801234567
578261304 801234567
578261430 801234567
578263014 801234567
578263140 801234567
578263401 801234567
578264031 801234567
578264103 801234567
578264310 801234567
578301264 801234567
578301426 801234567
578301642 801234567
