043628715 801234567
043651278 801234567
043651782 801234567
043651827 801234567
043652187 801234567
043652718 801234567
043652871 801234567
043657128 801234567
043657281 801234567
043657812 801234567
043658172 801234567
043658217 801234567
043658721 801234567
043671285 801234567
043671528 801234567
043671852 801234567
043672158 801234567
043672581 801234567
043672815 801234567
043675182 801234567
043675218 801234567
043675821 801234567
043678125 801234567
043678251 801234567
043678512 801234567
043681257 801234567
043681572 801234567
043681725 801234567
043682175 801234567
043682517 801234567
043682751 801234567
043685127 801234567
043685271 801234567
043685712 801234567
043687152 801234567
043687215 801234567
043687521 801234567
043712586 801234567
043712658 801234567
043712865 801234567
043715268 801234567
043715682 801234567
043715826 801234567
043716285 801234567
043716528 801234567
043716852 801234567
043718256 801234567
043718562 801234567
043718625 801234567
043721568 801234567
043721685 801234567
043721856 801234567
043725186 801234567
043725618 801234567
043725861 801234567
043726158 801234567
043726581 801234567
043726815 801234567
043728165 801234567
043728516 801234567
043728651 801234567
043751286 801234567
043751628 801234567
043751862 801234567
043752168 801234567
043752681 801234567
043752816 801234567
043756182 801234567
043756218 801234567
043756821 801234567
043758126 801234567
043758261 801234567
043758612 801234567
043761258 801234567
043761582 801234567
043761825 801234567
043762185 801234567
043762518 801234567
043762851 801234567
043765128 801234567
043765281 801234567
043765812 801234567
043768152 801234567
043768215 801234567
043768521 801234567
043781265 801234567
043781526 801234567
043781652 801234567
043782156 801234567
043782561 801234567
043782615 801234567
043785162 801234567
043785216 801234567
043785621 801234567
043786125 801234567
043786251 801234567
043786512 801234567
043812567 801234567
043812675 801234567
043812756 801234567
043815276 801234567
043815627 801234567
043815762 801234567
043816257 801234567
043816572 801234567
043816725 801234567
043817265 801234567
043817526 801234567
043817652 801234567
043821576 801234567
043821657 801234567
043821765 801234567
043825167 801234567
043825671 801234567
043825716 801234567
043826175 801234567
043826517 801234567
043826751 801234567
043827156 801234567
043827561 801234567
043827615 801234567
043851267 801234567
043851672 801234567
043851726 801234567
043852176 801234567
043852617 801234567
043852761 801234567
043856127 801234567
043856271 801234567
043856712 801234567
043857162 801234567
043857216 801234567
043857621 801234567
043861275 801234567
043861527 801234567
043861752 801234567
043862157 801234567
043862571 801234567
043862715 801234567
043865172 801234567
043865217 801234567
043865721 801234567
043867125 801234567
043867251 801234567
043867512 801234567
043871256 801234567
043871562 801234567
043871625 801234567
043872165 801234567
043872516 801234567
043872651 801234567
043875126 801234567
043875261 801234567
043875612 801234567
043876152 801234567
043876215 801234567
043876521 801234567
045123678 801234567
045123786 801234567
045123867 801234567
045126387 801234567
045126738 801234567
045126873 801234567
045127368 801234567
045127683 801234567
045127836 801234567
045128376 801234567
045128637 801234567
045128763 801234567
045132687 801234567
045132768 801234567
045132876 801234567
045136278 801234567
045136782 801234567
045136827 801234567
045137286 801234567
045137628 801234567
045137862 801234567
045138267 801234567
045138672 801234567
045138726 801234567
045162378 801234567
045162783 801234567
045162837 801234567
045163287 801234567
045163728 801234567
045163872 801234567
045167238 801234567
045167382 801234567
045167823 801234567
045168273 801234567
045168327 801234567
045168732 801234567
045172386 801234567
045172638 801234567
045172863 801234567
045173268 801234567
045173682 801234567
045173826 801234567
045176283 801234567
045176328 801234567
045176832 801234567
045178236 801234567
045178362 801234567
045178623 801234567
045182367 801234567
045182673 801234567
045182736 801234567
045183276 801234567
045183627 801234567
045183762 801234567
045186237 801234567
045186372 801234567
045186723 801234567
045187263 801234567
045187326 801234567
045187632 801234567
045213687 801234567
045213768 801234567
045213876 801234567
045216378 801234567
045216783 801234567
045216837 801234567
045217386 801234567
045217638 801234567
045217863 801234567
045218367 801234567
045218673 801234567
045218736 801234567
045231678 801234567
045231786 801234567
045231867 801234567
045236187 801234567
045236718 801234567
045236871 801234567
045237168 801234567
045237681 801234567
045237816 801234567
045238176 801234567
045238617 801234567
045238761 801234567
045261387 801234567
045261738 801234567
045261873 801234567
045263178 801234567
045263781 801234567
045263817 801234567
045267183 801234567
045267318 801234567
045267831 801234567
045268137 801234567
045268371 801234567
045268713 801234567
045271368 801234567
045271683 801234567
045271836 801234567
045273186 801234567
045273618 801234567
045273861 801234567
045276138 801234567
045276381 801234567
045276813 801234567
045278163 801234567
045278316 801234567
045278631 801234567
045281376 801234567
045281637 801234567
045281763 801234567
045283167 801234567
045283671 801234567
045283716 801234567
045286173 801234567
045286317 801234567
045286731 801234567
045287136 801234567
045287361 801234567
045287613 801234567
045312678 801234567
045312786 801234567
045312867 801234567
045316287 801234567
045316728 801234567
045316872 801234567
045317268 801234567
045317682 801234567
045317826 801234567
045318276 801234567
045318627 801234567
045318762 801234567
045321687 801234567
045321768 801234567
045321876 801234567
045326178 801234567
045326781 801234567
045326817 801234567
045327186 801234567
045327618 801234567
045327861 801234567
045328167 801234567
045328671 801234567
045328716 801234567
045361278 801234567
045361782 801234567
045361827 801234567
045362187 801234567
045362718 801234567
045362871 801234567
045367128 801234567
045367281 801234567
045367812 801234567
045368172 801234567
045368217 801234567
045368721 801234567
045371286 801234567
045371628 801234567
045371862 801234567
045372168 801234567
045372681 801234567
045372816 801234567
045376182 801234567
045376218 801234567
045376821 801234567
045378126 801234567
045378261 801234567
045378612 801234567
045381267 801234567
045381672 801234567
045381726 801234567
045382176 801234567
045382617 801234567
045382761 801234567
045386127 801234567
045386271 801234567
045386712 801234567
045387162 801234567
045387216 801234567
045387621 801234567
045612387 801234567
045612738 801234567
045612873 801234567
045613278 801234567
045613782 801234567
045613827 801234567
045617283 801234567
045617328 801234567
045617832 801234567
045618237 801234567
045618372 801234567
045618723 801234567
045621378 801234567
045621783 801234567
045621837 801234567
045623187 801234567
045623718 801234567
045623871 801234567
045627138 801234567
045627381 801234567
045627813 801234567
045628173 801234567
045628317 801234567
045628731 801234567
045631287 801234567
045631728 801234567
045631872 801234567
045632178 801234567
045632781 801234567
045632817 801234567
045637182 801234567
045637218 801234567
045637821 801234567
045638127 801234567
045638271 801234567
045638712 801234567
045671238 801234567
045671382 801234567
045671823 801234567
045672183 801234567
045672318 801234567
045672831 801234567
045673128 801234567
045673281 801234567
045673812 801234567
045678132 801234567
045678213 801234567
045678321 801234567
045681273 801234567
045681327 801234567
045681732 801234567
045682137 801234567
045682371 801234567
045682713 801234567
045683172 801234567
045683217 801234567
045683721 801234567
045687123 801234567
045687231 801234567
045687312 801234567
045712368 801234567
045712683 801234567
045712836 801234567
045713286 801234567
045713628 801234567
045713862 801234567
045716238 801234567
045716382 801234567
045716823 801234567
045718263 801234567
045718326 801234567
045718632 801234567
045721386 801234567
045721638 801234567
045721863 801234567
045723168 801234567
045723681 801234567
045723816 801234567
045726183 801234567
045726318 801234567
045726831 801234567
045728136 801234567
045728361 801234567
045728613 801234567
045731268 801234567
045731682 801234567
045731826 801234567
045732186 801234567
045732618 801234567
045732861 801234567
045736128 801234567
045736281 801234567
045736812 801234567
045738162 801234567
045738216 801234567
045738621 801234567
045761283 801234567
045761328 801234567
045761832 801234567
045762138 801234567
045762381 801234567
045762813 801234567
045763182 801234567
045763218 801234567
045763821 801234567
045768123 801234567
045768231 801234567
045768312 801234567
045781236 801234567
045781362 801234567
045781623 801234567
045782163 801234567
045782316 801234567
045782631 801234567
045783126 801234567
045783261 801234567
045783612 801234567
045786132 801234567
045786213 801234567
045786321 801234567
045812376 801234567
045812637 801234567
045812763 801234567
045813267 801234567
045813672 801234567
045813726 801234567
045816273 801234567
045816327 801234567
045816732 801234567
045817236 801234567
045817362 801234567
045817623 801234567
045821367 801234567
045821673 801234567
045821736 801234567
045823176 801234567
045823617 801234567
045823761 801234567
045826137 801234567
045826371 801234567
045826713 801234567
045827163 801234567
045827316 801234567
045827631 801234567
045831276 801234567
045831627 801234567
045831762 801234567
045832167 801234567
045832671 801234567
045832716 801234567
045836172 801234567
045836217 801234567
045836721 801234567
045837126 801234567
045837261 801234567
045837612 801234567
045861237 801234567
045861372 801234567
045861723 801234567
045862173 801234567
045862317 801234567
045862731 801234567
