258736140 801234567
258736401 801234567
258740136 801234567
258740361 801234567
258740613 801234567
258741063 801234567
258741306 801234567
258741630 801234567
258743016 801234567
258743160 801234567
258743601 801234567
258746031 801234567
258746103 801234567
258746310 801234567
258760143 801234567
258760314 801234567
258760431 801234567
258761034 801234567
258761340 801234567
258761403 801234567
258763041 801234567
258763104 801234567
258763410 801234567
258764013 801234567
258764130 801234567
258764301 801234567
260134587 801234567
260134758 801234567
260134875 801234567
260135478 801234567
260135784 801234567
260135847 801234567
260137485 801234567
260137548 801234567
260137854 801234567
260138457 801234567
260138574 801234567
260138745 801234567
260143578 801234567
260143785 801234567
260143857 801234567
260145387 801234567
260145738 801234567
260145873 801234567
260147358 801234567
260147583 801234567
260147835 801234567
260148375 801234567
260148537 801234567
260148753 801234567
260153487 801234567
260153748 801234567
260153874 801234567
260154378 801234567
260154783 801234567
260154837 801234567
260157384 801234567
260157438 801234567
260157843 801234567
260158347 801234567
260158473 801234567
260158734 801234567
260173458 801234567
260173584 801234567
260173845 801234567
260174385 801234567
260174538 801234567
260174853 801234567
260175348 801234567
260175483 801234567
260175834 801234567
260178354 801234567
260178435 801234567
260178543 801234567
260183475 801234567
260183547 801234567
260183754 801234567
260184357 801234567
260184573 801234567
260184735 801234567
260185374 801234567
260185437 801234567
260185743 801234567
260187345 801234567
260187453 801234567
260187534 801234567
260314578 801234567
260314785 801234567
260314857 801234567
260315487 801234567
260315748 801234567
260315874 801234567
260317458 801234567
260317584 801234567
260317845 801234567
260318475 801234567
260318547 801234567
260318754 801234567
260341587 801234567
260341758 801234567
260341875 801234567
260345178 801234567
260345781 801234567
260345817 801234567
260347185 801234567
260347518 801234567
260347851 801234567
260348157 801234567
260348571 801234567
260348715 801234567
260351478 801234567
260351784 801234567
260351847 801234567
260354187 801234567
260354718 801234567
260354871 801234567
260357148 801234567
260357481 801234567
260357814 801234567
260358174 801234567
260358417 801234567
260358741 801234567
260371485 801234567
260371548 801234567
260371854 801234567
260374158 801234567
260374581 801234567
260374815 801234567
260375184 801234567
260375418 801234567
260375841 801234567
260378145 801234567
260378451 801234567
260378514 801234567
260381457 801234567
260381574 801234567
260381745 801234567
260384175 801234567
260384517 801234567
260384751 801234567
260385147 801234567
260385471 801234567
260385714 801234567
260387154 801234567
260387415 801234567
260387541 801234567
260413587 801234567
260413758 801234567
260413875 801234567
260415378 801234567
260415783 801234567
260415837 801234567
260417385 801234567
260417538 801234567
260417853 801234567
260418357 801234567
260418573 801234567
260418735 801234567
260431578 801234567
260431785 801234567
260431857 801234567
260435187 801234567
260435718 801234567
260435871 801234567
260437158 801234567
260437581 801234567
260437815 801234567
260438175 801234567
260438517 801234567
260438751 801234567
260451387 801234567
260451738 801234567
260451873 801234567
260453178 801234567
260453781 801234567
260453817 801234567
260457183 801234567
260457318 801234567
260457831 801234567
260458137 801234567
260458371 801234567
260458713 801234567
260471358 801234567
260471583 801234567
260471835 801234567
260473185 801234567
260473518 801234567
260473851 801234567
260475138 801234567
260475381 801234567
260475813 801234567
260478153 801234567
260478315 801234567
260478531 801234567
260481375 801234567
260481537 801234567
260481753 801234567
260483157 801234567
260483571 801234567
260483715 801234567
260485173 801234567
260485317 801234567
260485731 801234567
260487135 801234567
260487351 801234567
260487513 801234567
260513478 801234567
260513784 801234567
260513847 801234567
260514387 801234567
260514738 801234567
260514873 801234567
260517348 801234567
260517483 801234567
260517834 801234567
260518374 801234567
260518437 801234567
260518743 801234567
260531487 801234567
260531748 801234567
260531874 801234567
260534178 801234567
260534781 801234567
260534817 801234567
260537184 801234567
260537418 801234567
260537841 801234567
260538147 801234567
260538471 801234567
260538714 801234567
260541378 801234567
260541783 801234567
260541837 801234567
260543187 801234567
260543718 801234567
260543871 801234567
260547138 801234567
260547381 801234567
260547813 801234567
260548173 801234567
260548317 801234567
260548731 801234567
260571384 801234567
260571438 801234567
260571843 801234567
260573148 801234567
260573481 801234567
260573814 801234567
260574183 801234567
260574318 801234567
260574831 801234567
260578134 801234567
260578341 801234567
260578413 801234567
260581347 801234567
260581473 801234567
260581734 801234567
260583174 801234567
260583417 801234567
260583741 801234567
260584137 801234567
260584371 801234567
260584713 801234567
260587143 801234567
260587314 801234567
260587431 801234567
260713485 801234567
260713548 801234567
260713854 801234567
260714358 801234567
260714583 801234567
260714835 801234567
260715384 801234567
260715438 801234567
260715843 801234567
260718345 801234567
260718453 801234567
260718534 801234567
260731458 801234567
260731584 801234567
260731845 801234567
260734185 801234567
260734518 801234567
260734851 801234567
260735148 801234567
260735481 801234567
260735814 801234567
260738154 801234567
260738415 801234567
260738541 801234567
260741385 801234567
260741538 801234567
260741853 801234567
260743158 801234567
260743581 801234567
260743815 801234567
260745183 801234567
260745318 801234567
260745831 801234567
260748135 801234567
260748351 801234567
260748513 801234567
260751348 801234567
260751483 801234567
260751834 801234567
260753184 801234567
260753418 801234567
260753841 801234567
260754138 801234567
260754381 801234567
260754813 801234567
260758143 801234567
260758314 801234567
260758431 801234567
260781354 801234567
260781435 801234567
260781543 801234567
260783145 801234567
260783451 801234567
260783514 801234567
260784153 801234567
260784315 801234567
260784531 801234567
260785134 801234567
260785341 801234567
260785413 801234567
260813457 801234567
260813574 801234567
260813745 801234567
260814375 801234567
260814537 801234567
260814753 801234567
260815347 801234567
260815473 801234567
260815734 801234567
260817354 801234567
260817435 801234567
260817543 801234567
260831475 801234567
260831547 801234567
260831754 801234567
260834157 801234567
260834571 801234567
260834715 801234567
260835174 801234567
260835417 801234567
260835741 801234567
260837145 801234567
260837451 801234567
260837514 801234567
260841357 801234567
260841573 801234567
260841735 801234567
260843175 801234567
260843517 801234567
260843751 801234567
260845137 801234567
260845371 801234567
260845713 801234567
260847153 801234567
260847315 801234567
260847531 801234567
260851374 801234567
260851437 801234567
260851743 801234567
260853147 801234567
260853471 801234567
260853714 801234567
260854173 801234567
260854317 801234567
260854731 801234567
260857134 801234567
260857341 801234567
260857413 801234567
260871345 801234567
260871453 801234567
260871534 801234567
260873154 801234567
260873415 801234567
260873541 801234567
260874135 801234567
260874351 801234567
260874513 801234567
260875143 801234567
260875314 801234567
260875431 801234567
261034578 801234567
261034785 801234567
261034857 801234567
261035487 801234567
261035748 801234567
261035874 801234567
261037458 801234567
261037584 801234567
261037845 801234567
261038475 801234567
261038547 801234567
261038754 801234567
261043587 801234567
261043758 801234567
261043875 801234567
261045378 801234567
261045783 801234567
261045837 801234567
261047385 801234567
261047538 801234567
261047853 801234567
261048357 801234567
261048573 801234567
261048735 801234567
261053478 801234567
261053784 801234567
261053847 801234567
261054387 801234567
261054738 801234567
261054873 801234567
261057348 801234567
261057483 801234567
261057834 801234567
261058374 801234567
261058437 801234567
261058743 801234567
261073485 801234567
261073548 801234567
261073854 801234567
261074358 801234567
261074583 801234567
261074835 801234567
261075384 801234567
261075438 801234567
261075843 801234567
261078345 801234567
261078453 801234567
261078534 801234567
261083457 801234567
261083574 801234567
261083745 801234567
261084375 801234567
261084537 801234567
261084753 801234567
261085347 801234567
261085473 801234567
261085734 801234567
261087354 801234567
261087435 801234567
261087543 801234567
261304587 801234567
261304758 801234567
261304875 801234567
261305478 801234567
261305784 801234567
261305847 801234567
261307485 801234567
261307548 801234567
261307854 801234567
261308457 801234567
261308574 801234567
261308745 801234567
261340578 801234567
261340785 801234567
261340857 801234567
261345087 801234567
261345708 801234567
261345870 801234567
261347058 801234567
261347580 801234567
261347805 801234567
261348075 801234567
261348507 801234567
261348750 801234567
261350487 801234567
261350748 801234567
261350874 801234567
261354078 801234567
261354780 801234567
261354807 801234567
261357084 801234567
261357408 801234567
261357840 801234567
261358047 801234567
261358470 801234567
261358704 801234567
261370458 801234567
261370584 801234567
261370845 801234567
261374085 801234567
261374508 801234567
261374850 801234567
261375048 801234567
261375480 801234567
261375804 801234567
261378054 801234567
261378405 801234567
261378540 801234567
261380475 801234567
261380547 801234567
261380754 801234567
261384057 801234567
261384570 801234567
