731462805 801234567
731465082 801234567
731465208 801234567
731465820 801234567
731468025 801234567
731468250 801234567
731468502 801234567
731480256 801234567
731480562 801234567
731480625 801234567
731482065 801234567
731482506 801234567
731482650 801234567
731485026 801234567
731485260 801234567
731485602 801234567
731486052 801234567
731486205 801234567
731486520 801234567
731502486 801234567
731502648 801234567
731502864 801234567
731504268 801234567
731504682 801234567
731504826 801234567
731506284 801234567
731506428 801234567
731506842 801234567
731508246 801234567
731508462 801234567
731508624 801234567
731520468 801234567
731520684 801234567
731520846 801234567
731524086 801234567
731524608 801234567
731524860 801234567
731526048 801234567
731526480 801234567
731526804 801234567
731528064 801234567
731528406 801234567
731528640 801234567
731540286 801234567
731540628 801234567
731540862 801234567
731542068 801234567
731542680 801234567
731542806 801234567
731546082 801234567
731546208 801234567
731546820 801234567
731548026 801234567
731548260 801234567
731548602 801234567
731560248 801234567
731560482 801234567
731560824 801234567
731562084 801234567
731562408 801234567
731562840 801234567
731564028 801234567
731564280 801234567
731564802 801234567
731568042 801234567
731568204 801234567
731568420 801234567
731580264 801234567
731580426 801234567
731580642 801234567
731582046 801234567
731582460 801234567
731582604 801234567
731584062 801234567
731584206 801234567
731584620 801234567
731586024 801234567
731586240 801234567
731586402 801234567
731602458 801234567
731602584 801234567
731602845 801234567
731604285 801234567
731604528 801234567
731604852 801234567
731605248 801234567
731605482 801234567
731605824 801234567
731608254 801234567
731608425 801234567
731608542 801234567
731620485 801234567
731620548 801234567
731620854 801234567
731624058 801234567
731624580 801234567
731624805 801234567
731625084 801234567
731625408 801234567
731625840 801234567
731628045 801234567
731628450 801234567
731628504 801234567
731640258 801234567
731640582 801234567
731640825 801234567
731642085 801234567
731642508 801234567
731642850 801234567
731645028 801234567
731645280 801234567
731645802 801234567
731648052 801234567
731648205 801234567
731648520 801234567
731650284 801234567
731650428 801234567
731650842 801234567
731652048 801234567
731652480 801234567
731652804 801234567
731654082 801234567
731654208 801234567
731654820 801234567
731658024 801234567
731658240 801234567
731658402 801234567
731680245 801234567
731680452 801234567
731680524 801234567
731682054 801234567
731682405 801234567
731682540 801234567
731684025 801234567
731684250 801234567
731684502 801234567
731685042 801234567
731685204 801234567
731685420 801234567
731802465 801234567
731802546 801234567
731802654 801234567
731804256 801234567
731804562 801234567
731804625 801234567
731805264 801234567
731805426 801234567
731805642 801234567
731806245 801234567
731806452 801234567
731806524 801234567
731820456 801234567
731820564 801234567
731820645 801234567
731824065 801234567
731824506 801234567
731824650 801234567
731825046 801234567
731825460 801234567
731825604 801234567
731826054 801234567
731826405 801234567
731826540 801234567
731840265 801234567
731840526 801234567
731840652 801234567
731842056 801234567
731842560 801234567
731842605 801234567
731845062 801234567
731845206 801234567
731845620 801234567
731846025 801234567
731846250 801234567
731846502 801234567
731850246 801234567
731850462 801234567
731850624 801234567
731852064 801234567
731852406 801234567
731852640 801234567
731854026 801234567
731854260 801234567
731854602 801234567
731856042 801234567
731856204 801234567
731856420 801234567
731860254 801234567
731860425 801234567
731860542 801234567
731862045 801234567
731862450 801234567
731862504 801234567
731864052 801234567
731864205 801234567
731864520 801234567
731865024 801234567
731865240 801234567
731865402 801234567
732014586 801234567
732014658 801234567
732014865 801234567
732015468 801234567
732015684 801234567
732015846 801234567
732016485 801234567
732016548 801234567
732016854 801234567
732018456 801234567
732018564 801234567
732018645 801234567
732041568 801234567
732041685 801234567
732041856 801234567
732045186 801234567
732045618 801234567
732045861 801234567
732046158 801234567
732046581 801234567
732046815 801234567
732048165 801234567
732048516 801234567
732048651 801234567
732051486 801234567
732051648 801234567
732051864 801234567
732054168 801234567
732054681 801234567
732054816 801234567
732056184 801234567
732056418 801234567
732056841 801234567
732058146 801234567
732058461 801234567
732058614 801234567
732061458 801234567
732061584 801234567
732061845 801234567
732064185 801234567
732064518 801234567
732064851 801234567
732065148 801234567
732065481 801234567
732065814 801234567
732068154 801234567
732068415 801234567
732068541 801234567
732081465 801234567
732081546 801234567
732081654 801234567
732084156 801234567
732084561 801234567
732084615 801234567
732085164 801234567
732085416 801234567
732085641 801234567
732086145 801234567
732086451 801234567
732086514 801234567
732104568 801234567
732104685 801234567
732104856 801234567
732105486 801234567
732105648 801234567
732105864 801234567
732106458 801234567
732106584 801234567
732106845 801234567
732108465 801234567
732108546 801234567
732108654 801234567
732140586 801234567
732140658 801234567
732140865 801234567
732145068 801234567
732145680 801234567
732145806 801234567
732146085 801234567
732146508 801234567
732146850 801234567
732148056 801234567
732148560 801234567
732148605 801234567
732150468 801234567
732150684 801234567
732150846 801234567
732154086 801234567
732154608 801234567
732154860 801234567
732156048 801234567
732156480 801234567
732156804 801234567
732158064 801234567
732158406 801234567
732158640 801234567
732160485 801234567
732160548 801234567
732160854 801234567
732164058 801234567
732164580 801234567
732164805 801234567
732165084 801234567
732165408 801234567
732165840 801234567
732168045 801234567
732168450 801234567
732168504 801234567
732180456 801234567
732180564 801234567
732180645 801234567
732184065 801234567
732184506 801234567
732184650 801234567
732185046 801234567
732185460 801234567
732185604 801234567
732186054 801234567
732186405 801234567
732186540 801234567
732401586 801234567
732401658 801234567
732401865 801234567
732405168 801234567
732405681 801234567
732405816 801234567
732406185 801234567
732406518 801234567
732406851 801234567
732408156 801234567
732408561 801234567
732408615 801234567
732410568 801234567
732410685 801234567
732410856 801234567
732415086 801234567
732415608 801234567
732415860 801234567
732416058 801234567
732416580 801234567
732416805 801234567
732418065 801234567
732418506 801234567
732418650 801234567
732450186 801234567
732450618 801234567
732450861 801234567
732451068 801234567
732451680 801234567
732451806 801234567
732456081 801234567
732456108 801234567
732456810 801234567
732458016 801234567
732458160 801234567
732458601 801234567
732460158 801234567
732460581 801234567
732460815 801234567
732461085 801234567
732461508 801234567
732461850 801234567
732465018 801234567
732465180 801234567
732465801 801234567
732468051 801234567
732468105 801234567
732468510 801234567
732480165 801234567
732480516 801234567
732480651 801234567
732481056 801234567
732481560 801234567
732481605 801234567
732485061 801234567
732485106 801234567
732485610 801234567
732486015 801234567
732486150 801234567
732486501 801234567
732501468 801234567
732501684 801234567
732501846 801234567
732504186 801234567
732504618 801234567
732504861 801234567
732506148 801234567
732506481 801234567
732506814 801234567
732508164 801234567
732508416 801234567
732508641 801234567
732510486 801234567
732510648 801234567
732510864 801234567
732514068 801234567
732514680 801234567
732514806 801234567
732516084 801234567
732516408 801234567
732516840 801234567
732518046 801234567
732518460 801234567
732518604 801234567
732540168 801234567
732540681 801234567
732540816 801234567
732541086 801234567
732541608 801234567
732541860 801234567
732546018 801234567
732546180 801234567
732546801 801234567
732548061 801234567
732548106 801234567
732548610 801234567
732560184 801234567
732560418 801234567
732560841 801234567
732561048 801234567
732561480 801234567
732561804 801234567
732564081 801234567
732564108 801234567
732564810 801234567
732568014 801234567
732568140 801234567
732568401 801234567
732580146 801234567
732580461 801234567
732580614 801234567
732581064 801234567
732581406 801234567
732581640 801234567
732584016 801234567
732584160 801234567
732584601 801234567
732586041 801234567
732586104 801234567
732586410 801234567
732601485 801234567
732601548 801234567
732601854 801234567
732604158 801234567
732604581 801234567
732604815 801234567
732605184 801234567
732605418 801234567
732605841 801234567
732608145 801234567
732608451 801234567
732608514 801234567
732610458 801234567
732610584 801234567
732610845 801234567
732614085 801234567
732614508 801234567
732614850 801234567
732615048 801234567
732615480 801234567
732615804 801234567
732618054 801234567
732618405 801234567
732618540 801234567
732640185 801234567
732640518 801234567
732640851 801234567
732641058 801234567
732641580 801234567
732641805 801234567
732645081 801234567
732645108 801234567
732645810 801234567
732648015 801234567
732648150 801234567
732648501 801234567
732650148 801234567
732650481 801234567
732650814 801234567
732651084 801234567
732651408 801234567
732651840 801234567
732654018 801234567
732654180 801234567
732654801 801234567
732658041 801234567
732658104 801234567
732658410 801234567
732680154 801234567
732680415 801234567
732680541 801234567
732681045 801234567
732681450 801234567
732681504 801234567
732684051 801234567
732684105 801234567
732684510 801234567
732685014 801234567
732685140 801234567
732685401 801234567
