406723158 801234567
406723581 801234567
406723815 801234567
406725183 801234567
406725318 801234567
406725831 801234567
406728135 801234567
406728351 801234567
406728513 801234567
406731258 801234567
406731582 801234567
406731825 801234567
406732185 801234567
406732518 801234567
406732851 801234567
406735128 801234567
406735281 801234567
406735812 801234567
406738152 801234567
406738215 801234567
406738521 801234567
406751283 801234567
406751328 801234567
406751832 801234567
406752138 801234567
406752381 801234567
406752813 801234567
406753182 801234567
406753218 801234567
406753821 801234567
406758123 801234567
406758231 801234567
406758312 801234567
406781235 801234567
406781352 801234567
406781523 801234567
406782153 801234567
406782315 801234567
406782531 801234567
406783125 801234567
406783251 801234567
406783512 801234567
406785132 801234567
406785213 801234567
406785321 801234567
406812375 801234567
406812537 801234567
406812753 801234567
406813257 801234567
406813572 801234567
406813725 801234567
406815273 801234567
406815327 801234567
406815732 801234567
406817235 801234567
406817352 801234567
406817523 801234567
406821357 801234567
406821573 801234567
406821735 801234567
406823175 801234567
406823517 801234567
406823751 801234567
406825137 801234567
406825371 801234567
406825713 801234567
406827153 801234567
406827315 801234567
406827531 801234567
406831275 801234567
406831527 801234567
406831752 801234567
406832157 801234567
406832571 801234567
406832715 801234567
406835172 801234567
406835217 801234567
406835721 801234567
406837125 801234567
406837251 801234567
406837512 801234567
406851237 801234567
406851372 801234567
406851723 801234567
406852173 801234567
406852317 801234567
406852731 801234567
406853127 801234567
406853271 801234567
406853712 801234567
406857132 801234567
406857213 801234567
406857321 801234567
406871253 801234567
406871325 801234567
406871532 801234567
406872135 801234567
406872351 801234567
406872513 801234567
406873152 801234567
406873215 801234567
406873521 801234567
406875123 801234567
406875231 801234567
406875312 801234567
407123586 801234567
407123658 801234567
407123865 801234567
407125368 801234567
407125683 801234567
407125836 801234567
407126385 801234567
407126538 801234567
407126853 801234567
407128356 801234567
407128563 801234567
407128635 801234567
407132568 801234567
407132685 801234567
407132856 801234567
407135286 801234567
407135628 801234567
407135862 801234567
407136258 801234567
407136582 801234567
407136825 801234567
407138265 801234567
407138526 801234567
407138652 801234567
407152386 801234567
407152638 801234567
407152863 801234567
407153268 801234567
407153682 801234567
407153826 801234567
407156283 801234567
407156328 801234567
407156832 801234567
407158236 801234567
407158362 801234567
407158623 801234567
407162358 801234567
407162583 801234567
407162835 801234567
407163285 801234567
407163528 801234567
407163852 801234567
407165238 801234567
407165382 801234567
407165823 801234567
407168253 801234567
407168325 801234567
407168532 801234567
407182365 801234567
407182536 801234567
407182653 801234567
407183256 801234567
407183562 801234567
407183625 801234567
407185263 801234567
407185326 801234567
407185632 801234567
407186235 801234567
407186352 801234567
407186523 801234567
407213568 801234567
407213685 801234567
407213856 801234567
407215386 801234567
407215638 801234567
407215863 801234567
407216358 801234567
407216583 801234567
407216835 801234567
407218365 801234567
407218536 801234567
407218653 801234567
407231586 801234567
407231658 801234567
407231865 801234567
407235168 801234567
407235681 801234567
407235816 801234567
407236185 801234567
407236518 801234567
407236851 801234567
407238156 801234567
407238561 801234567
407238615 801234567
407251368 801234567
407251683 801234567
407251836 801234567
407253186 801234567
407253618 801234567
407253861 801234567
407256138 801234567
407256381 801234567
407256813 801234567
407258163 801234567
407258316 801234567
407258631 801234567
407261385 801234567
407261538 801234567
407261853 801234567
407263158 801234567
407263581 801234567
407263815 801234567
407265183 801234567
407265318 801234567
407265831 801234567
407268135 801234567
407268351 801234567
407268513 801234567
407281356 801234567
407281563 801234567
407281635 801234567
407283165 801234567
407283516 801234567
407283651 801234567
407285136 801234567
407285361 801234567
407285613 801234567
407286153 801234567
407286315 801234567
407286531 801234567
407312586 801234567
407312658 801234567
407312865 801234567
407315268 801234567
407315682 801234567
407315826 801234567
407316285 801234567
407316528 801234567
407316852 801234567
407318256 801234567
407318562 801234567
407318625 801234567
407321568 801234567
407321685 801234567
407321856 801234567
407325186 801234567
407325618 801234567
407325861 801234567
407326158 801234567
407326581 801234567
407326815 801234567
407328165 801234567
407328516 801234567
407328651 801234567
407351286 801234567
407351628 801234567
407351862 801234567
407352168 801234567
407352681 801234567
407352816 801234567
407356182 801234567
407356218 801234567
407356821 801234567
407358126 801234567
407358261 801234567
407358612 801234567
407361258 801234567
407361582 801234567
407361825 801234567
407362185 801234567
407362518 801234567
407362851 801234567
407365128 801234567
407365281 801234567
407365812 801234567
407368152 801234567
407368215 801234567
407368521 801234567
407381265 801234567
407381526 801234567
407381652 801234567
407382156 801234567
407382561 801234567
407382615 801234567
407385162 801234567
407385216 801234567
407385621 801234567
407386125 801234567
407386251 801234567
407386512 801234567
407512368 801234567
407512683 801234567
407512836 801234567
407513286 801234567
407513628 801234567
407513862 801234567
407516238 801234567
407516382 801234567
407516823 801234567
407518263 801234567
407518326 801234567
407518632 801234567
407521386 801234567
407521638 801234567
407521863 801234567
407523168 801234567
407523681 801234567
407523816 801234567
407526183 801234567
407526318 801234567
407526831 801234567
407528136 801234567
407528361 801234567
407528613 801234567
407531268 801234567
407531682 801234567
407531826 801234567
407532186 801234567
407532618 801234567
407532861 801234567
407536128 801234567
407536281 801234567
407536812 801234567
407538162 801234567
407538216 801234567
407538621 801234567
407561283 801234567
407561328 801234567
407561832 801234567
407562138 801234567
407562381 801234567
407562813 801234567
407563182 801234567
407563218 801234567
407563821 801234567
407568123 801234567
407568231 801234567
407568312 801234567
407581236 801234567
407581362 801234567
407581623 801234567
407582163 801234567
407582316 801234567
407582631 801234567
407583126 801234567
407583261 801234567
407583612 801234567
407586132 801234567
407586213 801234567
407586321 801234567
407612385 801234567
407612538 801234567
407612853 801234567
407613258 801234567
407613582 801234567
407613825 801234567
407615283 801234567
407615328 801234567
407615832 801234567
407618235 801234567
407618352 801234567
407618523 801234567
407621358 801234567
407621583 801234567
407621835 801234567
407623185 801234567
407623518 801234567
407623851 801234567
407625138 801234567
407625381 801234567
407625813 801234567
407628153 801234567
407628315 801234567
407628531 801234567
407631285 801234567
407631528 801234567
407631852 801234567
407632158 801234567
407632581 801234567
407632815 801234567
407635182 801234567
407635218 801234567
407635821 801234567
407638125 801234567
407638251 801234567
407638512 801234567
407651238 801234567
407651382 801234567
407651823 801234567
407652183 801234567
407652318 801234567
407652831 801234567
407653128 801234567
407653281 801234567
407653812 801234567
407658132 801234567
407658213 801234567
407658321 801234567
407681253 801234567
407681325 801234567
407681532 801234567
407682135 801234567
407682351 801234567
407682513 801234567
407683152 801234567
407683215 801234567
407683521 801234567
407685123 801234567
407685231 801234567
407685312 801234567
407812356 801234567
407812563 801234567
407812635 801234567
407813265 801234567
407813526 801234567
407813652 801234567
407815236 801234567
407815362 801234567
407815623 801234567
407816253 801234567
407816325 801234567
407816532 801234567
407821365 801234567
407821536 801234567
407821653 801234567
407823156 801234567
407823561 801234567
407823615 801234567
407825163 801234567
407825316 801234567
407825631 801234567
407826135 801234567
407826351 801234567
407826513 801234567
407831256 801234567
407831562 801234567
407831625 801234567
407832165 801234567
407832516 801234567
407832651 801234567
407835126 801234567
407835261 801234567
407835612 801234567
407836152 801234567
407836215 801234567
407836521 801234567
407851263 801234567
407851326 801234567
407851632 801234567
407852136 801234567
407852361 801234567
407852613 801234567
407853162 801234567
407853216 801234567
407853621 801234567
407856123 801234567
407856231 801234567
407856312 801234567
407861235 801234567
407861352 801234567
407861523 801234567
407862153 801234567
407862315 801234567
407862531 801234567
407863125 801234567
407863251 801234567
407863512 801234567
407865132 801234567
407865213 801234567
407865321 801234567
408123567 801234567
408123675 801234567
408123756 801234567
408125376 801234567
408125637 801234567
408125763 801234567
408126357 801234567
408126573 801234567
408126735 801234567
408127365 801234567
408127536 801234567
408127653 801234567
408132576 801234567
408132657 801234567
408132765 801234567
408135267 801234567
408135672 801234567
408135726 801234567
408136275 801234567
408136527 801234567
408136752 801234567
408137256 801234567
408137562 801234567
408137625 801234567
408152367 801234567
408152673 801234567
408152736 801234567
408153276 801234567
408153627 801234567
408153762 801234567
408156237 801234567
408156372 801234567
408156723 801234567
408157263 801234567
