547138206 801234567
547138620 801234567
547160283 801234567
547160328 801234567
547160832 801234567
547162038 801234567
547162380 801234567
547162803 801234567
547163082 801234567
547163208 801234567
547163820 801234567
547168023 801234567
547168230 801234567
547168302 801234567
547180236 801234567
547180362 801234567
547180623 801234567
547182063 801234567
547182306 801234567
547182630 801234567
547183026 801234567
547183260 801234567
547183602 801234567
547186032 801234567
547186203 801234567
547186320 801234567
547201386 801234567
547201638 801234567
547201863 801234567
547203168 801234567
547203681 801234567
547203816 801234567
547206183 801234567
547206318 801234567
547206831 801234567
547208136 801234567
547208361 801234567
547208613 801234567
547210368 801234567
547210683 801234567
547210836 801234567
547213086 801234567
547213608 801234567
547213860 801234567
547216038 801234567
547216380 801234567
547216803 801234567
547218063 801234567
547218306 801234567
547218630 801234567
547230186 801234567
547230618 801234567
547230861 801234567
547231068 801234567
547231680 801234567
547231806 801234567
547236081 801234567
547236108 801234567
547236810 801234567
547238016 801234567
547238160 801234567
547238601 801234567
547260138 801234567
547260381 801234567
547260813 801234567
547261083 801234567
547261308 801234567
547261830 801234567
547263018 801234567
547263180 801234567
547263801 801234567
547268031 801234567
547268103 801234567
547268310 801234567
547280163 801234567
547280316 801234567
547280631 801234567
547281036 801234567
547281360 801234567
547281603 801234567
547283061 801234567
547283106 801234567
547283610 801234567
547286013 801234567
547286130 801234567
547286301 801234567
547301268 801234567
547301682 801234567
547301826 801234567
547302186 801234567
547302618 801234567
547302861 801234567
547306128 801234567
547306281 801234567
547306812 801234567
547308162 801234567
547308216 801234567
547308621 801234567
547310286 801234567
547310628 801234567
547310862 801234567
547312068 801234567
547312680 801234567
547312806 801234567
547316082 801234567
547316208 801234567
547316820 801234567
547318026 801234567
547318260 801234567
547318602 801234567
547320168 801234567
547320681 801234567
547320816 801234567
547321086 801234567
547321608 801234567
547321860 801234567
547326018 801234567
547326180 801234567
547326801 801234567
547328061 801234567
547328106 801234567
547328610 801234567
547360182 801234567
547360218 801234567
547360821 801234567
547361028 801234567
547361280 801234567
547361802 801234567
547362081 801234567
547362108 801234567
547362810 801234567
547368012 801234567
547368120 801234567
547368201 801234567
547380126 801234567
547380261 801234567
547380612 801234567
547381062 801234567
547381206 801234567
547381620 801234567
547382016 801234567
547382160 801234567
547382601 801234567
547386021 801234567
547386102 801234567
547386210 801234567
547601283 801234567
547601328 801234567
547601832 801234567
547602138 801234567
547602381 801234567
547602813 801234567
547603182 801234567
547603218 801234567
547603821 801234567
547608123 801234567
547608231 801234567
547608312 801234567
547610238 801234567
547610382 801234567
547610823 801234567
547612083 801234567
547612308 801234567
547612830 801234567
547613028 801234567
547613280 801234567
547613802 801234567
547618032 801234567
547618203 801234567
547618320 801234567
547620183 801234567
547620318 801234567
547620831 801234567
547621038 801234567
547621380 801234567
547621803 801234567
547623081 801234567
547623108 801234567
547623810 801234567
547628013 801234567
547628130 801234567
547628301 801234567
547630128 801234567
547630281 801234567
547630812 801234567
547631082 801234567
547631208 801234567
547631820 801234567
547632018 801234567
547632180 801234567
547632801 801234567
547638021 801234567
547638102 801234567
547638210 801234567
547680132 801234567
547680213 801234567
547680321 801234567
547681023 801234567
547681230 801234567
547681302 801234567
547682031 801234567
547682103 801234567
547682310 801234567
547683012 801234567
547683120 801234567
547683201 801234567
547801236 801234567
547801362 801234567
547801623 801234567
547802163 801234567
547802316 801234567
547802631 801234567
547803126 801234567
547803261 801234567
547803612 801234567
547806132 801234567
547806213 801234567
547806321 801234567
547810263 801234567
547810326 801234567
547810632 801234567
547812036 801234567
547812360 801234567
547812603 801234567
547813062 801234567
547813206 801234567
547813620 801234567
547816023 801234567
547816230 801234567
547816302 801234567
547820136 801234567
547820361 801234567
547820613 801234567
547821063 801234567
547821306 801234567
547821630 801234567
547823016 801234567
547823160 801234567
547823601 801234567
547826031 801234567
547826103 801234567
547826310 801234567
547830162 801234567
547830216 801234567
547830621 801234567
547831026 801234567
547831260 801234567
547831602 801234567
547832061 801234567
547832106 801234567
547832610 801234567
547836012 801234567
547836120 801234567
547836201 801234567
547860123 801234567
547860231 801234567
547860312 801234567
547861032 801234567
547861203 801234567
547861320 801234567
547862013 801234567
547862130 801234567
547862301 801234567
547863021 801234567
547863102 801234567
547863210 801234567
548012367 801234567
548012673 801234567
548012736 801234567
548013276 801234567
548013627 801234567
548013762 801234567
548016237 801234567
548016372 801234567
548016723 801234567
548017263 801234567
548017326 801234567
548017632 801234567
548021376 801234567
548021637 801234567
548021763 801234567
548023167 801234567
548023671 801234567
548023716 801234567
548026173 801234567
548026317 801234567
548026731 801234567
548027136 801234567
548027361 801234567
548027613 801234567
548031267 801234567
548031672 801234567
548031726 801234567
548032176 801234567
548032617 801234567
548032761 801234567
548036127 801234567
548036271 801234567
548036712 801234567
548037162 801234567
548037216 801234567
548037621 801234567
548061273 801234567
548061327 801234567
548061732 801234567
548062137 801234567
548062371 801234567
548062713 801234567
548063172 801234567
548063217 801234567
548063721 801234567
548067123 801234567
548067231 801234567
548067312 801234567
548071236 801234567
548071362 801234567
548071623 801234567
548072163 801234567
548072316 801234567
548072631 801234567
548073126 801234567
548073261 801234567
548073612 801234567
548076132 801234567
548076213 801234567
548076321 801234567
548102376 801234567
548102637 801234567
548102763 801234567
548103267 801234567
548103672 801234567
548103726 801234567
548106273 801234567
548106327 801234567
548106732 801234567
548107236 801234567
548107362 801234567
548107623 801234567
548120367 801234567
548120673 801234567
548120736 801234567
548123076 801234567
548123607 801234567
548123760 801234567
548126037 801234567
548126370 801234567
548126703 801234567
548127063 801234567
548127306 801234567
548127630 801234567
548130276 801234567
548130627 801234567
548130762 801234567
548132067 801234567
548132670 801234567
548132706 801234567
548136072 801234567
548136207 801234567
548136720 801234567
548137026 801234567
548137260 801234567
548137602 801234567
548160237 801234567
548160372 801234567
548160723 801234567
548162073 801234567
548162307 801234567
548162730 801234567
548163027 801234567
548163270 801234567
548163702 801234567
548167032 801234567
548167203 801234567
548167320 801234567
548170263 801234567
548170326 801234567
548170632 801234567
548172036 801234567
548172360 801234567
548172603 801234567
548173062 801234567
548173206 801234567
548173620 801234567
548176023 801234567
548176230 801234567
548176302 801234567
548201367 801234567
548201673 801234567
548201736 801234567
548203176 801234567
548203617 801234567
548203761 801234567
548206137 801234567
548206371 801234567
548206713 801234567
548207163 801234567
548207316 801234567
548207631 801234567
548210376 801234567
548210637 801234567
548210763 801234567
548213067 801234567
548213670 801234567
548213706 801234567
548216073 801234567
548216307 801234567
548216730 801234567
548217036 801234567
548217360 801234567
548217603 801234567
548230167 801234567
548230671 801234567
548230716 801234567
548231076 801234567
548231607 801234567
548231760 801234567
548236017 801234567
548236170 801234567
548236701 801234567
548237061 801234567
548237106 801234567
548237610 801234567
548260173 801234567
548260317 801234567
548260731 801234567
548261037 801234567
548261370 801234567
548261703 801234567
548263071 801234567
548263107 801234567
548263710 801234567
548267013 801234567
548267130 801234567
548267301 801234567
548270136 801234567
548270361 801234567
548270613 801234567
548271063 801234567
548271306 801234567
548271630 801234567
548273016 801234567
548273160 801234567
548273601 801234567
548276031 801234567
548276103 801234567
548276310 801234567
548301276 801234567
548301627 801234567
548301762 801234567
548302167 801234567
548302671 801234567
548302716 801234567
548306172 801234567
548306217 801234567
548306721 801234567
548307126 801234567
548307261 801234567
548307612 801234567
548310267 801234567
548310672 801234567
548310726 801234567
548312076 801234567
548312607 801234567
548312760 801234567
548316027 801234567
548316270 801234567
548316702 801234567
548317062 801234567
548317206 801234567
548317620 801234567
548320176 801234567
548320617 801234567
548320761 801234567
548321067 801234567
548321670 801234567
548321706 801234567
548326071 801234567
548326107 801234567
548326710 801234567
548327016 801234567
548327160 801234567
548327601 801234567
548360127 801234567
548360271 801234567
548360712 801234567
548361072 801234567
548361207 801234567
548361720 801234567
548362017 801234567
548362170 801234567
548362701 801234567
548367021 801234567
548367102 801234567
548367210 801234567
548370162 801234567
548370216 801234567
548370621 801234567
548371026 801234567
548371260 801234567
