150637482 801234567
150637824 801234567
150638274 801234567
150638427 801234567
150638742 801234567
150642387 801234567
150642738 801234567
150642873 801234567
150643278 801234567
150643782 801234567
150643827 801234567
150647283 801234567
150647328 801234567
150647832 801234567
150648237 801234567
150648372 801234567
150648723 801234567
150672348 801234567
150672483 801234567
150672834 801234567
150673284 801234567
150673428 801234567
150673842 801234567
150674238 801234567
150674382 801234567
150674823 801234567
150678243 801234567
150678324 801234567
150678432 801234567
150682374 801234567
150682437 801234567
150682743 801234567
150683247 801234567
150683472 801234567
150683724 801234567
150684273 801234567
150684327 801234567
150684732 801234567
150687234 801234567
150687342 801234567
150687423 801234567
150723468 801234567
150723684 801234567
150723846 801234567
150724386 801234567
150724638 801234567
150724863 801234567
150726348 801234567
150726483 801234567
150726834 801234567
150728364 801234567
150728436 801234567
150728643 801234567
150732486 801234567
150732648 801234567
150732864 801234567
150734268 801234567
150734682 801234567
150734826 801234567
150736284 801234567
150736428 801234567
150736842 801234567
150738246 801234567
150738462 801234567
150738624 801234567
150742368 801234567
150742683 801234567
150742836 801234567
150743286 801234567
150743628 801234567
150743862 801234567
150746238 801234567
150746382 801234567
150746823 801234567
150748263 801234567
150748326 801234567
150748632 801234567
150762384 801234567
150762438 801234567
150762843 801234567
150763248 801234567
150763482 801234567
150763824 801234567
150764283 801234567
150764328 801234567
150764832 801234567
150768234 801234567
150768342 801234567
150768423 801234567
150782346 801234567
150782463 801234567
150782634 801234567
150783264 801234567
150783426 801234567
150783642 801234567
150784236 801234567
150784362 801234567
150784623 801234567
150786243 801234567
150786324 801234567
150786432 801234567
150823476 801234567
150823647 801234567
150823764 801234567
150824367 801234567
150824673 801234567
150824736 801234567
150826374 801234567
150826437 801234567
150826743 801234567
150827346 801234567
150827463 801234567
150827634 801234567
150832467 801234567
150832674 801234567
150832746 801234567
150834276 801234567
150834627 801234567
150834762 801234567
150836247 801234567
150836472 801234567
150836724 801234567
150837264 801234567
150837426 801234567
150837642 801234567
150842376 801234567
150842637 801234567
150842763 801234567
150843267 801234567
150843672 801234567
150843726 801234567
150846273 801234567
150846327 801234567
150846732 801234567
150847236 801234567
150847362 801234567
150847623 801234567
150862347 801234567
150862473 801234567
150862734 801234567
150863274 801234567
150863427 801234567
150863742 801234567
150864237 801234567
150864372 801234567
150864723 801234567
150867243 801234567
150867324 801234567
150867432 801234567
150872364 801234567
150872436 801234567
150872643 801234567
150873246 801234567
150873462 801234567
150873624 801234567
150874263 801234567
150874326 801234567
150874632 801234567
150876234 801234567
150876342 801234567
150876423 801234567
152034687 801234567
152034768 801234567
152034876 801234567
152036478 801234567
152036784 801234567
152036847 801234567
152037486 801234567
152037648 801234567
152037864 801234567
152038467 801234567
152038674 801234567
152038746 801234567
152043678 801234567
152043786 801234567
152043867 801234567
152046387 801234567
152046738 801234567
152046873 801234567
152047368 801234567
152047683 801234567
152047836 801234567
152048376 801234567
152048637 801234567
152048763 801234567
152063487 801234567
152063748 801234567
152063874 801234567
152064378 801234567
152064783 801234567
152064837 801234567
152067384 801234567
152067438 801234567
152067843 801234567
152068347 801234567
152068473 801234567
152068734 801234567
152073468 801234567
152073684 801234567
152073846 801234567
152074386 801234567
152074638 801234567
152074863 801234567
152076348 801234567
152076483 801234567
152076834 801234567
152078364 801234567
152078436 801234567
152078643 801234567
152083476 801234567
152083647 801234567
152083764 801234567
152084367 801234567
152084673 801234567
152084736 801234567
152086374 801234567
152086437 801234567
152086743 801234567
152087346 801234567
152087463 801234567
152087634 801234567
152304678 801234567
152304786 801234567
152304867 801234567
152306487 801234567
152306748 801234567
152306874 801234567
152307468 801234567
152307684 801234567
152307846 801234567
152308476 801234567
152308647 801234567
152308764 801234567
152340687 801234567
152340768 801234567
152340876 801234567
152346078 801234567
152346780 801234567
152346807 801234567
152347086 801234567
152347608 801234567
152347860 801234567
152348067 801234567
152348670 801234567
152348706 801234567
152360478 801234567
152360784 801234567
152360847 801234567
152364087 801234567
152364708 801234567
152364870 801234567
152367048 801234567
152367480 801234567
152367804 801234567
152368074 801234567
152368407 801234567
152368740 801234567
152370486 801234567
152370648 801234567
152370864 801234567
152374068 801234567
152374680 801234567
152374806 801234567
152376084 801234567
152376408 801234567
152376840 801234567
152378046 801234567
152378460 801234567
152378604 801234567
152380467 801234567
152380674 801234567
152380746 801234567
152384076 801234567
152384607 801234567
152384760 801234567
152386047 801234567
152386470 801234567
152386704 801234567
152387064 801234567
152387406 801234567
152387640 801234567
152403687 801234567
152403768 801234567
152403876 801234567
152406378 801234567
152406783 801234567
152406837 801234567
152407386 801234567
152407638 801234567
152407863 801234567
152408367 801234567
152408673 801234567
152408736 801234567
152430678 801234567
152430786 801234567
152430867 801234567
152436087 801234567
152436708 801234567
152436870 801234567
152437068 801234567
152437680 801234567
152437806 801234567
152438076 801234567
152438607 801234567
152438760 801234567
152460387 801234567
152460738 801234567
152460873 801234567
152463078 801234567
152463780 801234567
152463807 801234567
152467083 801234567
152467308 801234567
152467830 801234567
152468037 801234567
152468370 801234567
152468703 801234567
152470368 801234567
152470683 801234567
152470836 801234567
152473086 801234567
152473608 801234567
152473860 801234567
152476038 801234567
152476380 801234567
152476803 801234567
152478063 801234567
152478306 801234567
152478630 801234567
152480376 801234567
152480637 801234567
152480763 801234567
152483067 801234567
152483670 801234567
152483706 801234567
152486073 801234567
152486307 801234567
152486730 801234567
152487036 801234567
152487360 801234567
152487603 801234567
152603478 801234567
152603784 801234567
152603847 801234567
152604387 801234567
152604738 801234567
152604873 801234567
152607348 801234567
152607483 801234567
152607834 801234567
152608374 801234567
152608437 801234567
152608743 801234567
152630487 801234567
152630748 801234567
152630874 801234567
152634078 801234567
152634780 801234567
152634807 801234567
152637084 801234567
152637408 801234567
152637840 801234567
152638047 801234567
152638470 801234567
152638704 801234567
152640378 801234567
152640783 801234567
152640837 801234567
152643087 801234567
152643708 801234567
152643870 801234567
152647038 801234567
152647380 801234567
152647803 801234567
152648073 801234567
152648307 801234567
152648730 801234567
152670384 801234567
152670438 801234567
152670843 801234567
152673048 801234567
152673480 801234567
152673804 801234567
152674083 801234567
152674308 801234567
152674830 801234567
152678034 801234567
152678340 801234567
152678403 801234567
152680347 801234567
152680473 801234567
152680734 801234567
152683074 801234567
152683407 801234567
152683740 801234567
152684037 801234567
152684370 801234567
152684703 801234567
152687043 801234567
152687304 801234567
152687430 801234567
152703486 801234567
152703648 801234567
152703864 801234567
152704368 801234567
152704683 801234567
152704836 801234567
152706384 801234567
152706438 801234567
152706843 801234567
152708346 801234567
152708463 801234567
152708634 801234567
152730468 801234567
152730684 801234567
152730846 801234567
152734086 801234567
152734608 801234567
152734860 801234567
152736048 801234567
152736480 801234567
152736804 801234567
152738064 801234567
152738406 801234567
152738640 801234567
152740386 801234567
152740638 801234567
152740863 801234567
152743068 801234567
152743680 801234567
152743806 801234567
152746083 801234567
152746308 801234567
152746830 801234567
152748036 801234567
152748360 801234567
152748603 801234567
152760348 801234567
152760483 801234567
152760834 801234567
152763084 801234567
152763408 801234567
152763840 801234567
152764038 801234567
152764380 801234567
152764803 801234567
152768043 801234567
152768304 801234567
152768430 801234567
152780364 801234567
152780436 801234567
152780643 801234567
152783046 801234567
152783460 801234567
152783604 801234567
152784063 801234567
152784306 801234567
152784630 801234567
152786034 801234567
152786340 801234567
152786403 801234567
152803467 801234567
152803674 801234567
152803746 801234567
152804376 801234567
152804637 801234567
152804763 801234567
152806347 801234567
152806473 801234567
152806734 801234567
152807364 801234567
152807436 801234567
152807643 801234567
152830476 801234567
152830647 801234567
152830764 801234567
152834067 801234567
152834670 801234567
152834706 801234567
152836074 801234567
152836407 801234567
152836740 801234567
152837046 801234567
152837460 801234567
152837604 801234567
152840367 801234567
152840673 801234567
152840736 801234567
152843076 801234567
152843607 801234567
152843760 801234567
152846037 801234567
152846370 801234567
152846703 801234567
152847063 801234567
152847306 801234567
152847630 801234567
152860374 801234567
152860437 801234567
