028716435 801234567
028716543 801234567
028731465 801234567
028731546 801234567
028731654 801234567
028734156 801234567
028734561 801234567
028734615 801234567
028735164 801234567
028735416 801234567
028735641 801234567
028736145 801234567
028736451 801234567
028736514 801234567
028741356 801234567
028741563 801234567
028741635 801234567
028743165 801234567
028743516 801234567
028743651 801234567
028745136 801234567
028745361 801234567
028745613 801234567
028746153 801234567
028746315 801234567
028746531 801234567
028751364 801234567
028751436 801234567
028751643 801234567
028753146 801234567
028753461 801234567
028753614 801234567
028754163 801234567
028754316 801234567
028754631 801234567
028756134 801234567
028756341 801234567
028756413 801234567
028761345 801234567
028761453 801234567
028761534 801234567
028763154 801234567
028763415 801234567
028763541 801234567
028764135 801234567
028764351 801234567
028764513 801234567
028765143 801234567
028765314 801234567
028765431 801234567
031245678 801234567
031245786 801234567
031245867 801234567
031246587 801234567
031246758 801234567
031246875 801234567
031247568 801234567
031247685 801234567
031247856 801234567
031248576 801234567
031248657 801234567
031248765 801234567
031254687 801234567
031254768 801234567
031254876 801234567
031256478 801234567
031256784 801234567
031256847 801234567
031257486 801234567
031257648 801234567
031257864 801234567
031258467 801234567
031258674 801234567
031258746 801234567
031264578 801234567
031264785 801234567
031264857 801234567
031265487 801234567
031265748 801234567
031265874 801234567
031267458 801234567
031267584 801234567
031267845 801234567
031268475 801234567
031268547 801234567
031268754 801234567
031274586 801234567
031274658 801234567
031274865 801234567
031275468 801234567
031275684 801234567
031275846 801234567
031276485 801234567
031276548 801234567
031276854 801234567
031278456 801234567
031278564 801234567
031278645 801234567
031284567 801234567
031284675 801234567
031284756 801234567
031285476 801234567
031285647 801234567
031285764 801234567
031286457 801234567
031286574 801234567
031286745 801234567
031287465 801234567
031287546 801234567
031287654 801234567
031425687 801234567
031425768 801234567
031425876 801234567
031426578 801234567
031426785 801234567
031426857 801234567
031427586 801234567
031427658 801234567
031427865 801234567
031428567 801234567
031428675 801234567
031428756 801234567
031452678 801234567
031452786 801234567
031452867 801234567
031456287 801234567
031456728 801234567
031456872 801234567
031457268 801234567
031457682 801234567
031457826 801234567
031458276 801234567
031458627 801234567
031458762 801234567
031462587 801234567
031462758 801234567
031462875 801234567
031465278 801234567
031465782 801234567
031465827 801234567
031467285 801234567
031467528 801234567
031467852 801234567
031468257 801234567
031468572 801234567
031468725 801234567
031472568 801234567
031472685 801234567
031472856 801234567
031475286 801234567
031475628 801234567
031475862 801234567
031476258 801234567
031476582 801234567
031476825 801234567
031478265 801234567
031478526 801234567
031478652 801234567
031482576 801234567
031482657 801234567
031482765 801234567
031485267 801234567
031485672 801234567
031485726 801234567
031486275 801234567
031486527 801234567
031486752 801234567
031487256 801234567
031487562 801234567
031487625 801234567
031524678 801234567
031524786 801234567
031524867 801234567
031526487 801234567
031526748 801234567
031526874 801234567
031527468 801234567
031527684 801234567
031527846 801234567
031528476 801234567
031528647 801234567
031528764 801234567
031542687 801234567
031542768 801234567
031542876 801234567
031546278 801234567
031546782 801234567
031546827 801234567
031547286 801234567
031547628 801234567
031547862 801234567
031548267 801234567
031548672 801234567
031548726 801234567
031562478 801234567
031562784 801234567
031562847 801234567
031564287 801234567
031564728 801234567
031564872 801234567
031567248 801234567
031567482 801234567
031567824 801234567
031568274 801234567
031568427 801234567
031568742 801234567
031572486 801234567
031572648 801234567
031572864 801234567
031574268 801234567
031574682 801234567
031574826 801234567
031576284 801234567
031576428 801234567
031576842 801234567
031578246 801234567
031578462 801234567
031578624 801234567
031582467 801234567
031582674 801234567
031582746 801234567
031584276 801234567
031584627 801234567
031584762 801234567
031586247 801234567
031586472 801234567
031586724 801234567
031587264 801234567
031587426 801234567
031587642 801234567
031624587 801234567
031624758 801234567
031624875 801234567
031625478 801234567
031625784 801234567
031625847 801234567
031627485 801234567
031627548 801234567
031627854 801234567
031628457 801234567
031628574 801234567
031628745 801234567
031642578 801234567
031642785 801234567
031642857 801234567
031645287 801234567
031645728 801234567
031645872 801234567
031647258 801234567
031647582 801234567
031647825 801234567
031648275 801234567
031648527 801234567
031648752 801234567
031652487 801234567
031652748 801234567
031652874 801234567
031654278 801234567
031654782 801234567
031654827 801234567
031657284 801234567
031657428 801234567
031657842 801234567
031658247 801234567
031658472 801234567
031658724 801234567
031672458 801234567
031672584 801234567
031672845 801234567
031674285 801234567
031674528 801234567
031674852 801234567
031675248 801234567
031675482 801234567
031675824 801234567
031678254 801234567
031678425 801234567
031678542 801234567
031682475 801234567
031682547 801234567
031682754 801234567
031684257 801234567
031684572 801234567
031684725 801234567
031685274 801234567
031685427 801234567
031685742 801234567
031687245 801234567
031687452 801234567
031687524 801234567
031724568 801234567
031724685 801234567
031724856 801234567
031725486 801234567
031725648 801234567
031725864 801234567
031726458 801234567
031726584 801234567
031726845 801234567
031728465 801234567
031728546 801234567
031728654 801234567
031742586 801234567
031742658 801234567
031742865 801234567
031745268 801234567
031745682 801234567
031745826 801234567
031746285 801234567
031746528 801234567
031746852 801234567
031748256 801234567
031748562 801234567
031748625 801234567
031752468 801234567
031752684 801234567
031752846 801234567
031754286 801234567
031754628 801234567
031754862 801234567
031756248 801234567
031756482 801234567
031756824 801234567
031758264 801234567
031758426 801234567
031758642 801234567
031762485 801234567
031762548 801234567
031762854 801234567
031764258 801234567
031764582 801234567
031764825 801234567
031765284 801234567
031765428 801234567
031765842 801234567
031768245 801234567
031768452 801234567
031768524 801234567
031782456 801234567
031782564 801234567
031782645 801234567
031784265 801234567
031784526 801234567
031784652 801234567
031785246 801234567
031785462 801234567
031785624 801234567
031786254 801234567
031786425 801234567
031786542 801234567
031824576 801234567
031824657 801234567
031824765 801234567
031825467 801234567
031825674 801234567
031825746 801234567
031826475 801234567
031826547 801234567
031826754 801234567
031827456 801234567
031827564 801234567
031827645 801234567
031842567 801234567
031842675 801234567
031842756 801234567
031845276 801234567
031845627 801234567
031845762 801234567
031846257 801234567
031846572 801234567
031846725 801234567
031847265 801234567
031847526 801234567
031847652 801234567
031852476 801234567
031852647 801234567
031852764 801234567
031854267 801234567
031854672 801234567
031854726 801234567
031856274 801234567
031856427 801234567
031856742 801234567
031857246 801234567
031857462 801234567
031857624 801234567
031862457 801234567
031862574 801234567
031862745 801234567
031864275 801234567
031864527 801234567
031864752 801234567
031865247 801234567
031865472 801234567
031865724 801234567
031867254 801234567
031867425 801234567
031867542 801234567
031872465 801234567
031872546 801234567
031872654 801234567
031874256 801234567
031874562 801234567
031874625 801234567
031875264 801234567
031875426 801234567
031875642 801234567
031876245 801234567
031876452 801234567
031876524 801234567
032145687 801234567
032145768 801234567
032145876 801234567
032146578 801234567
032146785 801234567
032146857 801234567
032147586 801234567
032147658 801234567
032147865 801234567
032148567 801234567
032148675 801234567
032148756 801234567
032154678 801234567
032154786 801234567
032154867 801234567
032156487 801234567
032156748 801234567
032156874 801234567
032157468 801234567
032157684 801234567
032157846 801234567
032158476 801234567
032158647 801234567
032158764 801234567
032164587 801234567
032164758 801234567
032164875 801234567
032165478 801234567
032165784 801234567
032165847 801234567
032167485 801234567
032167548 801234567
032167854 801234567
032168457 801234567
032168574 801234567
032168745 801234567
032174568 801234567
032174685 801234567
032174856 801234567
032175486 801234567
032175648 801234567
032175864 801234567
032176458 801234567
032176584 801234567
032176845 801234567
032178465 801234567
032178546 801234567
032178654 801234567
032184576 801234567
032184657 801234567
032184765 801234567
032185467 801234567
032185674 801234567
032185746 801234567
032186475 801234567
032186547 801234567
032186754 801234567
032187456 801234567
032187564 801234567
032187645 801234567
032415678 801234567
032415786 801234567
032415867 801234567
032416587 801234567
032416758 801234567
032416875 801234567
032417568 801234567
032417685 801234567
032417856 801234567
032418576 801234567
032418657 801234567
032418765 801234567
032451687 801234567
032451768 801234567
032451876 801234567
032456178 801234567
032456781 801234567
032456817 801234567
032457186 801234567
032457618 801234567
032457861 801234567
032458167 801234567
032458671 801234567
032458716 801234567
032461578 801234567
032461785 801234567
032461857 801234567
032465187 801234567
032465718 801234567
