186724503 801234567
186725043 801234567
186725304 801234567
186725430 801234567
186730254 801234567
186730425 801234567
186730542 801234567
186732045 801234567
186732450 801234567
186732504 801234567
186734052 801234567
186734205 801234567
186734520 801234567
186735024 801234567
186735240 801234567
186735402 801234567
186740235 801234567
186740352 801234567
186740523 801234567
186742053 801234567
186742305 801234567
186742530 801234567
186743025 801234567
186743250 801234567
186743502 801234567
186745032 801234567
186745203 801234567
186745320 801234567
186750243 801234567
186750324 801234567
186750432 801234567
186752034 801234567
186752340 801234567
186752403 801234567
186753042 801234567
186753204 801234567
186753420 801234567
186754023 801234567
186754230 801234567
186754302 801234567
187023465 801234567
187023546 801234567
187023654 801234567
187024356 801234567
187024563 801234567
187024635 801234567
187025364 801234567
187025436 801234567
187025643 801234567
187026345 801234567
187026453 801234567
187026534 801234567
187032456 801234567
187032564 801234567
187032645 801234567
187034265 801234567
187034526 801234567
187034652 801234567
187035246 801234567
187035462 801234567
187035624 801234567
187036254 801234567
187036425 801234567
187036542 801234567
187042365 801234567
187042536 801234567
187042653 801234567
187043256 801234567
187043562 801234567
187043625 801234567
187045263 801234567
187045326 801234567
187045632 801234567
187046235 801234567
187046352 801234567
187046523 801234567
187052346 801234567
187052463 801234567
187052634 801234567
187053264 801234567
187053426 801234567
187053642 801234567
187054236 801234567
187054362 801234567
187054623 801234567
187056243 801234567
187056324 801234567
187056432 801234567
187062354 801234567
187062435 801234567
187062543 801234567
187063245 801234567
187063452 801234567
187063524 801234567
187064253 801234567
187064325 801234567
187064532 801234567
187065234 801234567
187065342 801234567
187065423 801234567
187203456 801234567
187203564 801234567
187203645 801234567
187204365 801234567
187204536 801234567
187204653 801234567
187205346 801234567
187205463 801234567
187205634 801234567
187206354 801234567
187206435 801234567
187206543 801234567
187230465 801234567
187230546 801234567
187230654 801234567
187234056 801234567
187234560 801234567
187234605 801234567
187235064 801234567
187235406 801234567
187235640 801234567
187236045 801234567
187236450 801234567
187236504 801234567
187240356 801234567
187240563 801234567
187240635 801234567
187243065 801234567
187243506 801234567
187243650 801234567
187245036 801234567
187245360 801234567
187245603 801234567
187246053 801234567
187246305 801234567
187246530 801234567
187250364 801234567
187250436 801234567
187250643 801234567
187253046 801234567
187253460 801234567
187253604 801234567
187254063 801234567
187254306 801234567
187254630 801234567
187256034 801234567
187256340 801234567
187256403 801234567
187260345 801234567
187260453 801234567
187260534 801234567
187263054 801234567
187263405 801234567
187263540 801234567
187264035 801234567
187264350 801234567
187264503 801234567
187265043 801234567
187265304 801234567
187265430 801234567
187302465 801234567
187302546 801234567
187302654 801234567
187304256 801234567
187304562 801234567
187304625 801234567
187305264 801234567
187305426 801234567
187305642 801234567
187306245 801234567
187306452 801234567
187306524 801234567
187320456 801234567
187320564 801234567
187320645 801234567
187324065 801234567
187324506 801234567
187324650 801234567
187325046 801234567
187325460 801234567
187325604 801234567
187326054 801234567
187326405 801234567
187326540 801234567
187340265 801234567
187340526 801234567
187340652 801234567
187342056 801234567
187342560 801234567
187342605 801234567
187345062 801234567
187345206 801234567
187345620 801234567
187346025 801234567
187346250 801234567
187346502 801234567
187350246 801234567
187350462 801234567
187350624 801234567
187352064 801234567
187352406 801234567
187352640 801234567
187354026 801234567
187354260 801234567
187354602 801234567
187356042 801234567
187356204 801234567
187356420 801234567
187360254 801234567
187360425 801234567
187360542 801234567
187362045 801234567
187362450 801234567
187362504 801234567
187364052 801234567
187364205 801234567
187364520 801234567
187365024 801234567
187365240 801234567
187365402 801234567
187402356 801234567
187402563 801234567
187402635 801234567
187403265 801234567
187403526 801234567
187403652 801234567
187405236 801234567
187405362 801234567
187405623 801234567
187406253 801234567
187406325 801234567
187406532 801234567
187420365 801234567
187420536 801234567
187420653 801234567
187423056 801234567
187423560 801234567
187423605 801234567
187425063 801234567
187425306 801234567
187425630 801234567
187426035 801234567
187426350 801234567
187426503 801234567
187430256 801234567
187430562 801234567
187430625 801234567
187432065 801234567
187432506 801234567
187432650 801234567
187435026 801234567
187435260 801234567
187435602 801234567
187436052 801234567
187436205 801234567
187436520 801234567
187450263 801234567
187450326 801234567
187450632 801234567
187452036 801234567
187452360 801234567
187452603 801234567
187453062 801234567
187453206 801234567
187453620 801234567
187456023 801234567
187456230 801234567
187456302 801234567
187460235 801234567
187460352 801234567
187460523 801234567
187462053 801234567
187462305 801234567
187462530 801234567
187463025 801234567
187463250 801234567
187463502 801234567
187465032 801234567
187465203 801234567
187465320 801234567
187502364 801234567
187502436 801234567
187502643 801234567
187503246 801234567
187503462 801234567
187503624 801234567
187504263 801234567
187504326 801234567
187504632 801234567
187506234 801234567
187506342 801234567
187506423 801234567
187520346 801234567
187520463 801234567
187520634 801234567
187523064 801234567
187523406 801234567
187523640 801234567
187524036 801234567
187524360 801234567
187524603 801234567
187526043 801234567
187526304 801234567
187526430 801234567
187530264 801234567
187530426 801234567
187530642 801234567
187532046 801234567
187532460 801234567
187532604 801234567
187534062 801234567
187534206 801234567
187534620 801234567
187536024 801234567
187536240 801234567
187536402 801234567
187540236 801234567
187540362 801234567
187540623 801234567
187542063 801234567
187542306 801234567
187542630 801234567
187543026 801234567
187543260 801234567
187543602 801234567
187546032 801234567
187546203 801234567
187546320 801234567
187560243 801234567
187560324 801234567
187560432 801234567
187562034 801234567
187562340 801234567
187562403 801234567
187563042 801234567
187563204 801234567
187563420 801234567
187564023 801234567
187564230 801234567
187564302 801234567
187602345 801234567
187602453 801234567
187602534 801234567
187603254 801234567
187603425 801234567
187603542 801234567
187604235 801234567
187604352 801234567
187604523 801234567
187605243 801234567
187605324 801234567
187605432 801234567
187620354 801234567
187620435 801234567
187620543 801234567
187623045 801234567
187623450 801234567
187623504 801234567
187624053 801234567
187624305 801234567
187624530 801234567
187625034 801234567
187625340 801234567
187625403 801234567
187630245 801234567
187630452 801234567
187630524 801234567
187632054 801234567
187632405 801234567
187632540 801234567
187634025 801234567
187634250 801234567
187634502 801234567
187635042 801234567
187635204 801234567
187635420 801234567
187640253 801234567
187640325 801234567
187640532 801234567
187642035 801234567
187642350 801234567
187642503 801234567
187643052 801234567
187643205 801234567
187643520 801234567
187645023 801234567
187645230 801234567
187645302 801234567
187650234 801234567
187650342 801234567
187650423 801234567
187652043 801234567
187652304 801234567
187652430 801234567
187653024 801234567
187653240 801234567
187653402 801234567
187654032 801234567
187654203 801234567
187654320 801234567
201345678 801234567
201345786 801234567
201345867 801234567
201346587 801234567
201346758 801234567
201346875 801234567
201347568 801234567
201347685 801234567
201347856 801234567
201348576 801234567
201348657 801234567
201348765 801234567
201354687 801234567
201354768 801234567
201354876 801234567
201356478 801234567
201356784 801234567
201356847 801234567
201357486 801234567
201357648 801234567
201357864 801234567
201358467 801234567
201358674 801234567
201358746 801234567
201364578 801234567
201364785 801234567
201364857 801234567
201365487 801234567
201365748 801234567
201365874 801234567
201367458 801234567
201367584 801234567
201367845 801234567
201368475 801234567
201368547 801234567
201368754 801234567
201374586 801234567
201374658 801234567
201374865 801234567
201375468 801234567
201375684 801234567
201375846 801234567
201376485 801234567
201376548 801234567
201376854 801234567
201378456 801234567
201378564 801234567
201378645 801234567
201384567 801234567
201384675 801234567
201384756 801234567
201385476 801234567
201385647 801234567
201385764 801234567
201386457 801234567
201386574 801234567
201386745 801234567
201387465 801234567
201387546 801234567
201387654 801234567
201435687 801234567
201435768 801234567
201435876 801234567
201436578 801234567
201436785 801234567
201436857 801234567
201437586 801234567
201437658 801234567
201437865 801234567
201438567 801234567
201438675 801234567
201438756 801234567
201453678 801234567
201453786 801234567
201453867 801234567
201456387 801234567
201456738 801234567
201456873 801234567
201457368 801234567
201457683 801234567
201457836 801234567
201458376 801234567
201458637 801234567
201458763 801234567
201463587 801234567
201463758 801234567
201463875 801234567
201465378 801234567
201465783 801234567
201465837 801234567
201467385 801234567
201467538 801234567
201467853 801234567
201468357 801234567
201468573 801234567
201468735 801234567
201473568 801234567
201473685 801234567
201473856 801234567
