572306148 801234567
572306481 801234567
572306814 801234567
572308164 801234567
572308416 801234567
572308641 801234567
572310486 801234567
572310648 801234567
572310864 801234567
572314068 801234567
572314680 801234567
572314806 801234567
572316084 801234567
572316408 801234567
572316840 801234567
572318046 801234567
572318460 801234567
572318604 801234567
572340168 801234567
572340681 801234567
572340816 801234567
572341086 801234567
572341608 801234567
572341860 801234567
572346018 801234567
572346180 801234567
572346801 801234567
572348061 801234567
572348106 801234567
572348610 801234567
572360184 801234567
572360418 801234567
572360841 801234567
572361048 801234567
572361480 801234567
572361804 801234567
572364081 801234567
572364108 801234567
572364810 801234567
572368014 801234567
572368140 801234567
572368401 801234567
572380146 801234567
572380461 801234567
572380614 801234567
572381064 801234567
572381406 801234567
572381640 801234567
572384016 801234567
572384160 801234567
572384601 801234567
572386041 801234567
572386104 801234567
572386410 801234567
572401386 801234567
572401638 801234567
572401863 801234567
572403168 801234567
572403681 801234567
572403816 801234567
572406183 801234567
572406318 801234567
572406831 801234567
572408136 801234567
572408361 801234567
572408613 801234567
572410368 801234567
572410683 801234567
572410836 801234567
572413086 801234567
572413608 801234567
572413860 801234567
572416038 801234567
572416380 801234567
572416803 801234567
572418063 801234567
572418306 801234567
572418630 801234567
572430186 801234567
572430618 801234567
572430861 801234567
572431068 801234567
572431680 801234567
572431806 801234567
572436081 801234567
572436108 801234567
572436810 801234567
572438016 801234567
572438160 801234567
572438601 801234567
572460138 801234567
572460381 801234567
572460813 801234567
572461083 801234567
572461308 801234567
572461830 801234567
572463018 801234567
572463180 801234567
572463801 801234567
572468031 801234567
572468103 801234567
572468310 801234567
572480163 801234567
572480316 801234567
572480631 801234567
572481036 801234567
572481360 801234567
572481603 801234567
572483061 801234567
572483106 801234567
572483610 801234567
572486013 801234567
572486130 801234567
572486301 801234567
572601348 801234567
572601483 801234567
572601834 801234567
572603184 801234567
572603418 801234567
572603841 801234567
572604138 801234567
572604381 801234567
572604813 801234567
572608143 801234567
572608314 801234567
572608431 801234567
572610384 801234567
572610438 801234567
572610843 801234567
572613048 801234567
572613480 801234567
572613804 801234567
572614083 801234567
572614308 801234567
572614830 801234567
572618034 801234567
572618340 801234567
572618403 801234567
572630148 801234567
572630481 801234567
572630814 801234567
572631084 801234567
572631408 801234567
572631840 801234567
572634018 801234567
572634180 801234567
572634801 801234567
572638041 801234567
572638104 801234567
572638410 801234567
572640183 801234567
572640318 801234567
572640831 801234567
572641038 801234567
572641380 801234567
572641803 801234567
572643081 801234567
572643108 801234567
572643810 801234567
572648013 801234567
572648130 801234567
572648301 801234567
572680134 801234567
572680341 801234567
572680413 801234567
572681043 801234567
572681304 801234567
572681430 801234567
572683014 801234567
572683140 801234567
572683401 801234567
572684031 801234567
572684103 801234567
572684310 801234567
572801364 801234567
572801436 801234567
572801643 801234567
572803146 801234567
572803461 801234567
572803614 801234567
572804163 801234567
572804316 801234567
572804631 801234567
572806134 801234567
572806341 801234567
572806413 801234567
572810346 801234567
572810463 801234567
572810634 801234567
572813064 801234567
572813406 801234567
572813640 801234567
572814036 801234567
572814360 801234567
572814603 801234567
572816043 801234567
572816304 801234567
572816430 801234567
572830164 801234567
572830416 801234567
572830641 801234567
572831046 801234567
572831460 801234567
572831604 801234567
572834061 801234567
572834106 801234567
572834610 801234567
572836014 801234567
572836140 801234567
572836401 801234567
572840136 801234567
572840361 801234567
572840613 801234567
572841063 801234567
572841306 801234567
572841630 801234567
572843016 801234567
572843160 801234567
572843601 801234567
572846031 801234567
572846103 801234567
572846310 801234567
572860143 801234567
572860314 801234567
572860431 801234567
572861034 801234567
572861340 801234567
572861403 801234567
572863041 801234567
572863104 801234567
572863410 801234567
572864013 801234567
572864130 801234567
572864301 801234567
573012486 801234567
573012648 801234567
573012864 801234567
573014268 801234567
573014682 801234567
573014826 801234567
573016284 801234567
573016428 801234567
573016842 801234567
573018246 801234567
573018462 801234567
573018624 801234567
573021468 801234567
573021684 801234567
573021846 801234567
573024186 801234567
573024618 801234567
573024861 801234567
573026148 801234567
573026481 801234567
573026814 801234567
573028164 801234567
573028416 801234567
573028641 801234567
573041286 801234567
573041628 801234567
573041862 801234567
573042168 801234567
573042681 801234567
573042816 801234567
573046182 801234567
573046218 801234567
573046821 801234567
573048126 801234567
573048261 801234567
573048612 801234567
573061248 801234567
573061482 801234567
573061824 801234567
573062184 801234567
573062418 801234567
573062841 801234567
573064128 801234567
573064281 801234567
573064812 801234567
573068142 801234567
573068214 801234567
573068421 801234567
573081264 801234567
573081426 801234567
573081642 801234567
573082146 801234567
573082461 801234567
573082614 801234567
573084162 801234567
573084216 801234567
573084621 801234567
573086124 801234567
573086241 801234567
573086412 801234567
573102468 801234567
573102684 801234567
573102846 801234567
573104286 801234567
573104628 801234567
573104862 801234567
573106248 801234567
573106482 801234567
573106824 801234567
573108264 801234567
573108426 801234567
573108642 801234567
573120486 801234567
573120648 801234567
573120864 801234567
573124068 801234567
573124680 801234567
573124806 801234567
573126084 801234567
573126408 801234567
573126840 801234567
573128046 801234567
573128460 801234567
573128604 801234567
573140268 801234567
573140682 801234567
573140826 801234567
573142086 801234567
573142608 801234567
573142860 801234567
573146028 801234567
573146280 801234567
573146802 801234567
573148062 801234567
573148206 801234567
573148620 801234567
573160284 801234567
573160428 801234567
573160842 801234567
573162048 801234567
573162480 801234567
573162804 801234567
573164082 801234567
573164208 801234567
573164820 801234567
573168024 801234567
573168240 801234567
573168402 801234567
573180246 801234567
573180462 801234567
573180624 801234567
573182064 801234567
573182406 801234567
573182640 801234567
573184026 801234567
573184260 801234567
573184602 801234567
573186042 801234567
573186204 801234567
573186420 801234567
573201486 801234567
573201648 801234567
573201864 801234567
573204168 801234567
573204681 801234567
573204816 801234567
573206184 801234567
573206418 801234567
573206841 801234567
573208146 801234567
573208461 801234567
573208614 801234567
573210468 801234567
573210684 801234567
573210846 801234567
573214086 801234567
573214608 801234567
573214860 801234567
573216048 801234567
573216480 801234567
573216804 801234567
573218064 801234567
573218406 801234567
573218640 801234567
573240186 801234567
573240618 801234567
573240861 801234567
573241068 801234567
573241680 801234567
573241806 801234567
573246081 801234567
573246108 801234567
573246810 801234567
573248016 801234567
573248160 801234567
573248601 801234567
573260148 801234567
573260481 801234567
573260814 801234567
573261084 801234567
573261408 801234567
573261840 801234567
573264018 801234567
573264180 801234567
573264801 801234567
573268041 801234567
573268104 801234567
573268410 801234567
573280164 801234567
573280416 801234567
573280641 801234567
573281046 801234567
573281460 801234567
573281604 801234567
573284061 801234567
573284106 801234567
573284610 801234567
573286014 801234567
573286140 801234567
573286401 801234567
573401268 801234567
573401682 801234567
573401826 801234567
573402186 801234567
573402618 801234567
573402861 801234567
573406128 801234567
573406281 801234567
573406812 801234567
573408162 801234567
573408216 801234567
573408621 801234567
573410286 801234567
573410628 801234567
573410862 801234567
573412068 801234567
573412680 801234567
573412806 801234567
573416082 801234567
573416208 801234567
573416820 801234567
573418026 801234567
573418260 801234567
573418602 801234567
573420168 801234567
573420681 801234567
573420816 801234567
573421086 801234567
573421608 801234567
573421860 801234567
573426018 801234567
573426180 801234567
573426801 801234567
573428061 801234567
573428106 801234567
573428610 801234567
573460182 801234567
573460218 801234567
573460821 801234567
573461028 801234567
573461280 801234567
573461802 801234567
573462081 801234567
573462108 801234567
573462810 801234567
573468012 801234567
573468120 801234567
573468201 801234567
573480126 801234567
573480261 801234567
573480612 801234567
573481062 801234567
573481206 801234567
573481620 801234567
573482016 801234567
573482160 801234567
573482601 801234567
573486021 801234567
573486102 801234567
573486210 801234567
573601284 801234567
573601428 801234567
573601842 801234567
573602148 801234567
573602481 801234567
573602814 801234567
573604182 801234567
573604218 801234567
573604821 801234567
573608124 801234567
573608241 801234567
573608412 801234567
573610248 801234567
573610482 801234567
573610824 801234567
573612084 801234567
573612408 801234567
573612840 801234567
573614028 801234567
573614280 801234567
573614802 801234567
573618042 801234567
573618204 801234567
573618420 801234567
573620184 801234567
