073416825 801234567
073418265 801234567
073418526 801234567
073418652 801234567
073421586 801234567
073421658 801234567
073421865 801234567
073425168 801234567
073425681 801234567
073425816 801234567
073426185 801234567
073426518 801234567
073426851 801234567
073428156 801234567
073428561 801234567
073428615 801234567
073451268 801234567
073451682 801234567
073451826 801234567
073452186 801234567
073452618 801234567
073452861 801234567
073456128 801234567
073456281 801234567
073456812 801234567
073458162 801234567
073458216 801234567
073458621 801234567
073461285 801234567
073461528 801234567
073461852 801234567
073462158 801234567
073462581 801234567
073462815 801234567
073465182 801234567
073465218 801234567
073465821 801234567
073468125 801234567
073468251 801234567
073468512 801234567
073481256 801234567
073481562 801234567
073481625 801234567
073482165 801234567
073482516 801234567
073482651 801234567
073485126 801234567
073485261 801234567
073485612 801234567
073486152 801234567
073486215 801234567
073486521 801234567
073512486 801234567
073512648 801234567
073512864 801234567
073514268 801234567
073514682 801234567
073514826 801234567
073516284 801234567
073516428 801234567
073516842 801234567
073518246 801234567
073518462 801234567
073518624 801234567
073521468 801234567
073521684 801234567
073521846 801234567
073524186 801234567
073524618 801234567
073524861 801234567
073526148 801234567
073526481 801234567
073526814 801234567
073528164 801234567
073528416 801234567
073528641 801234567
073541286 801234567
073541628 801234567
073541862 801234567
073542168 801234567
073542681 801234567
073542816 801234567
073546182 801234567
073546218 801234567
073546821 801234567
073548126 801234567
073548261 801234567
073548612 801234567
073561248 801234567
073561482 801234567
073561824 801234567
073562184 801234567
073562418 801234567
073562841 801234567
073564128 801234567
073564281 801234567
073564812 801234567
073568142 801234567
073568214 801234567
073568421 801234567
073581264 801234567
073581426 801234567
073581642 801234567
073582146 801234567
073582461 801234567
073582614 801234567
073584162 801234567
073584216 801234567
073584621 801234567
073586124 801234567
073586241 801234567
073586412 801234567
073612458 801234567
073612584 801234567
073612845 801234567
073614285 801234567
073614528 801234567
073614852 801234567
073615248 801234567
073615482 801234567
073615824 801234567
073618254 801234567
073618425 801234567
073618542 801234567
073621485 801234567
073621548 801234567
073621854 801234567
073624158 801234567
073624581 801234567
073624815 801234567
073625184 801234567
073625418 801234567
073625841 801234567
073628145 801234567
073628451 801234567
073628514 801234567
073641258 801234567
073641582 801234567
073641825 801234567
073642185 801234567
073642518 801234567
073642851 801234567
073645128 801234567
073645281 801234567
073645812 801234567
073648152 801234567
073648215 801234567
073648521 801234567
073651284 801234567
073651428 801234567
073651842 801234567
073652148 801234567
073652481 801234567
073652814 801234567
073654182 801234567
073654218 801234567
073654821 801234567
073658124 801234567
073658241 801234567
073658412 801234567
073681245 801234567
073681452 801234567
073681524 801234567
073682154 801234567
073682415 801234567
073682541 801234567
073684125 801234567
073684251 801234567
073684512 801234567
073685142 801234567
073685214 801234567
073685421 801234567
073812465 801234567
073812546 801234567
073812654 801234567
073814256 801234567
073814562 801234567
073814625 801234567
073815264 801234567
073815426 801234567
073815642 801234567
073816245 801234567
073816452 801234567
073816524 801234567
073821456 801234567
073821564 801234567
073821645 801234567
073824165 801234567
073824516 801234567
073824651 801234567
073825146 801234567
073825461 801234567
073825614 801234567
073826154 801234567
073826415 801234567
073826541 801234567
073841265 801234567
073841526 801234567
073841652 801234567
073842156 801234567
073842561 801234567
073842615 801234567
073845162 801234567
073845216 801234567
073845621 801234567
073846125 801234567
073846251 801234567
073846512 801234567
073851246 801234567
073851462 801234567
073851624 801234567
073852164 801234567
073852416 801234567
073852641 801234567
073854126 801234567
073854261 801234567
073854612 801234567
073856142 801234567
073856214 801234567
073856421 801234567
073861254 801234567
073861425 801234567
073861542 801234567
073862145 801234567
073862451 801234567
073862514 801234567
073864152 801234567
073864215 801234567
073864521 801234567
073865124 801234567
073865241 801234567
073865412 801234567
074123586 801234567
074123658 801234567
074123865 801234567
074125368 801234567
074125683 801234567
074125836 801234567
074126385 801234567
074126538 801234567
074126853 801234567
074128356 801234567
074128563 801234567
074128635 801234567
074132568 801234567
074132685 801234567
074132856 801234567
074135286 801234567
074135628 801234567
074135862 801234567
074136258 801234567
074136582 801234567
074136825 801234567
074138265 801234567
074138526 801234567
074138652 801234567
074152386 801234567
074152638 801234567
074152863 801234567
074153268 801234567
074153682 801234567
074153826 801234567
074156283 801234567
074156328 801234567
074156832 801234567
074158236 801234567
074158362 801234567
074158623 801234567
074162358 801234567
074162583 801234567
074162835 801234567
074163285 801234567
074163528 801234567
074163852 801234567
074165238 801234567
074165382 801234567
074165823 801234567
074168253 801234567
074168325 801234567
074168532 801234567
074182365 801234567
074182536 801234567
074182653 801234567
074183256 801234567
074183562 801234567
074183625 801234567
074185263 801234567
074185326 801234567
074185632 801234567
074186235 801234567
074186352 801234567
074186523 801234567
074213568 801234567
074213685 801234567
074213856 801234567
074215386 801234567
074215638 801234567
074215863 801234567
074216358 801234567
074216583 801234567
074216835 801234567
074218365 801234567
074218536 801234567
074218653 801234567
074231586 801234567
074231658 801234567
074231865 801234567
074235168 801234567
074235681 801234567
074235816 801234567
074236185 801234567
074236518 801234567
074236851 801234567
074238156 801234567
074238561 801234567
074238615 801234567
074251368 801234567
074251683 801234567
074251836 801234567
074253186 801234567
074253618 801234567
074253861 801234567
074256138 801234567
074256381 801234567
074256813 801234567
074258163 801234567
074258316 801234567
074258631 801234567
074261385 801234567
074261538 801234567
074261853 801234567
074263158 801234567
074263581 801234567
074263815 801234567
074265183 801234567
074265318 801234567
074265831 801234567
074268135 801234567
074268351 801234567
074268513 801234567
074281356 801234567
074281563 801234567
074281635 801234567
074283165 801234567
074283516 801234567
074283651 801234567
074285136 801234567
074285361 801234567
074285613 801234567
074286153 801234567
074286315 801234567
074286531 801234567
074312586 801234567
074312658 801234567
074312865 801234567
074315268 801234567
074315682 801234567
074315826 801234567
074316285 801234567
074316528 801234567
074316852 801234567
074318256 801234567
074318562 801234567
074318625 801234567
074321568 801234567
074321685 801234567
074321856 801234567
074325186 801234567
074325618 801234567
074325861 801234567
074326158 801234567
074326581 801234567
074326815 801234567
074328165 801234567
074328516 801234567
074328651 801234567
074351286 801234567
074351628 801234567
074351862 801234567
074352168 801234567
074352681 801234567
074352816 801234567
074356182 801234567
074356218 801234567
074356821 801234567
074358126 801234567
074358261 801234567
074358612 801234567
074361258 801234567
074361582 801234567
074361825 801234567
074362185 801234567
074362518 801234567
074362851 801234567
074365128 801234567
074365281 801234567
074365812 801234567
074368152 801234567
074368215 801234567
074368521 801234567
074381265 801234567
074381526 801234567
074381652 801234567
074382156 801234567
074382561 801234567
074382615 801234567
074385162 801234567
074385216 801234567
074385621 801234567
074386125 801234567
074386251 801234567
074386512 801234567
074512368 801234567
074512683 801234567
074512836 801234567
074513286 801234567
074513628 801234567
074513862 801234567
074516238 801234567
074516382 801234567
074516823 801234567
074518263 801234567
074518326 801234567
074518632 801234567
074521386 801234567
074521638 801234567
074521863 801234567
074523168 801234567
074523681 801234567
074523816 801234567
074526183 801234567
074526318 801234567
074526831 801234567
074528136 801234567
074528361 801234567
074528613 801234567
074531268 801234567
074531682 801234567
074531826 801234567
074532186 801234567
074532618 801234567
074532861 801234567
074536128 801234567
074536281 801234567
074536812 801234567
074538162 801234567
074538216 801234567
074538621 801234567
074561283 801234567
074561328 801234567
074561832 801234567
074562138 801234567
074562381 801234567
074562813 801234567
074563182 801234567
074563218 801234567
074563821 801234567
074568123 801234567
074568231 801234567
074568312 801234567
074581236 801234567
074581362 801234567
074581623 801234567
074582163 801234567
074582316 801234567
074582631 801234567
074583126 801234567
074583261 801234567
074583612 801234567
074586132 801234567
074586213 801234567
074586321 801234567
074612385 801234567
074612538 801234567
074612853 801234567
074613258 801234567
074613582 801234567
074613825 801234567
074615283 801234567
074615328 801234567
074615832 801234567
074618235 801234567
074618352 801234567
074618523 801234567
074621358 801234567
074621583 801234567
074621835 801234567
074623185 801234567
074623518 801234567
074623851 801234567
074625138 801234567
074625381 801234567
074625813 801234567
074628153 801234567
074628315 801234567
074628531 801234567
074631285 801234567
074631528 801234567
074631852 801234567
