314567820 801234567
314568027 801234567
314568270 801234567
314568702 801234567
314570268 801234567
314570682 801234567
314570826 801234567
314572086 801234567
314572608 801234567
314572860 801234567
314576028 801234567
314576280 801234567
314576802 801234567
314578062 801234567
314578206 801234567
314578620 801234567
314580276 801234567
314580627 801234567
314580762 801234567
314582067 801234567
314582670 801234567
314582706 801234567
314586072 801234567
314586207 801234567
314586720 801234567
314587026 801234567
314587260 801234567
314587602 801234567
314602578 801234567
314602785 801234567
314602857 801234567
314605287 801234567
314605728 801234567
314605872 801234567
314607258 801234567
314607582 801234567
314607825 801234567
314608275 801234567
314608527 801234567
314608752 801234567
314620587 801234567
314620758 801234567
314620875 801234567
314625078 801234567
314625780 801234567
314625807 801234567
314627085 801234567
314627508 801234567
314627850 801234567
314628057 801234567
314628570 801234567
314628705 801234567
314650278 801234567
314650782 801234567
314650827 801234567
314652087 801234567
314652708 801234567
314652870 801234567
314657028 801234567
314657280 801234567
314657802 801234567
314658072 801234567
314658207 801234567
314658720 801234567
314670285 801234567
314670528 801234567
314670852 801234567
314672058 801234567
314672580 801234567
314672805 801234567
314675082 801234567
314675208 801234567
314675820 801234567
314678025 801234567
314678250 801234567
314678502 801234567
314680257 801234567
314680572 801234567
314680725 801234567
314682075 801234567
314682507 801234567
314682750 801234567
314685027 801234567
314685270 801234567
314685702 801234567
314687052 801234567
314687205 801234567
314687520 801234567
314702586 801234567
314702658 801234567
314702865 801234567
314705268 801234567
314705682 801234567
314705826 801234567
314706285 801234567
314706528 801234567
314706852 801234567
314708256 801234567
314708562 801234567
314708625 801234567
314720568 801234567
314720685 801234567
314720856 801234567
314725086 801234567
314725608 801234567
314725860 801234567
314726058 801234567
314726580 801234567
314726805 801234567
314728065 801234567
314728506 801234567
314728650 801234567
314750286 801234567
314750628 801234567
314750862 801234567
314752068 801234567
314752680 801234567
314752806 801234567
314756082 801234567
314756208 801234567
314756820 801234567
314758026 801234567
314758260 801234567
314758602 801234567
314760258 801234567
314760582 801234567
314760825 801234567
314762085 801234567
314762508 801234567
314762850 801234567
314765028 801234567
314765280 801234567
314765802 801234567
314768052 801234567
314768205 801234567
314768520 801234567
314780265 801234567
314780526 801234567
314780652 801234567
314782056 801234567
314782560 801234567
314782605 801234567
314785062 801234567
314785206 801234567
314785620 801234567
314786025 801234567
314786250 801234567
314786502 801234567
314802567 801234567
314802675 801234567
314802756 801234567
314805276 801234567
314805627 801234567
314805762 801234567
314806257 801234567
314806572 801234567
314806725 801234567
314807265 801234567
314807526 801234567
314807652 801234567
314820576 801234567
314820657 801234567
314820765 801234567
314825067 801234567
314825670 801234567
314825706 801234567
314826075 801234567
314826507 801234567
314826750 801234567
314827056 801234567
314827560 801234567
314827605 801234567
314850267 801234567
314850672 801234567
314850726 801234567
314852076 801234567
314852607 801234567
314852760 801234567
314856027 801234567
314856270 801234567
314856702 801234567
314857062 801234567
314857206 801234567
314857620 801234567
314860275 801234567
314860527 801234567
314860752 801234567
314862057 801234567
314862570 801234567
314862705 801234567
314865072 801234567
314865207 801234567
314865720 801234567
314867025 801234567
314867250 801234567
314867502 801234567
314870256 801234567
314870562 801234567
314870625 801234567
314872065 801234567
314872506 801234567
314872650 801234567
314875026 801234567
314875260 801234567
314875602 801234567
314876052 801234567
314876205 801234567
314876520 801234567
315024678 801234567
315024786 801234567
315024867 801234567
315026487 801234567
315026748 801234567
315026874 801234567
315027468 801234567
315027684 801234567
315027846 801234567
315028476 801234567
315028647 801234567
315028764 801234567
315042687 801234567
315042768 801234567
315042876 801234567
315046278 801234567
315046782 801234567
315046827 801234567
315047286 801234567
315047628 801234567
315047862 801234567
315048267 801234567
315048672 801234567
315048726 801234567
315062478 801234567
315062784 801234567
315062847 801234567
315064287 801234567
315064728 801234567
315064872 801234567
315067248 801234567
315067482 801234567
315067824 801234567
315068274 801234567
315068427 801234567
315068742 801234567
315072486 801234567
315072648 801234567
315072864 801234567
315074268 801234567
315074682 801234567
315074826 801234567
315076284 801234567
315076428 801234567
315076842 801234567
315078246 801234567
315078462 801234567
315078624 801234567
315082467 801234567
315082674 801234567
315082746 801234567
315084276 801234567
315084627 801234567
315084762 801234567
315086247 801234567
315086472 801234567
315086724 801234567
315087264 801234567
315087426 801234567
315087642 801234567
315204687 801234567
315204768 801234567
315204876 801234567
315206478 801234567
315206784 801234567
315206847 801234567
315207486 801234567
315207648 801234567
315207864 801234567
315208467 801234567
315208674 801234567
315208746 801234567
315240678 801234567
315240786 801234567
315240867 801234567
315246087 801234567
315246708 801234567
315246870 801234567
315247068 801234567
315247680 801234567
315247806 801234567
315248076 801234567
315248607 801234567
315248760 801234567
315260487 801234567
315260748 801234567
315260874 801234567
315264078 801234567
315264780 801234567
315264807 801234567
315267084 801234567
315267408 801234567
315267840 801234567
315268047 801234567
315268470 801234567
315268704 801234567
315270468 801234567
315270684 801234567
315270846 801234567
315274086 801234567
315274608 801234567
315274860 801234567
315276048 801234567
315276480 801234567
315276804 801234567
315278064 801234567
315278406 801234567
315278640 801234567
315280476 801234567
315280647 801234567
315280764 801234567
315284067 801234567
315284670 801234567
315284706 801234567
315286074 801234567
315286407 801234567
315286740 801234567
315287046 801234567
315287460 801234567
315287604 801234567
315402678 801234567
315402786 801234567
315402867 801234567
315406287 801234567
315406728 801234567
315406872 801234567
315407268 801234567
315407682 801234567
315407826 801234567
315408276 801234567
315408627 801234567
315408762 801234567
315420687 801234567
315420768 801234567
315420876 801234567
315426078 801234567
315426780 801234567
315426807 801234567
315427086 801234567
315427608 801234567
315427860 801234567
315428067 801234567
315428670 801234567
315428706 801234567
315460278 801234567
315460782 801234567
315460827 801234567
315462087 801234567
315462708 801234567
315462870 801234567
315467028 801234567
315467280 801234567
315467802 801234567
315468072 801234567
315468207 801234567
315468720 801234567
315470286 801234567
315470628 801234567
315470862 801234567
315472068 801234567
315472680 801234567
315472806 801234567
315476082 801234567
315476208 801234567
315476820 801234567
315478026 801234567
315478260 801234567
315478602 801234567
315480267 801234567
315480672 801234567
315480726 801234567
315482076 801234567
315482607 801234567
315482760 801234567
315486027 801234567
315486270 801234567
315486702 801234567
315487062 801234567
315487206 801234567
315487620 801234567
315602487 801234567
315602748 801234567
315602874 801234567
315604278 801234567
315604782 801234567
315604827 801234567
315607284 801234567
315607428 801234567
315607842 801234567
315608247 801234567
315608472 801234567
315608724 801234567
315620478 801234567
315620784 801234567
315620847 801234567
315624087 801234567
315624708 801234567
315624870 801234567
315627048 801234567
315627480 801234567
315627804 801234567
315628074 801234567
315628407 801234567
315628740 801234567
315640287 801234567
315640728 801234567
315640872 801234567
315642078 801234567
315642780 801234567
315642807 801234567
315647082 801234567
315647208 801234567
315647820 801234567
315648027 801234567
315648270 801234567
315648702 801234567
315670248 801234567
315670482 801234567
315670824 801234567
315672084 801234567
315672408 801234567
315672840 801234567
315674028 801234567
315674280 801234567
315674802 801234567
315678042 801234567
315678204 801234567
315678420 801234567
315680274 801234567
315680427 801234567
315680742 801234567
315682047 801234567
315682470 801234567
315682704 801234567
315684072 801234567
315684207 801234567
315684720 801234567
315687024 801234567
315687240 801234567
315687402 801234567
315702468 801234567
315702684 801234567
315702846 801234567
315704286 801234567
315704628 801234567
315704862 801234567
315706248 801234567
315706482 801234567
315706824 801234567
315708264 801234567
315708426 801234567
315708642 801234567
315720486 801234567
315720648 801234567
315720864 801234567
315724068 801234567
315724680 801234567
315724806 801234567
315726084 801234567
315726408 801234567
315726840 801234567
315728046 801234567
315728460 801234567
315728604 801234567
315740268 801234567
315740682 801234567
315740826 801234567
315742086 801234567
315742608 801234567
315742860 801234567
315746028 801234567
315746280 801234567
315746802 801234567
315748062 801234567
315748206 801234567
315748620 801234567
315760284 801234567
315760428 801234567
315760842 801234567
315762048 801234567
315762480 801234567
315762804 801234567
315764082 801234567
315764208 801234567
315764820 801234567
315768024 801234567
315768240 801234567
315768402 801234567
315780246 801234567
315780462 801234567
315780624 801234567
