241576308 801234567
241576830 801234567
241578036 801234567
241578360 801234567
241578603 801234567
241580367 801234567
241580673 801234567
241580736 801234567
241583076 801234567
241583607 801234567
241583760 801234567
241586037 801234567
241586370 801234567
241586703 801234567
241587063 801234567
241587306 801234567
241587630 801234567
241603587 801234567
241603758 801234567
241603875 801234567
241605378 801234567
241605783 801234567
241605837 801234567
241607385 801234567
241607538 801234567
241607853 801234567
241608357 801234567
241608573 801234567
241608735 801234567
241630578 801234567
241630785 801234567
241630857 801234567
241635087 801234567
241635708 801234567
241635870 801234567
241637058 801234567
241637580 801234567
241637805 801234567
241638075 801234567
241638507 801234567
241638750 801234567
241650387 801234567
241650738 801234567
241650873 801234567
241653078 801234567
241653780 801234567
241653807 801234567
241657083 801234567
241657308 801234567
241657830 801234567
241658037 801234567
241658370 801234567
241658703 801234567
241670358 801234567
241670583 801234567
241670835 801234567
241673085 801234567
241673508 801234567
241673850 801234567
241675038 801234567
241675380 801234567
241675803 801234567
241678053 801234567
241678305 801234567
241678530 801234567
241680375 801234567
241680537 801234567
241680753 801234567
241683057 801234567
241683570 801234567
241683705 801234567
241685073 801234567
241685307 801234567
241685730 801234567
241687035 801234567
241687350 801234567
241687503 801234567
241703568 801234567
241703685 801234567
241703856 801234567
241705386 801234567
241705638 801234567
241705863 801234567
241706358 801234567
241706583 801234567
241706835 801234567
241708365 801234567
241708536 801234567
241708653 801234567
241730586 801234567
241730658 801234567
241730865 801234567
241735068 801234567
241735680 801234567
241735806 801234567
241736085 801234567
241736508 801234567
241736850 801234567
241738056 801234567
241738560 801234567
241738605 801234567
241750368 801234567
241750683 801234567
241750836 801234567
241753086 801234567
241753608 801234567
241753860 801234567
241756038 801234567
241756380 801234567
241756803 801234567
241758063 801234567
241758306 801234567
241758630 801234567
241760385 801234567
241760538 801234567
241760853 801234567
241763058 801234567
241763580 801234567
241763805 801234567
241765083 801234567
241765308 801234567
241765830 801234567
241768035 801234567
241768350 801234567
241768503 801234567
241780356 801234567
241780563 801234567
241780635 801234567
241783065 801234567
241783506 801234567
241783650 801234567
241785036 801234567
241785360 801234567
241785603 801234567
241786053 801234567
241786305 801234567
241786530 801234567
241803576 801234567
241803657 801234567
241803765 801234567
241805367 801234567
241805673 801234567
241805736 801234567
241806375 801234567
241806537 801234567
241806753 801234567
241807356 801234567
241807563 801234567
241807635 801234567
241830567 801234567
241830675 801234567
241830756 801234567
241835076 801234567
241835607 801234567
241835760 801234567
241836057 801234567
241836570 801234567
241836705 801234567
241837065 801234567
241837506 801234567
241837650 801234567
241850376 801234567
241850637 801234567
241850763 801234567
241853067 801234567
241853670 801234567
241853706 801234567
241856073 801234567
241856307 801234567
241856730 801234567
241857036 801234567
241857360 801234567
241857603 801234567
241860357 801234567
241860573 801234567
241860735 801234567
241863075 801234567
241863507 801234567
241863750 801234567
241865037 801234567
241865370 801234567
241865703 801234567
241867053 801234567
241867305 801234567
241867530 801234567
241870365 801234567
241870536 801234567
241870653 801234567
241873056 801234567
241873560 801234567
241873605 801234567
241875063 801234567
241875306 801234567
241875630 801234567
241876035 801234567
241876350 801234567
241876503 801234567
243015687 801234567
243015768 801234567
243015876 801234567
243016578 801234567
243016785 801234567
243016857 801234567
243017586 801234567
243017658 801234567
243017865 801234567
243018567 801234567
243018675 801234567
243018756 801234567
243051678 801234567
243051786 801234567
243051867 801234567
243056187 801234567
243056718 801234567
243056871 801234567
243057168 801234567
243057681 801234567
243057816 801234567
243058176 801234567
243058617 801234567
243058761 801234567
243061587 801234567
243061758 801234567
243061875 801234567
243065178 801234567
243065781 801234567
243065817 801234567
243067185 801234567
243067518 801234567
243067851 801234567
243068157 801234567
243068571 801234567
243068715 801234567
243071568 801234567
243071685 801234567
243071856 801234567
243075186 801234567
243075618 801234567
243075861 801234567
243076158 801234567
243076581 801234567
243076815 801234567
243078165 801234567
243078516 801234567
243078651 801234567
243081576 801234567
243081657 801234567
243081765 801234567
243085167 801234567
243085671 801234567
243085716 801234567
243086175 801234567
243086517 801234567
243086751 801234567
243087156 801234567
243087561 801234567
243087615 801234567
243105678 801234567
243105786 801234567
243105867 801234567
243106587 801234567
243106758 801234567
243106875 801234567
243107568 801234567
243107685 801234567
243107856 801234567
243108576 801234567
243108657 801234567
243108765 801234567
243150687 801234567
243150768 801234567
243150876 801234567
243156078 801234567
243156780 801234567
243156807 801234567
243157086 801234567
243157608 801234567
243157860 801234567
243158067 801234567
243158670 801234567
243158706 801234567
243160578 801234567
243160785 801234567
243160857 801234567
243165087 801234567
243165708 801234567
243165870 801234567
243167058 801234567
243167580 801234567
243167805 801234567
243168075 801234567
243168507 801234567
243168750 801234567
243170586 801234567
243170658 801234567
243170865 801234567
243175068 801234567
243175680 801234567
243175806 801234567
243176085 801234567
243176508 801234567
243176850 801234567
243178056 801234567
243178560 801234567
243178605 801234567
243180567 801234567
243180675 801234567
243180756 801234567
243185076 801234567
243185607 801234567
243185760 801234567
243186057 801234567
243186570 801234567
243186705 801234567
243187065 801234567
243187506 801234567
243187650 801234567
243501687 801234567
243501768 801234567
243501876 801234567
243506178 801234567
243506781 801234567
243506817 801234567
243507186 801234567
243507618 801234567
243507861 801234567
243508167 801234567
243508671 801234567
243508716 801234567
243510678 801234567
243510786 801234567
243510867 801234567
243516087 801234567
243516708 801234567
243516870 801234567
243517068 801234567
243517680 801234567
243517806 801234567
243518076 801234567
243518607 801234567
243518760 801234567
243560187 801234567
243560718 801234567
243560871 801234567
243561078 801234567
243561780 801234567
243561807 801234567
243567081 801234567
243567108 801234567
243567810 801234567
243568017 801234567
243568170 801234567
243568701 801234567
243570168 801234567
243570681 801234567
243570816 801234567
243571086 801234567
243571608 801234567
243571860 801234567
243576018 801234567
243576180 801234567
243576801 801234567
243578061 801234567
243578106 801234567
243578610 801234567
243580176 801234567
243580617 801234567
243580761 801234567
243581067 801234567
243581670 801234567
243581706 801234567
243586071 801234567
243586107 801234567
243586710 801234567
243587016 801234567
243587160 801234567
243587601 801234567
243601578 801234567
243601785 801234567
243601857 801234567
243605187 801234567
243605718 801234567
243605871 801234567
243607158 801234567
243607581 801234567
243607815 801234567
243608175 801234567
243608517 801234567
243608751 801234567
243610587 801234567
243610758 801234567
243610875 801234567
243615078 801234567
243615780 801234567
243615807 801234567
243617085 801234567
243617508 801234567
243617850 801234567
243618057 801234567
243618570 801234567
243618705 801234567
243650178 801234567
243650781 801234567
243650817 801234567
243651087 801234567
243651708 801234567
243651870 801234567
243657018 801234567
243657180 801234567
243657801 801234567
243658071 801234567
243658107 801234567
243658710 801234567
243670185 801234567
243670518 801234567
243670851 801234567
243671058 801234567
243671580 801234567
243671805 801234567
243675081 801234567
243675108 801234567
243675810 801234567
243678015 801234567
243678150 801234567
243678501 801234567
243680157 801234567
243680571 801234567
243680715 801234567
243681075 801234567
243681507 801234567
243681750 801234567
243685017 801234567
243685170 801234567
243685701 801234567
243687051 801234567
243687105 801234567
243687510 801234567
243701586 801234567
243701658 801234567
243701865 801234567
243705168 801234567
243705681 801234567
243705816 801234567
243706185 801234567
243706518 801234567
243706851 801234567
243708156 801234567
243708561 801234567
243708615 801234567
243710568 801234567
243710685 801234567
243710856 801234567
243715086 801234567
243715608 801234567
243715860 801234567
243716058 801234567
243716580 801234567
243716805 801234567
243718065 801234567
243718506 801234567
243718650 801234567
243750186 801234567
243750618 801234567
243750861 801234567
243751068 801234567
243751680 801234567
243751806 801234567
243756081 801234567
243756108 801234567
243756810 801234567
243758016 801234567
243758160 801234567
243758601 801234567
243760158 801234567
243760581 801234567
243760815 801234567
243761085 801234567
243761508 801234567
243761850 801234567
243765018 801234567
243765180 801234567
243765801 801234567
243768051 801234567
243768105 801234567
243768510 801234567
243780165 801234567
243780516 801234567
243780651 801234567
243781056 801234567
243781560 801234567
243781605 801234567
243785061 801234567
243785106 801234567
243785610 801234567
243786015 801234567
243786150 801234567
243786501 801234567
243801567 801234567
243801675 801234567
