563780412 801234567
563781042 801234567
563781204 801234567
563781420 801234567
563782014 801234567
563782140 801234567
563782401 801234567
563784021 801234567
563784102 801234567
563784210 801234567
563801274 801234567
563801427 801234567
563801742 801234567
563802147 801234567
563802471 801234567
563802714 801234567
563804172 801234567
563804217 801234567
563804721 801234567
563807124 801234567
563807241 801234567
563807412 801234567
563810247 801234567
563810472 801234567
563810724 801234567
563812074 801234567
563812407 801234567
563812740 801234567
563814027 801234567
563814270 801234567
563814702 801234567
563817042 801234567
563817204 801234567
563817420 801234567
563820174 801234567
563820417 801234567
563820741 801234567
563821047 801234567
563821470 801234567
563821704 801234567
563824071 801234567
563824107 801234567
563824710 801234567
563827014 801234567
563827140 801234567
563827401 801234567
563840127 801234567
563840271 801234567
563840712 801234567
563841072 801234567
563841207 801234567
563841720 801234567
563842017 801234567
563842170 801234567
563842701 801234567
563847021 801234567
563847102 801234567
563847210 801234567
563870142 801234567
563870214 801234567
563870421 801234567
563871024 801234567
563871240 801234567
563871402 801234567
563872041 801234567
563872104 801234567
563872410 801234567
563874012 801234567
563874120 801234567
563874201 801234567
564012387 801234567
564012738 801234567
564012873 801234567
564013278 801234567
564013782 801234567
564013827 801234567
564017283 801234567
564017328 801234567
564017832 801234567
564018237 801234567
564018372 801234567
564018723 801234567
564021378 801234567
564021783 801234567
564021837 801234567
564023187 801234567
564023718 801234567
564023871 801234567
564027138 801234567
564027381 801234567
564027813 801234567
564028173 801234567
564028317 801234567
564028731 801234567
564031287 801234567
564031728 801234567
564031872 801234567
564032178 801234567
564032781 801234567
564032817 801234567
564037182 801234567
564037218 801234567
564037821 801234567
564038127 801234567
564038271 801234567
564038712 801234567
564071238 801234567
564071382 801234567
564071823 801234567
564072183 801234567
564072318 801234567
564072831 801234567
564073128 801234567
564073281 801234567
564073812 801234567
564078132 801234567
564078213 801234567
564078321 801234567
564081273 801234567
564081327 801234567
564081732 801234567
564082137 801234567
564082371 801234567
564082713 801234567
564083172 801234567
564083217 801234567
564083721 801234567
564087123 801234567
564087231 801234567
564087312 801234567
564102378 801234567
564102783 801234567
564102837 801234567
564103287 801234567
564103728 801234567
564103872 801234567
564107238 801234567
564107382 801234567
564107823 801234567
564108273 801234567
564108327 801234567
564108732 801234567
564120387 801234567
564120738 801234567
564120873 801234567
564123078 801234567
564123780 801234567
564123807 801234567
564127083 801234567
564127308 801234567
564127830 801234567
564128037 801234567
564128370 801234567
564128703 801234567
564130278 801234567
564130782 801234567
564130827 801234567
564132087 801234567
564132708 801234567
564132870 801234567
564137028 801234567
564137280 801234567
564137802 801234567
564138072 801234567
564138207 801234567
564138720 801234567
564170283 801234567
564170328 801234567
564170832 801234567
564172038 801234567
564172380 801234567
564172803 801234567
564173082 801234567
564173208 801234567
564173820 801234567
564178023 801234567
564178230 801234567
564178302 801234567
564180237 801234567
564180372 801234567
564180723 801234567
564182073 801234567
564182307 801234567
564182730 801234567
564183027 801234567
564183270 801234567
564183702 801234567
564187032 801234567
564187203 801234567
564187320 801234567
564201387 801234567
564201738 801234567
564201873 801234567
564203178 801234567
564203781 801234567
564203817 801234567
564207183 801234567
564207318 801234567
564207831 801234567
564208137 801234567
564208371 801234567
564208713 801234567
564210378 801234567
564210783 801234567
564210837 801234567
564213087 801234567
564213708 801234567
564213870 801234567
564217038 801234567
564217380 801234567
564217803 801234567
564218073 801234567
564218307 801234567
564218730 801234567
564230187 801234567
564230718 801234567
564230871 801234567
564231078 801234567
564231780 801234567
564231807 801234567
564237081 801234567
564237108 801234567
564237810 801234567
564238017 801234567
564238170 801234567
564238701 801234567
564270138 801234567
564270381 801234567
564270813 801234567
564271083 801234567
564271308 801234567
564271830 801234567
564273018 801234567
564273180 801234567
564273801 801234567
564278031 801234567
564278103 801234567
564278310 801234567
564280173 801234567
564280317 801234567
564280731 801234567
564281037 801234567
564281370 801234567
564281703 801234567
564283071 801234567
564283107 801234567
564283710 801234567
564287013 801234567
564287130 801234567
564287301 801234567
564301278 801234567
564301782 801234567
564301827 801234567
564302187 801234567
564302718 801234567
564302871 801234567
564307128 801234567
564307281 801234567
564307812 801234567
564308172 801234567
564308217 801234567
564308721 801234567
564310287 801234567
564310728 801234567
564310872 801234567
564312078 801234567
564312780 801234567
564312807 801234567
564317082 801234567
564317208 801234567
564317820 801234567
564318027 801234567
564318270 801234567
564318702 801234567
564320178 801234567
564320781 801234567
564320817 801234567
564321087 801234567
564321708 801234567
564321870 801234567
564327018 801234567
564327180 801234567
564327801 801234567
564328071 801234567
564328107 801234567
564328710 801234567
564370182 801234567
564370218 801234567
564370821 801234567
564371028 801234567
564371280 801234567
564371802 801234567
564372081 801234567
564372108 801234567
564372810 801234567
564378012 801234567
564378120 801234567
564378201 801234567
564380127 801234567
564380271 801234567
564380712 801234567
564381072 801234567
564381207 801234567
564381720 801234567
564382017 801234567
564382170 801234567
564382701 801234567
564387021 801234567
564387102 801234567
564387210 801234567
564701283 801234567
564701328 801234567
564701832 801234567
564702138 801234567
564702381 801234567
564702813 801234567
564703182 801234567
564703218 801234567
564703821 801234567
564708123 801234567
564708231 801234567
564708312 801234567
564710238 801234567
564710382 801234567
564710823 801234567
564712083 801234567
564712308 801234567
564712830 801234567
564713028 801234567
564713280 801234567
564713802 801234567
564718032 801234567
564718203 801234567
564718320 801234567
564720183 801234567
564720318 801234567
564720831 801234567
564721038 801234567
564721380 801234567
564721803 801234567
564723081 801234567
564723108 801234567
564723810 801234567
564728013 801234567
564728130 801234567
564728301 801234567
564730128 801234567
564730281 801234567
564730812 801234567
564731082 801234567
564731208 801234567
564731820 801234567
564732018 801234567
564732180 801234567
564732801 801234567
564738021 801234567
564738102 801234567
564738210 801234567
564780132 801234567
564780213 801234567
564780321 801234567
564781023 801234567
564781230 801234567
564781302 801234567
564782031 801234567
564782103 801234567
564782310 801234567
564783012 801234567
564783120 801234567
564783201 801234567
564801237 801234567
564801372 801234567
564801723 801234567
564802173 801234567
564802317 801234567
564802731 801234567
564803127 801234567
564803271 801234567
564803712 801234567
564807132 801234567
564807213 801234567
564807321 801234567
564810273 801234567
564810327 801234567
564810732 801234567
564812037 801234567
564812370 801234567
564812703 801234567
564813072 801234567
564813207 801234567
564813720 801234567
564817023 801234567
564817230 801234567
564817302 801234567
564820137 801234567
564820371 801234567
564820713 801234567
564821073 801234567
564821307 801234567
564821730 801234567
564823017 801234567
564823170 801234567
564823701 801234567
564827031 801234567
564827103 801234567
564827310 801234567
564830172 801234567
564830217 801234567
564830721 801234567
564831027 801234567
564831270 801234567
564831702 801234567
564832071 801234567
564832107 801234567
564832710 801234567
564837012 801234567
564837120 801234567
564837201 801234567
564870123 801234567
564870231 801234567
564870312 801234567
564871032 801234567
564871203 801234567
564871320 801234567
564872013 801234567
564872130 801234567
564872301 801234567
564873021 801234567
564873102 801234567
564873210 801234567
567012348 801234567
567012483 801234567
567012834 801234567
567013284 801234567
567013428 801234567
567013842 801234567
567014238 801234567
567014382 801234567
567014823 801234567
567018243 801234567
567018324 801234567
567018432 801234567
567021384 801234567
567021438 801234567
567021843 801234567
567023148 801234567
567023481 801234567
567023814 801234567
567024183 801234567
567024318 801234567
567024831 801234567
567028134 801234567
567028341 801234567
567028413 801234567
567031248 801234567
567031482 801234567
567031824 801234567
567032184 801234567
567032418 801234567
567032841 801234567
567034128 801234567
567034281 801234567
567034812 801234567
567038142 801234567
567038214 801234567
567038421 801234567
567041283 801234567
567041328 801234567
567041832 801234567
567042138 801234567
567042381 801234567
567042813 801234567
567043182 801234567
567043218 801234567
567043821 801234567
567048123 801234567
567048231 801234567
567048312 801234567
567081234 801234567
567081342 801234567
567081423 801234567
567082143 801234567
567082314 801234567
567082431 801234567
567083124 801234567
567083241 801234567
567083412 801234567
567084132 801234567
567084213 801234567
567084321 801234567
567102384 801234567
567102438 801234567
567102843 801234567
567103248 801234567
567103482 801234567
567103824 801234567
567104283 801234567
567104328 801234567
567104832 801234567
