465208371 801234567
465208713 801234567
465210378 801234567
465210783 801234567
465210837 801234567
465213087 801234567
465213708 801234567
465213870 801234567
465217038 801234567
465217380 801234567
465217803 801234567
465218073 801234567
465218307 801234567
465218730 801234567
465230187 801234567
465230718 801234567
465230871 801234567
465231078 801234567
465231780 801234567
465231807 801234567
465237081 801234567
465237108 801234567
465237810 801234567
465238017 801234567
465238170 801234567
465238701 801234567
465270138 801234567
465270381 801234567
465270813 801234567
465271083 801234567
465271308 801234567
465271830 801234567
465273018 801234567
465273180 801234567
465273801 801234567
465278031 801234567
465278103 801234567
465278310 801234567
465280173 801234567
465280317 801234567
465280731 801234567
465281037 801234567
465281370 801234567
465281703 801234567
465283071 801234567
465283107 801234567
465283710 801234567
465287013 801234567
465287130 801234567
465287301 801234567
465301278 801234567
465301782 801234567
465301827 801234567
465302187 801234567
465302718 801234567
465302871 801234567
465307128 801234567
465307281 801234567
465307812 801234567
465308172 801234567
465308217 801234567
465308721 801234567
465310287 801234567
465310728 801234567
465310872 801234567
465312078 801234567
465312780 801234567
465312807 801234567
465317082 801234567
465317208 801234567
465317820 801234567
465318027 801234567
465318270 801234567
465318702 801234567
465320178 801234567
465320781 801234567
465320817 801234567
465321087 801234567
465321708 801234567
465321870 801234567
465327018 801234567
465327180 801234567
465327801 801234567
465328071 801234567
465328107 801234567
465328710 801234567
465370182 801234567
465370218 801234567
465370821 801234567
465371028 801234567
465371280 801234567
465371802 801234567
465372081 801234567
465372108 801234567
465372810 801234567
465378012 801234567
465378120 801234567
465378201 801234567
465380127 801234567
465380271 801234567
465380712 801234567
465381072 801234567
465381207 801234567
465381720 801234567
465382017 801234567
465382170 801234567
465382701 801234567
465387021 801234567
465387102 801234567
465387210 801234567
465701283 801234567
465701328 801234567
465701832 801234567
465702138 801234567
465702381 801234567
465702813 801234567
465703182 801234567
465703218 801234567
465703821 801234567
465708123 801234567
465708231 801234567
465708312 801234567
465710238 801234567
465710382 801234567
465710823 801234567
465712083 801234567
465712308 801234567
465712830 801234567
465713028 801234567
465713280 801234567
465713802 801234567
465718032 801234567
465718203 801234567
465718320 801234567
465720183 801234567
465720318 801234567
465720831 801234567
465721038 801234567
465721380 801234567
465721803 801234567
465723081 801234567
465723108 801234567
465723810 801234567
465728013 801234567
465728130 801234567
465728301 801234567
465730128 801234567
465730281 801234567
465730812 801234567
465731082 801234567
465731208 801234567
465731820 801234567
465732018 801234567
465732180 801234567
465732801 801234567
465738021 801234567
465738102 801234567
465738210 801234567
465780132 801234567
465780213 801234567
465780321 801234567
465781023 801234567
465781230 801234567
465781302 801234567
465782031 801234567
465782103 801234567
465782310 801234567
465783012 801234567
465783120 801234567
465783201 801234567
465801237 801234567
465801372 801234567
465801723 801234567
465802173 801234567
465802317 801234567
465802731 801234567
465803127 801234567
465803271 801234567
465803712 801234567
465807132 801234567
465807213 801234567
465807321 801234567
465810273 801234567
465810327 801234567
465810732 801234567
465812037 801234567
465812370 801234567
465812703 801234567
465813072 801234567
465813207 801234567
465813720 801234567
465817023 801234567
465817230 801234567
465817302 801234567
465820137 801234567
465820371 801234567
465820713 801234567
465821073 801234567
465821307 801234567
465821730 801234567
465823017 801234567
465823170 801234567
465823701 801234567
465827031 801234567
465827103 801234567
465827310 801234567
465830172 801234567
465830217 801234567
465830721 801234567
465831027 801234567
465831270 801234567
465831702 801234567
465832071 801234567
465832107 801234567
465832710 801234567
465837012 801234567
465837120 801234567
465837201 801234567
465870123 801234567
465870231 801234567
465870312 801234567
465871032 801234567
465871203 801234567
465871320 801234567
465872013 801234567
465872130 801234567
465872301 801234567
465873021 801234567
465873102 801234567
465873210 801234567
467012358 801234567
467012583 801234567
467012835 801234567
467013285 801234567
467013528 801234567
467013852 801234567
467015238 801234567
467015382 801234567
467015823 801234567
467018253 801234567
467018325 801234567
467018532 801234567
467021385 801234567
467021538 801234567
467021853 801234567
467023158 801234567
467023581 801234567
467023815 801234567
467025183 801234567
467025318 801234567
467025831 801234567
467028135 801234567
467028351 801234567
467028513 801234567
467031258 801234567
467031582 801234567
467031825 801234567
467032185 801234567
467032518 801234567
467032851 801234567
467035128 801234567
467035281 801234567
467035812 801234567
467038152 801234567
467038215 801234567
467038521 801234567
467051283 801234567
467051328 801234567
467051832 801234567
467052138 801234567
467052381 801234567
467052813 801234567
467053182 801234567
467053218 801234567
467053821 801234567
467058123 801234567
467058231 801234567
467058312 801234567
467081235 801234567
467081352 801234567
467081523 801234567
467082153 801234567
467082315 801234567
467082531 801234567
467083125 801234567
467083251 801234567
467083512 801234567
467085132 801234567
467085213 801234567
467085321 801234567
467102385 801234567
467102538 801234567
467102853 801234567
467103258 801234567
467103582 801234567
467103825 801234567
467105283 801234567
467105328 801234567
467105832 801234567
467108235 801234567
467108352 801234567
467108523 801234567
467120358 801234567
467120583 801234567
467120835 801234567
467123085 801234567
467123508 801234567
467123850 801234567
467125038 801234567
467125380 801234567
467125803 801234567
467128053 801234567
467128305 801234567
467128530 801234567
467130285 801234567
467130528 801234567
467130852 801234567
467132058 801234567
467132580 801234567
467132805 801234567
467135082 801234567
467135208 801234567
467135820 801234567
467138025 801234567
467138250 801234567
467138502 801234567
467150238 801234567
467150382 801234567
467150823 801234567
467152083 801234567
467152308 801234567
467152830 801234567
467153028 801234567
467153280 801234567
467153802 801234567
467158032 801234567
467158203 801234567
467158320 801234567
467180253 801234567
467180325 801234567
467180532 801234567
467182035 801234567
467182350 801234567
467182503 801234567
467183052 801234567
467183205 801234567
467183520 801234567
467185023 801234567
467185230 801234567
467185302 801234567
467201358 801234567
467201583 801234567
467201835 801234567
467203185 801234567
467203518 801234567
467203851 801234567
467205138 801234567
467205381 801234567
467205813 801234567
467208153 801234567
467208315 801234567
467208531 801234567
467210385 801234567
467210538 801234567
467210853 801234567
467213058 801234567
467213580 801234567
467213805 801234567
467215083 801234567
467215308 801234567
467215830 801234567
467218035 801234567
467218350 801234567
467218503 801234567
467230158 801234567
467230581 801234567
467230815 801234567
467231085 801234567
467231508 801234567
467231850 801234567
467235018 801234567
467235180 801234567
467235801 801234567
467238051 801234567
467238105 801234567
467238510 801234567
467250183 801234567
467250318 801234567
467250831 801234567
467251038 801234567
467251380 801234567
467251803 801234567
467253081 801234567
467253108 801234567
467253810 801234567
467258013 801234567
467258130 801234567
467258301 801234567
467280135 801234567
467280351 801234567
467280513 801234567
467281053 801234567
467281305 801234567
467281530 801234567
467283015 801234567
467283150 801234567
467283501 801234567
467285031 801234567
467285103 801234567
467285310 801234567
467301285 801234567
467301528 801234567
467301852 801234567
467302158 801234567
467302581 801234567
467302815 801234567
467305182 801234567
467305218 801234567
467305821 801234567
467308125 801234567
467308251 801234567
467308512 801234567
467310258 801234567
467310582 801234567
467310825 801234567
467312085 801234567
467312508 801234567
467312850 801234567
467315028 801234567
467315280 801234567
467315802 801234567
467318052 801234567
467318205 801234567
467318520 801234567
467320185 801234567
467320518 801234567
467320851 801234567
467321058 801234567
467321580 801234567
467321805 801234567
467325081 801234567
467325108 801234567
467325810 801234567
467328015 801234567
467328150 801234567
467328501 801234567
467350128 801234567
467350281 801234567
467350812 801234567
467351082 801234567
467351208 801234567
467351820 801234567
467352018 801234567
467352180 801234567
467352801 801234567
467358021 801234567
467358102 801234567
467358210 801234567
467380152 801234567
467380215 801234567
467380521 801234567
467381025 801234567
467381250 801234567
467381502 801234567
467382051 801234567
467382105 801234567
467382510 801234567
467385012 801234567
467385120 801234567
467385201 801234567
467501238 801234567
467501382 801234567
467501823 801234567
467502183 801234567
467502318 801234567
467502831 801234567
467503128 801234567
467503281 801234567
467503812 801234567
467508132 801234567
467508213 801234567
467508321 801234567
467510283 801234567
467510328 801234567
467510832 801234567
467512038 801234567
467512380 801234567
467512803 801234567
467513082 801234567
467513208 801234567
467513820 801234567
467518023 801234567
467518230 801234567
467518302 801234567
467520138 801234567
467520381 801234567
467520813 801234567
467521083 801234567
467521308 801234567
