738654021 801234567
738654102 801234567
738654210 801234567
740123568 801234567
740123685 801234567
740123856 801234567
740125386 801234567
740125638 801234567
740125863 801234567
740126358 801234567
740126583 801234567
740126835 801234567
740128365 801234567
740128536 801234567
740128653 801234567
740132586 801234567
740132658 801234567
740132865 801234567
740135268 801234567
740135682 801234567
740135826 801234567
740136285 801234567
740136528 801234567
740136852 801234567
740138256 801234567
740138562 801234567
740138625 801234567
740152368 801234567
740152683 801234567
740152836 801234567
740153286 801234567
740153628 801234567
740153862 801234567
740156238 801234567
740156382 801234567
740156823 801234567
740158263 801234567
740158326 801234567
740158632 801234567
740162385 801234567
740162538 801234567
740162853 801234567
740163258 801234567
740163582 801234567
740163825 801234567
740165283 801234567
740165328 801234567
740165832 801234567
740168235 801234567
740168352 801234567
740168523 801234567
740182356 801234567
740182563 801234567
740182635 801234567
740183265 801234567
740183526 801234567
740183652 801234567
740185236 801234567
740185362 801234567
740185623 801234567
740186253 801234567
740186325 801234567
740186532 801234567
740213586 801234567
740213658 801234567
740213865 801234567
740215368 801234567
740215683 801234567
740215836 801234567
740216385 801234567
740216538 801234567
740216853 801234567
740218356 801234567
740218563 801234567
740218635 801234567
740231568 801234567
740231685 801234567
740231856 801234567
740235186 801234567
740235618 801234567
740235861 801234567
740236158 801234567
740236581 801234567
740236815 801234567
740238165 801234567
740238516 801234567
740238651 801234567
740251386 801234567
740251638 801234567
740251863 801234567
740253168 801234567
740253681 801234567
740253816 801234567
740256183 801234567
740256318 801234567
740256831 801234567
740258136 801234567
740258361 801234567
740258613 801234567
740261358 801234567
740261583 801234567
740261835 801234567
740263185 801234567
740263518 801234567
740263851 801234567
740265138 801234567
740265381 801234567
740265813 801234567
740268153 801234567
740268315 801234567
740268531 801234567
740281365 801234567
740281536 801234567
740281653 801234567
740283156 801234567
740283561 801234567
740283615 801234567
740285163 801234567
740285316 801234567
740285631 801234567
740286135 801234567
740286351 801234567
740286513 801234567
740312568 801234567
740312685 801234567
740312856 801234567
740315286 801234567
740315628 801234567
740315862 801234567
740316258 801234567
740316582 801234567
740316825 801234567
740318265 801234567
740318526 801234567
740318652 801234567
740321586 801234567
740321658 801234567
740321865 801234567
740325168 801234567
740325681 801234567
740325816 801234567
740326185 801234567
740326518 801234567
740326851 801234567
740328156 801234567
740328561 801234567
740328615 801234567
740351268 801234567
740351682 801234567
740351826 801234567
740352186 801234567
740352618 801234567
740352861 801234567
740356128 801234567
740356281 801234567
740356812 801234567
740358162 801234567
740358216 801234567
740358621 801234567
740361285 801234567
740361528 801234567
740361852 801234567
740362158 801234567
740362581 801234567
740362815 801234567
740365182 801234567
740365218 801234567
740365821 801234567
740368125 801234567
740368251 801234567
740368512 801234567
740381256 801234567
740381562 801234567
740381625 801234567
740382165 801234567
740382516 801234567
740382651 801234567
740385126 801234567
740385261 801234567
740385612 801234567
740386152 801234567
740386215 801234567
740386521 801234567
740512386 801234567
740512638 801234567
740512863 801234567
740513268 801234567
740513682 801234567
740513826 801234567
740516283 801234567
740516328 801234567
740516832 801234567
740518236 801234567
740518362 801234567
740518623 801234567
740521368 801234567
740521683 801234567
740521836 801234567
740523186 801234567
740523618 801234567
740523861 801234567
740526138 801234567
740526381 801234567
740526813 801234567
740528163 801234567
740528316 801234567
740528631 801234567
740531286 801234567
740531628 801234567
740531862 801234567
740532168 801234567
740532681 801234567
740532816 801234567
740536182 801234567
740536218 801234567
740536821 801234567
740538126 801234567
740538261 801234567
740538612 801234567
740561238 801234567
740561382 801234567
740561823 801234567
740562183 801234567
740562318 801234567
740562831 801234567
740563128 801234567
740563281 801234567
740563812 801234567
740568132 801234567
740568213 801234567
740568321 801234567
740581263 801234567
740581326 801234567
740581632 801234567
740582136 801234567
740582361 801234567
740582613 801234567
740583162 801234567
740583216 801234567
740583621 801234567
740586123 801234567
740586231 801234567
740586312 801234567
740612358 801234567
740612583 801234567
740612835 801234567
740613285 801234567
740613528 801234567
740613852 801234567
740615238 801234567
740615382 801234567
740615823 801234567
740618253 801234567
740618325 801234567
740618532 801234567
740621385 801234567
740621538 801234567
740621853 801234567
740623158 801234567
740623581 801234567
740623815 801234567
740625183 801234567
740625318 801234567
740625831 801234567
740628135 801234567
740628351 801234567
740628513 801234567
740631258 801234567
740631582 801234567
740631825 801234567
740632185 801234567
740632518 801234567
740632851 801234567
740635128 801234567
740635281 801234567
740635812 801234567
740638152 801234567
740638215 801234567
740638521 801234567
740651283 801234567
740651328 801234567
740651832 801234567
740652138 801234567
740652381 801234567
740652813 801234567
740653182 801234567
740653218 801234567
740653821 801234567
740658123 801234567
740658231 801234567
740658312 801234567
740681235 801234567
740681352 801234567
740681523 801234567
740682153 801234567
740682315 801234567
740682531 801234567
740683125 801234567
740683251 801234567
740683512 801234567
740685132 801234567
740685213 801234567
740685321 801234567
740812365 801234567
740812536 801234567
740812653 801234567
740813256 801234567
740813562 801234567
740813625 801234567
740815263 801234567
740815326 801234567
740815632 801234567
740816235 801234567
740816352 801234567
740816523 801234567
740821356 801234567
740821563 801234567
740821635 801234567
740823165 801234567
740823516 801234567
740823651 801234567
740825136 801234567
740825361 801234567
740825613 801234567
740826153 801234567
740826315 801234567
740826531 801234567
740831265 801234567
740831526 801234567
740831652 801234567
740832156 801234567
740832561 801234567
740832615 801234567
740835162 801234567
740835216 801234567
740835621 801234567
740836125 801234567
740836251 801234567
740836512 801234567
740851236 801234567
740851362 801234567
740851623 801234567
740852163 801234567
740852316 801234567
740852631 801234567
740853126 801234567
740853261 801234567
740853612 801234567
740856132 801234567
740856213 801234567
740856321 801234567
740861253 801234567
740861325 801234567
740861532 801234567
740862135 801234567
740862351 801234567
740862513 801234567
740863152 801234567
740863215 801234567
740863521 801234567
740865123 801234567
740865231 801234567
740865312 801234567
741023586 801234567
741023658 801234567
741023865 801234567
741025368 801234567
741025683 801234567
741025836 801234567
741026385 801234567
741026538 801234567
741026853 801234567
741028356 801234567
741028563 801234567
741028635 801234567
741032568 801234567
741032685 801234567
741032856 801234567
741035286 801234567
741035628 801234567
741035862 801234567
741036258 801234567
741036582 801234567
741036825 801234567
741038265 801234567
741038526 801234567
741038652 801234567
741052386 801234567
741052638 801234567
741052863 801234567
741053268 801234567
741053682 801234567
741053826 801234567
741056283 801234567
741056328 801234567
741056832 801234567
741058236 801234567
741058362 801234567
741058623 801234567
741062358 801234567
741062583 801234567
741062835 801234567
741063285 801234567
741063528 801234567
741063852 801234567
741065238 801234567
741065382 801234567
741065823 801234567
741068253 801234567
741068325 801234567
741068532 801234567
741082365 801234567
741082536 801234567
741082653 801234567
741083256 801234567
741083562 801234567
741083625 801234567
741085263 801234567
741085326 801234567
741085632 801234567
741086235 801234567
741086352 801234567
741086523 801234567
741203568 801234567
741203685 801234567
741203856 801234567
741205386 801234567
741205638 801234567
741205863 801234567
741206358 801234567
741206583 801234567
741206835 801234567
741208365 801234567
741208536 801234567
741208653 801234567
741230586 801234567
741230658 801234567
741230865 801234567
741235068 801234567
741235680 801234567
741235806 801234567
741236085 801234567
741236508 801234567
741236850 801234567
741238056 801234567
741238560 801234567
741238605 801234567
741250368 801234567
741250683 801234567
741250836 801234567
741253086 801234567
741253608 801234567
741253860 801234567
741256038 801234567
741256380 801234567
741256803 801234567
741258063 801234567
741258306 801234567
741258630 801234567
741260385 801234567
741260538 801234567
741260853 801234567
741263058 801234567
741263580 801234567
741263805 801234567
741265083 801234567
741265308 801234567
741265830 801234567
741268035 801234567
741268350 801234567
741268503 801234567
741280356 801234567
741280563 801234567
741280635 801234567
741283065 801234567
741283506 801234567
741283650 801234567
741285036 801234567
741285360 801234567
741285603 801234567
741286053 801234567
741286305 801234567
741286530 801234567
741302586 801234567
741302658 801234567
741302865 801234567
741305268 801234567
741305682 801234567
741305826 801234567
741306285 801234567
741306528 801234567
741306852 801234567
741308256 801234567
741308562 801234567
741308625 801234567
741320568 801234567
741320685 801234567
741320856 801234567
741325086 801234567
