870452613 801234567
870453162 801234567
870453216 801234567
870453621 801234567
870456123 801234567
870456231 801234567
870456312 801234567
870461235 801234567
870461352 801234567
870461523 801234567
870462153 801234567
870462315 801234567
870462531 801234567
870463125 801234567
870463251 801234567
870463512 801234567
870465132 801234567
870465213 801234567
870465321 801234567
870512364 801234567
870512436 801234567
870512643 801234567
870513246 801234567
870513462 801234567
870513624 801234567
870514263 801234567
870514326 801234567
870514632 801234567
870516234 801234567
870516342 801234567
870516423 801234567
870521346 801234567
870521463 801234567
870521634 801234567
870523164 801234567
870523416 801234567
870523641 801234567
870524136 801234567
870524361 801234567
870524613 801234567
870526143 801234567
870526314 801234567
870526431 801234567
870531264 801234567
870531426 801234567
870531642 801234567
870532146 801234567
870532461 801234567
870532614 801234567
870534162 801234567
870534216 801234567
870534621 801234567
870536124 801234567
870536241 801234567
870536412 801234567
870541236 801234567
870541362 801234567
870541623 801234567
870542163 801234567
870542316 801234567
870542631 801234567
870543126 801234567
870543261 801234567
870543612 801234567
870546132 801234567
870546213 801234567
870546321 801234567
870561243 801234567
870561324 801234567
870561432 801234567
870562134 801234567
870562341 801234567
870562413 801234567
870563142 801234567
870563214 801234567
870563421 801234567
870564123 801234567
870564231 801234567
870564312 801234567
870612345 801234567
870612453 801234567
870612534 801234567
870613254 801234567
870613425 801234567
870613542 801234567
870614235 801234567
870614352 801234567
870614523 801234567
870615243 801234567
870615324 801234567
870615432 801234567
870621354 801234567
870621435 801234567
870621543 801234567
870623145 801234567
870623451 801234567
870623514 801234567
870624153 801234567
870624315 801234567
870624531 801234567
870625134 801234567
870625341 801234567
870625413 801234567
870631245 801234567
870631452 801234567
870631524 801234567
870632154 801234567
870632415 801234567
870632541 801234567
870634125 801234567
870634251 801234567
870634512 801234567
870635142 801234567
870635214 801234567
870635421 801234567
870641253 801234567
870641325 801234567
870641532 801234567
870642135 801234567
870642351 801234567
870642513 801234567
870643152 801234567
870643215 801234567
870643521 801234567
870645123 801234567
870645231 801234567
870645312 801234567
870651234 801234567
870651342 801234567
870651423 801234567
870652143 801234567
870652314 801234567
870652431 801234567
870653124 801234567
870653241 801234567
870653412 801234567
870654132 801234567
870654213 801234567
870654321 801234567
871023456 801234567
871023564 801234567
871023645 801234567
871024365 801234567
871024536 801234567
871024653 801234567
871025346 801234567
871025463 801234567
871025634 801234567
871026354 801234567
871026435 801234567
871026543 801234567
871032465 801234567
871032546 801234567
871032654 801234567
871034256 801234567
871034562 801234567
871034625 801234567
871035264 801234567
871035426 801234567
871035642 801234567
871036245 801234567
871036452 801234567
871036524 801234567
871042356 801234567
871042563 801234567
871042635 801234567
871043265 801234567
871043526 801234567
871043652 801234567
871045236 801234567
871045362 801234567
871045623 801234567
871046253 801234567
871046325 801234567
871046532 801234567
871052364 801234567
871052436 801234567
871052643 801234567
871053246 801234567
871053462 801234567
871053624 801234567
871054263 801234567
871054326 801234567
871054632 801234567
871056234 801234567
871056342 801234567
871056423 801234567
871062345 801234567
871062453 801234567
871062534 801234567
871063254 801234567
871063425 801234567
871063542 801234567
871064235 801234567
871064352 801234567
871064523 801234567
871065243 801234567
871065324 801234567
871065432 801234567
871203465 801234567
871203546 801234567
871203654 801234567
871204356 801234567
871204563 801234567
871204635 801234567
871205364 801234567
871205436 801234567
871205643 801234567
871206345 801234567
871206453 801234567
871206534 801234567
871230456 801234567
871230564 801234567
871230645 801234567
871234065 801234567
871234506 801234567
871234650 801234567
871235046 801234567
871235460 801234567
871235604 801234567
871236054 801234567
871236405 801234567
871236540 801234567
871240365 801234567
871240536 801234567
871240653 801234567
871243056 801234567
871243560 801234567
871243605 801234567
871245063 801234567
871245306 801234567
871245630 801234567
871246035 801234567
871246350 801234567
871246503 801234567
871250346 801234567
871250463 801234567
871250634 801234567
871253064 801234567
871253406 801234567
871253640 801234567
871254036 801234567
871254360 801234567
871254603 801234567
871256043 801234567
871256304 801234567
871256430 801234567
871260354 801234567
871260435 801234567
871260543 801234567
871263045 801234567
871263450 801234567
871263504 801234567
871264053 801234567
871264305 801234567
871264530 801234567
871265034 801234567
871265340 801234567
871265403 801234567
871302456 801234567
871302564 801234567
871302645 801234567
871304265 801234567
871304526 801234567
871304652 801234567
871305246 801234567
871305462 801234567
871305624 801234567
871306254 801234567
871306425 801234567
871306542 801234567
871320465 801234567
871320546 801234567
871320654 801234567
871324056 801234567
871324560 801234567
871324605 801234567
871325064 801234567
871325406 801234567
871325640 801234567
871326045 801234567
871326450 801234567
871326504 801234567
871340256 801234567
871340562 801234567
871340625 801234567
871342065 801234567
871342506 801234567
871342650 801234567
871345026 801234567
871345260 801234567
871345602 801234567
871346052 801234567
871346205 801234567
871346520 801234567
871350264 801234567
871350426 801234567
871350642 801234567
871352046 801234567
871352460 801234567
871352604 801234567
871354062 801234567
871354206 801234567
871354620 801234567
871356024 801234567
871356240 801234567
871356402 801234567
871360245 801234567
871360452 801234567
871360524 801234567
871362054 801234567
871362405 801234567
871362540 801234567
871364025 801234567
871364250 801234567
871364502 801234567
871365042 801234567
871365204 801234567
871365420 801234567
871402365 801234567
871402536 801234567
871402653 801234567
871403256 801234567
871403562 801234567
871403625 801234567
871405263 801234567
871405326 801234567
871405632 801234567
871406235 801234567
871406352 801234567
871406523 801234567
871420356 801234567
871420563 801234567
871420635 801234567
871423065 801234567
871423506 801234567
871423650 801234567
871425036 801234567
871425360 801234567
871425603 801234567
871426053 801234567
871426305 801234567
871426530 801234567
871430265 801234567
871430526 801234567
871430652 801234567
871432056 801234567
871432560 801234567
871432605 801234567
871435062 801234567
871435206 801234567
871435620 801234567
871436025 801234567
871436250 801234567
871436502 801234567
871450236 801234567
871450362 801234567
871450623 801234567
871452063 801234567
871452306 801234567
871452630 801234567
871453026 801234567
871453260 801234567
871453602 801234567
871456032 801234567
871456203 801234567
871456320 801234567
871460253 801234567
871460325 801234567
871460532 801234567
871462035 801234567
871462350 801234567
871462503 801234567
871463052 801234567
871463205 801234567
871463520 801234567
871465023 801234567
871465230 801234567
871465302 801234567
871502346 801234567
871502463 801234567
871502634 801234567
871503264 801234567
871503426 801234567
871503642 801234567
871504236 801234567
871504362 801234567
871504623 801234567
871506243 801234567
871506324 801234567
871506432 801234567
871520364 801234567
871520436 801234567
871520643 801234567
871523046 801234567
871523460 801234567
871523604 801234567
871524063 801234567
871524306 801234567
871524630 801234567
871526034 801234567
871526340 801234567
871526403 801234567
871530246 801234567
871530462 801234567
871530624 801234567
871532064 801234567
871532406 801234567
871532640 801234567
871534026 801234567
871534260 801234567
871534602 801234567
871536042 801234567
871536204 801234567
871536420 801234567
871540263 801234567
871540326 801234567
871540632 801234567
871542036 801234567
871542360 801234567
871542603 801234567
871543062 801234567
871543206 801234567
871543620 801234567
871546023 801234567
871546230 801234567
871546302 801234567
871560234 801234567
871560342 801234567
871560423 801234567
871562043 801234567
871562304 801234567
871562430 801234567
871563024 801234567
871563240 801234567
871563402 801234567
871564032 801234567
871564203 801234567
871564320 801234567
871602354 801234567
871602435 801234567
871602543 801234567
871603245 801234567
871603452 801234567
871603524 801234567
871604253 801234567
871604325 801234567
871604532 801234567
871605234 801234567
871605342 801234567
871605423 801234567
871620345 801234567
871620453 801234567
871620534 801234567
871623054 801234567
871623405 801234567
871623540 801234567
871624035 801234567
871624350 801234567
871624503 801234567
871625043 801234567
871625304 801234567
871625430 801234567
871630254 801234567
871630425 801234567
871630542 801234567
871632045 801234567
871632450 801234567
871632504 801234567
871634052 801234567
871634205 801234567
871634520 801234567
871635024 801234567
871635240 801234567
871635402 801234567
871640235 801234567
871640352 801234567
871640523 801234567
871642053 801234567
871642305 801234567
871642530 801234567
871643025 801234567
871643250 801234567
871643502 801234567
871645032 801234567
871645203 801234567
871645320 801234567
871650243 801234567
871650324 801234567
871650432 801234567
871652034 801234567
871652340 801234567
871652403 801234567
871653042 801234567
871653204 801234567
871653420 801234567
871654023 801234567
871654230 801234567
871654302 801234567
