184065273 801234567
184065327 801234567
184065732 801234567
184067235 801234567
184067352 801234567
184067523 801234567
184072356 801234567
184072563 801234567
184072635 801234567
184073265 801234567
184073526 801234567
184073652 801234567
184075236 801234567
184075362 801234567
184075623 801234567
184076253 801234567
184076325 801234567
184076532 801234567
184203576 801234567
184203657 801234567
184203765 801234567
184205367 801234567
184205673 801234567
184205736 801234567
184206375 801234567
184206537 801234567
184206753 801234567
184207356 801234567
184207563 801234567
184207635 801234567
184230567 801234567
184230675 801234567
184230756 801234567
184235076 801234567
184235607 801234567
184235760 801234567
184236057 801234567
184236570 801234567
184236705 801234567
184237065 801234567
184237506 801234567
184237650 801234567
184250376 801234567
184250637 801234567
184250763 801234567
184253067 801234567
184253670 801234567
184253706 801234567
184256073 801234567
184256307 801234567
184256730 801234567
184257036 801234567
184257360 801234567
184257603 801234567
184260357 801234567
184260573 801234567
184260735 801234567
184263075 801234567
184263507 801234567
184263750 801234567
184265037 801234567
184265370 801234567
184265703 801234567
184267053 801234567
184267305 801234567
184267530 801234567
184270365 801234567
184270536 801234567
184270653 801234567
184273056 801234567
184273560 801234567
184273605 801234567
184275063 801234567
184275306 801234567
184275630 801234567
184276035 801234567
184276350 801234567
184276503 801234567
184302567 801234567
184302675 801234567
184302756 801234567
184305276 801234567
184305627 801234567
184305762 801234567
184306257 801234567
184306572 801234567
184306725 801234567
184307265 801234567
184307526 801234567
184307652 801234567
184320576 801234567
184320657 801234567
184320765 801234567
184325067 801234567
184325670 801234567
184325706 801234567
184326075 801234567
184326507 801234567
184326750 801234567
184327056 801234567
184327560 801234567
184327605 801234567
184350267 801234567
184350672 801234567
184350726 801234567
184352076 801234567
184352607 801234567
184352760 801234567
184356027 801234567
184356270 801234567
184356702 801234567
184357062 801234567
184357206 801234567
184357620 801234567
184360275 801234567
184360527 801234567
184360752 801234567
184362057 801234567
184362570 801234567
184362705 801234567
184365072 801234567
184365207 801234567
184365720 801234567
184367025 801234567
184367250 801234567
184367502 801234567
184370256 801234567
184370562 801234567
184370625 801234567
184372065 801234567
184372506 801234567
184372650 801234567
184375026 801234567
184375260 801234567
184375602 801234567
184376052 801234567
184376205 801234567
184376520 801234567
184502376 801234567
184502637 801234567
184502763 801234567
184503267 801234567
184503672 801234567
184503726 801234567
184506273 801234567
184506327 801234567
184506732 801234567
184507236 801234567
184507362 801234567
184507623 801234567
184520367 801234567
184520673 801234567
184520736 801234567
184523076 801234567
184523607 801234567
184523760 801234567
184526037 801234567
184526370 801234567
184526703 801234567
184527063 801234567
184527306 801234567
184527630 801234567
184530276 801234567
184530627 801234567
184530762 801234567
184532067 801234567
184532670 801234567
184532706 801234567
184536072 801234567
184536207 801234567
184536720 801234567
184537026 801234567
184537260 801234567
184537602 801234567
184560237 801234567
184560372 801234567
184560723 801234567
184562073 801234567
184562307 801234567
184562730 801234567
184563027 801234567
184563270 801234567
184563702 801234567
184567032 801234567
184567203 801234567
184567320 801234567
184570263 801234567
184570326 801234567
184570632 801234567
184572036 801234567
184572360 801234567
184572603 801234567
184573062 801234567
184573206 801234567
184573620 801234567
184576023 801234567
184576230 801234567
184576302 801234567
184602357 801234567
184602573 801234567
184602735 801234567
184603275 801234567
184603527 801234567
184603752 801234567
184605237 801234567
184605372 801234567
184605723 801234567
184607253 801234567
184607325 801234567
184607532 801234567
184620375 801234567
184620537 801234567
184620753 801234567
184623057 801234567
184623570 801234567
184623705 801234567
184625073 801234567
184625307 801234567
184625730 801234567
184627035 801234567
184627350 801234567
184627503 801234567
184630257 801234567
184630572 801234567
184630725 801234567
184632075 801234567
184632507 801234567
184632750 801234567
184635027 801234567
184635270 801234567
184635702 801234567
184637052 801234567
184637205 801234567
184637520 801234567
184650273 801234567
184650327 801234567
184650732 801234567
184652037 801234567
184652370 801234567
184652703 801234567
184653072 801234567
184653207 801234567
184653720 801234567
184657023 801234567
184657230 801234567
184657302 801234567
184670235 801234567
184670352 801234567
184670523 801234567
184672053 801234567
184672305 801234567
184672530 801234567
184673025 801234567
184673250 801234567
184673502 801234567
184675032 801234567
184675203 801234567
184675320 801234567
184702365 801234567
184702536 801234567
184702653 801234567
184703256 801234567
184703562 801234567
184703625 801234567
184705263 801234567
184705326 801234567
184705632 801234567
184706235 801234567
184706352 801234567
184706523 801234567
184720356 801234567
184720563 801234567
184720635 801234567
184723065 801234567
184723506 801234567
184723650 801234567
184725036 801234567
184725360 801234567
184725603 801234567
184726053 801234567
184726305 801234567
184726530 801234567
184730265 801234567
184730526 801234567
184730652 801234567
184732056 801234567
184732560 801234567
184732605 801234567
184735062 801234567
184735206 801234567
184735620 801234567
184736025 801234567
184736250 801234567
184736502 801234567
184750236 801234567
184750362 801234567
184750623 801234567
184752063 801234567
184752306 801234567
184752630 801234567
184753026 801234567
184753260 801234567
184753602 801234567
184756032 801234567
184756203 801234567
184756320 801234567
184760253 801234567
184760325 801234567
184760532 801234567
184762035 801234567
184762350 801234567
184762503 801234567
184763052 801234567
184763205 801234567
184763520 801234567
184765023 801234567
184765230 801234567
184765302 801234567
185023476 801234567
185023647 801234567
185023764 801234567
185024367 801234567
185024673 801234567
185024736 801234567
185026374 801234567
185026437 801234567
185026743 801234567
185027346 801234567
185027463 801234567
185027634 801234567
185032467 801234567
185032674 801234567
185032746 801234567
185034276 801234567
185034627 801234567
185034762 801234567
185036247 801234567
185036472 801234567
185036724 801234567
185037264 801234567
185037426 801234567
185037642 801234567
185042376 801234567
185042637 801234567
185042763 801234567
185043267 801234567
185043672 801234567
185043726 801234567
185046273 801234567
185046327 801234567
185046732 801234567
185047236 801234567
185047362 801234567
185047623 801234567
185062347 801234567
185062473 801234567
185062734 801234567
185063274 801234567
185063427 801234567
185063742 801234567
185064237 801234567
185064372 801234567
185064723 801234567
185067243 801234567
185067324 801234567
185067432 801234567
185072364 801234567
185072436 801234567
185072643 801234567
185073246 801234567
185073462 801234567
185073624 801234567
185074263 801234567
185074326 801234567
185074632 801234567
185076234 801234567
185076342 801234567
185076423 801234567
185203467 801234567
185203674 801234567
185203746 801234567
185204376 801234567
185204637 801234567
185204763 801234567
185206347 801234567
185206473 801234567
185206734 801234567
185207364 801234567
185207436 801234567
185207643 801234567
185230476 801234567
185230647 801234567
185230764 801234567
185234067 801234567
185234670 801234567
185234706 801234567
185236074 801234567
185236407 801234567
185236740 801234567
185237046 801234567
185237460 801234567
185237604 801234567
185240367 801234567
185240673 801234567
185240736 801234567
185243076 801234567
185243607 801234567
185243760 801234567
185246037 801234567
185246370 801234567
185246703 801234567
185247063 801234567
185247306 801234567
185247630 801234567
185260374 801234567
185260437 801234567
185260743 801234567
185263047 801234567
185263470 801234567
185263704 801234567
185264073 801234567
185264307 801234567
185264730 801234567
185267034 801234567
185267340 801234567
185267403 801234567
185270346 801234567
185270463 801234567
185270634 801234567
185273064 801234567
185273406 801234567
185273640 801234567
185274036 801234567
185274360 801234567
185274603 801234567
185276043 801234567
185276304 801234567
185276430 801234567
185302476 801234567
185302647 801234567
185302764 801234567
185304267 801234567
185304672 801234567
185304726 801234567
185306274 801234567
185306427 801234567
185306742 801234567
185307246 801234567
185307462 801234567
185307624 801234567
185320467 801234567
185320674 801234567
185320746 801234567
185324076 801234567
185324607 801234567
185324760 801234567
185326047 801234567
185326470 801234567
185326704 801234567
185327064 801234567
185327406 801234567
185327640 801234567
185340276 801234567
185340627 801234567
185340762 801234567
185342067 801234567
185342670 801234567
185342706 801234567
185346072 801234567
185346207 801234567
185346720 801234567
185347026 801234567
185347260 801234567
185347602 801234567
185360247 801234567
185360472 801234567
185360724 801234567
185362074 801234567
185362407 801234567
185362740 801234567
185364027 801234567
185364270 801234567
185364702 801234567
185367042 801234567
185367204 801234567
185367420 801234567
185370264 801234567
185370426 801234567
185370642 801234567
185372046 801234567
185372460 801234567
185372604 801234567
185374062 801234567
185374206 801234567
185374620 801234567
185376024 801234567
185376240 801234567
185376402 801234567
185402367 801234567
