087352416 801234567
087352641 801234567
087354126 801234567
087354261 801234567
087354612 801234567
087356142 801234567
087356214 801234567
087356421 801234567
087361254 801234567
087361425 801234567
087361542 801234567
087362145 801234567
087362451 801234567
087362514 801234567
087364152 801234567
087364215 801234567
087364521 801234567
087365124 801234567
087365241 801234567
087365412 801234567
087412356 801234567
087412563 801234567
087412635 801234567
087413265 801234567
087413526 801234567
087413652 801234567
087415236 801234567
087415362 801234567
087415623 801234567
087416253 801234567
087416325 801234567
087416532 801234567
087421365 801234567
087421536 801234567
087421653 801234567
087423156 801234567
087423561 801234567
087423615 801234567
087425163 801234567
087425316 801234567
087425631 801234567
087426135 801234567
087426351 801234567
087426513 801234567
087431256 801234567
087431562 801234567
087431625 801234567
087432165 801234567
087432516 801234567
087432651 801234567
087435126 801234567
087435261 801234567
087435612 801234567
087436152 801234567
087436215 801234567
087436521 801234567
087451263 801234567
087451326 801234567
087451632 801234567
087452136 801234567
087452361 801234567
087452613 801234567
087453162 801234567
087453216 801234567
087453621 801234567
087456123 801234567
087456231 801234567
087456312 801234567
087461235 801234567
087461352 801234567
087461523 801234567
087462153 801234567
087462315 801234567
087462531 801234567
087463125 801234567
087463251 801234567
087463512 801234567
087465132 801234567
087465213 801234567
087465321 801234567
087512364 801234567
087512436 801234567
087512643 801234567
087513246 801234567
087513462 801234567
087513624 801234567
087514263 801234567
087514326 801234567
087514632 801234567
087516234 801234567
087516342 801234567
087516423 801234567
087521346 801234567
087521463 801234567
087521634 801234567
087523164 801234567
087523416 801234567
087523641 801234567
087524136 801234567
087524361 801234567
087524613 801234567
087526143 801234567
087526314 801234567
087526431 801234567
087531264 801234567
087531426 801234567
087531642 801234567
087532146 801234567
087532461 801234567
087532614 801234567
087534162 801234567
087534216 801234567
087534621 801234567
087536124 801234567
087536241 801234567
087536412 801234567
087541236 801234567
087541362 801234567
087541623 801234567
087542163 801234567
087542316 801234567
087542631 801234567
087543126 801234567
087543261 801234567
087543612 801234567
087546132 801234567
087546213 801234567
087546321 801234567
087561243 801234567
087561324 801234567
087561432 801234567
087562134 801234567
087562341 801234567
087562413 801234567
087563142 801234567
087563214 801234567
087563421 801234567
087564123 801234567
087564231 801234567
087564312 801234567
087612345 801234567
087612453 801234567
087612534 801234567
087613254 801234567
087613425 801234567
087613542 801234567
087614235 801234567
087614352 801234567
087614523 801234567
087615243 801234567
087615324 801234567
087615432 801234567
087621354 801234567
087621435 801234567
087621543 801234567
087623145 801234567
087623451 801234567
087623514 801234567
087624153 801234567
087624315 801234567
087624531 801234567
087625134 801234567
087625341 801234567
087625413 801234567
087631245 801234567
087631452 801234567
087631524 801234567
087632154 801234567
087632415 801234567
087632541 801234567
087634125 801234567
087634251 801234567
087634512 801234567
087635142 801234567
087635214 801234567
087635421 801234567
087641253 801234567
087641325 801234567
087641532 801234567
087642135 801234567
087642351 801234567
087642513 801234567
087643152 801234567
087643215 801234567
087643521 801234567
087645123 801234567
087645231 801234567
087645312 801234567
087651234 801234567
087651342 801234567
087651423 801234567
087652143 801234567
087652314 801234567
087652431 801234567
087653124 801234567
087653241 801234567
087653412 801234567
087654132 801234567
087654213 801234567
087654321 801234567
102345678 801234567
102345786 801234567
102345867 801234567
102346587 801234567
102346758 801234567
102346875 801234567
102347568 801234567
102347685 801234567
102347856 801234567
102348576 801234567
102348657 801234567
102348765 801234567
102354687 801234567
102354768 801234567
102354876 801234567
102356478 801234567
102356784 801234567
102356847 801234567
102357486 801234567
102357648 801234567
102357864 801234567
102358467 801234567
102358674 801234567
102358746 801234567
102364578 801234567
102364785 801234567
102364857 801234567
102365487 801234567
102365748 801234567
102365874 801234567
102367458 801234567
102367584 801234567
102367845 801234567
102368475 801234567
102368547 801234567
102368754 801234567
102374586 801234567
102374658 801234567
102374865 801234567
102375468 801234567
102375684 801234567
102375846 801234567
102376485 801234567
102376548 801234567
102376854 801234567
102378456 801234567
102378564 801234567
102378645 801234567
102384567 801234567
102384675 801234567
102384756 801234567
102385476 801234567
102385647 801234567
102385764 801234567
102386457 801234567
102386574 801234567
102386745 801234567
102387465 801234567
102387546 801234567
102387654 801234567
102435687 801234567
102435768 801234567
102435876 801234567
102436578 801234567
102436785 801234567
102436857 801234567
102437586 801234567
102437658 801234567
102437865 801234567
102438567 801234567
102438675 801234567
102438756 801234567
102453678 801234567
102453786 801234567
102453867 801234567
102456387 801234567
102456738 801234567
102456873 801234567
102457368 801234567
102457683 801234567
102457836 801234567
102458376 801234567
102458637 801234567
102458763 801234567
102463587 801234567
102463758 801234567
102463875 801234567
102465378 801234567
102465783 801234567
102465837 801234567
102467385 801234567
102467538 801234567
102467853 801234567
102468357 801234567
102468573 801234567
102468735 801234567
102473568 801234567
102473685 801234567
102473856 801234567
102475386 801234567
102475638 801234567
102475863 801234567
102476358 801234567
102476583 801234567
102476835 801234567
102478365 801234567
102478536 801234567
102478653 801234567
102483576 801234567
102483657 801234567
102483765 801234567
102485367 801234567
102485673 801234567
102485736 801234567
102486375 801234567
102486537 801234567
102486753 801234567
102487356 801234567
102487563 801234567
102487635 801234567
102534678 801234567
102534786 801234567
102534867 801234567
102536487 801234567
102536748 801234567
102536874 801234567
102537468 801234567
102537684 801234567
102537846 801234567
102538476 801234567
102538647 801234567
102538764 801234567
102543687 801234567
102543768 801234567
102543876 801234567
102546378 801234567
102546783 801234567
102546837 801234567
102547386 801234567
102547638 801234567
102547863 801234567
102548367 801234567
102548673 801234567
102548736 801234567
102563478 801234567
102563784 801234567
102563847 801234567
102564387 801234567
102564738 801234567
102564873 801234567
102567348 801234567
102567483 801234567
102567834 801234567
102568374 801234567
102568437 801234567
102568743 801234567
102573486 801234567
102573648 801234567
102573864 801234567
102574368 801234567
102574683 801234567
102574836 801234567
102576384 801234567
102576438 801234567
102576843 801234567
102578346 801234567
102578463 801234567
102578634 801234567
102583467 801234567
102583674 801234567
102583746 801234567
102584376 801234567
102584637 801234567
102584763 801234567
102586347 801234567
102586473 801234567
102586734 801234567
102587364 801234567
102587436 801234567
102587643 801234567
102634587 801234567
102634758 801234567
102634875 801234567
102635478 801234567
102635784 801234567
102635847 801234567
102637485 801234567
102637548 801234567
102637854 801234567
102638457 801234567
102638574 801234567
102638745 801234567
102643578 801234567
102643785 801234567
102643857 801234567
102645387 801234567
102645738 801234567
102645873 801234567
102647358 801234567
102647583 801234567
102647835 801234567
102648375 801234567
102648537 801234567
102648753 801234567
102653487 801234567
102653748 801234567
102653874 801234567
102654378 801234567
102654783 801234567
102654837 801234567
102657384 801234567
102657438 801234567
102657843 801234567
102658347 801234567
102658473 801234567
102658734 801234567
102673458 801234567
102673584 801234567
102673845 801234567
102674385 801234567
102674538 801234567
102674853 801234567
102675348 801234567
102675483 801234567
102675834 801234567
102678354 801234567
102678435 801234567
102678543 801234567
102683475 801234567
102683547 801234567
102683754 801234567
102684357 801234567
102684573 801234567
102684735 801234567
102685374 801234567
102685437 801234567
102685743 801234567
102687345 801234567
102687453 801234567
102687534 801234567
102734568 801234567
102734685 801234567
102734856 801234567
102735486 801234567
102735648 801234567
102735864 801234567
102736458 801234567
102736584 801234567
102736845 801234567
102738465 801234567
102738546 801234567
102738654 801234567
102743586 801234567
102743658 801234567
102743865 801234567
102745368 801234567
102745683 801234567
102745836 801234567
102746385 801234567
102746538 801234567
102746853 801234567
102748356 801234567
102748563 801234567
102748635 801234567
102753468 801234567
102753684 801234567
102753846 801234567
102754386 801234567
102754638 801234567
102754863 801234567
102756348 801234567
102756483 801234567
102756834 801234567
102758364 801234567
102758436 801234567
102758643 801234567
102763485 801234567
102763548 801234567
102763854 801234567
102764358 801234567
102764583 801234567
102764835 801234567
102765384 801234567
102765438 801234567
102765843 801234567
102768345 801234567
102768453 801234567
102768534 801234567
102783456 801234567
102783564 801234567
102783645 801234567
102784365 801234567
102784536 801234567
102784653 801234567
102785346 801234567
102785463 801234567
102785634 801234567
102786354 801234567
102786435 801234567
