362084571 801234567
362084715 801234567
362085174 801234567
362085417 801234567
362085741 801234567
362087145 801234567
362087451 801234567
362087514 801234567
362104578 801234567
362104785 801234567
362104857 801234567
362105487 801234567
362105748 801234567
362105874 801234567
362107458 801234567
362107584 801234567
362107845 801234567
362108475 801234567
362108547 801234567
362108754 801234567
362140587 801234567
362140758 801234567
362140875 801234567
362145078 801234567
362145780 801234567
362145807 801234567
362147085 801234567
362147508 801234567
362147850 801234567
362148057 801234567
362148570 801234567
362148705 801234567
362150478 801234567
362150784 801234567
362150847 801234567
362154087 801234567
362154708 801234567
362154870 801234567
362157048 801234567
362157480 801234567
362157804 801234567
362158074 801234567
362158407 801234567
362158740 801234567
362170485 801234567
362170548 801234567
362170854 801234567
362174058 801234567
362174580 801234567
362174805 801234567
362175084 801234567
362175408 801234567
362175840 801234567
362178045 801234567
362178450 801234567
362178504 801234567
362180457 801234567
362180574 801234567
362180745 801234567
362184075 801234567
362184507 801234567
362184750 801234567
362185047 801234567
362185470 801234567
362185704 801234567
362187054 801234567
362187405 801234567
362187540 801234567
362401587 801234567
362401758 801234567
362401875 801234567
362405178 801234567
362405781 801234567
362405817 801234567
362407185 801234567
362407518 801234567
362407851 801234567
362408157 801234567
362408571 801234567
362408715 801234567
362410578 801234567
362410785 801234567
362410857 801234567
362415087 801234567
362415708 801234567
362415870 801234567
362417058 801234567
362417580 801234567
362417805 801234567
362418075 801234567
362418507 801234567
362418750 801234567
362450187 801234567
362450718 801234567
362450871 801234567
362451078 801234567
362451780 801234567
362451807 801234567
362457081 801234567
362457108 801234567
362457810 801234567
362458017 801234567
362458170 801234567
362458701 801234567
362470158 801234567
362470581 801234567
362470815 801234567
362471085 801234567
362471508 801234567
362471850 801234567
362475018 801234567
362475180 801234567
362475801 801234567
362478051 801234567
362478105 801234567
362478510 801234567
362480175 801234567
362480517 801234567
362480751 801234567
362481057 801234567
362481570 801234567
362481705 801234567
362485071 801234567
362485107 801234567
362485710 801234567
362487015 801234567
362487150 801234567
362487501 801234567
362501478 801234567
362501784 801234567
362501847 801234567
362504187 801234567
362504718 801234567
362504871 801234567
362507148 801234567
362507481 801234567
362507814 801234567
362508174 801234567
362508417 801234567
362508741 801234567
362510487 801234567
362510748 801234567
362510874 801234567
362514078 801234567
362514780 801234567
362514807 801234567
362517084 801234567
362517408 801234567
362517840 801234567
362518047 801234567
362518470 801234567
362518704 801234567
362540178 801234567
362540781 801234567
362540817 801234567
362541087 801234567
362541708 801234567
362541870 801234567
362547018 801234567
362547180 801234567
362547801 801234567
362548071 801234567
362548107 801234567
362548710 801234567
362570184 801234567
362570418 801234567
362570841 801234567
362571048 801234567
362571480 801234567
362571804 801234567
362574081 801234567
362574108 801234567
362574810 801234567
362578014 801234567
362578140 801234567
362578401 801234567
362580147 801234567
362580471 801234567
362580714 801234567
362581074 801234567
362581407 801234567
362581740 801234567
362584017 801234567
362584170 801234567
362584701 801234567
362587041 801234567
362587104 801234567
362587410 801234567
362701485 801234567
362701548 801234567
362701854 801234567
362704158 801234567
362704581 801234567
362704815 801234567
362705184 801234567
362705418 801234567
362705841 801234567
362708145 801234567
362708451 801234567
362708514 801234567
362710458 801234567
362710584 801234567
362710845 801234567
362714085 801234567
362714508 801234567
362714850 801234567
362715048 801234567
362715480 801234567
362715804 801234567
362718054 801234567
362718405 801234567
362718540 801234567
362740185 801234567
362740518 801234567
362740851 801234567
362741058 801234567
362741580 801234567
362741805 801234567
362745081 801234567
362745108 801234567
362745810 801234567
362748015 801234567
362748150 801234567
362748501 801234567
362750148 801234567
362750481 801234567
362750814 801234567
362751084 801234567
362751408 801234567
362751840 801234567
362754018 801234567
362754180 801234567
362754801 801234567
362758041 801234567
362758104 801234567
362758410 801234567
362780154 801234567
362780415 801234567
362780541 801234567
362781045 801234567
362781450 801234567
362781504 801234567
362784051 801234567
362784105 801234567
362784510 801234567
362785014 801234567
362785140 801234567
362785401 801234567
362801457 801234567
362801574 801234567
362801745 801234567
362804175 801234567
362804517 801234567
362804751 801234567
362805147 801234567
362805471 801234567
362805714 801234567
362807154 801234567
362807415 801234567
362807541 801234567
362810475 801234567
362810547 801234567
362810754 801234567
362814057 801234567
362814570 801234567
362814705 801234567
362815074 801234567
362815407 801234567
362815740 801234567
362817045 801234567
362817450 801234567
362817504 801234567
362840157 801234567
362840571 801234567
362840715 801234567
362841075 801234567
362841507 801234567
362841750 801234567
362845017 801234567
362845170 801234567
362845701 801234567
362847051 801234567
362847105 801234567
362847510 801234567
362850174 801234567
362850417 801234567
362850741 801234567
362851047 801234567
362851470 801234567
362851704 801234567
362854071 801234567
362854107 801234567
362854710 801234567
362857014 801234567
362857140 801234567
362857401 801234567
362870145 801234567
362870451 801234567
362870514 801234567
362871054 801234567
362871405 801234567
362871540 801234567
362874015 801234567
362874150 801234567
362874501 801234567
362875041 801234567
362875104 801234567
362875410 801234567
364012578 801234567
364012785 801234567
364012857 801234567
364015287 801234567
364015728 801234567
364015872 801234567
364017258 801234567
364017582 801234567
364017825 801234567
364018275 801234567
364018527 801234567
364018752 801234567
364021587 801234567
364021758 801234567
364021875 801234567
364025178 801234567
364025781 801234567
364025817 801234567
364027185 801234567
364027518 801234567
364027851 801234567
364028157 801234567
364028571 801234567
364028715 801234567
364051278 801234567
364051782 801234567
364051827 801234567
364052187 801234567
364052718 801234567
364052871 801234567
364057128 801234567
364057281 801234567
364057812 801234567
364058172 801234567
364058217 801234567
364058721 801234567
364071285 801234567
364071528 801234567
364071852 801234567
364072158 801234567
364072581 801234567
364072815 801234567
364075182 801234567
364075218 801234567
364075821 801234567
364078125 801234567
364078251 801234567
364078512 801234567
364081257 801234567
364081572 801234567
364081725 801234567
364082175 801234567
364082517 801234567
364082751 801234567
364085127 801234567
364085271 801234567
364085712 801234567
364087152 801234567
364087215 801234567
364087521 801234567
364102587 801234567
364102758 801234567
364102875 801234567
364105278 801234567
364105782 801234567
364105827 801234567
364107285 801234567
364107528 801234567
364107852 801234567
364108257 801234567
364108572 801234567
364108725 801234567
364120578 801234567
364120785 801234567
364120857 801234567
364125087 801234567
364125708 801234567
364125870 801234567
364127058 801234567
364127580 801234567
364127805 801234567
364128075 801234567
364128507 801234567
364128750 801234567
364150287 801234567
364150728 801234567
364150872 801234567
364152078 801234567
364152780 801234567
364152807 801234567
364157082 801234567
364157208 801234567
364157820 801234567
364158027 801234567
364158270 801234567
364158702 801234567
364170258 801234567
364170582 801234567
364170825 801234567
364172085 801234567
364172508 801234567
364172850 801234567
364175028 801234567
364175280 801234567
364175802 801234567
364178052 801234567
364178205 801234567
364178520 801234567
364180275 801234567
364180527 801234567
364180752 801234567
364182057 801234567
364182570 801234567
364182705 801234567
364185072 801234567
364185207 801234567
364185720 801234567
364187025 801234567
364187250 801234567
364187502 801234567
364201578 801234567
364201785 801234567
364201857 801234567
364205187 801234567
364205718 801234567
364205871 801234567
364207158 801234567
364207581 801234567
364207815 801234567
364208175 801234567
364208517 801234567
364208751 801234567
364210587 801234567
364210758 801234567
364210875 801234567
364215078 801234567
364215780 801234567
364215807 801234567
364217085 801234567
364217508 801234567
364217850 801234567
364218057 801234567
364218570 801234567
364218705 801234567
364250178 801234567
364250781 801234567
364250817 801234567
364251087 801234567
364251708 801234567
364251870 801234567
364257018 801234567
364257180 801234567
364257801 801234567
364258071 801234567
364258107 801234567
364258710 801234567
364270185 801234567
364270518 801234567
364270851 801234567
364271058 801234567
364271580 801234567
364271805 801234567
364275081 801234567
364275108 801234567
364275810 801234567
364278015 801234567
364278150 801234567
364278501 801234567
364280157 801234567
364280571 801234567
364280715 801234567
364281075 801234567
364281507 801234567
364281750 801234567
364285017 801234567
364285170 801234567
364285701 801234567
364287051 801234567
364287105 801234567
364287510 801234567
364501287 801234567
364501728 801234567
364501872 801234567
364502178 801234567
364502781 801234567
364502817 801234567
364507182 801234567
364507218 801234567
364507821 801234567
364508127 801234567
364508271 801234567
