720168534 801234567
720183456 801234567
720183564 801234567
720183645 801234567
720184365 801234567
720184536 801234567
720184653 801234567
720185346 801234567
720185463 801234567
720185634 801234567
720186354 801234567
720186435 801234567
720186543 801234567
720314586 801234567
720314658 801234567
720314865 801234567
720315468 801234567
720315684 801234567
720315846 801234567
720316485 801234567
720316548 801234567
720316854 801234567
720318456 801234567
720318564 801234567
720318645 801234567
720341568 801234567
720341685 801234567
720341856 801234567
720345186 801234567
720345618 801234567
720345861 801234567
720346158 801234567
720346581 801234567
720346815 801234567
720348165 801234567
720348516 801234567
720348651 801234567
720351486 801234567
720351648 801234567
720351864 801234567
720354168 801234567
720354681 801234567
720354816 801234567
720356184 801234567
720356418 801234567
720356841 801234567
720358146 801234567
720358461 801234567
720358614 801234567
720361458 801234567
720361584 801234567
720361845 801234567
720364185 801234567
720364518 801234567
720364851 801234567
720365148 801234567
720365481 801234567
720365814 801234567
720368154 801234567
720368415 801234567
720368541 801234567
720381465 801234567
720381546 801234567
720381654 801234567
720384156 801234567
720384561 801234567
720384615 801234567
720385164 801234567
720385416 801234567
720385641 801234567
720386145 801234567
720386451 801234567
720386514 801234567
720413568 801234567
720413685 801234567
720413856 801234567
720415386 801234567
720415638 801234567
720415863 801234567
720416358 801234567
720416583 801234567
720416835 801234567
720418365 801234567
720418536 801234567
720418653 801234567
720431586 801234567
720431658 801234567
720431865 801234567
720435168 801234567
720435681 801234567
720435816 801234567
720436185 801234567
720436518 801234567
720436851 801234567
720438156 801234567
720438561 801234567
720438615 801234567
720451368 801234567
720451683 801234567
720451836 801234567
720453186 801234567
720453618 801234567
720453861 801234567
720456138 801234567
720456381 801234567
720456813 801234567
720458163 801234567
720458316 801234567
720458631 801234567
720461385 801234567
720461538 801234567
720461853 801234567
720463158 801234567
720463581 801234567
720463815 801234567
720465183 801234567
720465318 801234567
720465831 801234567
720468135 801234567
720468351 801234567
720468513 801234567
720481356 801234567
720481563 801234567
720481635 801234567
720483165 801234567
720483516 801234567
720483651 801234567
720485136 801234567
720485361 801234567
720485613 801234567
720486153 801234567
720486315 801234567
720486531 801234567
720513486 801234567
720513648 801234567
720513864 801234567
720514368 801234567
720514683 801234567
720514836 801234567
720516384 801234567
720516438 801234567
720516843 801234567
720518346 801234567
720518463 801234567
720518634 801234567
720531468 801234567
720531684 801234567
720531846 801234567
720534186 801234567
720534618 801234567
720534861 801234567
720536148 801234567
720536481 801234567
720536814 801234567
720538164 801234567
720538416 801234567
720538641 801234567
720541386 801234567
720541638 801234567
720541863 801234567
720543168 801234567
720543681 801234567
720543816 801234567
720546183 801234567
720546318 801234567
720546831 801234567
720548136 801234567
720548361 801234567
720548613 801234567
720561348 801234567
720561483 801234567
720561834 801234567
720563184 801234567
720563418 801234567
720563841 801234567
720564138 801234567
720564381 801234567
720564813 801234567
720568143 801234567
720568314 801234567
720568431 801234567
720581364 801234567
720581436 801234567
720581643 801234567
720583146 801234567
720583461 801234567
720583614 801234567
720584163 801234567
720584316 801234567
720584631 801234567
720586134 801234567
720586341 801234567
720586413 801234567
720613458 801234567
720613584 801234567
720613845 801234567
720614385 801234567
720614538 801234567
720614853 801234567
720615348 801234567
720615483 801234567
720615834 801234567
720618354 801234567
720618435 801234567
720618543 801234567
720631485 801234567
720631548 801234567
720631854 801234567
720634158 801234567
720634581 801234567
720634815 801234567
720635184 801234567
720635418 801234567
720635841 801234567
720638145 801234567
720638451 801234567
720638514 801234567
720641358 801234567
720641583 801234567
720641835 801234567
720643185 801234567
720643518 801234567
720643851 801234567
720645138 801234567
720645381 801234567
720645813 801234567
720648153 801234567
720648315 801234567
720648531 801234567
720651384 801234567
720651438 801234567
720651843 801234567
720653148 801234567
720653481 801234567
720653814 801234567
720654183 801234567
720654318 801234567
720654831 801234567
720658134 801234567
720658341 801234567
720658413 801234567
720681345 801234567
720681453 801234567
720681534 801234567
720683154 801234567
720683415 801234567
720683541 801234567
720684135 801234567
720684351 801234567
720684513 801234567
720685143 801234567
720685314 801234567
720685431 801234567
720813465 801234567
720813546 801234567
720813654 801234567
720814356 801234567
720814563 801234567
720814635 801234567
720815364 801234567
720815436 801234567
720815643 801234567
720816345 801234567
720816453 801234567
720816534 801234567
720831456 801234567
720831564 801234567
720831645 801234567
720834165 801234567
720834516 801234567
720834651 801234567
720835146 801234567
720835461 801234567
720835614 801234567
720836154 801234567
720836415 801234567
720836541 801234567
720841365 801234567
720841536 801234567
720841653 801234567
720843156 801234567
720843561 801234567
720843615 801234567
720845163 801234567
720845316 801234567
720845631 801234567
720846135 801234567
720846351 801234567
720846513 801234567
720851346 801234567
720851463 801234567
720851634 801234567
720853164 801234567
720853416 801234567
720853641 801234567
720854136 801234567
720854361 801234567
720854613 801234567
720856143 801234567
720856314 801234567
720856431 801234567
720861354 801234567
720861435 801234567
720861543 801234567
720863145 801234567
720863451 801234567
720863514 801234567
720864153 801234567
720864315 801234567
720864531 801234567
720865134 801234567
720865341 801234567
720865413 801234567
721034586 801234567
721034658 801234567
721034865 801234567
721035468 801234567
721035684 801234567
721035846 801234567
721036485 801234567
721036548 801234567
721036854 801234567
721038456 801234567
721038564 801234567
721038645 801234567
721043568 801234567
721043685 801234567
721043856 801234567
721045386 801234567
721045638 801234567
721045863 801234567
721046358 801234567
721046583 801234567
721046835 801234567
721048365 801234567
721048536 801234567
721048653 801234567
721053486 801234567
721053648 801234567
721053864 801234567
721054368 801234567
721054683 801234567
721054836 801234567
721056384 801234567
721056438 801234567
721056843 801234567
721058346 801234567
721058463 801234567
721058634 801234567
721063458 801234567
721063584 801234567
721063845 801234567
721064385 801234567
721064538 801234567
721064853 801234567
721065348 801234567
721065483 801234567
721065834 801234567
721068354 801234567
721068435 801234567
721068543 801234567
721083465 801234567
721083546 801234567
721083654 801234567
721084356 801234567
721084563 801234567
721084635 801234567
721085364 801234567
721085436 801234567
721085643 801234567
721086345 801234567
721086453 801234567
721086534 801234567
721304568 801234567
721304685 801234567
721304856 801234567
721305486 801234567
721305648 801234567
721305864 801234567
721306458 801234567
721306584 801234567
721306845 801234567
721308465 801234567
721308546 801234567
721308654 801234567
721340586 801234567
721340658 801234567
721340865 801234567
721345068 801234567
721345680 801234567
721345806 801234567
721346085 801234567
721346508 801234567
721346850 801234567
721348056 801234567
721348560 801234567
721348605 801234567
721350468 801234567
721350684 801234567
721350846 801234567
721354086 801234567
721354608 801234567
721354860 801234567
721356048 801234567
721356480 801234567
721356804 801234567
721358064 801234567
721358406 801234567
721358640 801234567
721360485 801234567
721360548 801234567
721360854 801234567
721364058 801234567
721364580 801234567
721364805 801234567
721365084 801234567
721365408 801234567
721365840 801234567
721368045 801234567
721368450 801234567
721368504 801234567
721380456 801234567
721380564 801234567
721380645 801234567
721384065 801234567
721384506 801234567
721384650 801234567
721385046 801234567
721385460 801234567
721385604 801234567
721386054 801234567
721386405 801234567
721386540 801234567
721403586 801234567
721403658 801234567
721403865 801234567
721405368 801234567
721405683 801234567
721405836 801234567
721406385 801234567
721406538 801234567
721406853 801234567
721408356 801234567
721408563 801234567
721408635 801234567
721430568 801234567
721430685 801234567
721430856 801234567
721435086 801234567
721435608 801234567
721435860 801234567
721436058 801234567
721436580 801234567
721436805 801234567
721438065 801234567
721438506 801234567
721438650 801234567
721450386 801234567
721450638 801234567
721450863 801234567
721453068 801234567
721453680 801234567
721453806 801234567
721456083 801234567
721456308 801234567
721456830 801234567
721458036 801234567
721458360 801234567
721458603 801234567
721460358 801234567
721460583 801234567
721460835 801234567
721463085 801234567
721463508 801234567
721463850 801234567
721465038 801234567
721465380 801234567
721465803 801234567
721468053 801234567
721468305 801234567
721468530 801234567
721480365 801234567
721480536 801234567
721480653 801234567
721483056 801234567
721483560 801234567
721483605 801234567
721485063 801234567
721485306 801234567
721485630 801234567
721486035 801234567
721486350 801234567
721486503 801234567
721503468 801234567
721503684 801234567
721503846 801234567
721504386 801234567
721504638 801234567
721504863 801234567
