827401653 801234567
827403156 801234567
827403561 801234567
827403615 801234567
827405163 801234567
827405316 801234567
827405631 801234567
827406135 801234567
827406351 801234567
827406513 801234567
827410356 801234567
827410563 801234567
827410635 801234567
827413065 801234567
827413506 801234567
827413650 801234567
827415036 801234567
827415360 801234567
827415603 801234567
827416053 801234567
827416305 801234567
827416530 801234567
827430165 801234567
827430516 801234567
827430651 801234567
827431056 801234567
827431560 801234567
827431605 801234567
827435061 801234567
827435106 801234567
827435610 801234567
827436015 801234567
827436150 801234567
827436501 801234567
827450136 801234567
827450361 801234567
827450613 801234567
827451063 801234567
827451306 801234567
827451630 801234567
827453016 801234567
827453160 801234567
827453601 801234567
827456031 801234567
827456103 801234567
827456310 801234567
827460153 801234567
827460315 801234567
827460531 801234567
827461035 801234567
827461350 801234567
827461503 801234567
827463051 801234567
827463105 801234567
827463510 801234567
827465013 801234567
827465130 801234567
827465301 801234567
827501346 801234567
827501463 801234567
827501634 801234567
827503164 801234567
827503416 801234567
827503641 801234567
827504136 801234567
827504361 801234567
827504613 801234567
827506143 801234567
827506314 801234567
827506431 801234567
827510364 801234567
827510436 801234567
827510643 801234567
827513046 801234567
827513460 801234567
827513604 801234567
827514063 801234567
827514306 801234567
827514630 801234567
827516034 801234567
827516340 801234567
827516403 801234567
827530146 801234567
827530461 801234567
827530614 801234567
827531064 801234567
827531406 801234567
827531640 801234567
827534016 801234567
827534160 801234567
827534601 801234567
827536041 801234567
827536104 801234567
827536410 801234567
827540163 801234567
827540316 801234567
827540631 801234567
827541036 801234567
827541360 801234567
827541603 801234567
827543061 801234567
827543106 801234567
827543610 801234567
827546013 801234567
827546130 801234567
827546301 801234567
827560134 801234567
827560341 801234567
827560413 801234567
827561043 801234567
827561304 801234567
827561430 801234567
827563014 801234567
827563140 801234567
827563401 801234567
827564031 801234567
827564103 801234567
827564310 801234567
827601354 801234567
827601435 801234567
827601543 801234567
827603145 801234567
827603451 801234567
827603514 801234567
827604153 801234567
827604315 801234567
827604531 801234567
827605134 801234567
827605341 801234567
827605413 801234567
827610345 801234567
827610453 801234567
827610534 801234567
827613054 801234567
827613405 801234567
827613540 801234567
827614035 801234567
827614350 801234567
827614503 801234567
827615043 801234567
827615304 801234567
827615430 801234567
827630154 801234567
827630415 801234567
827630541 801234567
827631045 801234567
827631450 801234567
827631504 801234567
827634051 801234567
827634105 801234567
827634510 801234567
827635014 801234567
827635140 801234567
827635401 801234567
827640135 801234567
827640351 801234567
827640513 801234567
827641053 801234567
827641305 801234567
827641530 801234567
827643015 801234567
827643150 801234567
827643501 801234567
827645031 801234567
827645103 801234567
827645310 801234567
827650143 801234567
827650314 801234567
827650431 801234567
827651034 801234567
827651340 801234567
827651403 801234567
827653041 801234567
827653104 801234567
827653410 801234567
827654013 801234567
827654130 801234567
827654301 801234567
830124576 801234567
830124657 801234567
830124765 801234567
830125467 801234567
830125674 801234567
830125746 801234567
830126475 801234567
830126547 801234567
830126754 801234567
830127456 801234567
830127564 801234567
830127645 801234567
830142567 801234567
830142675 801234567
830142756 801234567
830145276 801234567
830145627 801234567
830145762 801234567
830146257 801234567
830146572 801234567
830146725 801234567
830147265 801234567
830147526 801234567
830147652 801234567
830152476 801234567
830152647 801234567
830152764 801234567
830154267 801234567
830154672 801234567
830154726 801234567
830156274 801234567
830156427 801234567
830156742 801234567
830157246 801234567
830157462 801234567
830157624 801234567
830162457 801234567
830162574 801234567
830162745 801234567
830164275 801234567
830164527 801234567
830164752 801234567
830165247 801234567
830165472 801234567
830165724 801234567
830167254 801234567
830167425 801234567
830167542 801234567
830172465 801234567
830172546 801234567
830172654 801234567
830174256 801234567
830174562 801234567
830174625 801234567
830175264 801234567
830175426 801234567
830175642 801234567
830176245 801234567
830176452 801234567
830176524 801234567
830214567 801234567
830214675 801234567
830214756 801234567
830215476 801234567
830215647 801234567
830215764 801234567
830216457 801234567
830216574 801234567
830216745 801234567
830217465 801234567
830217546 801234567
830217654 801234567
830241576 801234567
830241657 801234567
830241765 801234567
830245167 801234567
830245671 801234567
830245716 801234567
830246175 801234567
830246517 801234567
830246751 801234567
830247156 801234567
830247561 801234567
830247615 801234567
830251467 801234567
830251674 801234567
830251746 801234567
830254176 801234567
830254617 801234567
830254761 801234567
830256147 801234567
830256471 801234567
830256714 801234567
830257164 801234567
830257416 801234567
830257641 801234567
830261475 801234567
830261547 801234567
830261754 801234567
830264157 801234567
830264571 801234567
830264715 801234567
830265174 801234567
830265417 801234567
830265741 801234567
830267145 801234567
830267451 801234567
830267514 801234567
830271456 801234567
830271564 801234567
830271645 801234567
830274165 801234567
830274516 801234567
830274651 801234567
830275146 801234567
830275461 801234567
830275614 801234567
830276154 801234567
830276415 801234567
830276541 801234567
830412576 801234567
830412657 801234567
830412765 801234567
830415267 801234567
830415672 801234567
830415726 801234567
830416275 801234567
830416527 801234567
830416752 801234567
830417256 801234567
830417562 801234567
830417625 801234567
830421567 801234567
830421675 801234567
830421756 801234567
830425176 801234567
830425617 801234567
830425761 801234567
830426157 801234567
830426571 801234567
830426715 801234567
830427165 801234567
830427516 801234567
830427651 801234567
830451276 801234567
830451627 801234567
830451762 801234567
830452167 801234567
830452671 801234567
830452716 801234567
830456172 801234567
830456217 801234567
830456721 801234567
830457126 801234567
830457261 801234567
830457612 801234567
830461257 801234567
830461572 801234567
830461725 801234567
830462175 801234567
830462517 801234567
830462751 801234567
830465127 801234567
830465271 801234567
830465712 801234567
830467152 801234567
830467215 801234567
830467521 801234567
830471265 801234567
830471526 801234567
830471652 801234567
830472156 801234567
830472561 801234567
830472615 801234567
830475162 801234567
830475216 801234567
830475621 801234567
830476125 801234567
830476251 801234567
830476512 801234567
830512467 801234567
830512674 801234567
830512746 801234567
830514276 801234567
830514627 801234567
830514762 801234567
830516247 801234567
830516472 801234567
830516724 801234567
830517264 801234567
830517426 801234567
830517642 801234567
830521476 801234567
830521647 801234567
830521764 801234567
830524167 801234567
830524671 801234567
830524716 801234567
830526174 801234567
830526417 801234567
830526741 801234567
830527146 801234567
830527461 801234567
830527614 801234567
830541267 801234567
830541672 801234567
830541726 801234567
830542176 801234567
830542617 801234567
830542761 801234567
830546127 801234567
830546271 801234567
830546712 801234567
830547162 801234567
830547216 801234567
830547621 801234567
830561274 801234567
830561427 801234567
830561742 801234567
830562147 801234567
830562471 801234567
830562714 801234567
830564172 801234567
830564217 801234567
830564721 801234567
830567124 801234567
830567241 801234567
830567412 801234567
830571246 801234567
830571462 801234567
830571624 801234567
830572164 801234567
830572416 801234567
830572641 801234567
830574126 801234567
830574261 801234567
830574612 801234567
830576142 801234567
830576214 801234567
830576421 801234567
830612475 801234567
830612547 801234567
830612754 801234567
830614257 801234567
830614572 801234567
830614725 801234567
830615274 801234567
830615427 801234567
830615742 801234567
830617245 801234567
830617452 801234567
830617524 801234567
830621457 801234567
830621574 801234567
830621745 801234567
830624175 801234567
830624517 801234567
830624751 801234567
830625147 801234567
830625471 801234567
830625714 801234567
830627154 801234567
830627415 801234567
830627541 801234567
830641275 801234567
830641527 801234567
830641752 801234567
830642157 801234567
830642571 801234567
830642715 801234567
830645172 801234567
830645217 801234567
830645721 801234567
830647125 801234567
830647251 801234567
830647512 801234567
830651247 801234567
830651472 801234567
830651724 801234567
830652174 801234567
830652417 801234567
830652741 801234567
830654127 801234567
830654271 801234567
830654712 801234567
830657142 801234567
830657214 801234567
830657421 801234567
830671254 801234567
830671425 801234567
830671542 801234567
830672145 801234567
830672451 801234567
830672514 801234567
830674152 801234567
830674215 801234567
830674521 801234567
830675124 801234567
830675241 801234567
830675412 801234567
830712456 801234567
830712564 801234567
830712645 801234567
830714265 801234567
830714526 801234567
830714652 801234567
830715246 801234567
830715462 801234567
830715624 801234567
830716254 801234567
830716425 801234567
830716542 801234567
830721465 801234567
830721546 801234567
830721654 801234567
830724156 801234567
830724561 801234567
830724615 801234567
830725164 801234567
830725416 801234567
830725641 801234567
