412830567 801234567
412830675 801234567
412830756 801234567
412835076 801234567
412835607 801234567
412835760 801234567
412836057 801234567
412836570 801234567
412836705 801234567
412837065 801234567
412837506 801234567
412837650 801234567
412850376 801234567
412850637 801234567
412850763 801234567
412853067 801234567
412853670 801234567
412853706 801234567
412856073 801234567
412856307 801234567
412856730 801234567
412857036 801234567
412857360 801234567
412857603 801234567
412860357 801234567
412860573 801234567
412860735 801234567
412863075 801234567
412863507 801234567
412863750 801234567
412865037 801234567
412865370 801234567
412865703 801234567
412867053 801234567
412867305 801234567
412867530 801234567
412870365 801234567
412870536 801234567
412870653 801234567
412873056 801234567
412873560 801234567
412873605 801234567
412875063 801234567
412875306 801234567
412875630 801234567
412876035 801234567
412876350 801234567
412876503 801234567
413025687 801234567
413025768 801234567
413025876 801234567
413026578 801234567
413026785 801234567
413026857 801234567
413027586 801234567
413027658 801234567
413027865 801234567
413028567 801234567
413028675 801234567
413028756 801234567
413052678 801234567
413052786 801234567
413052867 801234567
413056287 801234567
413056728 801234567
413056872 801234567
413057268 801234567
413057682 801234567
413057826 801234567
413058276 801234567
413058627 801234567
413058762 801234567
413062587 801234567
413062758 801234567
413062875 801234567
413065278 801234567
413065782 801234567
413065827 801234567
413067285 801234567
413067528 801234567
413067852 801234567
413068257 801234567
413068572 801234567
413068725 801234567
413072568 801234567
413072685 801234567
413072856 801234567
413075286 801234567
413075628 801234567
413075862 801234567
413076258 801234567
413076582 801234567
413076825 801234567
413078265 801234567
413078526 801234567
413078652 801234567
413082576 801234567
413082657 801234567
413082765 801234567
413085267 801234567
413085672 801234567
413085726 801234567
413086275 801234567
413086527 801234567
413086752 801234567
413087256 801234567
413087562 801234567
413087625 801234567
413205678 801234567
413205786 801234567
413205867 801234567
413206587 801234567
413206758 801234567
413206875 801234567
413207568 801234567
413207685 801234567
413207856 801234567
413208576 801234567
413208657 801234567
413208765 801234567
413250687 801234567
413250768 801234567
413250876 801234567
413256078 801234567
413256780 801234567
413256807 801234567
413257086 801234567
413257608 801234567
413257860 801234567
413258067 801234567
413258670 801234567
413258706 801234567
413260578 801234567
413260785 801234567
413260857 801234567
413265087 801234567
413265708 801234567
413265870 801234567
413267058 801234567
413267580 801234567
413267805 801234567
413268075 801234567
413268507 801234567
413268750 801234567
413270586 801234567
413270658 801234567
413270865 801234567
413275068 801234567
413275680 801234567
413275806 801234567
413276085 801234567
413276508 801234567
413276850 801234567
413278056 801234567
413278560 801234567
413278605 801234567
413280567 801234567
413280675 801234567
413280756 801234567
413285076 801234567
413285607 801234567
413285760 801234567
413286057 801234567
413286570 801234567
413286705 801234567
413287065 801234567
413287506 801234567
413287650 801234567
413502687 801234567
413502768 801234567
413502876 801234567
413506278 801234567
413506782 801234567
413506827 801234567
413507286 801234567
413507628 801234567
413507862 801234567
413508267 801234567
413508672 801234567
413508726 801234567
413520678 801234567
413520786 801234567
413520867 801234567
413526087 801234567
413526708 801234567
413526870 801234567
413527068 801234567
413527680 801234567
413527806 801234567
413528076 801234567
413528607 801234567
413528760 801234567
413560287 801234567
413560728 801234567
413560872 801234567
413562078 801234567
413562780 801234567
413562807 801234567
413567082 801234567
413567208 801234567
413567820 801234567
413568027 801234567
413568270 801234567
413568702 801234567
413570268 801234567
413570682 801234567
413570826 801234567
413572086 801234567
413572608 801234567
413572860 801234567
413576028 801234567
413576280 801234567
413576802 801234567
413578062 801234567
413578206 801234567
413578620 801234567
413580276 801234567
413580627 801234567
413580762 801234567
413582067 801234567
413582670 801234567
413582706 801234567
413586072 801234567
413586207 801234567
413586720 801234567
413587026 801234567
413587260 801234567
413587602 801234567
413602578 801234567
413602785 801234567
413602857 801234567
413605287 801234567
413605728 801234567
413605872 801234567
413607258 801234567
413607582 801234567
413607825 801234567
413608275 801234567
413608527 801234567
413608752 801234567
413620587 801234567
413620758 801234567
413620875 801234567
413625078 801234567
413625780 801234567
413625807 801234567
413627085 801234567
413627508 801234567
413627850 801234567
413628057 801234567
413628570 801234567
413628705 801234567
413650278 801234567
413650782 801234567
413650827 801234567
413652087 801234567
413652708 801234567
413652870 801234567
413657028 801234567
413657280 801234567
413657802 801234567
413658072 801234567
413658207 801234567
413658720 801234567
413670285 801234567
413670528 801234567
413670852 801234567
413672058 801234567
413672580 801234567
413672805 801234567
413675082 801234567
413675208 801234567
413675820 801234567
413678025 801234567
413678250 801234567
413678502 801234567
413680257 801234567
413680572 801234567
413680725 801234567
413682075 801234567
413682507 801234567
413682750 801234567
413685027 801234567
413685270 801234567
413685702 801234567
413687052 801234567
413687205 801234567
413687520 801234567
413702586 801234567
413702658 801234567
413702865 801234567
413705268 801234567
413705682 801234567
413705826 801234567
413706285 801234567
413706528 801234567
413706852 801234567
413708256 801234567
413708562 801234567
413708625 801234567
413720568 801234567
413720685 801234567
413720856 801234567
413725086 801234567
413725608 801234567
413725860 801234567
413726058 801234567
413726580 801234567
413726805 801234567
413728065 801234567
413728506 801234567
413728650 801234567
413750286 801234567
413750628 801234567
413750862 801234567
413752068 801234567
413752680 801234567
413752806 801234567
413756082 801234567
413756208 801234567
413756820 801234567
413758026 801234567
413758260 801234567
413758602 801234567
413760258 801234567
413760582 801234567
413760825 801234567
413762085 801234567
413762508 801234567
413762850 801234567
413765028 801234567
413765280 801234567
413765802 801234567
413768052 801234567
413768205 801234567
413768520 801234567
413780265 801234567
413780526 801234567
413780652 801234567
413782056 801234567
413782560 801234567
413782605 801234567
413785062 801234567
413785206 801234567
413785620 801234567
413786025 801234567
413786250 801234567
413786502 801234567
413802567 801234567
413802675 801234567
413802756 801234567
413805276 801234567
413805627 801234567
413805762 801234567
413806257 801234567
413806572 801234567
413806725 801234567
413807265 801234567
413807526 801234567
413807652 801234567
413820576 801234567
413820657 801234567
413820765 801234567
413825067 801234567
413825670 801234567
413825706 801234567
413826075 801234567
413826507 801234567
413826750 801234567
413827056 801234567
413827560 801234567
413827605 801234567
413850267 801234567
413850672 801234567
413850726 801234567
413852076 801234567
413852607 801234567
413852760 801234567
413856027 801234567
413856270 801234567
413856702 801234567
413857062 801234567
413857206 801234567
413857620 801234567
413860275 801234567
413860527 801234567
413860752 801234567
413862057 801234567
413862570 801234567
413862705 801234567
413865072 801234567
413865207 801234567
413865720 801234567
413867025 801234567
413867250 801234567
413867502 801234567
413870256 801234567
413870562 801234567
413870625 801234567
413872065 801234567
413872506 801234567
413872650 801234567
413875026 801234567
413875260 801234567
413875602 801234567
413876052 801234567
413876205 801234567
413876520 801234567
415023678 801234567
415023786 801234567
415023867 801234567
415026387 801234567
415026738 801234567
415026873 801234567
415027368 801234567
415027683 801234567
415027836 801234567
415028376 801234567
415028637 801234567
415028763 801234567
415032687 801234567
415032768 801234567
415032876 801234567
415036278 801234567
415036782 801234567
415036827 801234567
415037286 801234567
415037628 801234567
415037862 801234567
415038267 801234567
415038672 801234567
415038726 801234567
415062378 801234567
415062783 801234567
415062837 801234567
415063287 801234567
415063728 801234567
415063872 801234567
415067238 801234567
415067382 801234567
415067823 801234567
415068273 801234567
415068327 801234567
415068732 801234567
415072386 801234567
415072638 801234567
415072863 801234567
415073268 801234567
415073682 801234567
415073826 801234567
415076283 801234567
415076328 801234567
415076832 801234567
415078236 801234567
415078362 801234567
415078623 801234567
415082367 801234567
415082673 801234567
415082736 801234567
415083276 801234567
415083627 801234567
415083762 801234567
415086237 801234567
415086372 801234567
415086723 801234567
415087263 801234567
415087326 801234567
415087632 801234567
415203687 801234567
415203768 801234567
415203876 801234567
415206378 801234567
415206783 801234567
415206837 801234567
415207386 801234567
415207638 801234567
415207863 801234567
415208367 801234567
415208673 801234567
415208736 801234567
415230678 801234567
415230786 801234567
415230867 801234567
415236087 801234567
415236708 801234567
415236870 801234567
415237068 801234567
415237680 801234567
415237806 801234567
415238076 801234567
415238607 801234567
415238760 801234567
415260387 801234567
415260738 801234567
415260873 801234567
415263078 801234567
415263780 801234567
415263807 801234567
415267083 801234567
