830726145 801234567
830726451 801234567
830726514 801234567
830741256 801234567
830741562 801234567
830741625 801234567
830742165 801234567
830742516 801234567
830742651 801234567
830745126 801234567
830745261 801234567
830745612 801234567
830746152 801234567
830746215 801234567
830746521 801234567
830751264 801234567
830751426 801234567
830751642 801234567
830752146 801234567
830752461 801234567
830752614 801234567
830754162 801234567
830754216 801234567
830754621 801234567
830756124 801234567
830756241 801234567
830756412 801234567
830761245 801234567
830761452 801234567
830761524 801234567
830762154 801234567
830762415 801234567
830762541 801234567
830764125 801234567
830764251 801234567
830764512 801234567
830765142 801234567
830765214 801234567
830765421 801234567
831024567 801234567
831024675 801234567
831024756 801234567
831025476 801234567
831025647 801234567
831025764 801234567
831026457 801234567
831026574 801234567
831026745 801234567
831027465 801234567
831027546 801234567
831027654 801234567
831042576 801234567
831042657 801234567
831042765 801234567
831045267 801234567
831045672 801234567
831045726 801234567
831046275 801234567
831046527 801234567
831046752 801234567
831047256 801234567
831047562 801234567
831047625 801234567
831052467 801234567
831052674 801234567
831052746 801234567
831054276 801234567
831054627 801234567
831054762 801234567
831056247 801234567
831056472 801234567
831056724 801234567
831057264 801234567
831057426 801234567
831057642 801234567
831062475 801234567
831062547 801234567
831062754 801234567
831064257 801234567
831064572 801234567
831064725 801234567
831065274 801234567
831065427 801234567
831065742 801234567
831067245 801234567
831067452 801234567
831067524 801234567
831072456 801234567
831072564 801234567
831072645 801234567
831074265 801234567
831074526 801234567
831074652 801234567
831075246 801234567
831075462 801234567
831075624 801234567
831076254 801234567
831076425 801234567
831076542 801234567
831204576 801234567
831204657 801234567
831204765 801234567
831205467 801234567
831205674 801234567
831205746 801234567
831206475 801234567
831206547 801234567
831206754 801234567
831207456 801234567
831207564 801234567
831207645 801234567
831240567 801234567
831240675 801234567
831240756 801234567
831245076 801234567
831245607 801234567
831245760 801234567
831246057 801234567
831246570 801234567
831246705 801234567
831247065 801234567
831247506 801234567
831247650 801234567
831250476 801234567
831250647 801234567
831250764 801234567
831254067 801234567
831254670 801234567
831254706 801234567
831256074 801234567
831256407 801234567
831256740 801234567
831257046 801234567
831257460 801234567
831257604 801234567
831260457 801234567
831260574 801234567
831260745 801234567
831264075 801234567
831264507 801234567
831264750 801234567
831265047 801234567
831265470 801234567
831265704 801234567
831267054 801234567
831267405 801234567
831267540 801234567
831270465 801234567
831270546 801234567
831270654 801234567
831274056 801234567
831274560 801234567
831274605 801234567
831275064 801234567
831275406 801234567
831275640 801234567
831276045 801234567
831276450 801234567
831276504 801234567
831402567 801234567
831402675 801234567
831402756 801234567
831405276 801234567
831405627 801234567
831405762 801234567
831406257 801234567
831406572 801234567
831406725 801234567
831407265 801234567
831407526 801234567
831407652 801234567
831420576 801234567
831420657 801234567
831420765 801234567
831425067 801234567
831425670 801234567
831425706 801234567
831426075 801234567
831426507 801234567
831426750 801234567
831427056 801234567
831427560 801234567
831427605 801234567
831450267 801234567
831450672 801234567
831450726 801234567
831452076 801234567
831452607 801234567
831452760 801234567
831456027 801234567
831456270 801234567
831456702 801234567
831457062 801234567
831457206 801234567
831457620 801234567
831460275 801234567
831460527 801234567
831460752 801234567
831462057 801234567
831462570 801234567
831462705 801234567
831465072 801234567
831465207 801234567
831465720 801234567
831467025 801234567
831467250 801234567
831467502 801234567
831470256 801234567
831470562 801234567
831470625 801234567
831472065 801234567
831472506 801234567
831472650 801234567
831475026 801234567
831475260 801234567
831475602 801234567
831476052 801234567
831476205 801234567
831476520 801234567
831502476 801234567
831502647 801234567
831502764 801234567
831504267 801234567
831504672 801234567
831504726 801234567
831506274 801234567
831506427 801234567
831506742 801234567
831507246 801234567
831507462 801234567
831507624 801234567
831520467 801234567
831520674 801234567
831520746 801234567
831524076 801234567
831524607 801234567
831524760 801234567
831526047 801234567
831526470 801234567
831526704 801234567
831527064 801234567
831527406 801234567
831527640 801234567
831540276 801234567
831540627 801234567
831540762 801234567
831542067 801234567
831542670 801234567
831542706 801234567
831546072 801234567
831546207 801234567
831546720 801234567
831547026 801234567
831547260 801234567
831547602 801234567
831560247 801234567
831560472 801234567
831560724 801234567
831562074 801234567
831562407 801234567
831562740 801234567
831564027 801234567
831564270 801234567
831564702 801234567
831567042 801234567
831567204 801234567
831567420 801234567
831570264 801234567
831570426 801234567
831570642 801234567
831572046 801234567
831572460 801234567
831572604 801234567
831574062 801234567
831574206 801234567
831574620 801234567
831576024 801234567
831576240 801234567
831576402 801234567
831602457 801234567
831602574 801234567
831602745 801234567
831604275 801234567
831604527 801234567
831604752 801234567
831605247 801234567
831605472 801234567
831605724 801234567
831607254 801234567
831607425 801234567
831607542 801234567
831620475 801234567
831620547 801234567
831620754 801234567
831624057 801234567
831624570 801234567
831624705 801234567
831625074 801234567
831625407 801234567
831625740 801234567
831627045 801234567
831627450 801234567
831627504 801234567
831640257 801234567
831640572 801234567
831640725 801234567
831642075 801234567
831642507 801234567
831642750 801234567
831645027 801234567
831645270 801234567
831645702 801234567
831647052 801234567
831647205 801234567
831647520 801234567
831650274 801234567
831650427 801234567
831650742 801234567
831652047 801234567
831652470 801234567
831652704 801234567
831654072 801234567
831654207 801234567
831654720 801234567
831657024 801234567
831657240 801234567
831657402 801234567
831670245 801234567
831670452 801234567
831670524 801234567
831672054 801234567
831672405 801234567
831672540 801234567
831674025 801234567
831674250 801234567
831674502 801234567
831675042 801234567
831675204 801234567
831675420 801234567
831702465 801234567
831702546 801234567
831702654 801234567
831704256 801234567
831704562 801234567
831704625 801234567
831705264 801234567
831705426 801234567
831705642 801234567
831706245 801234567
831706452 801234567
831706524 801234567
831720456 801234567
831720564 801234567
831720645 801234567
831724065 801234567
831724506 801234567
831724650 801234567
831725046 801234567
831725460 801234567
831725604 801234567
831726054 801234567
831726405 801234567
831726540 801234567
831740265 801234567
831740526 801234567
831740652 801234567
831742056 801234567
831742560 801234567
831742605 801234567
831745062 801234567
831745206 801234567
831745620 801234567
831746025 801234567
831746250 801234567
831746502 801234567
831750246 801234567
831750462 801234567
831750624 801234567
831752064 801234567
831752406 801234567
831752640 801234567
831754026 801234567
831754260 801234567
831754602 801234567
831756042 801234567
831756204 801234567
831756420 801234567
831760254 801234567
831760425 801234567
831760542 801234567
831762045 801234567
831762450 801234567
831762504 801234567
831764052 801234567
831764205 801234567
831764520 801234567
831765024 801234567
831765240 801234567
831765402 801234567
832014576 801234567
832014657 801234567
832014765 801234567
832015467 801234567
832015674 801234567
832015746 801234567
832016475 801234567
832016547 801234567
832016754 801234567
832017456 801234567
832017564 801234567
832017645 801234567
832041567 801234567
832041675 801234567
832041756 801234567
832045176 801234567
832045617 801234567
832045761 801234567
832046157 801234567
832046571 801234567
832046715 801234567
832047165 801234567
832047516 801234567
832047651 801234567
832051476 801234567
832051647 801234567
832051764 801234567
832054167 801234567
832054671 801234567
832054716 801234567
832056174 801234567
832056417 801234567
832056741 801234567
832057146 801234567
832057461 801234567
832057614 801234567
832061457 801234567
832061574 801234567
832061745 801234567
832064175 801234567
832064517 801234567
832064751 801234567
832065147 801234567
832065471 801234567
832065714 801234567
832067154 801234567
832067415 801234567
832067541 801234567
832071465 801234567
832071546 801234567
832071654 801234567
832074156 801234567
832074561 801234567
832074615 801234567
832075164 801234567
832075416 801234567
832075641 801234567
832076145 801234567
832076451 801234567
832076514 801234567
832104567 801234567
832104675 801234567
832104756 801234567
832105476 801234567
832105647 801234567
832105764 801234567
832106457 801234567
832106574 801234567
832106745 801234567
832107465 801234567
832107546 801234567
832107654 801234567
832140576 801234567
832140657 801234567
832140765 801234567
832145067 801234567
832145670 801234567
832145706 801234567
832146075 801234567
832146507 801234567
832146750 801234567
832147056 801234567
832147560 801234567
832147605 801234567
832150467 801234567
832150674 801234567
832150746 801234567
832154076 801234567
832154607 801234567
832154760 801234567
832156047 801234567
832156470 801234567
832156704 801234567
832157064 801234567
832157406 801234567
832157640 801234567
832160475 801234567
832160547 801234567
832160754 801234567
832164057 801234567
