812037654 801234567
812043576 801234567
812043657 801234567
812043765 801234567
812045367 801234567
812045673 801234567
812045736 801234567
812046375 801234567
812046537 801234567
812046753 801234567
812047356 801234567
812047563 801234567
812047635 801234567
812053467 801234567
812053674 801234567
812053746 801234567
812054376 801234567
812054637 801234567
812054763 801234567
812056347 801234567
812056473 801234567
812056734 801234567
812057364 801234567
812057436 801234567
812057643 801234567
812063475 801234567
812063547 801234567
812063754 801234567
812064357 801234567
812064573 801234567
812064735 801234567
812065374 801234567
812065437 801234567
812065743 801234567
812067345 801234567
812067453 801234567
812067534 801234567
812073456 801234567
812073564 801234567
812073645 801234567
812074365 801234567
812074536 801234567
812074653 801234567
812075346 801234567
812075463 801234567
812075634 801234567
812076354 801234567
812076435 801234567
812076543 801234567
812304576 801234567
812304657 801234567
812304765 801234567
812305467 801234567
812305674 801234567
812305746 801234567
812306475 801234567
812306547 801234567
812306754 801234567
812307456 801234567
812307564 801234567
812307645 801234567
812340567 801234567
812340675 801234567
812340756 801234567
812345076 801234567
812345607 801234567
812345760 801234567
812346057 801234567
812346570 801234567
812346705 801234567
812347065 801234567
812347506 801234567
812347650 801234567
812350476 801234567
812350647 801234567
812350764 801234567
812354067 801234567
812354670 801234567
812354706 801234567
812356074 801234567
812356407 801234567
812356740 801234567
812357046 801234567
812357460 801234567
812357604 801234567
812360457 801234567
812360574 801234567
812360745 801234567
812364075 801234567
812364507 801234567
812364750 801234567
812365047 801234567
812365470 801234567
812365704 801234567
812367054 801234567
812367405 801234567
812367540 801234567
812370465 801234567
812370546 801234567
812370654 801234567
812374056 801234567
812374560 801234567
812374605 801234567
812375064 801234567
812375406 801234567
812375640 801234567
812376045 801234567
812376450 801234567
812376504 801234567
812403567 801234567
812403675 801234567
812403756 801234567
812405376 801234567
812405637 801234567
812405763 801234567
812406357 801234567
812406573 801234567
812406735 801234567
812407365 801234567
812407536 801234567
812407653 801234567
812430576 801234567
812430657 801234567
812430765 801234567
812435067 801234567
812435670 801234567
812435706 801234567
812436075 801234567
812436507 801234567
812436750 801234567
812437056 801234567
812437560 801234567
812437605 801234567
812450367 801234567
812450673 801234567
812450736 801234567
812453076 801234567
812453607 801234567
812453760 801234567
812456037 801234567
812456370 801234567
812456703 801234567
812457063 801234567
812457306 801234567
812457630 801234567
812460375 801234567
812460537 801234567
812460753 801234567
812463057 801234567
812463570 801234567
812463705 801234567
812465073 801234567
812465307 801234567
812465730 801234567
812467035 801234567
812467350 801234567
812467503 801234567
812470356 801234567
812470563 801234567
812470635 801234567
812473065 801234567
812473506 801234567
812473650 801234567
812475036 801234567
812475360 801234567
812475603 801234567
812476053 801234567
812476305 801234567
812476530 801234567
812503476 801234567
812503647 801234567
812503764 801234567
812504367 801234567
812504673 801234567
812504736 801234567
812506374 801234567
812506437 801234567
812506743 801234567
812507346 801234567
812507463 801234567
812507634 801234567
812530467 801234567
812530674 801234567
812530746 801234567
812534076 801234567
812534607 801234567
812534760 801234567
812536047 801234567
812536470 801234567
812536704 801234567
812537064 801234567
812537406 801234567
812537640 801234567
812540376 801234567
812540637 801234567
812540763 801234567
812543067 801234567
812543670 801234567
812543706 801234567
812546073 801234567
812546307 801234567
812546730 801234567
812547036 801234567
812547360 801234567
812547603 801234567
812560347 801234567
812560473 801234567
812560734 801234567
812563074 801234567
812563407 801234567
812563740 801234567
812564037 801234567
812564370 801234567
812564703 801234567
812567043 801234567
812567304 801234567
812567430 801234567
812570364 801234567
812570436 801234567
812570643 801234567
812573046 801234567
812573460 801234567
812573604 801234567
812574063 801234567
812574306 801234567
812574630 801234567
812576034 801234567
812576340 801234567
812576403 801234567
812603457 801234567
812603574 801234567
812603745 801234567
812604375 801234567
812604537 801234567
812604753 801234567
812605347 801234567
812605473 801234567
812605734 801234567
812607354 801234567
812607435 801234567
812607543 801234567
812630475 801234567
812630547 801234567
812630754 801234567
812634057 801234567
812634570 801234567
812634705 801234567
812635074 801234567
812635407 801234567
812635740 801234567
812637045 801234567
812637450 801234567
812637504 801234567
812640357 801234567
812640573 801234567
812640735 801234567
812643075 801234567
812643507 801234567
812643750 801234567
812645037 801234567
812645370 801234567
812645703 801234567
812647053 801234567
812647305 801234567
812647530 801234567
812650374 801234567
812650437 801234567
812650743 801234567
812653047 801234567
812653470 801234567
812653704 801234567
812654073 801234567
812654307 801234567
812654730 801234567
812657034 801234567
812657340 801234567
812657403 801234567
812670345 801234567
812670453 801234567
812670534 801234567
812673054 801234567
812673405 801234567
812673540 801234567
812674035 801234567
812674350 801234567
812674503 801234567
812675043 801234567
812675304 801234567
812675430 801234567
812703465 801234567
812703546 801234567
812703654 801234567
812704356 801234567
812704563 801234567
812704635 801234567
812705364 801234567
812705436 801234567
812705643 801234567
812706345 801234567
812706453 801234567
812706534 801234567
812730456 801234567
812730564 801234567
812730645 801234567
812734065 801234567
812734506 801234567
812734650 801234567
812735046 801234567
812735460 801234567
812735604 801234567
812736054 801234567
812736405 801234567
812736540 801234567
812740365 801234567
812740536 801234567
812740653 801234567
812743056 801234567
812743560 801234567
812743605 801234567
812745063 801234567
812745306 801234567
812745630 801234567
812746035 801234567
812746350 801234567
812746503 801234567
812750346 801234567
812750463 801234567
812750634 801234567
812753064 801234567
812753406 801234567
812753640 801234567
812754036 801234567
812754360 801234567
812754603 801234567
812756043 801234567
812756304 801234567
812756430 801234567
812760354 801234567
812760435 801234567
812760543 801234567
812763045 801234567
812763450 801234567
812763504 801234567
812764053 801234567
812764305 801234567
812764530 801234567
812765034 801234567
812765340 801234567
812765403 801234567
813024576 801234567
813024657 801234567
813024765 801234567
813025467 801234567
813025674 801234567
813025746 801234567
813026475 801234567
813026547 801234567
813026754 801234567
813027456 801234567
813027564 801234567
813027645 801234567
813042567 801234567
813042675 801234567
813042756 801234567
813045276 801234567
813045627 801234567
813045762 801234567
813046257 801234567
813046572 801234567
813046725 801234567
813047265 801234567
813047526 801234567
813047652 801234567
813052476 801234567
813052647 801234567
813052764 801234567
813054267 801234567
813054672 801234567
813054726 801234567
813056274 801234567
813056427 801234567
813056742 801234567
813057246 801234567
813057462 801234567
813057624 801234567
813062457 801234567
813062574 801234567
813062745 801234567
813064275 801234567
813064527 801234567
813064752 801234567
813065247 801234567
813065472 801234567
813065724 801234567
813067254 801234567
813067425 801234567
813067542 801234567
813072465 801234567
813072546 801234567
813072654 801234567
813074256 801234567
813074562 801234567
813074625 801234567
813075264 801234567
813075426 801234567
813075642 801234567
813076245 801234567
813076452 801234567
813076524 801234567
813204567 801234567
813204675 801234567
813204756 801234567
813205476 801234567
813205647 801234567
813205764 801234567
813206457 801234567
813206574 801234567
813206745 801234567
813207465 801234567
813207546 801234567
813207654 801234567
813240576 801234567
813240657 801234567
813240765 801234567
813245067 801234567
813245670 801234567
813245706 801234567
813246075 801234567
813246507 801234567
813246750 801234567
813247056 801234567
813247560 801234567
813247605 801234567
813250467 801234567
813250674 801234567
813250746 801234567
813254076 801234567
813254607 801234567
813254760 801234567
813256047 801234567
813256470 801234567
813256704 801234567
813257064 801234567
813257406 801234567
813257640 801234567
813260475 801234567
813260547 801234567
813260754 801234567
813264057 801234567
813264570 801234567
813264705 801234567
813265074 801234567
813265407 801234567
813265740 801234567
813267045 801234567
813267450 801234567
813267504 801234567
813270456 801234567
813270564 801234567
813270645 801234567
813274065 801234567
813274506 801234567
813274650 801234567
813275046 801234567
813275460 801234567
813275604 801234567
813276054 801234567
813276405 801234567
813276540 801234567
813402576 801234567
813402657 801234567
813402765 801234567
813405267 801234567
813405672 801234567
813405726 801234567
813406275 801234567
813406527 801234567
813406752 801234567
813407256 801234567
813407562 801234567
813407625 801234567
813420567 801234567
813420675 801234567
813420756 801234567
813425076 801234567
813425607 801234567
813425760 801234567
813426057 801234567
813426570 801234567
813426705 801234567
813427065 801234567
813427506 801234567
813427650 801234567
813450276 801234567
813450627 801234567
813450762 801234567
813452067 801234567
813452670 801234567
813452706 801234567
