680312754 801234567
680314257 801234567
680314572 801234567
680314725 801234567
680315274 801234567
680315427 801234567
680315742 801234567
680317245 801234567
680317452 801234567
680317524 801234567
680321457 801234567
680321574 801234567
680321745 801234567
680324175 801234567
680324517 801234567
680324751 801234567
680325147 801234567
680325471 801234567
680325714 801234567
680327154 801234567
680327415 801234567
680327541 801234567
680341275 801234567
680341527 801234567
680341752 801234567
680342157 801234567
680342571 801234567
680342715 801234567
680345172 801234567
680345217 801234567
680345721 801234567
680347125 801234567
680347251 801234567
680347512 801234567
680351247 801234567
680351472 801234567
680351724 801234567
680352174 801234567
680352417 801234567
680352741 801234567
680354127 801234567
680354271 801234567
680354712 801234567
680357142 801234567
680357214 801234567
680357421 801234567
680371254 801234567
680371425 801234567
680371542 801234567
680372145 801234567
680372451 801234567
680372514 801234567
680374152 801234567
680374215 801234567
680374521 801234567
680375124 801234567
680375241 801234567
680375412 801234567
680412357 801234567
680412573 801234567
680412735 801234567
680413275 801234567
680413527 801234567
680413752 801234567
680415237 801234567
680415372 801234567
680415723 801234567
680417253 801234567
680417325 801234567
680417532 801234567
680421375 801234567
680421537 801234567
680421753 801234567
680423157 801234567
680423571 801234567
680423715 801234567
680425173 801234567
680425317 801234567
680425731 801234567
680427135 801234567
680427351 801234567
680427513 801234567
680431257 801234567
680431572 801234567
680431725 801234567
680432175 801234567
680432517 801234567
680432751 801234567
680435127 801234567
680435271 801234567
680435712 801234567
680437152 801234567
680437215 801234567
680437521 801234567
680451273 801234567
680451327 801234567
680451732 801234567
680452137 801234567
680452371 801234567
680452713 801234567
680453172 801234567
680453217 801234567
680453721 801234567
680457123 801234567
680457231 801234567
680457312 801234567
680471235 801234567
680471352 801234567
680471523 801234567
680472153 801234567
680472315 801234567
680472531 801234567
680473125 801234567
680473251 801234567
680473512 801234567
680475132 801234567
680475213 801234567
680475321 801234567
680512374 801234567
680512437 801234567
680512743 801234567
680513247 801234567
680513472 801234567
680513724 801234567
680514273 801234567
680514327 801234567
680514732 801234567
680517234 801234567
680517342 801234567
680517423 801234567
680521347 801234567
680521473 801234567
680521734 801234567
680523174 801234567
680523417 801234567
680523741 801234567
680524137 801234567
680524371 801234567
680524713 801234567
680527143 801234567
680527314 801234567
680527431 801234567
680531274 801234567
680531427 801234567
680531742 801234567
680532147 801234567
680532471 801234567
680532714 801234567
680534172 801234567
680534217 801234567
680534721 801234567
680537124 801234567
680537241 801234567
680537412 801234567
680541237 801234567
680541372 801234567
680541723 801234567
680542173 801234567
680542317 801234567
680542731 801234567
680543127 801234567
680543271 801234567
680543712 801234567
680547132 801234567
680547213 801234567
680547321 801234567
680571243 801234567
680571324 801234567
680571432 801234567
680572134 801234567
680572341 801234567
680572413 801234567
680573142 801234567
680573214 801234567
680573421 801234567
680574123 801234567
680574231 801234567
680574312 801234567
680712345 801234567
680712453 801234567
680712534 801234567
680713254 801234567
680713425 801234567
680713542 801234567
680714235 801234567
680714352 801234567
680714523 801234567
680715243 801234567
680715324 801234567
680715432 801234567
680721354 801234567
680721435 801234567
680721543 801234567
680723145 801234567
680723451 801234567
680723514 801234567
680724153 801234567
680724315 801234567
680724531 801234567
680725134 801234567
680725341 801234567
680725413 801234567
680731245 801234567
680731452 801234567
680731524 801234567
680732154 801234567
680732415 801234567
680732541 801234567
680734125 801234567
680734251 801234567
680734512 801234567
680735142 801234567
680735214 801234567
680735421 801234567
680741253 801234567
680741325 801234567
680741532 801234567
680742135 801234567
680742351 801234567
680742513 801234567
680743152 801234567
680743215 801234567
680743521 801234567
680745123 801234567
680745231 801234567
680745312 801234567
680751234 801234567
680751342 801234567
680751423 801234567
680752143 801234567
680752314 801234567
680752431 801234567
680753124 801234567
680753241 801234567
680753412 801234567
680754132 801234567
680754213 801234567
680754321 801234567
681023457 801234567
681023574 801234567
681023745 801234567
681024375 801234567
681024537 801234567
681024753 801234567
681025347 801234567
681025473 801234567
681025734 801234567
681027354 801234567
681027435 801234567
681027543 801234567
681032475 801234567
681032547 801234567
681032754 801234567
681034257 801234567
681034572 801234567
681034725 801234567
681035274 801234567
681035427 801234567
681035742 801234567
681037245 801234567
681037452 801234567
681037524 801234567
681042357 801234567
681042573 801234567
681042735 801234567
681043275 801234567
681043527 801234567
681043752 801234567
681045237 801234567
681045372 801234567
681045723 801234567
681047253 801234567
681047325 801234567
681047532 801234567
681052374 801234567
681052437 801234567
681052743 801234567
681053247 801234567
681053472 801234567
681053724 801234567
681054273 801234567
681054327 801234567
681054732 801234567
681057234 801234567
681057342 801234567
681057423 801234567
681072345 801234567
681072453 801234567
681072534 801234567
681073254 801234567
681073425 801234567
681073542 801234567
681074235 801234567
681074352 801234567
681074523 801234567
681075243 801234567
681075324 801234567
681075432 801234567
681203475 801234567
681203547 801234567
681203754 801234567
681204357 801234567
681204573 801234567
681204735 801234567
681205374 801234567
681205437 801234567
681205743 801234567
681207345 801234567
681207453 801234567
681207534 801234567
681230457 801234567
681230574 801234567
681230745 801234567
681234075 801234567
681234507 801234567
681234750 801234567
681235047 801234567
681235470 801234567
681235704 801234567
681237054 801234567
681237405 801234567
681237540 801234567
681240375 801234567
681240537 801234567
681240753 801234567
681243057 801234567
681243570 801234567
681243705 801234567
681245073 801234567
681245307 801234567
681245730 801234567
681247035 801234567
681247350 801234567
681247503 801234567
681250347 801234567
681250473 801234567
681250734 801234567
681253074 801234567
681253407 801234567
681253740 801234567
681254037 801234567
681254370 801234567
681254703 801234567
681257043 801234567
681257304 801234567
681257430 801234567
681270354 801234567
681270435 801234567
681270543 801234567
681273045 801234567
681273450 801234567
681273504 801234567
681274053 801234567
681274305 801234567
681274530 801234567
681275034 801234567
681275340 801234567
681275403 801234567
681302457 801234567
681302574 801234567
681302745 801234567
681304275 801234567
681304527 801234567
681304752 801234567
681305247 801234567
681305472 801234567
681305724 801234567
681307254 801234567
681307425 801234567
681307542 801234567
681320475 801234567
681320547 801234567
681320754 801234567
681324057 801234567
681324570 801234567
681324705 801234567
681325074 801234567
681325407 801234567
681325740 801234567
681327045 801234567
681327450 801234567
681327504 801234567
681340257 801234567
681340572 801234567
681340725 801234567
681342075 801234567
681342507 801234567
681342750 801234567
681345027 801234567
681345270 801234567
681345702 801234567
681347052 801234567
681347205 801234567
681347520 801234567
681350274 801234567
681350427 801234567
681350742 801234567
681352047 801234567
681352470 801234567
681352704 801234567
681354072 801234567
681354207 801234567
681354720 801234567
681357024 801234567
681357240 801234567
681357402 801234567
681370245 801234567
681370452 801234567
681370524 801234567
681372054 801234567
681372405 801234567
681372540 801234567
681374025 801234567
681374250 801234567
681374502 801234567
681375042 801234567
681375204 801234567
681375420 801234567
681402375 801234567
681402537 801234567
681402753 801234567
681403257 801234567
681403572 801234567
681403725 801234567
681405273 801234567
681405327 801234567
681405732 801234567
681407235 801234567
681407352 801234567
681407523 801234567
681420357 801234567
681420573 801234567
681420735 801234567
681423075 801234567
681423507 801234567
681423750 801234567
681425037 801234567
681425370 801234567
681425703 801234567
681427053 801234567
681427305 801234567
681427530 801234567
681430275 801234567
681430527 801234567
681430752 801234567
681432057 801234567
681432570 801234567
681432705 801234567
681435072 801234567
681435207 801234567
681435720 801234567
681437025 801234567
681437250 801234567
681437502 801234567
681450237 801234567
681450372 801234567
681450723 801234567
681452073 801234567
681452307 801234567
681452730 801234567
681453027 801234567
681453270 801234567
681453702 801234567
681457032 801234567
681457203 801234567
681457320 801234567
681470253 801234567
681470325 801234567
681470532 801234567
681472035 801234567
681472350 801234567
681472503 801234567
681473052 801234567
681473205 801234567
681473520 801234567
681475023 801234567
681475230 801234567
681475302 801234567
681502347 801234567
681502473 801234567
681502734 801234567
681503274 801234567
681503427 801234567
681503742 801234567
681504237 801234567
681504372 801234567
681504723 801234567
681507243 801234567
681507324 801234567
681507432 801234567
681520374 801234567
681520437 801234567
681520743 801234567
681523047 801234567
681523470 801234567
681523704 801234567
681524073 801234567
681524307 801234567
681524730 801234567
