436501278 801234567
436501782 801234567
436501827 801234567
436502187 801234567
436502718 801234567
436502871 801234567
436507128 801234567
436507281 801234567
436507812 801234567
436508172 801234567
436508217 801234567
436508721 801234567
436510287 801234567
436510728 801234567
436510872 801234567
436512078 801234567
436512780 801234567
436512807 801234567
436517082 801234567
436517208 801234567
436517820 801234567
436518027 801234567
436518270 801234567
436518702 801234567
436520178 801234567
436520781 801234567
436520817 801234567
436521087 801234567
436521708 801234567
436521870 801234567
436527018 801234567
436527180 801234567
436527801 801234567
436528071 801234567
436528107 801234567
436528710 801234567
436570182 801234567
436570218 801234567
436570821 801234567
436571028 801234567
436571280 801234567
436571802 801234567
436572081 801234567
436572108 801234567
436572810 801234567
436578012 801234567
436578120 801234567
436578201 801234567
436580127 801234567
436580271 801234567
436580712 801234567
436581072 801234567
436581207 801234567
436581720 801234567
436582017 801234567
436582170 801234567
436582701 801234567
436587021 801234567
436587102 801234567
436587210 801234567
436701285 801234567
436701528 801234567
436701852 801234567
436702158 801234567
436702581 801234567
436702815 801234567
436705182 801234567
436705218 801234567
436705821 801234567
436708125 801234567
436708251 801234567
436708512 801234567
436710258 801234567
436710582 801234567
436710825 801234567
436712085 801234567
436712508 801234567
436712850 801234567
436715028 801234567
436715280 801234567
436715802 801234567
436718052 801234567
436718205 801234567
436718520 801234567
436720185 801234567
436720518 801234567
436720851 801234567
436721058 801234567
436721580 801234567
436721805 801234567
436725081 801234567
436725108 801234567
436725810 801234567
436728015 801234567
436728150 801234567
436728501 801234567
436750128 801234567
436750281 801234567
436750812 801234567
436751082 801234567
436751208 801234567
436751820 801234567
436752018 801234567
436752180 801234567
436752801 801234567
436758021 801234567
436758102 801234567
436758210 801234567
436780152 801234567
436780215 801234567
436780521 801234567
436781025 801234567
436781250 801234567
436781502 801234567
436782051 801234567
436782105 801234567
436782510 801234567
436785012 801234567
436785120 801234567
436785201 801234567
436801257 801234567
436801572 801234567
436801725 801234567
436802175 801234567
436802517 801234567
436802751 801234567
436805127 801234567
436805271 801234567
436805712 801234567
436807152 801234567
436807215 801234567
436807521 801234567
436810275 801234567
436810527 801234567
436810752 801234567
436812057 801234567
436812570 801234567
436812705 801234567
436815072 801234567
436815207 801234567
436815720 801234567
436817025 801234567
436817250 801234567
436817502 801234567
436820157 801234567
436820571 801234567
436820715 801234567
436821075 801234567
436821507 801234567
436821750 801234567
436825017 801234567
436825170 801234567
436825701 801234567
436827051 801234567
436827105 801234567
436827510 801234567
436850172 801234567
436850217 801234567
436850721 801234567
436851027 801234567
436851270 801234567
436851702 801234567
436852071 801234567
436852107 801234567
436852710 801234567
436857012 801234567
436857120 801234567
436857201 801234567
436870125 801234567
436870251 801234567
436870512 801234567
436871052 801234567
436871205 801234567
436871520 801234567
436872015 801234567
436872150 801234567
436872501 801234567
436875021 801234567
436875102 801234567
436875210 801234567
437012568 801234567
437012685 801234567
437012856 801234567
437015286 801234567
437015628 801234567
437015862 801234567
437016258 801234567
437016582 801234567
437016825 801234567
437018265 801234567
437018526 801234567
437018652 801234567
437021586 801234567
437021658 801234567
437021865 801234567
437025168 801234567
437025681 801234567
437025816 801234567
437026185 801234567
437026518 801234567
437026851 801234567
437028156 801234567
437028561 801234567
437028615 801234567
437051268 801234567
437051682 801234567
437051826 801234567
437052186 801234567
437052618 801234567
437052861 801234567
437056128 801234567
437056281 801234567
437056812 801234567
437058162 801234567
437058216 801234567
437058621 801234567
437061285 801234567
437061528 801234567
437061852 801234567
437062158 801234567
437062581 801234567
437062815 801234567
437065182 801234567
437065218 801234567
437065821 801234567
437068125 801234567
437068251 801234567
437068512 801234567
437081256 801234567
437081562 801234567
437081625 801234567
437082165 801234567
437082516 801234567
437082651 801234567
437085126 801234567
437085261 801234567
437085612 801234567
437086152 801234567
437086215 801234567
437086521 801234567
437102586 801234567
437102658 801234567
437102865 801234567
437105268 801234567
437105682 801234567
437105826 801234567
437106285 801234567
437106528 801234567
437106852 801234567
437108256 801234567
437108562 801234567
437108625 801234567
437120568 801234567
437120685 801234567
437120856 801234567
437125086 801234567
437125608 801234567
437125860 801234567
437126058 801234567
437126580 801234567
437126805 801234567
437128065 801234567
437128506 801234567
437128650 801234567
437150286 801234567
437150628 801234567
437150862 801234567
437152068 801234567
437152680 801234567
437152806 801234567
437156082 801234567
437156208 801234567
437156820 801234567
437158026 801234567
437158260 801234567
437158602 801234567
437160258 801234567
437160582 801234567
437160825 801234567
437162085 801234567
437162508 801234567
437162850 801234567
437165028 801234567
437165280 801234567
437165802 801234567
437168052 801234567
437168205 801234567
437168520 801234567
437180265 801234567
437180526 801234567
437180652 801234567
437182056 801234567
437182560 801234567
437182605 801234567
437185062 801234567
437185206 801234567
437185620 801234567
437186025 801234567
437186250 801234567
437186502 801234567
437201568 801234567
437201685 801234567
437201856 801234567
437205186 801234567
437205618 801234567
437205861 801234567
437206158 801234567
437206581 801234567
437206815 801234567
437208165 801234567
437208516 801234567
437208651 801234567
437210586 801234567
437210658 801234567
437210865 801234567
437215068 801234567
437215680 801234567
437215806 801234567
437216085 801234567
437216508 801234567
437216850 801234567
437218056 801234567
437218560 801234567
437218605 801234567
437250168 801234567
437250681 801234567
437250816 801234567
437251086 801234567
437251608 801234567
437251860 801234567
437256018 801234567
437256180 801234567
437256801 801234567
437258061 801234567
437258106 801234567
437258610 801234567
437260185 801234567
437260518 801234567
437260851 801234567
437261058 801234567
437261580 801234567
437261805 801234567
437265081 801234567
437265108 801234567
437265810 801234567
437268015 801234567
437268150 801234567
437268501 801234567
437280156 801234567
437280561 801234567
437280615 801234567
437281065 801234567
437281506 801234567
437281650 801234567
437285016 801234567
437285160 801234567
437285601 801234567
437286051 801234567
437286105 801234567
437286510 801234567
437501286 801234567
437501628 801234567
437501862 801234567
437502168 801234567
437502681 801234567
437502816 801234567
437506182 801234567
437506218 801234567
437506821 801234567
437508126 801234567
437508261 801234567
437508612 801234567
437510268 801234567
437510682 801234567
437510826 801234567
437512086 801234567
437512608 801234567
437512860 801234567
437516028 801234567
437516280 801234567
437516802 801234567
437518062 801234567
437518206 801234567
437518620 801234567
437520186 801234567
437520618 801234567
437520861 801234567
437521068 801234567
437521680 801234567
437521806 801234567
437526081 801234567
437526108 801234567
437526810 801234567
437528016 801234567
437528160 801234567
437528601 801234567
437560128 801234567
437560281 801234567
437560812 801234567
437561082 801234567
437561208 801234567
437561820 801234567
437562018 801234567
437562180 801234567
437562801 801234567
437568021 801234567
437568102 801234567
437568210 801234567
437580162 801234567
437580216 801234567
437580621 801234567
437581026 801234567
437581260 801234567
437581602 801234567
437582061 801234567
437582106 801234567
437582610 801234567
437586012 801234567
437586120 801234567
437586201 801234567
437601258 801234567
437601582 801234567
437601825 801234567
437602185 801234567
437602518 801234567
437602851 801234567
437605128 801234567
437605281 801234567
437605812 801234567
437608152 801234567
437608215 801234567
437608521 801234567
437610285 801234567
437610528 801234567
437610852 801234567
437612058 801234567
437612580 801234567
437612805 801234567
437615082 801234567
437615208 801234567
437615820 801234567
437618025 801234567
437618250 801234567
437618502 801234567
437620158 801234567
437620581 801234567
437620815 801234567
437621085 801234567
437621508 801234567
437621850 801234567
437625018 801234567
437625180 801234567
437625801 801234567
437628051 801234567
437628105 801234567
437628510 801234567
437650182 801234567
437650218 801234567
437650821 801234567
437651028 801234567
437651280 801234567
437651802 801234567
437652081 801234567
437652108 801234567
437652810 801234567
437658012 801234567
437658120 801234567
437658201 801234567
437680125 801234567
437680251 801234567
437680512 801234567
437681052 801234567
437681205 801234567
437681520 801234567
437682015 801234567
437682150 801234567
437682501 801234567
437685021 801234567
437685102 801234567
437685210 801234567
437801265 801234567
437801526 801234567
437801652 801234567
437802156 801234567
437802561 801234567
437802615 801234567
437805162 801234567
437805216 801234567
437805621 801234567
437806125 801234567
437806251 801234567
437806512 801234567
437810256 801234567
437810562 801234567
437810625 801234567
437812065 801234567
437812506 801234567
437812650 801234567
437815026 801234567
