638075241 801234567
638075412 801234567
638102457 801234567
638102574 801234567
638102745 801234567
638104275 801234567
638104527 801234567
638104752 801234567
638105247 801234567
638105472 801234567
638105724 801234567
638107254 801234567
638107425 801234567
638107542 801234567
638120475 801234567
638120547 801234567
638120754 801234567
638124057 801234567
638124570 801234567
638124705 801234567
638125074 801234567
638125407 801234567
638125740 801234567
638127045 801234567
638127450 801234567
638127504 801234567
638140257 801234567
638140572 801234567
638140725 801234567
638142075 801234567
638142507 801234567
638142750 801234567
638145027 801234567
638145270 801234567
638145702 801234567
638147052 801234567
638147205 801234567
638147520 801234567
638150274 801234567
638150427 801234567
638150742 801234567
638152047 801234567
638152470 801234567
638152704 801234567
638154072 801234567
638154207 801234567
638154720 801234567
638157024 801234567
638157240 801234567
638157402 801234567
638170245 801234567
638170452 801234567
638170524 801234567
638172054 801234567
638172405 801234567
638172540 801234567
638174025 801234567
638174250 801234567
638174502 801234567
638175042 801234567
638175204 801234567
638175420 801234567
638201475 801234567
638201547 801234567
638201754 801234567
638204157 801234567
638204571 801234567
638204715 801234567
638205174 801234567
638205417 801234567
638205741 801234567
638207145 801234567
638207451 801234567
638207514 801234567
638210457 801234567
638210574 801234567
638210745 801234567
638214075 801234567
638214507 801234567
638214750 801234567
638215047 801234567
638215470 801234567
638215704 801234567
638217054 801234567
638217405 801234567
638217540 801234567
638240175 801234567
638240517 801234567
638240751 801234567
638241057 801234567
638241570 801234567
638241705 801234567
638245071 801234567
638245107 801234567
638245710 801234567
638247015 801234567
638247150 801234567
638247501 801234567
638250147 801234567
638250471 801234567
638250714 801234567
638251074 801234567
638251407 801234567
638251740 801234567
638254017 801234567
638254170 801234567
638254701 801234567
638257041 801234567
638257104 801234567
638257410 801234567
638270154 801234567
638270415 801234567
638270541 801234567
638271045 801234567
638271450 801234567
638271504 801234567
638274051 801234567
638274105 801234567
638274510 801234567
638275014 801234567
638275140 801234567
638275401 801234567
638401257 801234567
638401572 801234567
638401725 801234567
638402175 801234567
638402517 801234567
638402751 801234567
638405127 801234567
638405271 801234567
638405712 801234567
638407152 801234567
638407215 801234567
638407521 801234567
638410275 801234567
638410527 801234567
638410752 801234567
638412057 801234567
638412570 801234567
638412705 801234567
638415072 801234567
638415207 801234567
638415720 801234567
638417025 801234567
638417250 801234567
638417502 801234567
638420157 801234567
638420571 801234567
638420715 801234567
638421075 801234567
638421507 801234567
638421750 801234567
638425017 801234567
638425170 801234567
638425701 801234567
638427051 801234567
638427105 801234567
638427510 801234567
638450172 801234567
638450217 801234567
638450721 801234567
638451027 801234567
638451270 801234567
638451702 801234567
638452071 801234567
638452107 801234567
638452710 801234567
638457012 801234567
638457120 801234567
638457201 801234567
638470125 801234567
638470251 801234567
638470512 801234567
638471052 801234567
638471205 801234567
638471520 801234567
638472015 801234567
638472150 801234567
638472501 801234567
638475021 801234567
638475102 801234567
638475210 801234567
638501274 801234567
638501427 801234567
638501742 801234567
638502147 801234567
638502471 801234567
638502714 801234567
638504172 801234567
638504217 801234567
638504721 801234567
638507124 801234567
638507241 801234567
638507412 801234567
638510247 801234567
638510472 801234567
638510724 801234567
638512074 801234567
638512407 801234567
638512740 801234567
638514027 801234567
638514270 801234567
638514702 801234567
638517042 801234567
638517204 801234567
638517420 801234567
638520174 801234567
638520417 801234567
638520741 801234567
638521047 801234567
638521470 801234567
638521704 801234567
638524071 801234567
638524107 801234567
638524710 801234567
638527014 801234567
638527140 801234567
638527401 801234567
638540127 801234567
638540271 801234567
638540712 801234567
638541072 801234567
638541207 801234567
638541720 801234567
638542017 801234567
638542170 801234567
638542701 801234567
638547021 801234567
638547102 801234567
638547210 801234567
638570142 801234567
638570214 801234567
638570421 801234567
638571024 801234567
638571240 801234567
638571402 801234567
638572041 801234567
638572104 801234567
638572410 801234567
638574012 801234567
638574120 801234567
638574201 801234567
638701245 801234567
638701452 801234567
638701524 801234567
638702154 801234567
638702415 801234567
638702541 801234567
638704125 801234567
638704251 801234567
638704512 801234567
638705142 801234567
638705214 801234567
638705421 801234567
638710254 801234567
638710425 801234567
638710542 801234567
638712045 801234567
638712450 801234567
638712504 801234567
638714052 801234567
638714205 801234567
638714520 801234567
638715024 801234567
638715240 801234567
638715402 801234567
638720145 801234567
638720451 801234567
638720514 801234567
638721054 801234567
638721405 801234567
638721540 801234567
638724015 801234567
638724150 801234567
638724501 801234567
638725041 801234567
638725104 801234567
638725410 801234567
638740152 801234567
638740215 801234567
638740521 801234567
638741025 801234567
638741250 801234567
638741502 801234567
638742051 801234567
638742105 801234567
638742510 801234567
638745012 801234567
638745120 801234567
638745201 801234567
638750124 801234567
638750241 801234567
638750412 801234567
638751042 801234567
638751204 801234567
638751420 801234567
638752014 801234567
638752140 801234567
638752401 801234567
638754021 801234567
638754102 801234567
638754210 801234567
640123578 801234567
640123785 801234567
640123857 801234567
640125387 801234567
640125738 801234567
640125873 801234567
640127358 801234567
640127583 801234567
640127835 801234567
640128375 801234567
640128537 801234567
640128753 801234567
640132587 801234567
640132758 801234567
640132875 801234567
640135278 801234567
640135782 801234567
640135827 801234567
640137285 801234567
640137528 801234567
640137852 801234567
640138257 801234567
640138572 801234567
640138725 801234567
640152378 801234567
640152783 801234567
640152837 801234567
640153287 801234567
640153728 801234567
640153872 801234567
640157238 801234567
640157382 801234567
640157823 801234567
640158273 801234567
640158327 801234567
640158732 801234567
640172385 801234567
640172538 801234567
640172853 801234567
640173258 801234567
640173582 801234567
640173825 801234567
640175283 801234567
640175328 801234567
640175832 801234567
640178235 801234567
640178352 801234567
640178523 801234567
640182357 801234567
640182573 801234567
640182735 801234567
640183275 801234567
640183527 801234567
640183752 801234567
640185237 801234567
640185372 801234567
640185723 801234567
640187253 801234567
640187325 801234567
640187532 801234567
640213587 801234567
640213758 801234567
640213875 801234567
640215378 801234567
640215783 801234567
640215837 801234567
640217385 801234567
640217538 801234567
640217853 801234567
640218357 801234567
640218573 801234567
640218735 801234567
640231578 801234567
640231785 801234567
640231857 801234567
640235187 801234567
640235718 801234567
640235871 801234567
640237158 801234567
640237581 801234567
640237815 801234567
640238175 801234567
640238517 801234567
640238751 801234567
640251387 801234567
640251738 801234567
640251873 801234567
640253178 801234567
640253781 801234567
640253817 801234567
640257183 801234567
640257318 801234567
640257831 801234567
640258137 801234567
640258371 801234567
640258713 801234567
640271358 801234567
640271583 801234567
640271835 801234567
640273185 801234567
640273518 801234567
640273851 801234567
640275138 801234567
640275381 801234567
640275813 801234567
640278153 801234567
640278315 801234567
640278531 801234567
640281375 801234567
640281537 801234567
640281753 801234567
640283157 801234567
640283571 801234567
640283715 801234567
640285173 801234567
640285317 801234567
640285731 801234567
640287135 801234567
640287351 801234567
640287513 801234567
640312578 801234567
640312785 801234567
640312857 801234567
640315287 801234567
640315728 801234567
640315872 801234567
640317258 801234567
640317582 801234567
640317825 801234567
640318275 801234567
640318527 801234567
640318752 801234567
640321587 801234567
640321758 801234567
640321875 801234567
640325178 801234567
640325781 801234567
640325817 801234567
640327185 801234567
640327518 801234567
640327851 801234567
640328157 801234567
640328571 801234567
640328715 801234567
640351278 801234567
640351782 801234567
640351827 801234567
640352187 801234567
640352718 801234567
640352871 801234567
640357128 801234567
640357281 801234567
640357812 801234567
640358172 801234567
640358217 801234567
640358721 801234567
640371285 801234567
640371528 801234567
640371852 801234567
640372158 801234567
640372581 801234567
640372815 801234567
640375182 801234567
640375218 801234567
640375821 801234567
640378125 801234567
640378251 801234567
640378512 801234567
640381257 801234567
640381572 801234567
640381725 801234567
640382175 801234567
640382517 801234567
640382751 801234567
640385127 801234567
640385271 801234567
640385712 801234567
640387152 801234567
640387215 801234567
640387521 801234567
640512387 801234567
640512738 801234567
640512873 801234567
640513278 801234567
640513782 801234567
640513827 801234567
640517283 801234567
640517328 801234567
640517832 801234567
640518237 801234567
640518372 801234567
640518723 801234567
640521378 801234567
640521783 801234567
640521837 801234567
640523187 801234567
640523718 801234567
