526014873 801234567
526017348 801234567
526017483 801234567
526017834 801234567
526018374 801234567
526018437 801234567
526018743 801234567
526031487 801234567
526031748 801234567
526031874 801234567
526034178 801234567
526034781 801234567
526034817 801234567
526037184 801234567
526037418 801234567
526037841 801234567
526038147 801234567
526038471 801234567
526038714 801234567
526041378 801234567
526041783 801234567
526041837 801234567
526043187 801234567
526043718 801234567
526043871 801234567
526047138 801234567
526047381 801234567
526047813 801234567
526048173 801234567
526048317 801234567
526048731 801234567
526071384 801234567
526071438 801234567
526071843 801234567
526073148 801234567
526073481 801234567
526073814 801234567
526074183 801234567
526074318 801234567
526074831 801234567
526078134 801234567
526078341 801234567
526078413 801234567
526081347 801234567
526081473 801234567
526081734 801234567
526083174 801234567
526083417 801234567
526083741 801234567
526084137 801234567
526084371 801234567
526084713 801234567
526087143 801234567
526087314 801234567
526087431 801234567
526103487 801234567
526103748 801234567
526103874 801234567
526104378 801234567
526104783 801234567
526104837 801234567
526107384 801234567
526107438 801234567
526107843 801234567
526108347 801234567
526108473 801234567
526108734 801234567
526130478 801234567
526130784 801234567
526130847 801234567
526134087 801234567
526134708 801234567
526134870 801234567
526137048 801234567
526137480 801234567
526137804 801234567
526138074 801234567
526138407 801234567
526138740 801234567
526140387 801234567
526140738 801234567
526140873 801234567
526143078 801234567
526143780 801234567
526143807 801234567
526147083 801234567
526147308 801234567
526147830 801234567
526148037 801234567
526148370 801234567
526148703 801234567
526170348 801234567
526170483 801234567
526170834 801234567
526173084 801234567
526173408 801234567
526173840 801234567
526174038 801234567
526174380 801234567
526174803 801234567
526178043 801234567
526178304 801234567
526178430 801234567
526180374 801234567
526180437 801234567
526180743 801234567
526183047 801234567
526183470 801234567
526183704 801234567
526184073 801234567
526184307 801234567
526184730 801234567
526187034 801234567
526187340 801234567
526187403 801234567
526301478 801234567
526301784 801234567
526301847 801234567
526304187 801234567
526304718 801234567
526304871 801234567
526307148 801234567
526307481 801234567
526307814 801234567
526308174 801234567
526308417 801234567
526308741 801234567
526310487 801234567
526310748 801234567
526310874 801234567
526314078 801234567
526314780 801234567
526314807 801234567
526317084 801234567
526317408 801234567
526317840 801234567
526318047 801234567
526318470 801234567
526318704 801234567
526340178 801234567
526340781 801234567
526340817 801234567
526341087 801234567
526341708 801234567
526341870 801234567
526347018 801234567
526347180 801234567
526347801 801234567
526348071 801234567
526348107 801234567
526348710 801234567
526370184 801234567
526370418 801234567
526370841 801234567
526371048 801234567
526371480 801234567
526371804 801234567
526374081 801234567
526374108 801234567
526374810 801234567
526378014 801234567
526378140 801234567
526378401 801234567
526380147 801234567
526380471 801234567
526380714 801234567
526381074 801234567
526381407 801234567
526381740 801234567
526384017 801234567
526384170 801234567
526384701 801234567
526387041 801234567
526387104 801234567
526387410 801234567
526401387 801234567
526401738 801234567
526401873 801234567
526403178 801234567
526403781 801234567
526403817 801234567
526407183 801234567
526407318 801234567
526407831 801234567
526408137 801234567
526408371 801234567
526408713 801234567
526410378 801234567
526410783 801234567
526410837 801234567
526413087 801234567
526413708 801234567
526413870 801234567
526417038 801234567
526417380 801234567
526417803 801234567
526418073 801234567
526418307 801234567
526418730 801234567
526430187 801234567
526430718 801234567
526430871 801234567
526431078 801234567
526431780 801234567
526431807 801234567
526437081 801234567
526437108 801234567
526437810 801234567
526438017 801234567
526438170 801234567
526438701 801234567
526470138 801234567
526470381 801234567
526470813 801234567
526471083 801234567
526471308 801234567
526471830 801234567
526473018 801234567
526473180 801234567
526473801 801234567
526478031 801234567
526478103 801234567
526478310 801234567
526480173 801234567
526480317 801234567
526480731 801234567
526481037 801234567
526481370 801234567
526481703 801234567
526483071 801234567
526483107 801234567
526483710 801234567
526487013 801234567
526487130 801234567
526487301 801234567
526701348 801234567
526701483 801234567
526701834 801234567
526703184 801234567
526703418 801234567
526703841 801234567
526704138 801234567
526704381 801234567
526704813 801234567
526708143 801234567
526708314 801234567
526708431 801234567
526710384 801234567
526710438 801234567
526710843 801234567
526713048 801234567
526713480 801234567
526713804 801234567
526714083 801234567
526714308 801234567
526714830 801234567
526718034 801234567
526718340 801234567
526718403 801234567
526730148 801234567
526730481 801234567
526730814 801234567
526731084 801234567
526731408 801234567
526731840 801234567
526734018 801234567
526734180 801234567
526734801 801234567
526738041 801234567
526738104 801234567
526738410 801234567
526740183 801234567
526740318 801234567
526740831 801234567
526741038 801234567
526741380 801234567
526741803 801234567
526743081 801234567
526743108 801234567
526743810 801234567
526748013 801234567
526748130 801234567
526748301 801234567
526780134 801234567
526780341 801234567
526780413 801234567
526781043 801234567
526781304 801234567
526781430 801234567
526783014 801234567
526783140 801234567
526783401 801234567
526784031 801234567
526784103 801234567
526784310 801234567
526801374 801234567
526801437 801234567
526801743 801234567
526803147 801234567
526803471 801234567
526803714 801234567
526804173 801234567
526804317 801234567
526804731 801234567
526807134 801234567
526807341 801234567
526807413 801234567
526810347 801234567
526810473 801234567
526810734 801234567
526813074 801234567
526813407 801234567
526813740 801234567
526814037 801234567
526814370 801234567
526814703 801234567
526817043 801234567
526817304 801234567
526817430 801234567
526830174 801234567
526830417 801234567
526830741 801234567
526831047 801234567
526831470 801234567
526831704 801234567
526834071 801234567
526834107 801234567
526834710 801234567
526837014 801234567
526837140 801234567
526837401 801234567
526840137 801234567
526840371 801234567
526840713 801234567
526841073 801234567
526841307 801234567
526841730 801234567
526843017 801234567
526843170 801234567
526843701 801234567
526847031 801234567
526847103 801234567
526847310 801234567
526870143 801234567
526870314 801234567
526870431 801234567
526871034 801234567
526871340 801234567
526871403 801234567
526873041 801234567
526873104 801234567
526873410 801234567
526874013 801234567
526874130 801234567
526874301 801234567
527013486 801234567
527013648 801234567
527013864 801234567
527014368 801234567
527014683 801234567
527014836 801234567
527016384 801234567
527016438 801234567
527016843 801234567
527018346 801234567
527018463 801234567
527018634 801234567
527031468 801234567
527031684 801234567
527031846 801234567
527034186 801234567
527034618 801234567
527034861 801234567
527036148 801234567
527036481 801234567
527036814 801234567
527038164 801234567
527038416 801234567
527038641 801234567
527041386 801234567
527041638 801234567
527041863 801234567
527043168 801234567
527043681 801234567
527043816 801234567
527046183 801234567
527046318 801234567
527046831 801234567
527048136 801234567
527048361 801234567
527048613 801234567
527061348 801234567
527061483 801234567
527061834 801234567
527063184 801234567
527063418 801234567
527063841 801234567
527064138 801234567
527064381 801234567
527064813 801234567
527068143 801234567
527068314 801234567
527068431 801234567
527081364 801234567
527081436 801234567
527081643 801234567
527083146 801234567
527083461 801234567
527083614 801234567
527084163 801234567
527084316 801234567
527084631 801234567
527086134 801234567
527086341 801234567
527086413 801234567
527103468 801234567
527103684 801234567
527103846 801234567
527104386 801234567
527104638 801234567
527104863 801234567
527106348 801234567
527106483 801234567
527106834 801234567
527108364 801234567
527108436 801234567
527108643 801234567
527130486 801234567
527130648 801234567
527130864 801234567
527134068 801234567
527134680 801234567
527134806 801234567
527136084 801234567
527136408 801234567
527136840 801234567
527138046 801234567
527138460 801234567
527138604 801234567
527140368 801234567
527140683 801234567
527140836 801234567
527143086 801234567
527143608 801234567
527143860 801234567
527146038 801234567
527146380 801234567
527146803 801234567
527148063 801234567
527148306 801234567
527148630 801234567
527160384 801234567
527160438 801234567
527160843 801234567
527163048 801234567
527163480 801234567
527163804 801234567
527164083 801234567
527164308 801234567
527164830 801234567
527168034 801234567
527168340 801234567
527168403 801234567
527180346 801234567
527180463 801234567
527180634 801234567
527183064 801234567
527183406 801234567
527183640 801234567
527184036 801234567
527184360 801234567
527184603 801234567
527186043 801234567
527186304 801234567
527186430 801234567
527301486 801234567
527301648 801234567
527301864 801234567
527304168 801234567
527304681 801234567
527304816 801234567
527306184 801234567
527306418 801234567
527306841 801234567
527308146 801234567
527308461 801234567
527308614 801234567
527310468 801234567
527310684 801234567
527310846 801234567
527314086 801234567
527314608 801234567
527314860 801234567
527316048 801234567
527316480 801234567
527316804 801234567
527318064 801234567
527318406 801234567
527318640 801234567
