302174856 801234567
302175486 801234567
302175648 801234567
302175864 801234567
302176458 801234567
302176584 801234567
302176845 801234567
302178465 801234567
302178546 801234567
302178654 801234567
302184576 801234567
302184657 801234567
302184765 801234567
302185467 801234567
302185674 801234567
302185746 801234567
302186475 801234567
302186547 801234567
302186754 801234567
302187456 801234567
302187564 801234567
302187645 801234567
302415678 801234567
302415786 801234567
302415867 801234567
302416587 801234567
302416758 801234567
302416875 801234567
302417568 801234567
302417685 801234567
302417856 801234567
302418576 801234567
302418657 801234567
302418765 801234567
302451687 801234567
302451768 801234567
302451876 801234567
302456178 801234567
302456781 801234567
302456817 801234567
302457186 801234567
302457618 801234567
302457861 801234567
302458167 801234567
302458671 801234567
302458716 801234567
302461578 801234567
302461785 801234567
302461857 801234567
302465187 801234567
302465718 801234567
302465871 801234567
302467158 801234567
302467581 801234567
302467815 801234567
302468175 801234567
302468517 801234567
302468751 801234567
302471586 801234567
302471658 801234567
302471865 801234567
302475168 801234567
302475681 801234567
302475816 801234567
302476185 801234567
302476518 801234567
302476851 801234567
302478156 801234567
302478561 801234567
302478615 801234567
302481567 801234567
302481675 801234567
302481756 801234567
302485176 801234567
302485617 801234567
302485761 801234567
302486157 801234567
302486571 801234567
302486715 801234567
302487165 801234567
302487516 801234567
302487651 801234567
302514687 801234567
302514768 801234567
302514876 801234567
302516478 801234567
302516784 801234567
302516847 801234567
302517486 801234567
302517648 801234567
302517864 801234567
302518467 801234567
302518674 801234567
302518746 801234567
302541678 801234567
302541786 801234567
302541867 801234567
302546187 801234567
302546718 801234567
302546871 801234567
302547168 801234567
302547681 801234567
302547816 801234567
302548176 801234567
302548617 801234567
302548761 801234567
302561487 801234567
302561748 801234567
302561874 801234567
302564178 801234567
302564781 801234567
302564817 801234567
302567184 801234567
302567418 801234567
302567841 801234567
302568147 801234567
302568471 801234567
302568714 801234567
302571468 801234567
302571684 801234567
302571846 801234567
302574186 801234567
302574618 801234567
302574861 801234567
302576148 801234567
302576481 801234567
302576814 801234567
302578164 801234567
302578416 801234567
302578641 801234567
302581476 801234567
302581647 801234567
302581764 801234567
302584167 801234567
302584671 801234567
302584716 801234567
302586174 801234567
302586417 801234567
302586741 801234567
302587146 801234567
302587461 801234567
302587614 801234567
302614578 801234567
302614785 801234567
302614857 801234567
302615487 801234567
302615748 801234567
302615874 801234567
302617458 801234567
302617584 801234567
302617845 801234567
302618475 801234567
302618547 801234567
302618754 801234567
302641587 801234567
302641758 801234567
302641875 801234567
302645178 801234567
302645781 801234567
302645817 801234567
302647185 801234567
302647518 801234567
302647851 801234567
302648157 801234567
302648571 801234567
302648715 801234567
302651478 801234567
302651784 801234567
302651847 801234567
302654187 801234567
302654718 801234567
302654871 801234567
302657148 801234567
302657481 801234567
302657814 801234567
302658174 801234567
302658417 801234567
302658741 801234567
302671485 801234567
302671548 801234567
302671854 801234567
302674158 801234567
302674581 801234567
302674815 801234567
302675184 801234567
302675418 801234567
302675841 801234567
302678145 801234567
302678451 801234567
302678514 801234567
302681457 801234567
302681574 801234567
302681745 801234567
302684175 801234567
302684517 801234567
302684751 801234567
302685147 801234567
302685471 801234567
302685714 801234567
302687154 801234567
302687415 801234567
302687541 801234567
302714586 801234567
302714658 801234567
302714865 801234567
302715468 801234567
302715684 801234567
302715846 801234567
302716485 801234567
302716548 801234567
302716854 801234567
302718456 801234567
302718564 801234567
302718645 801234567
302741568 801234567
302741685 801234567
302741856 801234567
302745186 801234567
302745618 801234567
302745861 801234567
302746158 801234567
302746581 801234567
302746815 801234567
302748165 801234567
302748516 801234567
302748651 801234567
302751486 801234567
302751648 801234567
302751864 801234567
302754168 801234567
302754681 801234567
302754816 801234567
302756184 801234567
302756418 801234567
302756841 801234567
302758146 801234567
302758461 801234567
302758614 801234567
302761458 801234567
302761584 801234567
302761845 801234567
302764185 801234567
302764518 801234567
302764851 801234567
302765148 801234567
302765481 801234567
302765814 801234567
302768154 801234567
302768415 801234567
302768541 801234567
302781465 801234567
302781546 801234567
302781654 801234567
302784156 801234567
302784561 801234567
302784615 801234567
302785164 801234567
302785416 801234567
302785641 801234567
302786145 801234567
302786451 801234567
302786514 801234567
302814567 801234567
302814675 801234567
302814756 801234567
302815476 801234567
302815647 801234567
302815764 801234567
302816457 801234567
302816574 801234567
302816745 801234567
302817465 801234567
302817546 801234567
302817654 801234567
302841576 801234567
302841657 801234567
302841765 801234567
302845167 801234567
302845671 801234567
302845716 801234567
302846175 801234567
302846517 801234567
302846751 801234567
302847156 801234567
302847561 801234567
302847615 801234567
302851467 801234567
302851674 801234567
302851746 801234567
302854176 801234567
302854617 801234567
302854761 801234567
302856147 801234567
302856471 801234567
302856714 801234567
302857164 801234567
302857416 801234567
302857641 801234567
302861475 801234567
302861547 801234567
302861754 801234567
302864157 801234567
302864571 801234567
302864715 801234567
302865174 801234567
302865417 801234567
302865741 801234567
302867145 801234567
302867451 801234567
302867514 801234567
302871456 801234567
302871564 801234567
302871645 801234567
302874165 801234567
302874516 801234567
302874651 801234567
302875146 801234567
302875461 801234567
302875614 801234567
302876154 801234567
302876415 801234567
302876541 801234567
304125678 801234567
304125786 801234567
304125867 801234567
304126587 801234567
304126758 801234567
304126875 801234567
304127568 801234567
304127685 801234567
304127856 801234567
304128576 801234567
304128657 801234567
304128765 801234567
304152687 801234567
304152768 801234567
304152876 801234567
304156278 801234567
304156782 801234567
304156827 801234567
304157286 801234567
304157628 801234567
304157862 801234567
304158267 801234567
304158672 801234567
304158726 801234567
304162578 801234567
304162785 801234567
304162857 801234567
304165287 801234567
304165728 801234567
304165872 801234567
304167258 801234567
304167582 801234567
304167825 801234567
304168275 801234567
304168527 801234567
304168752 801234567
304172586 801234567
304172658 801234567
304172865 801234567
304175268 801234567
304175682 801234567
304175826 801234567
304176285 801234567
304176528 801234567
304176852 801234567
304178256 801234567
304178562 801234567
304178625 801234567
304182567 801234567
304182675 801234567
304182756 801234567
304185276 801234567
304185627 801234567
304185762 801234567
304186257 801234567
304186572 801234567
304186725 801234567
304187265 801234567
304187526 801234567
304187652 801234567
304215687 801234567
304215768 801234567
304215876 801234567
304216578 801234567
304216785 801234567
304216857 801234567
304217586 801234567
304217658 801234567
304217865 801234567
304218567 801234567
304218675 801234567
304218756 801234567
304251678 801234567
304251786 801234567
304251867 801234567
304256187 801234567
304256718 801234567
304256871 801234567
304257168 801234567
304257681 801234567
304257816 801234567
304258176 801234567
304258617 801234567
304258761 801234567
304261587 801234567
304261758 801234567
304261875 801234567
304265178 801234567
304265781 801234567
304265817 801234567
304267185 801234567
304267518 801234567
304267851 801234567
304268157 801234567
304268571 801234567
304268715 801234567
304271568 801234567
304271685 801234567
304271856 801234567
304275186 801234567
304275618 801234567
304275861 801234567
304276158 801234567
304276581 801234567
304276815 801234567
304278165 801234567
304278516 801234567
304278651 801234567
304281576 801234567
304281657 801234567
304281765 801234567
304285167 801234567
304285671 801234567
304285716 801234567
304286175 801234567
304286517 801234567
304286751 801234567
304287156 801234567
304287561 801234567
304287615 801234567
304512678 801234567
304512786 801234567
304512867 801234567
304516287 801234567
304516728 801234567
304516872 801234567
304517268 801234567
304517682 801234567
304517826 801234567
304518276 801234567
304518627 801234567
304518762 801234567
304521687 801234567
304521768 801234567
304521876 801234567
304526178 801234567
304526781 801234567
304526817 801234567
304527186 801234567
304527618 801234567
304527861 801234567
304528167 801234567
304528671 801234567
304528716 801234567
304561278 801234567
304561782 801234567
304561827 801234567
304562187 801234567
304562718 801234567
304562871 801234567
304567128 801234567
304567281 801234567
304567812 801234567
304568172 801234567
304568217 801234567
304568721 801234567
304571286 801234567
304571628 801234567
304571862 801234567
304572168 801234567
304572681 801234567
304572816 801234567
304576182 801234567
304576218 801234567
304576821 801234567
304578126 801234567
304578261 801234567
304578612 801234567
304581267 801234567
304581672 801234567
304581726 801234567
304582176 801234567
304582617 801234567
304582761 801234567
304586127 801234567
304586271 801234567
304586712 801234567
