670342185 801234567
670342518 801234567
670342851 801234567
670345128 801234567
670345281 801234567
670345812 801234567
670348152 801234567
670348215 801234567
670348521 801234567
670351284 801234567
670351428 801234567
670351842 801234567
670352148 801234567
670352481 801234567
670352814 801234567
670354182 801234567
670354218 801234567
670354821 801234567
670358124 801234567
670358241 801234567
670358412 801234567
670381245 801234567
670381452 801234567
670381524 801234567
670382154 801234567
670382415 801234567
670382541 801234567
670384125 801234567
670384251 801234567
670384512 801234567
670385142 801234567
670385214 801234567
670385421 801234567
670412385 801234567
670412538 801234567
670412853 801234567
670413258 801234567
670413582 801234567
670413825 801234567
670415283 801234567
670415328 801234567
670415832 801234567
670418235 801234567
670418352 801234567
670418523 801234567
670421358 801234567
670421583 801234567
670421835 801234567
670423185 801234567
670423518 801234567
670423851 801234567
670425138 801234567
670425381 801234567
670425813 801234567
670428153 801234567
670428315 801234567
670428531 801234567
670431285 801234567
670431528 801234567
670431852 801234567
670432158 801234567
670432581 801234567
670432815 801234567
670435182 801234567
670435218 801234567
670435821 801234567
670438125 801234567
670438251 801234567
670438512 801234567
670451238 801234567
670451382 801234567
670451823 801234567
670452183 801234567
670452318 801234567
670452831 801234567
670453128 801234567
670453281 801234567
670453812 801234567
670458132 801234567
670458213 801234567
670458321 801234567
670481253 801234567
670481325 801234567
670481532 801234567
670482135 801234567
670482351 801234567
670482513 801234567
670483152 801234567
670483215 801234567
670483521 801234567
670485123 801234567
670485231 801234567
670485312 801234567
670512348 801234567
670512483 801234567
670512834 801234567
670513284 801234567
670513428 801234567
670513842 801234567
670514238 801234567
670514382 801234567
670514823 801234567
670518243 801234567
670518324 801234567
670518432 801234567
670521384 801234567
670521438 801234567
670521843 801234567
670523148 801234567
670523481 801234567
670523814 801234567
670524183 801234567
670524318 801234567
670524831 801234567
670528134 801234567
670528341 801234567
670528413 801234567
670531248 801234567
670531482 801234567
670531824 801234567
670532184 801234567
670532418 801234567
670532841 801234567
670534128 801234567
670534281 801234567
670534812 801234567
670538142 801234567
670538214 801234567
670538421 801234567
670541283 801234567
670541328 801234567
670541832 801234567
670542138 801234567
670542381 801234567
670542813 801234567
670543182 801234567
670543218 801234567
670543821 801234567
670548123 801234567
670548231 801234567
670548312 801234567
670581234 801234567
670581342 801234567
670581423 801234567
670582143 801234567
670582314 801234567
670582431 801234567
670583124 801234567
670583241 801234567
670583412 801234567
670584132 801234567
670584213 801234567
670584321 801234567
670812354 801234567
670812435 801234567
670812543 801234567
670813245 801234567
670813452 801234567
670813524 801234567
670814253 801234567
670814325 801234567
670814532 801234567
670815234 801234567
670815342 801234567
670815423 801234567
670821345 801234567
670821453 801234567
670821534 801234567
670823154 801234567
670823415 801234567
670823541 801234567
670824135 801234567
670824351 801234567
670824513 801234567
670825143 801234567
670825314 801234567
670825431 801234567
670831254 801234567
670831425 801234567
670831542 801234567
670832145 801234567
670832451 801234567
670832514 801234567
670834152 801234567
670834215 801234567
670834521 801234567
670835124 801234567
670835241 801234567
670835412 801234567
670841235 801234567
670841352 801234567
670841523 801234567
670842153 801234567
670842315 801234567
670842531 801234567
670843125 801234567
670843251 801234567
670843512 801234567
670845132 801234567
670845213 801234567
670845321 801234567
670851243 801234567
670851324 801234567
670851432 801234567
670852134 801234567
670852341 801234567
670852413 801234567
670853142 801234567
670853214 801234567
670853421 801234567
670854123 801234567
670854231 801234567
670854312 801234567
671023485 801234567
671023548 801234567
671023854 801234567
671024358 801234567
671024583 801234567
671024835 801234567
671025384 801234567
671025438 801234567
671025843 801234567
671028345 801234567
671028453 801234567
671028534 801234567
671032458 801234567
671032584 801234567
671032845 801234567
671034285 801234567
671034528 801234567
671034852 801234567
671035248 801234567
671035482 801234567
671035824 801234567
671038254 801234567
671038425 801234567
671038542 801234567
671042385 801234567
671042538 801234567
671042853 801234567
671043258 801234567
671043582 801234567
671043825 801234567
671045283 801234567
671045328 801234567
671045832 801234567
671048235 801234567
671048352 801234567
671048523 801234567
671052348 801234567
671052483 801234567
671052834 801234567
671053284 801234567
671053428 801234567
671053842 801234567
671054238 801234567
671054382 801234567
671054823 801234567
671058243 801234567
671058324 801234567
671058432 801234567
671082354 801234567
671082435 801234567
671082543 801234567
671083245 801234567
671083452 801234567
671083524 801234567
671084253 801234567
671084325 801234567
671084532 801234567
671085234 801234567
671085342 801234567
671085423 801234567
671203458 801234567
671203584 801234567
671203845 801234567
671204385 801234567
671204538 801234567
671204853 801234567
671205348 801234567
671205483 801234567
671205834 801234567
671208354 801234567
671208435 801234567
671208543 801234567
671230485 801234567
671230548 801234567
671230854 801234567
671234058 801234567
671234580 801234567
671234805 801234567
671235084 801234567
671235408 801234567
671235840 801234567
671238045 801234567
671238450 801234567
671238504 801234567
671240358 801234567
671240583 801234567
671240835 801234567
671243085 801234567
671243508 801234567
671243850 801234567
671245038 801234567
671245380 801234567
671245803 801234567
671248053 801234567
671248305 801234567
671248530 801234567
671250384 801234567
671250438 801234567
671250843 801234567
671253048 801234567
671253480 801234567
671253804 801234567
671254083 801234567
671254308 801234567
671254830 801234567
671258034 801234567
671258340 801234567
671258403 801234567
671280345 801234567
671280453 801234567
671280534 801234567
671283054 801234567
671283405 801234567
671283540 801234567
671284035 801234567
671284350 801234567
671284503 801234567
671285043 801234567
671285304 801234567
671285430 801234567
671302485 801234567
671302548 801234567
671302854 801234567
671304258 801234567
671304582 801234567
671304825 801234567
671305284 801234567
671305428 801234567
671305842 801234567
671308245 801234567
671308452 801234567
671308524 801234567
671320458 801234567
671320584 801234567
671320845 801234567
671324085 801234567
671324508 801234567
671324850 801234567
671325048 801234567
671325480 801234567
671325804 801234567
671328054 801234567
671328405 801234567
671328540 801234567
671340285 801234567
671340528 801234567
671340852 801234567
671342058 801234567
671342580 801234567
671342805 801234567
671345082 801234567
671345208 801234567
671345820 801234567
671348025 801234567
671348250 801234567
671348502 801234567
671350248 801234567
671350482 801234567
671350824 801234567
671352084 801234567
671352408 801234567
671352840 801234567
671354028 801234567
671354280 801234567
671354802 801234567
671358042 801234567
671358204 801234567
671358420 801234567
671380254 801234567
671380425 801234567
671380542 801234567
671382045 801234567
671382450 801234567
671382504 801234567
671384052 801234567
671384205 801234567
671384520 801234567
671385024 801234567
671385240 801234567
671385402 801234567
671402358 801234567
671402583 801234567
671402835 801234567
671403285 801234567
671403528 801234567
671403852 801234567
671405238 801234567
671405382 801234567
671405823 801234567
671408253 801234567
671408325 801234567
671408532 801234567
671420385 801234567
671420538 801234567
671420853 801234567
671423058 801234567
671423580 801234567
671423805 801234567
671425083 801234567
671425308 801234567
671425830 801234567
671428035 801234567
671428350 801234567
671428503 801234567
671430258 801234567
671430582 801234567
671430825 801234567
671432085 801234567
671432508 801234567
671432850 801234567
671435028 801234567
671435280 801234567
671435802 801234567
671438052 801234567
671438205 801234567
671438520 801234567
671450283 801234567
671450328 801234567
671450832 801234567
671452038 801234567
671452380 801234567
671452803 801234567
671453082 801234567
671453208 801234567
671453820 801234567
671458023 801234567
671458230 801234567
671458302 801234567
671480235 801234567
671480352 801234567
671480523 801234567
671482053 801234567
671482305 801234567
671482530 801234567
671483025 801234567
671483250 801234567
671483502 801234567
671485032 801234567
671485203 801234567
671485320 801234567
671502384 801234567
671502438 801234567
671502843 801234567
671503248 801234567
671503482 801234567
671503824 801234567
671504283 801234567
671504328 801234567
671504832 801234567
671508234 801234567
671508342 801234567
671508423 801234567
671520348 801234567
671520483 801234567
671520834 801234567
671523084 801234567
671523408 801234567
671523840 801234567
671524038 801234567
671524380 801234567
671524803 801234567
671528043 801234567
671528304 801234567
671528430 801234567
671530284 801234567
671530428 801234567
671530842 801234567
671532048 801234567
671532480 801234567
671532804 801234567
671534082 801234567
671534208 801234567
671534820 801234567
671538024 801234567
671538240 801234567
671538402 801234567
671540238 801234567
671540382 801234567
671540823 801234567
671542083 801234567
671542308 801234567
671542830 801234567
671543028 801234567
671543280 801234567
671543802 801234567
671548032 801234567
