356872104 801234567
356872410 801234567
356874012 801234567
356874120 801234567
356874201 801234567
357012486 801234567
357012648 801234567
357012864 801234567
357014268 801234567
357014682 801234567
357014826 801234567
357016284 801234567
357016428 801234567
357016842 801234567
357018246 801234567
357018462 801234567
357018624 801234567
357021468 801234567
357021684 801234567
357021846 801234567
357024186 801234567
357024618 801234567
357024861 801234567
357026148 801234567
357026481 801234567
357026814 801234567
357028164 801234567
357028416 801234567
357028641 801234567
357041286 801234567
357041628 801234567
357041862 801234567
357042168 801234567
357042681 801234567
357042816 801234567
357046182 801234567
357046218 801234567
357046821 801234567
357048126 801234567
357048261 801234567
357048612 801234567
357061248 801234567
357061482 801234567
357061824 801234567
357062184 801234567
357062418 801234567
357062841 801234567
357064128 801234567
357064281 801234567
357064812 801234567
357068142 801234567
357068214 801234567
357068421 801234567
357081264 801234567
357081426 801234567
357081642 801234567
357082146 801234567
357082461 801234567
357082614 801234567
357084162 801234567
357084216 801234567
357084621 801234567
357086124 801234567
357086241 801234567
357086412 801234567
357102468 801234567
357102684 801234567
357102846 801234567
357104286 801234567
357104628 801234567
357104862 801234567
357106248 801234567
357106482 801234567
357106824 801234567
357108264 801234567
357108426 801234567
357108642 801234567
357120486 801234567
357120648 801234567
357120864 801234567
357124068 801234567
357124680 801234567
357124806 801234567
357126084 801234567
357126408 801234567
357126840 801234567
357128046 801234567
357128460 801234567
357128604 801234567
357140268 801234567
357140682 801234567
357140826 801234567
357142086 801234567
357142608 801234567
357142860 801234567
357146028 801234567
357146280 801234567
357146802 801234567
357148062 801234567
357148206 801234567
357148620 801234567
357160284 801234567
357160428 801234567
357160842 801234567
357162048 801234567
357162480 801234567
357162804 801234567
357164082 801234567
357164208 801234567
357164820 801234567
357168024 801234567
357168240 801234567
357168402 801234567
357180246 801234567
357180462 801234567
357180624 801234567
357182064 801234567
357182406 801234567
357182640 801234567
357184026 801234567
357184260 801234567
357184602 801234567
357186042 801234567
357186204 801234567
357186420 801234567
357201486 801234567
357201648 801234567
357201864 801234567
357204168 801234567
357204681 801234567
357204816 801234567
357206184 801234567
357206418 801234567
357206841 801234567
357208146 801234567
357208461 801234567
357208614 801234567
357210468 801234567
357210684 801234567
357210846 801234567
357214086 801234567
357214608 801234567
357214860 801234567
357216048 801234567
357216480 801234567
357216804 801234567
357218064 801234567
357218406 801234567
357218640 801234567
357240186 801234567
357240618 801234567
357240861 801234567
357241068 801234567
357241680 801234567
357241806 801234567
357246081 801234567
357246108 801234567
357246810 801234567
357248016 801234567
357248160 801234567
357248601 801234567
357260148 801234567
357260481 801234567
357260814 801234567
357261084 801234567
357261408 801234567
357261840 801234567
357264018 801234567
357264180 801234567
357264801 801234567
357268041 801234567
357268104 801234567
357268410 801234567
357280164 801234567
357280416 801234567
357280641 801234567
357281046 801234567
357281460 801234567
357281604 801234567
357284061 801234567
357284106 801234567
357284610 801234567
357286014 801234567
357286140 801234567
357286401 801234567
357401268 801234567
357401682 801234567
357401826 801234567
357402186 801234567
357402618 801234567
357402861 801234567
357406128 801234567
357406281 801234567
357406812 801234567
357408162 801234567
357408216 801234567
357408621 801234567
357410286 801234567
357410628 801234567
357410862 801234567
357412068 801234567
357412680 801234567
357412806 801234567
357416082 801234567
357416208 801234567
357416820 801234567
357418026 801234567
357418260 801234567
357418602 801234567
357420168 801234567
357420681 801234567
357420816 801234567
357421086 801234567
357421608 801234567
357421860 801234567
357426018 801234567
357426180 801234567
357426801 801234567
357428061 801234567
357428106 801234567
357428610 801234567
357460182 801234567
357460218 801234567
357460821 801234567
357461028 801234567
357461280 801234567
357461802 801234567
357462081 801234567
357462108 801234567
357462810 801234567
357468012 801234567
357468120 801234567
357468201 801234567
357480126 801234567
357480261 801234567
357480612 801234567
357481062 801234567
357481206 801234567
357481620 801234567
357482016 801234567
357482160 801234567
357482601 801234567
357486021 801234567
357486102 801234567
357486210 801234567
357601284 801234567
357601428 801234567
357601842 801234567
357602148 801234567
357602481 801234567
357602814 801234567
357604182 801234567
357604218 801234567
357604821 801234567
357608124 801234567
357608241 801234567
357608412 801234567
357610248 801234567
357610482 801234567
357610824 801234567
357612084 801234567
357612408 801234567
357612840 801234567
357614028 801234567
357614280 801234567
357614802 801234567
357618042 801234567
357618204 801234567
357618420 801234567
357620184 801234567
357620418 801234567
357620841 801234567
357621048 801234567
357621480 801234567
357621804 801234567
357624081 801234567
357624108 801234567
357624810 801234567
357628014 801234567
357628140 801234567
357628401 801234567
357640128 801234567
357640281 801234567
357640812 801234567
357641082 801234567
357641208 801234567
357641820 801234567
357642018 801234567
357642180 801234567
357642801 801234567
357648021 801234567
357648102 801234567
357648210 801234567
357680142 801234567
357680214 801234567
357680421 801234567
357681024 801234567
357681240 801234567
357681402 801234567
357682041 801234567
357682104 801234567
357682410 801234567
357684012 801234567
357684120 801234567
357684201 801234567
357801246 801234567
357801462 801234567
357801624 801234567
357802164 801234567
357802416 801234567
357802641 801234567
357804126 801234567
357804261 801234567
357804612 801234567
357806142 801234567
357806214 801234567
357806421 801234567
357810264 801234567
357810426 801234567
357810642 801234567
357812046 801234567
357812460 801234567
357812604 801234567
357814062 801234567
357814206 801234567
357814620 801234567
357816024 801234567
357816240 801234567
357816402 801234567
357820146 801234567
357820461 801234567
357820614 801234567
357821064 801234567
357821406 801234567
357821640 801234567
357824016 801234567
357824160 801234567
357824601 801234567
357826041 801234567
357826104 801234567
357826410 801234567
357840162 801234567
357840216 801234567
357840621 801234567
357841026 801234567
357841260 801234567
357841602 801234567
357842061 801234567
357842106 801234567
357842610 801234567
357846012 801234567
357846120 801234567
357846201 801234567
357860124 801234567
357860241 801234567
357860412 801234567
357861042 801234567
357861204 801234567
357861420 801234567
357862014 801234567
357862140 801234567
357862401 801234567
357864021 801234567
357864102 801234567
357864210 801234567
358012467 801234567
358012674 801234567
358012746 801234567
358014276 801234567
358014627 801234567
358014762 801234567
358016247 801234567
358016472 801234567
358016724 801234567
358017264 801234567
358017426 801234567
358017642 801234567
358021476 801234567
358021647 801234567
358021764 801234567
358024167 801234567
358024671 801234567
358024716 801234567
358026174 801234567
358026417 801234567
358026741 801234567
358027146 801234567
358027461 801234567
358027614 801234567
358041267 801234567
358041672 801234567
358041726 801234567
358042176 801234567
358042617 801234567
358042761 801234567
358046127 801234567
358046271 801234567
358046712 801234567
358047162 801234567
358047216 801234567
358047621 801234567
358061274 801234567
358061427 801234567
358061742 801234567
358062147 801234567
358062471 801234567
358062714 801234567
358064172 801234567
358064217 801234567
358064721 801234567
358067124 801234567
358067241 801234567
358067412 801234567
358071246 801234567
358071462 801234567
358071624 801234567
358072164 801234567
358072416 801234567
358072641 801234567
358074126 801234567
358074261 801234567
358074612 801234567
358076142 801234567
358076214 801234567
358076421 801234567
358102476 801234567
358102647 801234567
358102764 801234567
358104267 801234567
358104672 801234567
358104726 801234567
358106274 801234567
358106427 801234567
358106742 801234567
358107246 801234567
358107462 801234567
358107624 801234567
358120467 801234567
358120674 801234567
358120746 801234567
358124076 801234567
358124607 801234567
358124760 801234567
358126047 801234567
358126470 801234567
358126704 801234567
358127064 801234567
358127406 801234567
358127640 801234567
358140276 801234567
358140627 801234567
358140762 801234567
358142067 801234567
358142670 801234567
358142706 801234567
358146072 801234567
358146207 801234567
358146720 801234567
358147026 801234567
358147260 801234567
358147602 801234567
358160247 801234567
358160472 801234567
358160724 801234567
358162074 801234567
358162407 801234567
358162740 801234567
358164027 801234567
358164270 801234567
358164702 801234567
358167042 801234567
358167204 801234567
358167420 801234567
358170264 801234567
358170426 801234567
358170642 801234567
358172046 801234567
358172460 801234567
358172604 801234567
358174062 801234567
358174206 801234567
358174620 801234567
358176024 801234567
358176240 801234567
358176402 801234567
358201467 801234567
358201674 801234567
358201746 801234567
358204176 801234567
358204617 801234567
358204761 801234567
358206147 801234567
358206471 801234567
358206714 801234567
358207164 801234567
358207416 801234567
358207641 801234567
358210476 801234567
358210647 801234567
