287514360 801234567
287514603 801234567
287516043 801234567
287516304 801234567
287516430 801234567
287530164 801234567
287530416 801234567
287530641 801234567
287531046 801234567
287531460 801234567
287531604 801234567
287534061 801234567
287534106 801234567
287534610 801234567
287536014 801234567
287536140 801234567
287536401 801234567
287540136 801234567
287540361 801234567
287540613 801234567
287541063 801234567
287541306 801234567
287541630 801234567
287543016 801234567
287543160 801234567
287543601 801234567
287546031 801234567
287546103 801234567
287546310 801234567
287560143 801234567
287560314 801234567
287560431 801234567
287561034 801234567
287561340 801234567
287561403 801234567
287563041 801234567
287563104 801234567
287563410 801234567
287564013 801234567
287564130 801234567
287564301 801234567
287601345 801234567
287601453 801234567
287601534 801234567
287603154 801234567
287603415 801234567
287603541 801234567
287604135 801234567
287604351 801234567
287604513 801234567
287605143 801234567
287605314 801234567
287605431 801234567
287610354 801234567
287610435 801234567
287610543 801234567
287613045 801234567
287613450 801234567
287613504 801234567
287614053 801234567
287614305 801234567
287614530 801234567
287615034 801234567
287615340 801234567
287615403 801234567
287630145 801234567
287630451 801234567
287630514 801234567
287631054 801234567
287631405 801234567
287631540 801234567
287634015 801234567
287634150 801234567
287634501 801234567
287635041 801234567
287635104 801234567
287635410 801234567
287640153 801234567
287640315 801234567
287640531 801234567
287641035 801234567
287641350 801234567
287641503 801234567
287643051 801234567
287643105 801234567
287643510 801234567
287645013 801234567
287645130 801234567
287645301 801234567
287650134 801234567
287650341 801234567
287650413 801234567
287651043 801234567
287651304 801234567
287651430 801234567
287653014 801234567
287653140 801234567
287653401 801234567
287654031 801234567
287654103 801234567
287654310 801234567
301245678 801234567
301245786 801234567
301245867 801234567
301246587 801234567
301246758 801234567
301246875 801234567
301247568 801234567
301247685 801234567
301247856 801234567
301248576 801234567
301248657 801234567
301248765 801234567
301254687 801234567
301254768 801234567
301254876 801234567
301256478 801234567
301256784 801234567
301256847 801234567
301257486 801234567
301257648 801234567
301257864 801234567
301258467 801234567
301258674 801234567
301258746 801234567
301264578 801234567
301264785 801234567
301264857 801234567
301265487 801234567
301265748 801234567
301265874 801234567
301267458 801234567
301267584 801234567
301267845 801234567
301268475 801234567
301268547 801234567
301268754 801234567
301274586 801234567
301274658 801234567
301274865 801234567
301275468 801234567
301275684 801234567
301275846 801234567
301276485 801234567
301276548 801234567
301276854 801234567
301278456 801234567
301278564 801234567
301278645 801234567
301284567 801234567
301284675 801234567
301284756 801234567
301285476 801234567
301285647 801234567
301285764 801234567
301286457 801234567
301286574 801234567
301286745 801234567
301287465 801234567
301287546 801234567
301287654 801234567
301425687 801234567
301425768 801234567
301425876 801234567
301426578 801234567
301426785 801234567
301426857 801234567
301427586 801234567
301427658 801234567
301427865 801234567
301428567 801234567
301428675 801234567
301428756 801234567
301452678 801234567
301452786 801234567
301452867 801234567
301456287 801234567
301456728 801234567
301456872 801234567
301457268 801234567
301457682 801234567
301457826 801234567
301458276 801234567
301458627 801234567
301458762 801234567
301462587 801234567
301462758 801234567
301462875 801234567
301465278 801234567
301465782 801234567
301465827 801234567
301467285 801234567
301467528 801234567
301467852 801234567
301468257 801234567
301468572 801234567
301468725 801234567
301472568 801234567
301472685 801234567
301472856 801234567
301475286 801234567
301475628 801234567
301475862 801234567
301476258 801234567
301476582 801234567
301476825 801234567
301478265 801234567
301478526 801234567
301478652 801234567
301482576 801234567
301482657 801234567
301482765 801234567
301485267 801234567
301485672 801234567
301485726 801234567
301486275 801234567
301486527 801234567
301486752 801234567
301487256 801234567
301487562 801234567
301487625 801234567
301524678 801234567
301524786 801234567
301524867 801234567
301526487 801234567
301526748 801234567
301526874 801234567
301527468 801234567
301527684 801234567
301527846 801234567
301528476 801234567
301528647 801234567
301528764 801234567
301542687 801234567
301542768 801234567
301542876 801234567
301546278 801234567
301546782 801234567
301546827 801234567
301547286 801234567
301547628 801234567
301547862 801234567
301548267 801234567
301548672 801234567
301548726 801234567
301562478 801234567
301562784 801234567
301562847 801234567
301564287 801234567
301564728 801234567
301564872 801234567
301567248 801234567
301567482 801234567
301567824 801234567
301568274 801234567
301568427 801234567
301568742 801234567
301572486 801234567
301572648 801234567
301572864 801234567
301574268 801234567
301574682 801234567
301574826 801234567
301576284 801234567
301576428 801234567
301576842 801234567
301578246 801234567
301578462 801234567
301578624 801234567
301582467 801234567
301582674 801234567
301582746 801234567
301584276 801234567
301584627 801234567
301584762 801234567
301586247 801234567
301586472 801234567
301586724 801234567
301587264 801234567
301587426 801234567
301587642 801234567
301624587 801234567
301624758 801234567
301624875 801234567
301625478 801234567
301625784 801234567
301625847 801234567
301627485 801234567
301627548 801234567
301627854 801234567
301628457 801234567
301628574 801234567
301628745 801234567
301642578 801234567
301642785 801234567
301642857 801234567
301645287 801234567
301645728 801234567
301645872 801234567
301647258 801234567
301647582 801234567
301647825 801234567
301648275 801234567
301648527 801234567
301648752 801234567
301652487 801234567
301652748 801234567
301652874 801234567
301654278 801234567
301654782 801234567
301654827 801234567
301657284 801234567
301657428 801234567
301657842 801234567
301658247 801234567
301658472 801234567
301658724 801234567
301672458 801234567
301672584 801234567
301672845 801234567
301674285 801234567
301674528 801234567
301674852 801234567
301675248 801234567
301675482 801234567
301675824 801234567
301678254 801234567
301678425 801234567
301678542 801234567
301682475 801234567
301682547 801234567
301682754 801234567
301684257 801234567
301684572 801234567
301684725 801234567
301685274 801234567
301685427 801234567
301685742 801234567
301687245 801234567
301687452 801234567
301687524 801234567
301724568 801234567
301724685 801234567
301724856 801234567
301725486 801234567
301725648 801234567
301725864 801234567
301726458 801234567
301726584 801234567
301726845 801234567
301728465 801234567
301728546 801234567
301728654 801234567
301742586 801234567
301742658 801234567
301742865 801234567
301745268 801234567
301745682 801234567
301745826 801234567
301746285 801234567
301746528 801234567
301746852 801234567
301748256 801234567
301748562 801234567
301748625 801234567
301752468 801234567
301752684 801234567
301752846 801234567
301754286 801234567
301754628 801234567
301754862 801234567
301756248 801234567
301756482 801234567
301756824 801234567
301758264 801234567
301758426 801234567
301758642 801234567
301762485 801234567
301762548 801234567
301762854 801234567
301764258 801234567
301764582 801234567
301764825 801234567
301765284 801234567
301765428 801234567
301765842 801234567
301768245 801234567
301768452 801234567
301768524 801234567
301782456 801234567
301782564 801234567
301782645 801234567
301784265 801234567
301784526 801234567
301784652 801234567
301785246 801234567
301785462 801234567
301785624 801234567
301786254 801234567
301786425 801234567
301786542 801234567
301824576 801234567
301824657 801234567
301824765 801234567
301825467 801234567
301825674 801234567
301825746 801234567
301826475 801234567
301826547 801234567
301826754 801234567
301827456 801234567
301827564 801234567
301827645 801234567
301842567 801234567
301842675 801234567
301842756 801234567
301845276 801234567
301845627 801234567
301845762 801234567
301846257 801234567
301846572 801234567
301846725 801234567
301847265 801234567
301847526 801234567
301847652 801234567
301852476 801234567
301852647 801234567
301852764 801234567
301854267 801234567
301854672 801234567
301854726 801234567
301856274 801234567
301856427 801234567
301856742 801234567
301857246 801234567
301857462 801234567
301857624 801234567
301862457 801234567
301862574 801234567
301862745 801234567
301864275 801234567
301864527 801234567
301864752 801234567
301865247 801234567
301865472 801234567
301865724 801234567
301867254 801234567
301867425 801234567
301867542 801234567
301872465 801234567
301872546 801234567
301872654 801234567
301874256 801234567
301874562 801234567
301874625 801234567
301875264 801234567
301875426 801234567
301875642 801234567
301876245 801234567
301876452 801234567
301876524 801234567
302145687 801234567
302145768 801234567
302145876 801234567
302146578 801234567
302146785 801234567
302146857 801234567
302147586 801234567
302147658 801234567
302147865 801234567
302148567 801234567
302148675 801234567
302148756 801234567
302154678 801234567
302154786 801234567
302154867 801234567
302156487 801234567
302156748 801234567
302156874 801234567
302157468 801234567
302157684 801234567
302157846 801234567
302158476 801234567
302158647 801234567
302158764 801234567
302164587 801234567
302164758 801234567
302164875 801234567
302165478 801234567
302165784 801234567
302165847 801234567
302167485 801234567
302167548 801234567
302167854 801234567
302168457 801234567
302168574 801234567
302168745 801234567
302174568 801234567
302174685 801234567
