172680354 801234567
172680435 801234567
172680543 801234567
172683045 801234567
172683450 801234567
172683504 801234567
172684053 801234567
172684305 801234567
172684530 801234567
172685034 801234567
172685340 801234567
172685403 801234567
172803456 801234567
172803564 801234567
172803645 801234567
172804365 801234567
172804536 801234567
172804653 801234567
172805346 801234567
172805463 801234567
172805634 801234567
172806354 801234567
172806435 801234567
172806543 801234567
172830465 801234567
172830546 801234567
172830654 801234567
172834056 801234567
172834560 801234567
172834605 801234567
172835064 801234567
172835406 801234567
172835640 801234567
172836045 801234567
172836450 801234567
172836504 801234567
172840356 801234567
172840563 801234567
172840635 801234567
172843065 801234567
172843506 801234567
172843650 801234567
172845036 801234567
172845360 801234567
172845603 801234567
172846053 801234567
172846305 801234567
172846530 801234567
172850364 801234567
172850436 801234567
172850643 801234567
172853046 801234567
172853460 801234567
172853604 801234567
172854063 801234567
172854306 801234567
172854630 801234567
172856034 801234567
172856340 801234567
172856403 801234567
172860345 801234567
172860453 801234567
172860534 801234567
172863054 801234567
172863405 801234567
172863540 801234567
172864035 801234567
172864350 801234567
172864503 801234567
172865043 801234567
172865304 801234567
172865430 801234567
173024568 801234567
173024685 801234567
173024856 801234567
173025486 801234567
173025648 801234567
173025864 801234567
173026458 801234567
173026584 801234567
173026845 801234567
173028465 801234567
173028546 801234567
173028654 801234567
173042586 801234567
173042658 801234567
173042865 801234567
173045268 801234567
173045682 801234567
173045826 801234567
173046285 801234567
173046528 801234567
173046852 801234567
173048256 801234567
173048562 801234567
173048625 801234567
173052468 801234567
173052684 801234567
173052846 801234567
173054286 801234567
173054628 801234567
173054862 801234567
173056248 801234567
173056482 801234567
173056824 801234567
173058264 801234567
173058426 801234567
173058642 801234567
173062485 801234567
173062548 801234567
173062854 801234567
173064258 801234567
173064582 801234567
173064825 801234567
173065284 801234567
173065428 801234567
173065842 801234567
173068245 801234567
173068452 801234567
173068524 801234567
173082456 801234567
173082564 801234567
173082645 801234567
173084265 801234567
173084526 801234567
173084652 801234567
173085246 801234567
173085462 801234567
173085624 801234567
173086254 801234567
173086425 801234567
173086542 801234567
173204586 801234567
173204658 801234567
173204865 801234567
173205468 801234567
173205684 801234567
173205846 801234567
173206485 801234567
173206548 801234567
173206854 801234567
173208456 801234567
173208564 801234567
173208645 801234567
173240568 801234567
173240685 801234567
173240856 801234567
173245086 801234567
173245608 801234567
173245860 801234567
173246058 801234567
173246580 801234567
173246805 801234567
173248065 801234567
173248506 801234567
173248650 801234567
173250486 801234567
173250648 801234567
173250864 801234567
173254068 801234567
173254680 801234567
173254806 801234567
173256084 801234567
173256408 801234567
173256840 801234567
173258046 801234567
173258460 801234567
173258604 801234567
173260458 801234567
173260584 801234567
173260845 801234567
173264085 801234567
173264508 801234567
173264850 801234567
173265048 801234567
173265480 801234567
173265804 801234567
173268054 801234567
173268405 801234567
173268540 801234567
173280465 801234567
173280546 801234567
173280654 801234567
173284056 801234567
173284560 801234567
173284605 801234567
173285064 801234567
173285406 801234567
173285640 801234567
173286045 801234567
173286450 801234567
173286504 801234567
173402568 801234567
173402685 801234567
173402856 801234567
173405286 801234567
173405628 801234567
173405862 801234567
173406258 801234567
173406582 801234567
173406825 801234567
173408265 801234567
173408526 801234567
173408652 801234567
173420586 801234567
173420658 801234567
173420865 801234567
173425068 801234567
173425680 801234567
173425806 801234567
173426085 801234567
173426508 801234567
173426850 801234567
173428056 801234567
173428560 801234567
173428605 801234567
173450268 801234567
173450682 801234567
173450826 801234567
173452086 801234567
173452608 801234567
173452860 801234567
173456028 801234567
173456280 801234567
173456802 801234567
173458062 801234567
173458206 801234567
173458620 801234567
173460285 801234567
173460528 801234567
173460852 801234567
173462058 801234567
173462580 801234567
173462805 801234567
173465082 801234567
173465208 801234567
173465820 801234567
173468025 801234567
173468250 801234567
173468502 801234567
173480256 801234567
173480562 801234567
173480625 801234567
173482065 801234567
173482506 801234567
173482650 801234567
173485026 801234567
173485260 801234567
173485602 801234567
173486052 801234567
173486205 801234567
173486520 801234567
173502486 801234567
173502648 801234567
173502864 801234567
173504268 801234567
173504682 801234567
173504826 801234567
173506284 801234567
173506428 801234567
173506842 801234567
173508246 801234567
173508462 801234567
173508624 801234567
173520468 801234567
173520684 801234567
173520846 801234567
173524086 801234567
173524608 801234567
173524860 801234567
173526048 801234567
173526480 801234567
173526804 801234567
173528064 801234567
173528406 801234567
173528640 801234567
173540286 801234567
173540628 801234567
173540862 801234567
173542068 801234567
173542680 801234567
173542806 801234567
173546082 801234567
173546208 801234567
173546820 801234567
173548026 801234567
173548260 801234567
173548602 801234567
173560248 801234567
173560482 801234567
173560824 801234567
173562084 801234567
173562408 801234567
173562840 801234567
173564028 801234567
173564280 801234567
173564802 801234567
173568042 801234567
173568204 801234567
173568420 801234567
173580264 801234567
173580426 801234567
173580642 801234567
173582046 801234567
173582460 801234567
173582604 801234567
173584062 801234567
173584206 801234567
173584620 801234567
173586024 801234567
173586240 801234567
173586402 801234567
173602458 801234567
173602584 801234567
173602845 801234567
173604285 801234567
173604528 801234567
173604852 801234567
173605248 801234567
173605482 801234567
173605824 801234567
173608254 801234567
173608425 801234567
173608542 801234567
173620485 801234567
173620548 801234567
173620854 801234567
173624058 801234567
173624580 801234567
173624805 801234567
173625084 801234567
173625408 801234567
173625840 801234567
173628045 801234567
173628450 801234567
173628504 801234567
173640258 801234567
173640582 801234567
173640825 801234567
173642085 801234567
173642508 801234567
173642850 801234567
173645028 801234567
173645280 801234567
173645802 801234567
173648052 801234567
173648205 801234567
173648520 801234567
173650284 801234567
173650428 801234567
173650842 801234567
173652048 801234567
173652480 801234567
173652804 801234567
173654082 801234567
173654208 801234567
173654820 801234567
173658024 801234567
173658240 801234567
173658402 801234567
173680245 801234567
173680452 801234567
173680524 801234567
173682054 801234567
173682405 801234567
173682540 801234567
173684025 801234567
173684250 801234567
173684502 801234567
173685042 801234567
173685204 801234567
173685420 801234567
173802465 801234567
173802546 801234567
173802654 801234567
173804256 801234567
173804562 801234567
173804625 801234567
173805264 801234567
173805426 801234567
173805642 801234567
173806245 801234567
173806452 801234567
173806524 801234567
173820456 801234567
173820564 801234567
173820645 801234567
173824065 801234567
173824506 801234567
173824650 801234567
173825046 801234567
173825460 801234567
173825604 801234567
173826054 801234567
173826405 801234567
173826540 801234567
173840265 801234567
173840526 801234567
173840652 801234567
173842056 801234567
173842560 801234567
173842605 801234567
173845062 801234567
173845206 801234567
173845620 801234567
173846025 801234567
173846250 801234567
173846502 801234567
173850246 801234567
173850462 801234567
173850624 801234567
173852064 801234567
173852406 801234567
173852640 801234567
173854026 801234567
173854260 801234567
173854602 801234567
173856042 801234567
173856204 801234567
173856420 801234567
173860254 801234567
173860425 801234567
173860542 801234567
173862045 801234567
173862450 801234567
173862504 801234567
173864052 801234567
173864205 801234567
173864520 801234567
173865024 801234567
173865240 801234567
173865402 801234567
174023586 801234567
174023658 801234567
174023865 801234567
174025368 801234567
174025683 801234567
174025836 801234567
174026385 801234567
174026538 801234567
174026853 801234567
174028356 801234567
174028563 801234567
174028635 801234567
174032568 801234567
174032685 801234567
174032856 801234567
174035286 801234567
174035628 801234567
174035862 801234567
174036258 801234567
174036582 801234567
174036825 801234567
174038265 801234567
174038526 801234567
174038652 801234567
174052386 801234567
174052638 801234567
174052863 801234567
174053268 801234567
174053682 801234567
174053826 801234567
174056283 801234567
174056328 801234567
174056832 801234567
174058236 801234567
174058362 801234567
174058623 801234567
174062358 801234567
174062583 801234567
174062835 801234567
174063285 801234567
174063528 801234567
174063852 801234567
174065238 801234567
174065382 801234567
174065823 801234567
174068253 801234567
174068325 801234567
174068532 801234567
174082365 801234567
174082536 801234567
174082653 801234567
174083256 801234567
174083562 801234567
174083625 801234567
174085263 801234567
174085326 801234567
174085632 801234567
174086235 801234567
174086352 801234567
174086523 801234567
174203568 801234567
174203685 801234567
174203856 801234567
174205386 801234567
174205638 801234567
174205863 801234567
174206358 801234567
