278543610 801234567
278546013 801234567
278546130 801234567
278546301 801234567
278560134 801234567
278560341 801234567
278560413 801234567
278561043 801234567
278561304 801234567
278561430 801234567
278563014 801234567
278563140 801234567
278563401 801234567
278564031 801234567
278564103 801234567
278564310 801234567
278601354 801234567
278601435 801234567
278601543 801234567
278603145 801234567
278603451 801234567
278603514 801234567
278604153 801234567
278604315 801234567
278604531 801234567
278605134 801234567
278605341 801234567
278605413 801234567
278610345 801234567
278610453 801234567
278610534 801234567
278613054 801234567
278613405 801234567
278613540 801234567
278614035 801234567
278614350 801234567
278614503 801234567
278615043 801234567
278615304 801234567
278615430 801234567
278630154 801234567
278630415 801234567
278630541 801234567
278631045 801234567
278631450 801234567
278631504 801234567
278634051 801234567
278634105 801234567
278634510 801234567
278635014 801234567
278635140 801234567
278635401 801234567
278640135 801234567
278640351 801234567
278640513 801234567
278641053 801234567
278641305 801234567
278641530 801234567
278643015 801234567
278643150 801234567
278643501 801234567
278645031 801234567
278645103 801234567
278645310 801234567
278650143 801234567
278650314 801234567
278650431 801234567
278651034 801234567
278651340 801234567
278651403 801234567
278653041 801234567
278653104 801234567
278653410 801234567
278654013 801234567
278654130 801234567
278654301 801234567
280134576 801234567
280134657 801234567
280134765 801234567
280135467 801234567
280135674 801234567
280135746 801234567
280136475 801234567
280136547 801234567
280136754 801234567
280137456 801234567
280137564 801234567
280137645 801234567
280143567 801234567
280143675 801234567
280143756 801234567
280145376 801234567
280145637 801234567
280145763 801234567
280146357 801234567
280146573 801234567
280146735 801234567
280147365 801234567
280147536 801234567
280147653 801234567
280153476 801234567
280153647 801234567
280153764 801234567
280154367 801234567
280154673 801234567
280154736 801234567
280156374 801234567
280156437 801234567
280156743 801234567
280157346 801234567
280157463 801234567
280157634 801234567
280163457 801234567
280163574 801234567
280163745 801234567
280164375 801234567
280164537 801234567
280164753 801234567
280165347 801234567
280165473 801234567
280165734 801234567
280167354 801234567
280167435 801234567
280167543 801234567
280173465 801234567
280173546 801234567
280173654 801234567
280174356 801234567
280174563 801234567
280174635 801234567
280175364 801234567
280175436 801234567
280175643 801234567
280176345 801234567
280176453 801234567
280176534 801234567
280314567 801234567
280314675 801234567
280314756 801234567
280315476 801234567
280315647 801234567
280315764 801234567
280316457 801234567
280316574 801234567
280316745 801234567
280317465 801234567
280317546 801234567
280317654 801234567
280341576 801234567
280341657 801234567
280341765 801234567
280345167 801234567
280345671 801234567
280345716 801234567
280346175 801234567
280346517 801234567
280346751 801234567
280347156 801234567
280347561 801234567
280347615 801234567
280351467 801234567
280351674 801234567
280351746 801234567
280354176 801234567
280354617 801234567
280354761 801234567
280356147 801234567
280356471 801234567
280356714 801234567
280357164 801234567
280357416 801234567
280357641 801234567
280361475 801234567
280361547 801234567
280361754 801234567
280364157 801234567
280364571 801234567
280364715 801234567
280365174 801234567
280365417 801234567
280365741 801234567
280367145 801234567
280367451 801234567
280367514 801234567
280371456 801234567
280371564 801234567
280371645 801234567
280374165 801234567
280374516 801234567
280374651 801234567
280375146 801234567
280375461 801234567
280375614 801234567
280376154 801234567
280376415 801234567
280376541 801234567
280413576 801234567
280413657 801234567
280413765 801234567
280415367 801234567
280415673 801234567
280415736 801234567
280416375 801234567
280416537 801234567
280416753 801234567
280417356 801234567
280417563 801234567
280417635 801234567
280431567 801234567
280431675 801234567
280431756 801234567
280435176 801234567
280435617 801234567
280435761 801234567
280436157 801234567
280436571 801234567
280436715 801234567
280437165 801234567
280437516 801234567
280437651 801234567
280451376 801234567
280451637 801234567
280451763 801234567
280453167 801234567
280453671 801234567
280453716 801234567
280456173 801234567
280456317 801234567
280456731 801234567
280457136 801234567
280457361 801234567
280457613 801234567
280461357 801234567
280461573 801234567
280461735 801234567
280463175 801234567
280463517 801234567
280463751 801234567
280465137 801234567
280465371 801234567
280465713 801234567
280467153 801234567
280467315 801234567
280467531 801234567
280471365 801234567
280471536 801234567
280471653 801234567
280473156 801234567
280473561 801234567
280473615 801234567
280475163 801234567
280475316 801234567
280475631 801234567
280476135 801234567
280476351 801234567
280476513 801234567
280513467 801234567
280513674 801234567
280513746 801234567
280514376 801234567
280514637 801234567
280514763 801234567
280516347 801234567
280516473 801234567
280516734 801234567
280517364 801234567
280517436 801234567
280517643 801234567
280531476 801234567
280531647 801234567
280531764 801234567
280534167 801234567
280534671 801234567
280534716 801234567
280536174 801234567
280536417 801234567
280536741 801234567
280537146 801234567
280537461 801234567
280537614 801234567
280541367 801234567
280541673 801234567
280541736 801234567
280543176 801234567
280543617 801234567
280543761 801234567
280546137 801234567
280546371 801234567
280546713 801234567
280547163 801234567
280547316 801234567
280547631 801234567
280561374 801234567
280561437 801234567
280561743 801234567
280563147 801234567
280563471 801234567
280563714 801234567
280564173 801234567
280564317 801234567
280564731 801234567
280567134 801234567
280567341 801234567
280567413 801234567
280571346 801234567
280571463 801234567
280571634 801234567
280573164 801234567
280573416 801234567
280573641 801234567
280574136 801234567
280574361 801234567
280574613 801234567
280576143 801234567
280576314 801234567
280576431 801234567
280613475 801234567
280613547 801234567
280613754 801234567
280614357 801234567
280614573 801234567
280614735 801234567
280615374 801234567
280615437 801234567
280615743 801234567
280617345 801234567
280617453 801234567
280617534 801234567
280631457 801234567
280631574 801234567
280631745 801234567
280634175 801234567
280634517 801234567
280634751 801234567
280635147 801234567
280635471 801234567
280635714 801234567
280637154 801234567
280637415 801234567
280637541 801234567
280641375 801234567
280641537 801234567
280641753 801234567
280643157 801234567
280643571 801234567
280643715 801234567
280645173 801234567
280645317 801234567
280645731 801234567
280647135 801234567
280647351 801234567
280647513 801234567
280651347 801234567
280651473 801234567
280651734 801234567
280653174 801234567
280653417 801234567
280653741 801234567
280654137 801234567
280654371 801234567
280654713 801234567
280657143 801234567
280657314 801234567
280657431 801234567
280671354 801234567
280671435 801234567
280671543 801234567
280673145 801234567
280673451 801234567
280673514 801234567
280674153 801234567
280674315 801234567
280674531 801234567
280675134 801234567
280675341 801234567
280675413 801234567
280713456 801234567
280713564 801234567
280713645 801234567
280714365 801234567
280714536 801234567
280714653 801234567
280715346 801234567
280715463 801234567
280715634 801234567
280716354 801234567
280716435 801234567
280716543 801234567
280731465 801234567
280731546 801234567
280731654 801234567
280734156 801234567
280734561 801234567
280734615 801234567
280735164 801234567
280735416 801234567
280735641 801234567
280736145 801234567
280736451 801234567
280736514 801234567
280741356 801234567
280741563 801234567
280741635 801234567
280743165 801234567
280743516 801234567
280743651 801234567
280745136 801234567
280745361 801234567
280745613 801234567
280746153 801234567
280746315 801234567
280746531 801234567
280751364 801234567
280751436 801234567
280751643 801234567
280753146 801234567
280753461 801234567
280753614 801234567
280754163 801234567
280754316 801234567
280754631 801234567
280756134 801234567
280756341 801234567
280756413 801234567
280761345 801234567
280761453 801234567
280761534 801234567
280763154 801234567
280763415 801234567
280763541 801234567
280764135 801234567
280764351 801234567
280764513 801234567
280765143 801234567
280765314 801234567
280765431 801234567
281034567 801234567
281034675 801234567
281034756 801234567
281035476 801234567
281035647 801234567
281035764 801234567
281036457 801234567
281036574 801234567
281036745 801234567
281037465 801234567
281037546 801234567
281037654 801234567
281043576 801234567
281043657 801234567
281043765 801234567
281045367 801234567
281045673 801234567
281045736 801234567
281046375 801234567
281046537 801234567
281046753 801234567
281047356 801234567
281047563 801234567
281047635 801234567
281053467 801234567
281053674 801234567
281053746 801234567
281054376 801234567
281054637 801234567
281054763 801234567
281056347 801234567
281056473 801234567
281056734 801234567
281057364 801234567
281057436 801234567
281057643 801234567
281063475 801234567
281063547 801234567
281063754 801234567
281064357 801234567
281064573 801234567
281064735 801234567
281065374 801234567
281065437 801234567
281065743 801234567
281067345 801234567
281067453 801234567
281067534 801234567
281073456 801234567
281073564 801234567
281073645 801234567
281074365 801234567
281074536 801234567
281074653 801234567
281075346 801234567
281075463 801234567
281075634 801234567
281076354 801234567
281076435 801234567
281076543 801234567
281304576 801234567
281304657 801234567
281304765 801234567
