605873142 801234567
605873214 801234567
605873421 801234567
605874123 801234567
605874231 801234567
605874312 801234567
607123485 801234567
607123548 801234567
607123854 801234567
607124358 801234567
607124583 801234567
607124835 801234567
607125384 801234567
607125438 801234567
607125843 801234567
607128345 801234567
607128453 801234567
607128534 801234567
607132458 801234567
607132584 801234567
607132845 801234567
607134285 801234567
607134528 801234567
607134852 801234567
607135248 801234567
607135482 801234567
607135824 801234567
607138254 801234567
607138425 801234567
607138542 801234567
607142385 801234567
607142538 801234567
607142853 801234567
607143258 801234567
607143582 801234567
607143825 801234567
607145283 801234567
607145328 801234567
607145832 801234567
607148235 801234567
607148352 801234567
607148523 801234567
607152348 801234567
607152483 801234567
607152834 801234567
607153284 801234567
607153428 801234567
607153842 801234567
607154238 801234567
607154382 801234567
607154823 801234567
607158243 801234567
607158324 801234567
607158432 801234567
607182354 801234567
607182435 801234567
607182543 801234567
607183245 801234567
607183452 801234567
607183524 801234567
607184253 801234567
607184325 801234567
607184532 801234567
607185234 801234567
607185342 801234567
607185423 801234567
607213458 801234567
607213584 801234567
607213845 801234567
607214385 801234567
607214538 801234567
607214853 801234567
607215348 801234567
607215483 801234567
607215834 801234567
607218354 801234567
607218435 801234567
607218543 801234567
607231485 801234567
607231548 801234567
607231854 801234567
607234158 801234567
607234581 801234567
607234815 801234567
607235184 801234567
607235418 801234567
607235841 801234567
607238145 801234567
607238451 801234567
607238514 801234567
607241358 801234567
607241583 801234567
607241835 801234567
607243185 801234567
607243518 801234567
607243851 801234567
607245138 801234567
607245381 801234567
607245813 801234567
607248153 801234567
607248315 801234567
607248531 801234567
607251384 801234567
607251438 801234567
607251843 801234567
607253148 801234567
607253481 801234567
607253814 801234567
607254183 801234567
607254318 801234567
607254831 801234567
607258134 801234567
607258341 801234567
607258413 801234567
607281345 801234567
607281453 801234567
607281534 801234567
607283154 801234567
607283415 801234567
607283541 801234567
607284135 801234567
607284351 801234567
607284513 801234567
607285143 801234567
607285314 801234567
607285431 801234567
607312485 801234567
607312548 801234567
607312854 801234567
607314258 801234567
607314582 801234567
607314825 801234567
607315284 801234567
607315428 801234567
607315842 801234567
607318245 801234567
607318452 801234567
607318524 801234567
607321458 801234567
607321584 801234567
607321845 801234567
607324185 801234567
607324518 801234567
607324851 801234567
607325148 801234567
607325481 801234567
607325814 801234567
607328154 801234567
607328415 801234567
607328541 801234567
607341285 801234567
607341528 801234567
607341852 801234567
607342158 801234567
607342581 801234567
607342815 801234567
607345182 801234567
607345218 801234567
607345821 801234567
607348125 801234567
607348251 801234567
607348512 801234567
607351248 801234567
607351482 801234567
607351824 801234567
607352184 801234567
607352418 801234567
607352841 801234567
607354128 801234567
607354281 801234567
607354812 801234567
607358142 801234567
607358214 801234567
607358421 801234567
607381254 801234567
607381425 801234567
607381542 801234567
607382145 801234567
607382451 801234567
607382514 801234567
607384152 801234567
607384215 801234567
607384521 801234567
607385124 801234567
607385241 801234567
607385412 801234567
607412358 801234567
607412583 801234567
607412835 801234567
607413285 801234567
607413528 801234567
607413852 801234567
607415238 801234567
607415382 801234567
607415823 801234567
607418253 801234567
607418325 801234567
607418532 801234567
607421385 801234567
607421538 801234567
607421853 801234567
607423158 801234567
607423581 801234567
607423815 801234567
607425183 801234567
607425318 801234567
607425831 801234567
607428135 801234567
607428351 801234567
607428513 801234567
607431258 801234567
607431582 801234567
607431825 801234567
607432185 801234567
607432518 801234567
607432851 801234567
607435128 801234567
607435281 801234567
607435812 801234567
607438152 801234567
607438215 801234567
607438521 801234567
607451283 801234567
607451328 801234567
607451832 801234567
607452138 801234567
607452381 801234567
607452813 801234567
607453182 801234567
607453218 801234567
607453821 801234567
607458123 801234567
607458231 801234567
607458312 801234567
607481235 801234567
607481352 801234567
607481523 801234567
607482153 801234567
607482315 801234567
607482531 801234567
607483125 801234567
607483251 801234567
607483512 801234567
607485132 801234567
607485213 801234567
607485321 801234567
607512384 801234567
607512438 801234567
607512843 801234567
607513248 801234567
607513482 801234567
607513824 801234567
607514283 801234567
607514328 801234567
607514832 801234567
607518234 801234567
607518342 801234567
607518423 801234567
607521348 801234567
607521483 801234567
607521834 801234567
607523184 801234567
607523418 801234567
607523841 801234567
607524138 801234567
607524381 801234567
607524813 801234567
607528143 801234567
607528314 801234567
607528431 801234567
607531284 801234567
607531428 801234567
607531842 801234567
607532148 801234567
607532481 801234567
607532814 801234567
607534182 801234567
607534218 801234567
607534821 801234567
607538124 801234567
607538241 801234567
607538412 801234567
607541238 801234567
607541382 801234567
607541823 801234567
607542183 801234567
607542318 801234567
607542831 801234567
607543128 801234567
607543281 801234567
607543812 801234567
607548132 801234567
607548213 801234567
607548321 801234567
607581243 801234567
607581324 801234567
607581432 801234567
607582134 801234567
607582341 801234567
607582413 801234567
607583142 801234567
607583214 801234567
607583421 801234567
607584123 801234567
607584231 801234567
607584312 801234567
607812345 801234567
607812453 801234567
607812534 801234567
607813254 801234567
607813425 801234567
607813542 801234567
607814235 801234567
607814352 801234567
607814523 801234567
607815243 801234567
607815324 801234567
607815432 801234567
607821354 801234567
607821435 801234567
607821543 801234567
607823145 801234567
607823451 801234567
607823514 801234567
607824153 801234567
607824315 801234567
607824531 801234567
607825134 801234567
607825341 801234567
607825413 801234567
607831245 801234567
607831452 801234567
607831524 801234567
607832154 801234567
607832415 801234567
607832541 801234567
607834125 801234567
607834251 801234567
607834512 801234567
607835142 801234567
607835214 801234567
607835421 801234567
607841253 801234567
607841325 801234567
607841532 801234567
607842135 801234567
607842351 801234567
607842513 801234567
607843152 801234567
607843215 801234567
607843521 801234567
607845123 801234567
607845231 801234567
607845312 801234567
607851234 801234567
607851342 801234567
607851423 801234567
607852143 801234567
607852314 801234567
607852431 801234567
607853124 801234567
607853241 801234567
607853412 801234567
607854132 801234567
607854213 801234567
607854321 801234567
608123457 801234567
608123574 801234567
608123745 801234567
608124375 801234567
608124537 801234567
608124753 801234567
608125347 801234567
608125473 801234567
608125734 801234567
608127354 801234567
608127435 801234567
608127543 801234567
608132475 801234567
608132547 801234567
608132754 801234567
608134257 801234567
608134572 801234567
608134725 801234567
608135274 801234567
608135427 801234567
608135742 801234567
608137245 801234567
608137452 801234567
608137524 801234567
608142357 801234567
608142573 801234567
608142735 801234567
608143275 801234567
608143527 801234567
608143752 801234567
608145237 801234567
608145372 801234567
608145723 801234567
608147253 801234567
608147325 801234567
608147532 801234567
608152374 801234567
608152437 801234567
608152743 801234567
608153247 801234567
608153472 801234567
608153724 801234567
608154273 801234567
608154327 801234567
608154732 801234567
608157234 801234567
608157342 801234567
608157423 801234567
608172345 801234567
608172453 801234567
608172534 801234567
608173254 801234567
608173425 801234567
608173542 801234567
608174235 801234567
608174352 801234567
608174523 801234567
608175243 801234567
608175324 801234567
608175432 801234567
608213475 801234567
608213547 801234567
608213754 801234567
608214357 801234567
608214573 801234567
608214735 801234567
608215374 801234567
608215437 801234567
608215743 801234567
608217345 801234567
608217453 801234567
608217534 801234567
608231457 801234567
608231574 801234567
608231745 801234567
608234175 801234567
608234517 801234567
608234751 801234567
608235147 801234567
608235471 801234567
608235714 801234567
608237154 801234567
608237415 801234567
608237541 801234567
608241375 801234567
608241537 801234567
608241753 801234567
608243157 801234567
608243571 801234567
608243715 801234567
608245173 801234567
608245317 801234567
608245731 801234567
608247135 801234567
608247351 801234567
608247513 801234567
608251347 801234567
608251473 801234567
608251734 801234567
608253174 801234567
608253417 801234567
608253741 801234567
608254137 801234567
608254371 801234567
608254713 801234567
608257143 801234567
608257314 801234567
608257431 801234567
608271354 801234567
608271435 801234567
608271543 801234567
608273145 801234567
608273451 801234567
608273514 801234567
608274153 801234567
608274315 801234567
608274531 801234567
608275134 801234567
608275341 801234567
608275413 801234567
608312457 801234567
608312574 801234567
608312745 801234567
608314275 801234567
608314527 801234567
608314752 801234567
608315247 801234567
608315472 801234567
608315724 801234567
608317254 801234567
608317425 801234567
608317542 801234567
608321475 801234567
