231607845 801234567
231608475 801234567
231608547 801234567
231608754 801234567
231640587 801234567
231640758 801234567
231640875 801234567
231645078 801234567
231645780 801234567
231645807 801234567
231647085 801234567
231647508 801234567
231647850 801234567
231648057 801234567
231648570 801234567
231648705 801234567
231650478 801234567
231650784 801234567
231650847 801234567
231654087 801234567
231654708 801234567
231654870 801234567
231657048 801234567
231657480 801234567
231657804 801234567
231658074 801234567
231658407 801234567
231658740 801234567
231670485 801234567
231670548 801234567
231670854 801234567
231674058 801234567
231674580 801234567
231674805 801234567
231675084 801234567
231675408 801234567
231675840 801234567
231678045 801234567
231678450 801234567
231678504 801234567
231680457 801234567
231680574 801234567
231680745 801234567
231684075 801234567
231684507 801234567
231684750 801234567
231685047 801234567
231685470 801234567
231685704 801234567
231687054 801234567
231687405 801234567
231687540 801234567
231704586 801234567
231704658 801234567
231704865 801234567
231705468 801234567
231705684 801234567
231705846 801234567
231706485 801234567
231706548 801234567
231706854 801234567
231708456 801234567
231708564 801234567
231708645 801234567
231740568 801234567
231740685 801234567
231740856 801234567
231745086 801234567
231745608 801234567
231745860 801234567
231746058 801234567
231746580 801234567
231746805 801234567
231748065 801234567
231748506 801234567
231748650 801234567
231750486 801234567
231750648 801234567
231750864 801234567
231754068 801234567
231754680 801234567
231754806 801234567
231756084 801234567
231756408 801234567
231756840 801234567
231758046 801234567
231758460 801234567
231758604 801234567
231760458 801234567
231760584 801234567
231760845 801234567
231764085 801234567
231764508 801234567
231764850 801234567
231765048 801234567
231765480 801234567
231765804 801234567
231768054 801234567
231768405 801234567
231768540 801234567
231780465 801234567
231780546 801234567
231780654 801234567
231784056 801234567
231784560 801234567
231784605 801234567
231785064 801234567
231785406 801234567
231785640 801234567
231786045 801234567
231786450 801234567
231786504 801234567
231804567 801234567
231804675 801234567
231804756 801234567
231805476 801234567
231805647 801234567
231805764 801234567
231806457 801234567
231806574 801234567
231806745 801234567
231807465 801234567
231807546 801234567
231807654 801234567
231840576 801234567
231840657 801234567
231840765 801234567
231845067 801234567
231845670 801234567
231845706 801234567
231846075 801234567
231846507 801234567
231846750 801234567
231847056 801234567
231847560 801234567
231847605 801234567
231850467 801234567
231850674 801234567
231850746 801234567
231854076 801234567
231854607 801234567
231854760 801234567
231856047 801234567
231856470 801234567
231856704 801234567
231857064 801234567
231857406 801234567
231857640 801234567
231860475 801234567
231860547 801234567
231860754 801234567
231864057 801234567
231864570 801234567
231864705 801234567
231865074 801234567
231865407 801234567
231865740 801234567
231867045 801234567
231867450 801234567
231867504 801234567
231870456 801234567
231870564 801234567
231870645 801234567
231874065 801234567
231874506 801234567
231874650 801234567
231875046 801234567
231875460 801234567
231875604 801234567
231876054 801234567
231876405 801234567
231876540 801234567
234015678 801234567
234015786 801234567
234015867 801234567
234016587 801234567
234016758 801234567
234016875 801234567
234017568 801234567
234017685 801234567
234017856 801234567
234018576 801234567
234018657 801234567
234018765 801234567
234051687 801234567
234051768 801234567
234051876 801234567
234056178 801234567
234056781 801234567
234056817 801234567
234057186 801234567
234057618 801234567
234057861 801234567
234058167 801234567
234058671 801234567
234058716 801234567
234061578 801234567
234061785 801234567
234061857 801234567
234065187 801234567
234065718 801234567
234065871 801234567
234067158 801234567
234067581 801234567
234067815 801234567
234068175 801234567
234068517 801234567
234068751 801234567
234071586 801234567
234071658 801234567
234071865 801234567
234075168 801234567
234075681 801234567
234075816 801234567
234076185 801234567
234076518 801234567
234076851 801234567
234078156 801234567
234078561 801234567
234078615 801234567
234081567 801234567
234081675 801234567
234081756 801234567
234085176 801234567
234085617 801234567
234085761 801234567
234086157 801234567
234086571 801234567
234086715 801234567
234087165 801234567
234087516 801234567
234087651 801234567
234105687 801234567
234105768 801234567
234105876 801234567
234106578 801234567
234106785 801234567
234106857 801234567
234107586 801234567
234107658 801234567
234107865 801234567
234108567 801234567
234108675 801234567
234108756 801234567
234150678 801234567
234150786 801234567
234150867 801234567
234156087 801234567
234156708 801234567
234156870 801234567
234157068 801234567
234157680 801234567
234157806 801234567
234158076 801234567
234158607 801234567
234158760 801234567
234160587 801234567
234160758 801234567
234160875 801234567
234165078 801234567
234165780 801234567
234165807 801234567
234167085 801234567
234167508 801234567
234167850 801234567
234168057 801234567
234168570 801234567
234168705 801234567
234170568 801234567
234170685 801234567
234170856 801234567
234175086 801234567
234175608 801234567
234175860 801234567
234176058 801234567
234176580 801234567
234176805 801234567
234178065 801234567
234178506 801234567
234178650 801234567
234180576 801234567
234180657 801234567
234180765 801234567
234185067 801234567
234185670 801234567
234185706 801234567
234186075 801234567
234186507 801234567
234186750 801234567
234187056 801234567
234187560 801234567
234187605 801234567
234501678 801234567
234501786 801234567
234501867 801234567
234506187 801234567
234506718 801234567
234506871 801234567
234507168 801234567
234507681 801234567
234507816 801234567
234508176 801234567
234508617 801234567
234508761 801234567
234510687 801234567
234510768 801234567
234510876 801234567
234516078 801234567
234516780 801234567
234516807 801234567
234517086 801234567
234517608 801234567
234517860 801234567
234518067 801234567
234518670 801234567
234518706 801234567
234560178 801234567
234560781 801234567
234560817 801234567
234561087 801234567
234561708 801234567
234561870 801234567
234567018 801234567
234567180 801234567
234567801 801234567
234568071 801234567
234568107 801234567
234568710 801234567
234570186 801234567
234570618 801234567
234570861 801234567
234571068 801234567
234571680 801234567
234571806 801234567
234576081 801234567
234576108 801234567
234576810 801234567
234578016 801234567
234578160 801234567
234578601 801234567
234580167 801234567
234580671 801234567
234580716 801234567
234581076 801234567
234581607 801234567
234581760 801234567
234586017 801234567
234586170 801234567
234586701 801234567
234587061 801234567
234587106 801234567
234587610 801234567
234601587 801234567
234601758 801234567
234601875 801234567
234605178 801234567
234605781 801234567
234605817 801234567
234607185 801234567
234607518 801234567
234607851 801234567
234608157 801234567
234608571 801234567
234608715 801234567
234610578 801234567
234610785 801234567
234610857 801234567
234615087 801234567
234615708 801234567
234615870 801234567
234617058 801234567
234617580 801234567
234617805 801234567
234618075 801234567
234618507 801234567
234618750 801234567
234650187 801234567
234650718 801234567
234650871 801234567
234651078 801234567
234651780 801234567
234651807 801234567
234657081 801234567
234657108 801234567
234657810 801234567
234658017 801234567
234658170 801234567
234658701 801234567
234670158 801234567
234670581 801234567
234670815 801234567
234671085 801234567
234671508 801234567
234671850 801234567
234675018 801234567
234675180 801234567
234675801 801234567
234678051 801234567
234678105 801234567
234678510 801234567
234680175 801234567
234680517 801234567
234680751 801234567
234681057 801234567
234681570 801234567
234681705 801234567
234685071 801234567
234685107 801234567
234685710 801234567
234687015 801234567
234687150 801234567
234687501 801234567
234701568 801234567
234701685 801234567
234701856 801234567
234705186 801234567
234705618 801234567
234705861 801234567
234706158 801234567
234706581 801234567
234706815 801234567
234708165 801234567
234708516 801234567
234708651 801234567
234710586 801234567
234710658 801234567
234710865 801234567
234715068 801234567
234715680 801234567
234715806 801234567
234716085 801234567
234716508 801234567
234716850 801234567
234718056 801234567
234718560 801234567
234718605 801234567
234750168 801234567
234750681 801234567
234750816 801234567
234751086 801234567
234751608 801234567
234751860 801234567
234756018 801234567
234756180 801234567
234756801 801234567
234758061 801234567
234758106 801234567
234758610 801234567
234760185 801234567
234760518 801234567
234760851 801234567
234761058 801234567
234761580 801234567
234761805 801234567
234765081 801234567
234765108 801234567
234765810 801234567
234768015 801234567
234768150 801234567
234768501 801234567
234780156 801234567
234780561 801234567
234780615 801234567
234781065 801234567
234781506 801234567
234781650 801234567
234785016 801234567
234785160 801234567
234785601 801234567
234786051 801234567
234786105 801234567
234786510 801234567
234801576 801234567
234801657 801234567
234801765 801234567
234805167 801234567
234805671 801234567
234805716 801234567
234806175 801234567
234806517 801234567
234806751 801234567
234807156 801234567
234807561 801234567
234807615 801234567
234810567 801234567
234810675 801234567
234810756 801234567
234815076 801234567
234815607 801234567
234815760 801234567
234816057 801234567
234816570 801234567
234816705 801234567
234817065 801234567
234817506 801234567
234817650 801234567
234850176 801234567
234850617 801234567
234850761 801234567
