842135076 801234567
842135607 801234567
842135760 801234567
842136057 801234567
842136570 801234567
842136705 801234567
842137065 801234567
842137506 801234567
842137650 801234567
842150376 801234567
842150637 801234567
842150763 801234567
842153067 801234567
842153670 801234567
842153706 801234567
842156073 801234567
842156307 801234567
842156730 801234567
842157036 801234567
842157360 801234567
842157603 801234567
842160357 801234567
842160573 801234567
842160735 801234567
842163075 801234567
842163507 801234567
842163750 801234567
842165037 801234567
842165370 801234567
842165703 801234567
842167053 801234567
842167305 801234567
842167530 801234567
842170365 801234567
842170536 801234567
842170653 801234567
842173056 801234567
842173560 801234567
842173605 801234567
842175063 801234567
842175306 801234567
842175630 801234567
842176035 801234567
842176350 801234567
842176503 801234567
842301567 801234567
842301675 801234567
842301756 801234567
842305176 801234567
842305617 801234567
842305761 801234567
842306157 801234567
842306571 801234567
842306715 801234567
842307165 801234567
842307516 801234567
842307651 801234567
842310576 801234567
842310657 801234567
842310765 801234567
842315067 801234567
842315670 801234567
842315706 801234567
842316075 801234567
842316507 801234567
842316750 801234567
842317056 801234567
842317560 801234567
842317605 801234567
842350167 801234567
842350671 801234567
842350716 801234567
842351076 801234567
842351607 801234567
842351760 801234567
842356017 801234567
842356170 801234567
842356701 801234567
842357061 801234567
842357106 801234567
842357610 801234567
842360175 801234567
842360517 801234567
842360751 801234567
842361057 801234567
842361570 801234567
842361705 801234567
842365071 801234567
842365107 801234567
842365710 801234567
842367015 801234567
842367150 801234567
842367501 801234567
842370156 801234567
842370561 801234567
842370615 801234567
842371065 801234567
842371506 801234567
842371650 801234567
842375016 801234567
842375160 801234567
842375601 801234567
842376051 801234567
842376105 801234567
842376510 801234567
842501376 801234567
842501637 801234567
842501763 801234567
842503167 801234567
842503671 801234567
842503716 801234567
842506173 801234567
842506317 801234567
842506731 801234567
842507136 801234567
842507361 801234567
842507613 801234567
842510367 801234567
842510673 801234567
842510736 801234567
842513076 801234567
842513607 801234567
842513760 801234567
842516037 801234567
842516370 801234567
842516703 801234567
842517063 801234567
842517306 801234567
842517630 801234567
842530176 801234567
842530617 801234567
842530761 801234567
842531067 801234567
842531670 801234567
842531706 801234567
842536071 801234567
842536107 801234567
842536710 801234567
842537016 801234567
842537160 801234567
842537601 801234567
842560137 801234567
842560371 801234567
842560713 801234567
842561073 801234567
842561307 801234567
842561730 801234567
842563017 801234567
842563170 801234567
842563701 801234567
842567031 801234567
842567103 801234567
842567310 801234567
842570163 801234567
842570316 801234567
842570631 801234567
842571036 801234567
842571360 801234567
842571603 801234567
842573061 801234567
842573106 801234567
842573610 801234567
842576013 801234567
842576130 801234567
842576301 801234567
842601357 801234567
842601573 801234567
842601735 801234567
842603175 801234567
842603517 801234567
842603751 801234567
842605137 801234567
842605371 801234567
842605713 801234567
842607153 801234567
842607315 801234567
842607531 801234567
842610375 801234567
842610537 801234567
842610753 801234567
842613057 801234567
842613570 801234567
842613705 801234567
842615073 801234567
842615307 801234567
842615730 801234567
842617035 801234567
842617350 801234567
842617503 801234567
842630157 801234567
842630571 801234567
842630715 801234567
842631075 801234567
842631507 801234567
842631750 801234567
842635017 801234567
842635170 801234567
842635701 801234567
842637051 801234567
842637105 801234567
842637510 801234567
842650173 801234567
842650317 801234567
842650731 801234567
842651037 801234567
842651370 801234567
842651703 801234567
842653071 801234567
842653107 801234567
842653710 801234567
842657013 801234567
842657130 801234567
842657301 801234567
842670135 801234567
842670351 801234567
842670513 801234567
842671053 801234567
842671305 801234567
842671530 801234567
842673015 801234567
842673150 801234567
842673501 801234567
842675031 801234567
842675103 801234567
842675310 801234567
842701365 801234567
842701536 801234567
842701653 801234567
842703156 801234567
842703561 801234567
842703615 801234567
842705163 801234567
842705316 801234567
842705631 801234567
842706135 801234567
842706351 801234567
842706513 801234567
842710356 801234567
842710563 801234567
842710635 801234567
842713065 801234567
842713506 801234567
842713650 801234567
842715036 801234567
842715360 801234567
842715603 801234567
842716053 801234567
842716305 801234567
842716530 801234567
842730165 801234567
842730516 801234567
842730651 801234567
842731056 801234567
842731560 801234567
842731605 801234567
842735061 801234567
842735106 801234567
842735610 801234567
842736015 801234567
842736150 801234567
842736501 801234567
842750136 801234567
842750361 801234567
842750613 801234567
842751063 801234567
842751306 801234567
842751630 801234567
842753016 801234567
842753160 801234567
842753601 801234567
842756031 801234567
842756103 801234567
842756310 801234567
842760153 801234567
842760315 801234567
842760531 801234567
842761035 801234567
842761350 801234567
842761503 801234567
842763051 801234567
842763105 801234567
842763510 801234567
842765013 801234567
842765130 801234567
842765301 801234567
843012576 801234567
843012657 801234567
843012765 801234567
843015267 801234567
843015672 801234567
843015726 801234567
843016275 801234567
843016527 801234567
843016752 801234567
843017256 801234567
843017562 801234567
843017625 801234567
843021567 801234567
843021675 801234567
843021756 801234567
843025176 801234567
843025617 801234567
843025761 801234567
843026157 801234567
843026571 801234567
843026715 801234567
843027165 801234567
843027516 801234567
843027651 801234567
843051276 801234567
843051627 801234567
843051762 801234567
843052167 801234567
843052671 801234567
843052716 801234567
843056172 801234567
843056217 801234567
843056721 801234567
843057126 801234567
843057261 801234567
843057612 801234567
843061257 801234567
843061572 801234567
843061725 801234567
843062175 801234567
843062517 801234567
843062751 801234567
843065127 801234567
843065271 801234567
843065712 801234567
843067152 801234567
843067215 801234567
843067521 801234567
843071265 801234567
843071526 801234567
843071652 801234567
843072156 801234567
843072561 801234567
843072615 801234567
843075162 801234567
843075216 801234567
843075621 801234567
843076125 801234567
843076251 801234567
843076512 801234567
843102567 801234567
843102675 801234567
843102756 801234567
843105276 801234567
843105627 801234567
843105762 801234567
843106257 801234567
843106572 801234567
843106725 801234567
843107265 801234567
843107526 801234567
843107652 801234567
843120576 801234567
843120657 801234567
843120765 801234567
843125067 801234567
843125670 801234567
843125706 801234567
843126075 801234567
843126507 801234567
843126750 801234567
843127056 801234567
843127560 801234567
843127605 801234567
843150267 801234567
843150672 801234567
843150726 801234567
843152076 801234567
843152607 801234567
843152760 801234567
843156027 801234567
843156270 801234567
843156702 801234567
843157062 801234567
843157206 801234567
843157620 801234567
843160275 801234567
843160527 801234567
843160752 801234567
843162057 801234567
843162570 801234567
843162705 801234567
843165072 801234567
843165207 801234567
843165720 801234567
843167025 801234567
843167250 801234567
843167502 801234567
843170256 801234567
843170562 801234567
843170625 801234567
843172065 801234567
843172506 801234567
843172650 801234567
843175026 801234567
843175260 801234567
843175602 801234567
843176052 801234567
843176205 801234567
843176520 801234567
843201576 801234567
843201657 801234567
843201765 801234567
843205167 801234567
843205671 801234567
843205716 801234567
843206175 801234567
843206517 801234567
843206751 801234567
843207156 801234567
843207561 801234567
843207615 801234567
843210567 801234567
843210675 801234567
843210756 801234567
843215076 801234567
843215607 801234567
843215760 801234567
843216057 801234567
843216570 801234567
843216705 801234567
843217065 801234567
843217506 801234567
843217650 801234567
843250176 801234567
843250617 801234567
843250761 801234567
843251067 801234567
843251670 801234567
843251706 801234567
843256071 801234567
843256107 801234567
843256710 801234567
843257016 801234567
843257160 801234567
843257601 801234567
843260157 801234567
843260571 801234567
843260715 801234567
843261075 801234567
843261507 801234567
843261750 801234567
843265017 801234567
843265170 801234567
843265701 801234567
843267051 801234567
843267105 801234567
843267510 801234567
843270165 801234567
843270516 801234567
843270651 801234567
843271056 801234567
843271560 801234567
843271605 801234567
843275061 801234567
843275106 801234567
843275610 801234567
843276015 801234567
843276150 801234567
843276501 801234567
843501267 801234567
843501672 801234567
843501726 801234567
843502176 801234567
843502617 801234567
843502761 801234567
843506127 801234567
843506271 801234567
843506712 801234567
843507162 801234567
843507216 801234567
843507621 801234567
843510276 801234567
843510627 801234567
843510762 801234567
843512067 801234567
843512670 801234567
843512706 801234567
843516072 801234567
843516207 801234567
843516720 801234567
843517026 801234567
843517260 801234567
843517602 801234567
843520167 801234567
843520671 801234567
843520716 801234567
843521076 801234567
843521607 801234567
843521760 801234567
843526017 801234567
843526170 801234567
843526701 801234567
843527061 801234567
