876054123 801234567
876054231 801234567
876054312 801234567
876102345 801234567
876102453 801234567
876102534 801234567
876103254 801234567
876103425 801234567
876103542 801234567
876104235 801234567
876104352 801234567
876104523 801234567
876105243 801234567
876105324 801234567
876105432 801234567
876120354 801234567
876120435 801234567
876120543 801234567
876123045 801234567
876123450 801234567
876123504 801234567
876124053 801234567
876124305 801234567
876124530 801234567
876125034 801234567
876125340 801234567
876125403 801234567
876130245 801234567
876130452 801234567
876130524 801234567
876132054 801234567
876132405 801234567
876132540 801234567
876134025 801234567
876134250 801234567
876134502 801234567
876135042 801234567
876135204 801234567
876135420 801234567
876140253 801234567
876140325 801234567
876140532 801234567
876142035 801234567
876142350 801234567
876142503 801234567
876143052 801234567
876143205 801234567
876143520 801234567
876145023 801234567
876145230 801234567
876145302 801234567
876150234 801234567
876150342 801234567
876150423 801234567
876152043 801234567
876152304 801234567
876152430 801234567
876153024 801234567
876153240 801234567
876153402 801234567
876154032 801234567
876154203 801234567
876154320 801234567
876201354 801234567
876201435 801234567
876201543 801234567
876203145 801234567
876203451 801234567
876203514 801234567
876204153 801234567
876204315 801234567
876204531 801234567
876205134 801234567
876205341 801234567
876205413 801234567
876210345 801234567
876210453 801234567
876210534 801234567
876213054 801234567
876213405 801234567
876213540 801234567
876214035 801234567
876214350 801234567
876214503 801234567
876215043 801234567
876215304 801234567
876215430 801234567
876230154 801234567
876230415 801234567
876230541 801234567
876231045 801234567
876231450 801234567
876231504 801234567
876234051 801234567
876234105 801234567
876234510 801234567
876235014 801234567
876235140 801234567
876235401 801234567
876240135 801234567
876240351 801234567
876240513 801234567
876241053 801234567
876241305 801234567
876241530 801234567
876243015 801234567
876243150 801234567
876243501 801234567
876245031 801234567
876245103 801234567
876245310 801234567
876250143 801234567
876250314 801234567
876250431 801234567
876251034 801234567
876251340 801234567
876251403 801234567
876253041 801234567
876253104 801234567
876253410 801234567
876254013 801234567
876254130 801234567
876254301 801234567
876301245 801234567
876301452 801234567
876301524 801234567
876302154 801234567
876302415 801234567
876302541 801234567
876304125 801234567
876304251 801234567
876304512 801234567
876305142 801234567
876305214 801234567
876305421 801234567
876310254 801234567
876310425 801234567
876310542 801234567
876312045 801234567
876312450 801234567
876312504 801234567
876314052 801234567
876314205 801234567
876314520 801234567
876315024 801234567
876315240 801234567
876315402 801234567
876320145 801234567
876320451 801234567
876320514 801234567
876321054 801234567
876321405 801234567
876321540 801234567
876324015 801234567
876324150 801234567
876324501 801234567
876325041 801234567
876325104 801234567
876325410 801234567
876340152 801234567
876340215 801234567
876340521 801234567
876341025 801234567
876341250 801234567
876341502 801234567
876342051 801234567
876342105 801234567
876342510 801234567
876345012 801234567
876345120 801234567
876345201 801234567
876350124 801234567
876350241 801234567
876350412 801234567
876351042 801234567
876351204 801234567
876351420 801234567
876352014 801234567
876352140 801234567
876352401 801234567
876354021 801234567
876354102 801234567
876354210 801234567
876401253 801234567
876401325 801234567
876401532 801234567
876402135 801234567
876402351 801234567
876402513 801234567
876403152 801234567
876403215 801234567
876403521 801234567
876405123 801234567
876405231 801234567
876405312 801234567
876410235 801234567
876410352 801234567
876410523 801234567
876412053 801234567
876412305 801234567
876412530 801234567
876413025 801234567
876413250 801234567
876413502 801234567
876415032 801234567
876415203 801234567
876415320 801234567
876420153 801234567
876420315 801234567
876420531 801234567
876421035 801234567
876421350 801234567
876421503 801234567
876423051 801234567
876423105 801234567
876423510 801234567
876425013 801234567
876425130 801234567
876425301 801234567
876430125 801234567
876430251 801234567
876430512 801234567
876431052 801234567
876431205 801234567
876431520 801234567
876432015 801234567
876432150 801234567
876432501 801234567
876435021 801234567
876435102 801234567
876435210 801234567
876450132 801234567
876450213 801234567
876450321 801234567
876451023 801234567
876451230 801234567
876451302 801234567
876452031 801234567
876452103 801234567
876452310 801234567
876453012 801234567
876453120 801234567
876453201 801234567
876501234 801234567
876501342 801234567
876501423 801234567
876502143 801234567
876502314 801234567
876502431 801234567
876503124 801234567
876503241 801234567
876503412 801234567
876504132 801234567
876504213 801234567
876504321 801234567
876510243 801234567
876510324 801234567
876510432 801234567
876512034 801234567
876512340 801234567
876512403 801234567
876513042 801234567
876513204 801234567
876513420 801234567
876514023 801234567
876514230 801234567
876514302 801234567
876520134 801234567
876520341 801234567
876520413 801234567
876521043 801234567
876521304 801234567
876521430 801234567
876523014 801234567
876523140 801234567
876523401 801234567
876524031 801234567
876524103 801234567
876524310 801234567
876530142 801234567
876530214 801234567
876530421 801234567
876531024 801234567
876531240 801234567
876531402 801234567
876532041 801234567
876532104 801234567
876532410 801234567
876534012 801234567
876534120 801234567
876534201 801234567
876540123 801234567
876540231 801234567
876540312 801234567
876541032 801234567
876541203 801234567
876541320 801234567
876542013 801234567
876542130 801234567
876542301 801234567
876543021 801234567
876543102 801234567
876543210 801234567
