730148526 801234567
730148652 801234567
730152486 801234567
730152648 801234567
730152864 801234567
730154268 801234567
730154682 801234567
730154826 801234567
730156284 801234567
730156428 801234567
730156842 801234567
730158246 801234567
730158462 801234567
730158624 801234567
730162458 801234567
730162584 801234567
730162845 801234567
730164285 801234567
730164528 801234567
730164852 801234567
730165248 801234567
730165482 801234567
730165824 801234567
730168254 801234567
730168425 801234567
730168542 801234567
730182465 801234567
730182546 801234567
730182654 801234567
730184256 801234567
730184562 801234567
730184625 801234567
730185264 801234567
730185426 801234567
730185642 801234567
730186245 801234567
730186452 801234567
730186524 801234567
730214568 801234567
730214685 801234567
730214856 801234567
730215486 801234567
730215648 801234567
730215864 801234567
730216458 801234567
730216584 801234567
730216845 801234567
730218465 801234567
730218546 801234567
730218654 801234567
730241586 801234567
730241658 801234567
730241865 801234567
730245168 801234567
730245681 801234567
730245816 801234567
730246185 801234567
730246518 801234567
730246851 801234567
730248156 801234567
730248561 801234567
730248615 801234567
730251468 801234567
730251684 801234567
730251846 801234567
730254186 801234567
730254618 801234567
730254861 801234567
730256148 801234567
730256481 801234567
730256814 801234567
730258164 801234567
730258416 801234567
730258641 801234567
730261485 801234567
730261548 801234567
730261854 801234567
730264158 801234567
730264581 801234567
730264815 801234567
730265184 801234567
730265418 801234567
730265841 801234567
730268145 801234567
730268451 801234567
730268514 801234567
730281456 801234567
730281564 801234567
730281645 801234567
730284165 801234567
730284516 801234567
730284651 801234567
730285146 801234567
730285461 801234567
730285614 801234567
730286154 801234567
730286415 801234567
730286541 801234567
730412586 801234567
730412658 801234567
730412865 801234567
730415268 801234567
730415682 801234567
730415826 801234567
730416285 801234567
730416528 801234567
730416852 801234567
730418256 801234567
730418562 801234567
730418625 801234567
730421568 801234567
730421685 801234567
730421856 801234567
730425186 801234567
730425618 801234567
730425861 801234567
730426158 801234567
730426581 801234567
730426815 801234567
730428165 801234567
730428516 801234567
730428651 801234567
730451286 801234567
730451628 801234567
730451862 801234567
730452168 801234567
730452681 801234567
730452816 801234567
730456182 801234567
730456218 801234567
730456821 801234567
730458126 801234567
730458261 801234567
730458612 801234567
730461258 801234567
730461582 801234567
730461825 801234567
730462185 801234567
730462518 801234567
730462851 801234567
730465128 801234567
730465281 801234567
730465812 801234567
730468152 801234567
730468215 801234567
730468521 801234567
730481265 801234567
730481526 801234567
730481652 801234567
730482156 801234567
730482561 801234567
730482615 801234567
730485162 801234567
730485216 801234567
730485621 801234567
730486125 801234567
730486251 801234567
730486512 801234567
730512468 801234567
730512684 801234567
730512846 801234567
730514286 801234567
730514628 801234567
730514862 801234567
730516248 801234567
730516482 801234567
730516824 801234567
730518264 801234567
730518426 801234567
730518642 801234567
730521486 801234567
730521648 801234567
730521864 801234567
730524168 801234567
730524681 801234567
730524816 801234567
730526184 801234567
730526418 801234567
730526841 801234567
730528146 801234567
730528461 801234567
730528614 801234567
730541268 801234567
730541682 801234567
730541826 801234567
730542186 801234567
730542618 801234567
730542861 801234567
730546128 801234567
730546281 801234567
730546812 801234567
730548162 801234567
730548216 801234567
730548621 801234567
730561284 801234567
730561428 801234567
730561842 801234567
730562148 801234567
730562481 801234567
730562814 801234567
730564182 801234567
730564218 801234567
730564821 801234567
730568124 801234567
730568241 801234567
730568412 801234567
730581246 801234567
730581462 801234567
730581624 801234567
730582164 801234567
730582416 801234567
730582641 801234567
730584126 801234567
730584261 801234567
730584612 801234567
730586142 801234567
730586214 801234567
730586421 801234567
730612485 801234567
730612548 801234567
730612854 801234567
730614258 801234567
730614582 801234567
730614825 801234567
730615284 801234567
730615428 801234567
730615842 801234567
730618245 801234567
730618452 801234567
730618524 801234567
730621458 801234567
730621584 801234567
730621845 801234567
730624185 801234567
730624518 801234567
730624851 801234567
730625148 801234567
730625481 801234567
730625814 801234567
730628154 801234567
730628415 801234567
730628541 801234567
730641285 801234567
730641528 801234567
730641852 801234567
730642158 801234567
730642581 801234567
730642815 801234567
730645182 801234567
730645218 801234567
730645821 801234567
730648125 801234567
730648251 801234567
730648512 801234567
730651248 801234567
730651482 801234567
730651824 801234567
730652184 801234567
730652418 801234567
730652841 801234567
730654128 801234567
730654281 801234567
730654812 801234567
730658142 801234567
730658214 801234567
730658421 801234567
730681254 801234567
730681425 801234567
730681542 801234567
730682145 801234567
730682451 801234567
730682514 801234567
730684152 801234567
730684215 801234567
730684521 801234567
730685124 801234567
730685241 801234567
730685412 801234567
730812456 801234567
730812564 801234567
730812645 801234567
730814265 801234567
730814526 801234567
730814652 801234567
730815246 801234567
730815462 801234567
730815624 801234567
730816254 801234567
730816425 801234567
730816542 801234567
730821465 801234567
730821546 801234567
730821654 801234567
730824156 801234567
730824561 801234567
730824615 801234567
730825164 801234567
730825416 801234567
730825641 801234567
730826145 801234567
730826451 801234567
730826514 801234567
730841256 801234567
730841562 801234567
730841625 801234567
730842165 801234567
730842516 801234567
730842651 801234567
730845126 801234567
730845261 801234567
730845612 801234567
730846152 801234567
730846215 801234567
730846521 801234567
730851264 801234567
730851426 801234567
730851642 801234567
730852146 801234567
730852461 801234567
730852614 801234567
730854162 801234567
730854216 801234567
730854621 801234567
730856124 801234567
730856241 801234567
730856412 801234567
730861245 801234567
730861452 801234567
730861524 801234567
730862154 801234567
730862415 801234567
730862541 801234567
730864125 801234567
730864251 801234567
730864512 801234567
730865142 801234567
730865214 801234567
730865421 801234567
731024568 801234567
731024685 801234567
731024856 801234567
731025486 801234567
731025648 801234567
731025864 801234567
731026458 801234567
731026584 801234567
731026845 801234567
731028465 801234567
731028546 801234567
731028654 801234567
731042586 801234567
731042658 801234567
731042865 801234567
731045268 801234567
731045682 801234567
731045826 801234567
731046285 801234567
731046528 801234567
731046852 801234567
731048256 801234567
731048562 801234567
731048625 801234567
731052468 801234567
731052684 801234567
731052846 801234567
731054286 801234567
731054628 801234567
731054862 801234567
731056248 801234567
731056482 801234567
731056824 801234567
731058264 801234567
731058426 801234567
731058642 801234567
731062485 801234567
731062548 801234567
731062854 801234567
731064258 801234567
731064582 801234567
731064825 801234567
731065284 801234567
731065428 801234567
731065842 801234567
731068245 801234567
731068452 801234567
731068524 801234567
731082456 801234567
731082564 801234567
731082645 801234567
731084265 801234567
731084526 801234567
731084652 801234567
731085246 801234567
731085462 801234567
731085624 801234567
731086254 801234567
731086425 801234567
731086542 801234567
731204586 801234567
731204658 801234567
731204865 801234567
731205468 801234567
731205684 801234567
731205846 801234567
731206485 801234567
731206548 801234567
731206854 801234567
731208456 801234567
731208564 801234567
731208645 801234567
731240568 801234567
731240685 801234567
731240856 801234567
731245086 801234567
731245608 801234567
731245860 801234567
731246058 801234567
731246580 801234567
731246805 801234567
731248065 801234567
731248506 801234567
731248650 801234567
731250486 801234567
731250648 801234567
731250864 801234567
731254068 801234567
731254680 801234567
731254806 801234567
731256084 801234567
731256408 801234567
731256840 801234567
731258046 801234567
731258460 801234567
731258604 801234567
731260458 801234567
731260584 801234567
731260845 801234567
731264085 801234567
731264508 801234567
731264850 801234567
731265048 801234567
731265480 801234567
731265804 801234567
731268054 801234567
731268405 801234567
731268540 801234567
731280465 801234567
731280546 801234567
731280654 801234567
731284056 801234567
731284560 801234567
731284605 801234567
731285064 801234567
731285406 801234567
731285640 801234567
731286045 801234567
731286450 801234567
731286504 801234567
731402568 801234567
731402685 801234567
731402856 801234567
731405286 801234567
731405628 801234567
731405862 801234567
731406258 801234567
731406582 801234567
731406825 801234567
731408265 801234567
731408526 801234567
731408652 801234567
731420586 801234567
731420658 801234567
731420865 801234567
731425068 801234567
731425680 801234567
731425806 801234567
731426085 801234567
731426508 801234567
731426850 801234567
731428056 801234567
731428560 801234567
731428605 801234567
731450268 801234567
731450682 801234567
731450826 801234567
731452086 801234567
731452608 801234567
731452860 801234567
731456028 801234567
731456280 801234567
731456802 801234567
731458062 801234567
731458206 801234567
731458620 801234567
731460285 801234567
731460528 801234567
731460852 801234567
731462058 801234567
731462580 801234567
