203687415 801234567
203687541 801234567
203714586 801234567
203714658 801234567
203714865 801234567
203715468 801234567
203715684 801234567
203715846 801234567
203716485 801234567
203716548 801234567
203716854 801234567
203718456 801234567
203718564 801234567
203718645 801234567
203741568 801234567
203741685 801234567
203741856 801234567
203745186 801234567
203745618 801234567
203745861 801234567
203746158 801234567
203746581 801234567
203746815 801234567
203748165 801234567
203748516 801234567
203748651 801234567
203751486 801234567
203751648 801234567
203751864 801234567
203754168 801234567
203754681 801234567
203754816 801234567
203756184 801234567
203756418 801234567
203756841 801234567
203758146 801234567
203758461 801234567
203758614 801234567
203761458 801234567
203761584 801234567
203761845 801234567
203764185 801234567
203764518 801234567
203764851 801234567
203765148 801234567
203765481 801234567
203765814 801234567
203768154 801234567
203768415 801234567
203768541 801234567
203781465 801234567
203781546 801234567
203781654 801234567
203784156 801234567
203784561 801234567
203784615 801234567
203785164 801234567
203785416 801234567
203785641 801234567
203786145 801234567
203786451 801234567
203786514 801234567
203814567 801234567
203814675 801234567
203814756 801234567
203815476 801234567
203815647 801234567
203815764 801234567
203816457 801234567
203816574 801234567
203816745 801234567
203817465 801234567
203817546 801234567
203817654 801234567
203841576 801234567
203841657 801234567
203841765 801234567
203845167 801234567
203845671 801234567
203845716 801234567
203846175 801234567
203846517 801234567
203846751 801234567
203847156 801234567
203847561 801234567
203847615 801234567
203851467 801234567
203851674 801234567
203851746 801234567
203854176 801234567
203854617 801234567
203854761 801234567
203856147 801234567
203856471 801234567
203856714 801234567
203857164 801234567
203857416 801234567
203857641 801234567
203861475 801234567
203861547 801234567
203861754 801234567
203864157 801234567
203864571 801234567
203864715 801234567
203865174 801234567
203865417 801234567
203865741 801234567
203867145 801234567
203867451 801234567
203867514 801234567
203871456 801234567
203871564 801234567
203871645 801234567
203874165 801234567
203874516 801234567
203874651 801234567
203875146 801234567
203875461 801234567
203875614 801234567
203876154 801234567
203876415 801234567
203876541 801234567
204135678 801234567
204135786 801234567
204135867 801234567
204136587 801234567
204136758 801234567
204136875 801234567
204137568 801234567
204137685 801234567
204137856 801234567
204138576 801234567
204138657 801234567
204138765 801234567
204153687 801234567
204153768 801234567
204153876 801234567
204156378 801234567
204156783 801234567
204156837 801234567
204157386 801234567
204157638 801234567
204157863 801234567
204158367 801234567
204158673 801234567
204158736 801234567
204163578 801234567
204163785 801234567
204163857 801234567
204165387 801234567
204165738 801234567
204165873 801234567
204167358 801234567
204167583 801234567
204167835 801234567
204168375 801234567
204168537 801234567
204168753 801234567
204173586 801234567
204173658 801234567
204173865 801234567
204175368 801234567
204175683 801234567
204175836 801234567
204176385 801234567
204176538 801234567
204176853 801234567
204178356 801234567
204178563 801234567
204178635 801234567
204183567 801234567
204183675 801234567
204183756 801234567
204185376 801234567
204185637 801234567
204185763 801234567
204186357 801234567
204186573 801234567
204186735 801234567
204187365 801234567
204187536 801234567
204187653 801234567
204315687 801234567
204315768 801234567
204315876 801234567
204316578 801234567
204316785 801234567
204316857 801234567
204317586 801234567
204317658 801234567
204317865 801234567
204318567 801234567
204318675 801234567
204318756 801234567
204351678 801234567
204351786 801234567
204351867 801234567
204356187 801234567
204356718 801234567
204356871 801234567
204357168 801234567
204357681 801234567
204357816 801234567
204358176 801234567
204358617 801234567
204358761 801234567
204361587 801234567
204361758 801234567
204361875 801234567
204365178 801234567
204365781 801234567
204365817 801234567
204367185 801234567
204367518 801234567
204367851 801234567
204368157 801234567
204368571 801234567
204368715 801234567
204371568 801234567
204371685 801234567
204371856 801234567
204375186 801234567
204375618 801234567
204375861 801234567
204376158 801234567
204376581 801234567
204376815 801234567
204378165 801234567
204378516 801234567
204378651 801234567
204381576 801234567
204381657 801234567
204381765 801234567
204385167 801234567
204385671 801234567
204385716 801234567
204386175 801234567
204386517 801234567
204386751 801234567
204387156 801234567
204387561 801234567
204387615 801234567
204513678 801234567
204513786 801234567
204513867 801234567
204516387 801234567
204516738 801234567
204516873 801234567
204517368 801234567
204517683 801234567
204517836 801234567
204518376 801234567
204518637 801234567
204518763 801234567
204531687 801234567
204531768 801234567
204531876 801234567
204536178 801234567
204536781 801234567
204536817 801234567
204537186 801234567
204537618 801234567
204537861 801234567
204538167 801234567
204538671 801234567
204538716 801234567
204561378 801234567
204561783 801234567
204561837 801234567
204563187 801234567
204563718 801234567
204563871 801234567
204567138 801234567
204567381 801234567
204567813 801234567
204568173 801234567
204568317 801234567
204568731 801234567
204571386 801234567
204571638 801234567
204571863 801234567
204573168 801234567
204573681 801234567
204573816 801234567
204576183 801234567
204576318 801234567
204576831 801234567
204578136 801234567
204578361 801234567
204578613 801234567
204581367 801234567
204581673 801234567
204581736 801234567
204583176 801234567
204583617 801234567
204583761 801234567
204586137 801234567
204586371 801234567
204586713 801234567
204587163 801234567
204587316 801234567
204587631 801234567
204613587 801234567
204613758 801234567
204613875 801234567
204615378 801234567
204615783 801234567
204615837 801234567
204617385 801234567
204617538 801234567
204617853 801234567
204618357 801234567
204618573 801234567
204618735 801234567
204631578 801234567
204631785 801234567
204631857 801234567
204635187 801234567
204635718 801234567
204635871 801234567
204637158 801234567
204637581 801234567
204637815 801234567
204638175 801234567
204638517 801234567
204638751 801234567
204651387 801234567
204651738 801234567
204651873 801234567
204653178 801234567
204653781 801234567
204653817 801234567
204657183 801234567
204657318 801234567
204657831 801234567
204658137 801234567
204658371 801234567
204658713 801234567
204671358 801234567
204671583 801234567
204671835 801234567
204673185 801234567
204673518 801234567
204673851 801234567
204675138 801234567
204675381 801234567
204675813 801234567
204678153 801234567
204678315 801234567
204678531 801234567
204681375 801234567
204681537 801234567
204681753 801234567
204683157 801234567
204683571 801234567
204683715 801234567
204685173 801234567
204685317 801234567
204685731 801234567
204687135 801234567
204687351 801234567
204687513 801234567
204713568 801234567
204713685 801234567
204713856 801234567
204715386 801234567
204715638 801234567
204715863 801234567
204716358 801234567
204716583 801234567
204716835 801234567
204718365 801234567
204718536 801234567
204718653 801234567
204731586 801234567
204731658 801234567
204731865 801234567
204735168 801234567
204735681 801234567
204735816 801234567
204736185 801234567
204736518 801234567
204736851 801234567
204738156 801234567
204738561 801234567
204738615 801234567
204751368 801234567
204751683 801234567
204751836 801234567
204753186 801234567
204753618 801234567
204753861 801234567
204756138 801234567
204756381 801234567
204756813 801234567
204758163 801234567
204758316 801234567
204758631 801234567
204761385 801234567
204761538 801234567
204761853 801234567
204763158 801234567
204763581 801234567
204763815 801234567
204765183 801234567
204765318 801234567
204765831 801234567
204768135 801234567
204768351 801234567
204768513 801234567
204781356 801234567
204781563 801234567
204781635 801234567
204783165 801234567
204783516 801234567
204783651 801234567
204785136 801234567
204785361 801234567
204785613 801234567
204786153 801234567
204786315 801234567
204786531 801234567
204813576 801234567
204813657 801234567
204813765 801234567
204815367 801234567
204815673 801234567
204815736 801234567
204816375 801234567
204816537 801234567
204816753 801234567
204817356 801234567
204817563 801234567
204817635 801234567
204831567 801234567
204831675 801234567
204831756 801234567
204835176 801234567
204835617 801234567
204835761 801234567
204836157 801234567
204836571 801234567
204836715 801234567
204837165 801234567
204837516 801234567
204837651 801234567
204851376 801234567
204851637 801234567
204851763 801234567
204853167 801234567
204853671 801234567
204853716 801234567
204856173 801234567
204856317 801234567
204856731 801234567
204857136 801234567
204857361 801234567
204857613 801234567
204861357 801234567
204861573 801234567
204861735 801234567
204863175 801234567
204863517 801234567
204863751 801234567
204865137 801234567
204865371 801234567
204865713 801234567
204867153 801234567
204867315 801234567
204867531 801234567
204871365 801234567
204871536 801234567
204871653 801234567
204873156 801234567
204873561 801234567
204873615 801234567
204875163 801234567
204875316 801234567
204875631 801234567
204876135 801234567
204876351 801234567
204876513 801234567
205134687 801234567
205134768 801234567
205134876 801234567
205136478 801234567
205136784 801234567
205136847 801234567
205137486 801234567
205137648 801234567
205137864 801234567
205138467 801234567
205138674 801234567
205138746 801234567
205143678 801234567
205143786 801234567
205143867 801234567
205146387 801234567
205146738 801234567
