045863127 801234567
045863271 801234567
045863712 801234567
045867132 801234567
045867213 801234567
045867321 801234567
045871263 801234567
045871326 801234567
045871632 801234567
045872136 801234567
045872361 801234567
045872613 801234567
045873162 801234567
045873216 801234567
045873621 801234567
045876123 801234567
045876231 801234567
045876312 801234567
046123587 801234567
046123758 801234567
046123875 801234567
046125378 801234567
046125783 801234567
046125837 801234567
046127385 801234567
046127538 801234567
046127853 801234567
046128357 801234567
046128573 801234567
046128735 801234567
046132578 801234567
046132785 801234567
046132857 801234567
046135287 801234567
046135728 801234567
046135872 801234567
046137258 801234567
046137582 801234567
046137825 801234567
046138275 801234567
046138527 801234567
046138752 801234567
046152387 801234567
046152738 801234567
046152873 801234567
046153278 801234567
046153782 801234567
046153827 801234567
046157283 801234567
046157328 801234567
046157832 801234567
046158237 801234567
046158372 801234567
046158723 801234567
046172358 801234567
046172583 801234567
046172835 801234567
046173285 801234567
046173528 801234567
046173852 801234567
046175238 801234567
046175382 801234567
046175823 801234567
046178253 801234567
046178325 801234567
046178532 801234567
046182375 801234567
046182537 801234567
046182753 801234567
046183257 801234567
046183572 801234567
046183725 801234567
046185273 801234567
046185327 801234567
046185732 801234567
046187235 801234567
046187352 801234567
046187523 801234567
046213578 801234567
046213785 801234567
046213857 801234567
046215387 801234567
046215738 801234567
046215873 801234567
046217358 801234567
046217583 801234567
046217835 801234567
046218375 801234567
046218537 801234567
046218753 801234567
046231587 801234567
046231758 801234567
046231875 801234567
046235178 801234567
046235781 801234567
046235817 801234567
046237185 801234567
046237518 801234567
046237851 801234567
046238157 801234567
046238571 801234567
046238715 801234567
046251378 801234567
046251783 801234567
046251837 801234567
046253187 801234567
046253718 801234567
046253871 801234567
046257138 801234567
046257381 801234567
046257813 801234567
046258173 801234567
046258317 801234567
046258731 801234567
046271385 801234567
046271538 801234567
046271853 801234567
046273158 801234567
046273581 801234567
046273815 801234567
046275183 801234567
046275318 801234567
046275831 801234567
046278135 801234567
046278351 801234567
046278513 801234567
046281357 801234567
046281573 801234567
046281735 801234567
046283175 801234567
046283517 801234567
046283751 801234567
046285137 801234567
046285371 801234567
046285713 801234567
046287153 801234567
046287315 801234567
046287531 801234567
046312587 801234567
046312758 801234567
046312875 801234567
046315278 801234567
046315782 801234567
046315827 801234567
046317285 801234567
046317528 801234567
046317852 801234567
046318257 801234567
046318572 801234567
046318725 801234567
046321578 801234567
046321785 801234567
046321857 801234567
046325187 801234567
046325718 801234567
046325871 801234567
046327158 801234567
046327581 801234567
046327815 801234567
046328175 801234567
046328517 801234567
046328751 801234567
046351287 801234567
046351728 801234567
046351872 801234567
046352178 801234567
046352781 801234567
046352817 801234567
046357182 801234567
046357218 801234567
046357821 801234567
046358127 801234567
046358271 801234567
046358712 801234567
046371258 801234567
046371582 801234567
046371825 801234567
046372185 801234567
046372518 801234567
046372851 801234567
046375128 801234567
046375281 801234567
046375812 801234567
046378152 801234567
046378215 801234567
046378521 801234567
046381275 801234567
046381527 801234567
046381752 801234567
046382157 801234567
046382571 801234567
046382715 801234567
046385172 801234567
046385217 801234567
046385721 801234567
046387125 801234567
046387251 801234567
046387512 801234567
046512378 801234567
046512783 801234567
046512837 801234567
046513287 801234567
046513728 801234567
046513872 801234567
046517238 801234567
046517382 801234567
046517823 801234567
046518273 801234567
046518327 801234567
046518732 801234567
046521387 801234567
046521738 801234567
046521873 801234567
046523178 801234567
046523781 801234567
046523817 801234567
046527183 801234567
046527318 801234567
046527831 801234567
046528137 801234567
046528371 801234567
046528713 801234567
046531278 801234567
046531782 801234567
046531827 801234567
046532187 801234567
046532718 801234567
046532871 801234567
046537128 801234567
046537281 801234567
046537812 801234567
046538172 801234567
046538217 801234567
046538721 801234567
046571283 801234567
046571328 801234567
046571832 801234567
046572138 801234567
046572381 801234567
046572813 801234567
046573182 801234567
046573218 801234567
046573821 801234567
046578123 801234567
046578231 801234567
046578312 801234567
046581237 801234567
046581372 801234567
046581723 801234567
046582173 801234567
046582317 801234567
046582731 801234567
046583127 801234567
046583271 801234567
046583712 801234567
046587132 801234567
046587213 801234567
046587321 801234567
046712385 801234567
046712538 801234567
046712853 801234567
046713258 801234567
046713582 801234567
046713825 801234567
046715283 801234567
046715328 801234567
046715832 801234567
046718235 801234567
046718352 801234567
046718523 801234567
046721358 801234567
046721583 801234567
046721835 801234567
046723185 801234567
046723518 801234567
046723851 801234567
046725138 801234567
046725381 801234567
046725813 801234567
046728153 801234567
046728315 801234567
046728531 801234567
046731285 801234567
046731528 801234567
046731852 801234567
046732158 801234567
046732581 801234567
046732815 801234567
046735182 801234567
046735218 801234567
046735821 801234567
046738125 801234567
046738251 801234567
046738512 801234567
046751238 801234567
046751382 801234567
046751823 801234567
046752183 801234567
046752318 801234567
046752831 801234567
046753128 801234567
046753281 801234567
046753812 801234567
046758132 801234567
046758213 801234567
046758321 801234567
046781253 801234567
046781325 801234567
046781532 801234567
046782135 801234567
046782351 801234567
046782513 801234567
046783152 801234567
046783215 801234567
046783521 801234567
046785123 801234567
046785231 801234567
046785312 801234567
046812357 801234567
046812573 801234567
046812735 801234567
046813275 801234567
046813527 801234567
046813752 801234567
046815237 801234567
046815372 801234567
046815723 801234567
046817253 801234567
046817325 801234567
046817532 801234567
046821375 801234567
046821537 801234567
046821753 801234567
046823157 801234567
046823571 801234567
046823715 801234567
046825173 801234567
046825317 801234567
046825731 801234567
046827135 801234567
046827351 801234567
046827513 801234567
046831257 801234567
046831572 801234567
046831725 801234567
046832175 801234567
046832517 801234567
046832751 801234567
046835127 801234567
046835271 801234567
046835712 801234567
046837152 801234567
046837215 801234567
046837521 801234567
046851273 801234567
046851327 801234567
046851732 801234567
046852137 801234567
046852371 801234567
046852713 801234567
046853172 801234567
046853217 801234567
046853721 801234567
046857123 801234567
046857231 801234567
046857312 801234567
046871235 801234567
046871352 801234567
046871523 801234567
046872153 801234567
046872315 801234567
046872531 801234567
046873125 801234567
046873251 801234567
046873512 801234567
046875132 801234567
046875213 801234567
046875321 801234567
047123568 801234567
047123685 801234567
047123856 801234567
047125386 801234567
047125638 801234567
047125863 801234567
047126358 801234567
047126583 801234567
047126835 801234567
047128365 801234567
047128536 801234567
047128653 801234567
047132586 801234567
047132658 801234567
047132865 801234567
047135268 801234567
047135682 801234567
047135826 801234567
047136285 801234567
047136528 801234567
047136852 801234567
047138256 801234567
047138562 801234567
047138625 801234567
047152368 801234567
047152683 801234567
047152836 801234567
047153286 801234567
047153628 801234567
047153862 801234567
047156238 801234567
047156382 801234567
047156823 801234567
047158263 801234567
047158326 801234567
047158632 801234567
047162385 801234567
047162538 801234567
047162853 801234567
047163258 801234567
047163582 801234567
047163825 801234567
047165283 801234567
047165328 801234567
047165832 801234567
047168235 801234567
047168352 801234567
047168523 801234567
047182356 801234567
047182563 801234567
047182635 801234567
047183265 801234567
047183526 801234567
047183652 801234567
047185236 801234567
047185362 801234567
047185623 801234567
047186253 801234567
047186325 801234567
047186532 801234567
047213586 801234567
047213658 801234567
047213865 801234567
047215368 801234567
047215683 801234567
047215836 801234567
047216385 801234567
047216538 801234567
047216853 801234567
047218356 801234567
047218563 801234567
047218635 801234567
047231568 801234567
047231685 801234567
047231856 801234567
047235186 801234567
047235618 801234567
047235861 801234567
047236158 801234567
047236581 801234567
047236815 801234567
047238165 801234567
047238516 801234567
047238651 801234567
047251386 801234567
047251638 801234567
047251863 801234567
047253168 801234567
047253681 801234567
047253816 801234567
047256183 801234567
047256318 801234567
047256831 801234567
047258136 801234567
047258361 801234567
047258613 801234567
047261358 801234567
047261583 801234567
047261835 801234567
047263185 801234567
047263518 801234567
047263851 801234567
047265138 801234567
047265381 801234567
047265813 801234567
047268153 801234567
047268315 801234567
047268531 801234567
047281365 801234567
047281536 801234567
047281653 801234567
047283156 801234567
047283561 801234567
047283615 801234567
047285163 801234567
047285316 801234567
047285631 801234567
047286135 801234567
047286351 801234567
047286513 801234567
047312568 801234567
