134065728 801234567
134065872 801234567
134067258 801234567
134067582 801234567
134067825 801234567
134068275 801234567
134068527 801234567
134068752 801234567
134072586 801234567
134072658 801234567
134072865 801234567
134075268 801234567
134075682 801234567
134075826 801234567
134076285 801234567
134076528 801234567
134076852 801234567
134078256 801234567
134078562 801234567
134078625 801234567
134082567 801234567
134082675 801234567
134082756 801234567
134085276 801234567
134085627 801234567
134085762 801234567
134086257 801234567
134086572 801234567
134086725 801234567
134087265 801234567
134087526 801234567
134087652 801234567
134205687 801234567
134205768 801234567
134205876 801234567
134206578 801234567
134206785 801234567
134206857 801234567
134207586 801234567
134207658 801234567
134207865 801234567
134208567 801234567
134208675 801234567
134208756 801234567
134250678 801234567
134250786 801234567
134250867 801234567
134256087 801234567
134256708 801234567
134256870 801234567
134257068 801234567
134257680 801234567
134257806 801234567
134258076 801234567
134258607 801234567
134258760 801234567
134260587 801234567
134260758 801234567
134260875 801234567
134265078 801234567
134265780 801234567
134265807 801234567
134267085 801234567
134267508 801234567
134267850 801234567
134268057 801234567
134268570 801234567
134268705 801234567
134270568 801234567
134270685 801234567
134270856 801234567
134275086 801234567
134275608 801234567
134275860 801234567
134276058 801234567
134276580 801234567
134276805 801234567
134278065 801234567
134278506 801234567
134278650 801234567
134280576 801234567
134280657 801234567
134280765 801234567
134285067 801234567
134285670 801234567
134285706 801234567
134286075 801234567
134286507 801234567
134286750 801234567
134287056 801234567
134287560 801234567
134287605 801234567
134502678 801234567
134502786 801234567
134502867 801234567
134506287 801234567
134506728 801234567
134506872 801234567
134507268 801234567
134507682 801234567
134507826 801234567
134508276 801234567
134508627 801234567
134508762 801234567
134520687 801234567
134520768 801234567
134520876 801234567
134526078 801234567
134526780 801234567
134526807 801234567
134527086 801234567
134527608 801234567
134527860 801234567
134528067 801234567
134528670 801234567
134528706 801234567
134560278 801234567
134560782 801234567
134560827 801234567
134562087 801234567
134562708 801234567
134562870 801234567
134567028 801234567
134567280 801234567
134567802 801234567
134568072 801234567
134568207 801234567
134568720 801234567
134570286 801234567
134570628 801234567
134570862 801234567
134572068 801234567
134572680 801234567
134572806 801234567
134576082 801234567
134576208 801234567
134576820 801234567
134578026 801234567
134578260 801234567
134578602 801234567
134580267 801234567
134580672 801234567
134580726 801234567
134582076 801234567
134582607 801234567
134582760 801234567
134586027 801234567
134586270 801234567
134586702 801234567
134587062 801234567
134587206 801234567
134587620 801234567
134602587 801234567
134602758 801234567
134602875 801234567
134605278 801234567
134605782 801234567
134605827 801234567
134607285 801234567
134607528 801234567
134607852 801234567
134608257 801234567
134608572 801234567
134608725 801234567
134620578 801234567
134620785 801234567
134620857 801234567
134625087 801234567
134625708 801234567
134625870 801234567
134627058 801234567
134627580 801234567
134627805 801234567
134628075 801234567
134628507 801234567
134628750 801234567
134650287 801234567
134650728 801234567
134650872 801234567
134652078 801234567
134652780 801234567
134652807 801234567
134657082 801234567
134657208 801234567
134657820 801234567
134658027 801234567
134658270 801234567
134658702 801234567
134670258 801234567
134670582 801234567
134670825 801234567
134672085 801234567
134672508 801234567
134672850 801234567
134675028 801234567
134675280 801234567
134675802 801234567
134678052 801234567
134678205 801234567
134678520 801234567
134680275 801234567
134680527 801234567
134680752 801234567
134682057 801234567
134682570 801234567
134682705 801234567
134685072 801234567
134685207 801234567
134685720 801234567
134687025 801234567
134687250 801234567
134687502 801234567
134702568 801234567
134702685 801234567
134702856 801234567
134705286 801234567
134705628 801234567
134705862 801234567
134706258 801234567
134706582 801234567
134706825 801234567
134708265 801234567
134708526 801234567
134708652 801234567
134720586 801234567
134720658 801234567
134720865 801234567
134725068 801234567
134725680 801234567
134725806 801234567
134726085 801234567
134726508 801234567
134726850 801234567
134728056 801234567
134728560 801234567
134728605 801234567
134750268 801234567
134750682 801234567
134750826 801234567
134752086 801234567
134752608 801234567
134752860 801234567
134756028 801234567
134756280 801234567
134756802 801234567
134758062 801234567
134758206 801234567
134758620 801234567
134760285 801234567
134760528 801234567
134760852 801234567
134762058 801234567
134762580 801234567
134762805 801234567
134765082 801234567
134765208 801234567
134765820 801234567
134768025 801234567
134768250 801234567
134768502 801234567
134780256 801234567
134780562 801234567
134780625 801234567
134782065 801234567
134782506 801234567
134782650 801234567
134785026 801234567
134785260 801234567
134785602 801234567
134786052 801234567
134786205 801234567
134786520 801234567
134802576 801234567
134802657 801234567
134802765 801234567
134805267 801234567
134805672 801234567
134805726 801234567
134806275 801234567
134806527 801234567
134806752 801234567
134807256 801234567
134807562 801234567
134807625 801234567
134820567 801234567
134820675 801234567
134820756 801234567
134825076 801234567
134825607 801234567
134825760 801234567
134826057 801234567
134826570 801234567
134826705 801234567
134827065 801234567
134827506 801234567
134827650 801234567
134850276 801234567
134850627 801234567
134850762 801234567
134852067 801234567
134852670 801234567
134852706 801234567
134856072 801234567
134856207 801234567
134856720 801234567
134857026 801234567
134857260 801234567
134857602 801234567
134860257 801234567
134860572 801234567
134860725 801234567
134862075 801234567
134862507 801234567
134862750 801234567
134865027 801234567
134865270 801234567
134865702 801234567
134867052 801234567
134867205 801234567
134867520 801234567
134870265 801234567
134870526 801234567
134870652 801234567
134872056 801234567
134872560 801234567
134872605 801234567
134875062 801234567
134875206 801234567
134875620 801234567
134876025 801234567
134876250 801234567
134876502 801234567
135024687 801234567
135024768 801234567
135024876 801234567
135026478 801234567
135026784 801234567
135026847 801234567
135027486 801234567
135027648 801234567
135027864 801234567
135028467 801234567
135028674 801234567
135028746 801234567
135042678 801234567
135042786 801234567
135042867 801234567
135046287 801234567
135046728 801234567
135046872 801234567
135047268 801234567
135047682 801234567
135047826 801234567
135048276 801234567
135048627 801234567
135048762 801234567
135062487 801234567
135062748 801234567
135062874 801234567
135064278 801234567
135064782 801234567
135064827 801234567
135067284 801234567
135067428 801234567
135067842 801234567
135068247 801234567
135068472 801234567
135068724 801234567
135072468 801234567
135072684 801234567
135072846 801234567
135074286 801234567
135074628 801234567
135074862 801234567
135076248 801234567
135076482 801234567
135076824 801234567
135078264 801234567
135078426 801234567
135078642 801234567
135082476 801234567
135082647 801234567
135082764 801234567
135084267 801234567
135084672 801234567
135084726 801234567
135086274 801234567
135086427 801234567
135086742 801234567
135087246 801234567
135087462 801234567
135087624 801234567
135204678 801234567
135204786 801234567
135204867 801234567
135206487 801234567
135206748 801234567
135206874 801234567
135207468 801234567
135207684 801234567
135207846 801234567
135208476 801234567
135208647 801234567
135208764 801234567
135240687 801234567
135240768 801234567
135240876 801234567
135246078 801234567
135246780 801234567
135246807 801234567
135247086 801234567
135247608 801234567
135247860 801234567
135248067 801234567
135248670 801234567
135248706 801234567
135260478 801234567
135260784 801234567
135260847 801234567
135264087 801234567
135264708 801234567
135264870 801234567
135267048 801234567
135267480 801234567
135267804 801234567
135268074 801234567
135268407 801234567
135268740 801234567
135270486 801234567
135270648 801234567
135270864 801234567
135274068 801234567
135274680 801234567
135274806 801234567
135276084 801234567
135276408 801234567
135276840 801234567
135278046 801234567
135278460 801234567
135278604 801234567
135280467 801234567
135280674 801234567
135280746 801234567
135284076 801234567
135284607 801234567
135284760 801234567
135286047 801234567
135286470 801234567
135286704 801234567
135287064 801234567
135287406 801234567
135287640 801234567
135402687 801234567
135402768 801234567
135402876 801234567
135406278 801234567
135406782 801234567
135406827 801234567
135407286 801234567
135407628 801234567
135407862 801234567
135408267 801234567
135408672 801234567
135408726 801234567
135420678 801234567
135420786 801234567
135420867 801234567
135426087 801234567
135426708 801234567
135426870 801234567
135427068 801234567
135427680 801234567
135427806 801234567
135428076 801234567
135428607 801234567
135428760 801234567
135460287 801234567
135460728 801234567
135460872 801234567
135462078 801234567
135462780 801234567
135462807 801234567
135467082 801234567
135467208 801234567
135467820 801234567
135468027 801234567
135468270 801234567
135468702 801234567
135470268 801234567
135470682 801234567
135470826 801234567
135472086 801234567
135472608 801234567
135472860 801234567
135476028 801234567
135476280 801234567
135476802 801234567
135478062 801234567
135478206 801234567
