145328670 801234567
145328706 801234567
145360278 801234567
145360782 801234567
145360827 801234567
145362087 801234567
145362708 801234567
145362870 801234567
145367028 801234567
145367280 801234567
145367802 801234567
145368072 801234567
145368207 801234567
145368720 801234567
145370286 801234567
145370628 801234567
145370862 801234567
145372068 801234567
145372680 801234567
145372806 801234567
145376082 801234567
145376208 801234567
145376820 801234567
145378026 801234567
145378260 801234567
145378602 801234567
145380267 801234567
145380672 801234567
145380726 801234567
145382076 801234567
145382607 801234567
145382760 801234567
145386027 801234567
145386270 801234567
145386702 801234567
145387062 801234567
145387206 801234567
145387620 801234567
145602387 801234567
145602738 801234567
145602873 801234567
145603278 801234567
145603782 801234567
145603827 801234567
145607283 801234567
145607328 801234567
145607832 801234567
145608237 801234567
145608372 801234567
145608723 801234567
145620378 801234567
145620783 801234567
145620837 801234567
145623087 801234567
145623708 801234567
145623870 801234567
145627038 801234567
145627380 801234567
145627803 801234567
145628073 801234567
145628307 801234567
145628730 801234567
145630287 801234567
145630728 801234567
145630872 801234567
145632078 801234567
145632780 801234567
145632807 801234567
145637082 801234567
145637208 801234567
145637820 801234567
145638027 801234567
145638270 801234567
145638702 801234567
145670238 801234567
145670382 801234567
145670823 801234567
145672083 801234567
145672308 801234567
145672830 801234567
145673028 801234567
145673280 801234567
145673802 801234567
145678032 801234567
145678203 801234567
145678320 801234567
145680273 801234567
145680327 801234567
145680732 801234567
145682037 801234567
145682370 801234567
145682703 801234567
145683072 801234567
145683207 801234567
145683720 801234567
145687023 801234567
145687230 801234567
145687302 801234567
145702368 801234567
145702683 801234567
145702836 801234567
145703286 801234567
145703628 801234567
145703862 801234567
145706238 801234567
145706382 801234567
145706823 801234567
145708263 801234567
145708326 801234567
145708632 801234567
145720386 801234567
145720638 801234567
145720863 801234567
145723068 801234567
145723680 801234567
145723806 801234567
145726083 801234567
145726308 801234567
145726830 801234567
145728036 801234567
145728360 801234567
145728603 801234567
145730268 801234567
145730682 801234567
145730826 801234567
145732086 801234567
145732608 801234567
145732860 801234567
145736028 801234567
145736280 801234567
145736802 801234567
145738062 801234567
145738206 801234567
145738620 801234567
145760283 801234567
145760328 801234567
145760832 801234567
145762038 801234567
145762380 801234567
145762803 801234567
145763082 801234567
145763208 801234567
145763820 801234567
145768023 801234567
145768230 801234567
145768302 801234567
145780236 801234567
145780362 801234567
145780623 801234567
145782063 801234567
145782306 801234567
145782630 801234567
145783026 801234567
145783260 801234567
145783602 801234567
145786032 801234567
145786203 801234567
145786320 801234567
145802376 801234567
145802637 801234567
145802763 801234567
145803267 801234567
145803672 801234567
145803726 801234567
145806273 801234567
145806327 801234567
145806732 801234567
145807236 801234567
145807362 801234567
145807623 801234567
145820367 801234567
145820673 801234567
145820736 801234567
145823076 801234567
145823607 801234567
145823760 801234567
145826037 801234567
145826370 801234567
145826703 801234567
145827063 801234567
145827306 801234567
145827630 801234567
145830276 801234567
145830627 801234567
145830762 801234567
145832067 801234567
145832670 801234567
145832706 801234567
145836072 801234567
145836207 801234567
145836720 801234567
145837026 801234567
145837260 801234567
145837602 801234567
145860237 801234567
145860372 801234567
145860723 801234567
145862073 801234567
145862307 801234567
145862730 801234567
145863027 801234567
145863270 801234567
145863702 801234567
145867032 801234567
145867203 801234567
145867320 801234567
145870263 801234567
145870326 801234567
145870632 801234567
145872036 801234567
145872360 801234567
145872603 801234567
145873062 801234567
145873206 801234567
145873620 801234567
145876023 801234567
145876230 801234567
145876302 801234567
146023587 801234567
146023758 801234567
146023875 801234567
146025378 801234567
146025783 801234567
146025837 801234567
146027385 801234567
146027538 801234567
146027853 801234567
146028357 801234567
146028573 801234567
146028735 801234567
146032578 801234567
146032785 801234567
146032857 801234567
146035287 801234567
146035728 801234567
146035872 801234567
146037258 801234567
146037582 801234567
146037825 801234567
146038275 801234567
146038527 801234567
146038752 801234567
146052387 801234567
146052738 801234567
146052873 801234567
146053278 801234567
146053782 801234567
146053827 801234567
146057283 801234567
146057328 801234567
146057832 801234567
146058237 801234567
146058372 801234567
146058723 801234567
146072358 801234567
146072583 801234567
146072835 801234567
146073285 801234567
146073528 801234567
146073852 801234567
146075238 801234567
146075382 801234567
146075823 801234567
146078253 801234567
146078325 801234567
146078532 801234567
146082375 801234567
146082537 801234567
146082753 801234567
146083257 801234567
146083572 801234567
146083725 801234567
146085273 801234567
146085327 801234567
146085732 801234567
146087235 801234567
146087352 801234567
146087523 801234567
146203578 801234567
146203785 801234567
146203857 801234567
146205387 801234567
146205738 801234567
146205873 801234567
146207358 801234567
146207583 801234567
146207835 801234567
146208375 801234567
146208537 801234567
146208753 801234567
146230587 801234567
146230758 801234567
146230875 801234567
146235078 801234567
146235780 801234567
146235807 801234567
146237085 801234567
146237508 801234567
146237850 801234567
146238057 801234567
146238570 801234567
146238705 801234567
146250378 801234567
146250783 801234567
146250837 801234567
146253087 801234567
146253708 801234567
146253870 801234567
146257038 801234567
146257380 801234567
146257803 801234567
146258073 801234567
146258307 801234567
146258730 801234567
146270385 801234567
146270538 801234567
146270853 801234567
146273058 801234567
146273580 801234567
146273805 801234567
146275083 801234567
146275308 801234567
146275830 801234567
146278035 801234567
146278350 801234567
146278503 801234567
146280357 801234567
146280573 801234567
146280735 801234567
146283075 801234567
146283507 801234567
146283750 801234567
146285037 801234567
146285370 801234567
146285703 801234567
146287053 801234567
146287305 801234567
146287530 801234567
146302587 801234567
146302758 801234567
146302875 801234567
146305278 801234567
146305782 801234567
146305827 801234567
146307285 801234567
146307528 801234567
146307852 801234567
146308257 801234567
146308572 801234567
146308725 801234567
146320578 801234567
146320785 801234567
146320857 801234567
146325087 801234567
146325708 801234567
146325870 801234567
146327058 801234567
146327580 801234567
146327805 801234567
146328075 801234567
146328507 801234567
146328750 801234567
146350287 801234567
146350728 801234567
146350872 801234567
146352078 801234567
146352780 801234567
146352807 801234567
146357082 801234567
146357208 801234567
146357820 801234567
146358027 801234567
146358270 801234567
146358702 801234567
146370258 801234567
146370582 801234567
146370825 801234567
146372085 801234567
146372508 801234567
146372850 801234567
146375028 801234567
146375280 801234567
146375802 801234567
146378052 801234567
146378205 801234567
146378520 801234567
146380275 801234567
146380527 801234567
146380752 801234567
146382057 801234567
146382570 801234567
146382705 801234567
146385072 801234567
146385207 801234567
146385720 801234567
146387025 801234567
146387250 801234567
146387502 801234567
146502378 801234567
146502783 801234567
146502837 801234567
146503287 801234567
146503728 801234567
146503872 801234567
146507238 801234567
146507382 801234567
146507823 801234567
146508273 801234567
146508327 801234567
146508732 801234567
146520387 801234567
146520738 801234567
146520873 801234567
146523078 801234567
146523780 801234567
146523807 801234567
146527083 801234567
146527308 801234567
146527830 801234567
146528037 801234567
146528370 801234567
146528703 801234567
146530278 801234567
146530782 801234567
146530827 801234567
146532087 801234567
146532708 801234567
146532870 801234567
146537028 801234567
146537280 801234567
146537802 801234567
146538072 801234567
146538207 801234567
146538720 801234567
146570283 801234567
146570328 801234567
146570832 801234567
146572038 801234567
146572380 801234567
146572803 801234567
146573082 801234567
146573208 801234567
146573820 801234567
146578023 801234567
146578230 801234567
146578302 801234567
146580237 801234567
146580372 801234567
146580723 801234567
146582073 801234567
146582307 801234567
146582730 801234567
146583027 801234567
146583270 801234567
146583702 801234567
146587032 801234567
146587203 801234567
146587320 801234567
146702385 801234567
146702538 801234567
146702853 801234567
146703258 801234567
146703582 801234567
146703825 801234567
146705283 801234567
146705328 801234567
146705832 801234567
146708235 801234567
146708352 801234567
146708523 801234567
146720358 801234567
146720583 801234567
146720835 801234567
146723085 801234567
146723508 801234567
146723850 801234567
146725038 801234567
146725380 801234567
146725803 801234567
146728053 801234567
146728305 801234567
146728530 801234567
146730285 801234567
146730528 801234567
146730852 801234567
146732058 801234567
146732580 801234567
146732805 801234567
146735082 801234567
146735208 801234567
146735820 801234567
146738025 801234567
146738250 801234567
146738502 801234567
146750238 801234567
146750382 801234567
146750823 801234567
146752083 801234567
146752308 801234567
