813456072 801234567
813456207 801234567
813456720 801234567
813457026 801234567
813457260 801234567
813457602 801234567
813460257 801234567
813460572 801234567
813460725 801234567
813462075 801234567
813462507 801234567
813462750 801234567
813465027 801234567
813465270 801234567
813465702 801234567
813467052 801234567
813467205 801234567
813467520 801234567
813470265 801234567
813470526 801234567
813470652 801234567
813472056 801234567
813472560 801234567
813472605 801234567
813475062 801234567
813475206 801234567
813475620 801234567
813476025 801234567
813476250 801234567
813476502 801234567
813502467 801234567
813502674 801234567
813502746 801234567
813504276 801234567
813504627 801234567
813504762 801234567
813506247 801234567
813506472 801234567
813506724 801234567
813507264 801234567
813507426 801234567
813507642 801234567
813520476 801234567
813520647 801234567
813520764 801234567
813524067 801234567
813524670 801234567
813524706 801234567
813526074 801234567
813526407 801234567
813526740 801234567
813527046 801234567
813527460 801234567
813527604 801234567
813540267 801234567
813540672 801234567
813540726 801234567
813542076 801234567
813542607 801234567
813542760 801234567
813546027 801234567
813546270 801234567
813546702 801234567
813547062 801234567
813547206 801234567
813547620 801234567
813560274 801234567
813560427 801234567
813560742 801234567
813562047 801234567
813562470 801234567
813562704 801234567
813564072 801234567
813564207 801234567
813564720 801234567
813567024 801234567
813567240 801234567
813567402 801234567
813570246 801234567
813570462 801234567
813570624 801234567
813572064 801234567
813572406 801234567
813572640 801234567
813574026 801234567
813574260 801234567
813574602 801234567
813576042 801234567
813576204 801234567
813576420 801234567
813602475 801234567
813602547 801234567
813602754 801234567
813604257 801234567
813604572 801234567
813604725 801234567
813605274 801234567
813605427 801234567
813605742 801234567
813607245 801234567
813607452 801234567
813607524 801234567
813620457 801234567
813620574 801234567
813620745 801234567
813624075 801234567
813624507 801234567
813624750 801234567
813625047 801234567
813625470 801234567
813625704 801234567
813627054 801234567
813627405 801234567
813627540 801234567
813640275 801234567
813640527 801234567
813640752 801234567
813642057 801234567
813642570 801234567
813642705 801234567
813645072 801234567
813645207 801234567
813645720 801234567
813647025 801234567
813647250 801234567
813647502 801234567
813650247 801234567
813650472 801234567
813650724 801234567
813652074 801234567
813652407 801234567
813652740 801234567
813654027 801234567
813654270 801234567
813654702 801234567
813657042 801234567
813657204 801234567
813657420 801234567
813670254 801234567
813670425 801234567
813670542 801234567
813672045 801234567
813672450 801234567
813672504 801234567
813674052 801234567
813674205 801234567
813674520 801234567
813675024 801234567
813675240 801234567
813675402 801234567
813702456 801234567
813702564 801234567
813702645 801234567
813704265 801234567
813704526 801234567
813704652 801234567
813705246 801234567
813705462 801234567
813705624 801234567
813706254 801234567
813706425 801234567
813706542 801234567
813720465 801234567
813720546 801234567
813720654 801234567
813724056 801234567
813724560 801234567
813724605 801234567
813725064 801234567
813725406 801234567
813725640 801234567
813726045 801234567
813726450 801234567
813726504 801234567
813740256 801234567
813740562 801234567
813740625 801234567
813742065 801234567
813742506 801234567
813742650 801234567
813745026 801234567
813745260 801234567
813745602 801234567
813746052 801234567
813746205 801234567
813746520 801234567
813750264 801234567
813750426 801234567
813750642 801234567
813752046 801234567
813752460 801234567
813752604 801234567
813754062 801234567
813754206 801234567
813754620 801234567
813756024 801234567
813756240 801234567
813756402 801234567
813760245 801234567
813760452 801234567
813760524 801234567
813762054 801234567
813762405 801234567
813762540 801234567
813764025 801234567
813764250 801234567
813764502 801234567
813765042 801234567
813765204 801234567
813765420 801234567
814023567 801234567
814023675 801234567
814023756 801234567
814025376 801234567
814025637 801234567
814025763 801234567
814026357 801234567
814026573 801234567
814026735 801234567
814027365 801234567
814027536 801234567
814027653 801234567
814032576 801234567
814032657 801234567
814032765 801234567
814035267 801234567
814035672 801234567
814035726 801234567
814036275 801234567
814036527 801234567
814036752 801234567
814037256 801234567
814037562 801234567
814037625 801234567
814052367 801234567
814052673 801234567
814052736 801234567
814053276 801234567
814053627 801234567
814053762 801234567
814056237 801234567
814056372 801234567
814056723 801234567
814057263 801234567
814057326 801234567
814057632 801234567
814062375 801234567
814062537 801234567
814062753 801234567
814063257 801234567
814063572 801234567
814063725 801234567
814065273 801234567
814065327 801234567
814065732 801234567
814067235 801234567
814067352 801234567
814067523 801234567
814072356 801234567
814072563 801234567
814072635 801234567
814073265 801234567
814073526 801234567
814073652 801234567
814075236 801234567
814075362 801234567
814075623 801234567
814076253 801234567
814076325 801234567
814076532 801234567
814203576 801234567
814203657 801234567
814203765 801234567
814205367 801234567
814205673 801234567
814205736 801234567
814206375 801234567
814206537 801234567
814206753 801234567
814207356 801234567
814207563 801234567
814207635 801234567
814230567 801234567
814230675 801234567
814230756 801234567
814235076 801234567
814235607 801234567
814235760 801234567
814236057 801234567
814236570 801234567
814236705 801234567
814237065 801234567
814237506 801234567
814237650 801234567
814250376 801234567
814250637 801234567
814250763 801234567
814253067 801234567
814253670 801234567
814253706 801234567
814256073 801234567
814256307 801234567
814256730 801234567
814257036 801234567
814257360 801234567
814257603 801234567
814260357 801234567
814260573 801234567
814260735 801234567
814263075 801234567
814263507 801234567
814263750 801234567
814265037 801234567
814265370 801234567
814265703 801234567
814267053 801234567
814267305 801234567
814267530 801234567
814270365 801234567
814270536 801234567
814270653 801234567
814273056 801234567
814273560 801234567
814273605 801234567
814275063 801234567
814275306 801234567
814275630 801234567
814276035 801234567
814276350 801234567
814276503 801234567
814302567 801234567
814302675 801234567
814302756 801234567
814305276 801234567
814305627 801234567
814305762 801234567
814306257 801234567
814306572 801234567
814306725 801234567
814307265 801234567
814307526 801234567
814307652 801234567
814320576 801234567
814320657 801234567
814320765 801234567
814325067 801234567
814325670 801234567
814325706 801234567
814326075 801234567
814326507 801234567
814326750 801234567
814327056 801234567
814327560 801234567
814327605 801234567
814350267 801234567
814350672 801234567
814350726 801234567
814352076 801234567
814352607 801234567
814352760 801234567
814356027 801234567
814356270 801234567
814356702 801234567
814357062 801234567
814357206 801234567
814357620 801234567
814360275 801234567
814360527 801234567
814360752 801234567
814362057 801234567
814362570 801234567
814362705 801234567
814365072 801234567
814365207 801234567
814365720 801234567
814367025 801234567
814367250 801234567
814367502 801234567
814370256 801234567
814370562 801234567
814370625 801234567
814372065 801234567
814372506 801234567
814372650 801234567
814375026 801234567
814375260 801234567
814375602 801234567
814376052 801234567
814376205 801234567
814376520 801234567
814502376 801234567
814502637 801234567
814502763 801234567
814503267 801234567
814503672 801234567
814503726 801234567
814506273 801234567
814506327 801234567
814506732 801234567
814507236 801234567
814507362 801234567
814507623 801234567
814520367 801234567
814520673 801234567
814520736 801234567
814523076 801234567
814523607 801234567
814523760 801234567
814526037 801234567
814526370 801234567
814526703 801234567
814527063 801234567
814527306 801234567
814527630 801234567
814530276 801234567
814530627 801234567
814530762 801234567
814532067 801234567
814532670 801234567
814532706 801234567
814536072 801234567
814536207 801234567
814536720 801234567
814537026 801234567
814537260 801234567
814537602 801234567
814560237 801234567
814560372 801234567
814560723 801234567
814562073 801234567
814562307 801234567
814562730 801234567
814563027 801234567
814563270 801234567
814563702 801234567
814567032 801234567
814567203 801234567
814567320 801234567
814570263 801234567
814570326 801234567
814570632 801234567
814572036 801234567
814572360 801234567
814572603 801234567
814573062 801234567
814573206 801234567
814573620 801234567
814576023 801234567
814576230 801234567
814576302 801234567
814602357 801234567
814602573 801234567
814602735 801234567
814603275 801234567
814603527 801234567
814603752 801234567
814605237 801234567
814605372 801234567
814605723 801234567
814607253 801234567
814607325 801234567
814607532 801234567
814620375 801234567
814620537 801234567
814620753 801234567
814623057 801234567
814623570 801234567
814623705 801234567
814625073 801234567
814625307 801234567
814625730 801234567
814627035 801234567
814627350 801234567
814627503 801234567
814630257 801234567
814630572 801234567
814630725 801234567
814632075 801234567
814632507 801234567
814632750 801234567
814635027 801234567
814635270 801234567
814635702 801234567
814637052 801234567
814637205 801234567
814637520 801234567
814650273 801234567
814650327 801234567
814650732 801234567
814652037 801234567
814652370 801234567
814652703 801234567
814653072 801234567
814653207 801234567
814653720 801234567
814657023 801234567
814657230 801234567
814657302 801234567
814670235 801234567
