431728560 801234567
431728605 801234567
431750268 801234567
431750682 801234567
431750826 801234567
431752086 801234567
431752608 801234567
431752860 801234567
431756028 801234567
431756280 801234567
431756802 801234567
431758062 801234567
431758206 801234567
431758620 801234567
431760285 801234567
431760528 801234567
431760852 801234567
431762058 801234567
431762580 801234567
431762805 801234567
431765082 801234567
431765208 801234567
431765820 801234567
431768025 801234567
431768250 801234567
431768502 801234567
431780256 801234567
431780562 801234567
431780625 801234567
431782065 801234567
431782506 801234567
431782650 801234567
431785026 801234567
431785260 801234567
431785602 801234567
431786052 801234567
431786205 801234567
431786520 801234567
431802576 801234567
431802657 801234567
431802765 801234567
431805267 801234567
431805672 801234567
431805726 801234567
431806275 801234567
431806527 801234567
431806752 801234567
431807256 801234567
431807562 801234567
431807625 801234567
431820567 801234567
431820675 801234567
431820756 801234567
431825076 801234567
431825607 801234567
431825760 801234567
431826057 801234567
431826570 801234567
431826705 801234567
431827065 801234567
431827506 801234567
431827650 801234567
431850276 801234567
431850627 801234567
431850762 801234567
431852067 801234567
431852670 801234567
431852706 801234567
431856072 801234567
431856207 801234567
431856720 801234567
431857026 801234567
431857260 801234567
431857602 801234567
431860257 801234567
431860572 801234567
431860725 801234567
431862075 801234567
431862507 801234567
431862750 801234567
431865027 801234567
431865270 801234567
431865702 801234567
431867052 801234567
431867205 801234567
431867520 801234567
431870265 801234567
431870526 801234567
431870652 801234567
431872056 801234567
431872560 801234567
431872605 801234567
431875062 801234567
431875206 801234567
431875620 801234567
431876025 801234567
431876250 801234567
431876502 801234567
432015687 801234567
432015768 801234567
432015876 801234567
432016578 801234567
432016785 801234567
432016857 801234567
432017586 801234567
432017658 801234567
432017865 801234567
432018567 801234567
432018675 801234567
432018756 801234567
432051678 801234567
432051786 801234567
432051867 801234567
432056187 801234567
432056718 801234567
432056871 801234567
432057168 801234567
432057681 801234567
432057816 801234567
432058176 801234567
432058617 801234567
432058761 801234567
432061587 801234567
432061758 801234567
432061875 801234567
432065178 801234567
432065781 801234567
432065817 801234567
432067185 801234567
432067518 801234567
432067851 801234567
432068157 801234567
432068571 801234567
432068715 801234567
432071568 801234567
432071685 801234567
432071856 801234567
432075186 801234567
432075618 801234567
432075861 801234567
432076158 801234567
432076581 801234567
432076815 801234567
432078165 801234567
432078516 801234567
432078651 801234567
432081576 801234567
432081657 801234567
432081765 801234567
432085167 801234567
432085671 801234567
432085716 801234567
432086175 801234567
432086517 801234567
432086751 801234567
432087156 801234567
432087561 801234567
432087615 801234567
432105678 801234567
432105786 801234567
432105867 801234567
432106587 801234567
432106758 801234567
432106875 801234567
432107568 801234567
432107685 801234567
432107856 801234567
432108576 801234567
432108657 801234567
432108765 801234567
432150687 801234567
432150768 801234567
432150876 801234567
432156078 801234567
432156780 801234567
432156807 801234567
432157086 801234567
432157608 801234567
432157860 801234567
432158067 801234567
432158670 801234567
432158706 801234567
432160578 801234567
432160785 801234567
432160857 801234567
432165087 801234567
432165708 801234567
432165870 801234567
432167058 801234567
432167580 801234567
432167805 801234567
432168075 801234567
432168507 801234567
432168750 801234567
432170586 801234567
432170658 801234567
432170865 801234567
432175068 801234567
432175680 801234567
432175806 801234567
432176085 801234567
432176508 801234567
432176850 801234567
432178056 801234567
432178560 801234567
432178605 801234567
432180567 801234567
432180675 801234567
432180756 801234567
432185076 801234567
432185607 801234567
432185760 801234567
432186057 801234567
432186570 801234567
432186705 801234567
432187065 801234567
432187506 801234567
432187650 801234567
432501687 801234567
432501768 801234567
432501876 801234567
432506178 801234567
432506781 801234567
432506817 801234567
432507186 801234567
432507618 801234567
432507861 801234567
432508167 801234567
432508671 801234567
432508716 801234567
432510678 801234567
432510786 801234567
432510867 801234567
432516087 801234567
432516708 801234567
432516870 801234567
432517068 801234567
432517680 801234567
432517806 801234567
432518076 801234567
432518607 801234567
432518760 801234567
432560187 801234567
432560718 801234567
432560871 801234567
432561078 801234567
432561780 801234567
432561807 801234567
432567081 801234567
432567108 801234567
432567810 801234567
432568017 801234567
432568170 801234567
432568701 801234567
432570168 801234567
432570681 801234567
432570816 801234567
432571086 801234567
432571608 801234567
432571860 801234567
432576018 801234567
432576180 801234567
432576801 801234567
432578061 801234567
432578106 801234567
432578610 801234567
432580176 801234567
432580617 801234567
432580761 801234567
432581067 801234567
432581670 801234567
432581706 801234567
432586071 801234567
432586107 801234567
432586710 801234567
432587016 801234567
432587160 801234567
432587601 801234567
432601578 801234567
432601785 801234567
432601857 801234567
432605187 801234567
432605718 801234567
432605871 801234567
432607158 801234567
432607581 801234567
432607815 801234567
432608175 801234567
432608517 801234567
432608751 801234567
432610587 801234567
432610758 801234567
432610875 801234567
432615078 801234567
432615780 801234567
432615807 801234567
432617085 801234567
432617508 801234567
432617850 801234567
432618057 801234567
432618570 801234567
432618705 801234567
432650178 801234567
432650781 801234567
432650817 801234567
432651087 801234567
432651708 801234567
432651870 801234567
432657018 801234567
432657180 801234567
432657801 801234567
432658071 801234567
432658107 801234567
432658710 801234567
432670185 801234567
432670518 801234567
432670851 801234567
432671058 801234567
432671580 801234567
432671805 801234567
432675081 801234567
432675108 801234567
432675810 801234567
432678015 801234567
432678150 801234567
432678501 801234567
432680157 801234567
432680571 801234567
432680715 801234567
432681075 801234567
432681507 801234567
432681750 801234567
432685017 801234567
432685170 801234567
432685701 801234567
432687051 801234567
432687105 801234567
432687510 801234567
432701586 801234567
432701658 801234567
432701865 801234567
432705168 801234567
432705681 801234567
432705816 801234567
432706185 801234567
432706518 801234567
432706851 801234567
432708156 801234567
432708561 801234567
432708615 801234567
432710568 801234567
432710685 801234567
432710856 801234567
432715086 801234567
432715608 801234567
432715860 801234567
432716058 801234567
432716580 801234567
432716805 801234567
432718065 801234567
432718506 801234567
432718650 801234567
432750186 801234567
432750618 801234567
432750861 801234567
432751068 801234567
432751680 801234567
432751806 801234567
432756081 801234567
432756108 801234567
432756810 801234567
432758016 801234567
432758160 801234567
432758601 801234567
432760158 801234567
432760581 801234567
432760815 801234567
432761085 801234567
432761508 801234567
432761850 801234567
432765018 801234567
432765180 801234567
432765801 801234567
432768051 801234567
432768105 801234567
432768510 801234567
432780165 801234567
432780516 801234567
432780651 801234567
432781056 801234567
432781560 801234567
432781605 801234567
432785061 801234567
432785106 801234567
432785610 801234567
432786015 801234567
432786150 801234567
432786501 801234567
432801567 801234567
432801675 801234567
432801756 801234567
432805176 801234567
432805617 801234567
432805761 801234567
432806157 801234567
432806571 801234567
432806715 801234567
432807165 801234567
432807516 801234567
432807651 801234567
432810576 801234567
432810657 801234567
432810765 801234567
432815067 801234567
432815670 801234567
432815706 801234567
432816075 801234567
432816507 801234567
432816750 801234567
432817056 801234567
432817560 801234567
432817605 801234567
432850167 801234567
432850671 801234567
432850716 801234567
432851076 801234567
432851607 801234567
432851760 801234567
432856017 801234567
432856170 801234567
432856701 801234567
432857061 801234567
432857106 801234567
432857610 801234567
432860175 801234567
432860517 801234567
432860751 801234567
432861057 801234567
432861570 801234567
432861705 801234567
432865071 801234567
432865107 801234567
432865710 801234567
432867015 801234567
432867150 801234567
432867501 801234567
432870156 801234567
432870561 801234567
432870615 801234567
432871065 801234567
432871506 801234567
432871650 801234567
432875016 801234567
432875160 801234567
432875601 801234567
432876051 801234567
432876105 801234567
432876510 801234567
435012678 801234567
435012786 801234567
435012867 801234567
435016287 801234567
435016728 801234567
435016872 801234567
435017268 801234567
435017682 801234567
435017826 801234567
435018276 801234567
435018627 801234567
435018762 801234567
435021687 801234567
435021768 801234567
435021876 801234567
435026178 801234567
435026781 801234567
435026817 801234567
435027186 801234567
435027618 801234567
435027861 801234567
435028167 801234567
435028671 801234567
435028716 801234567
435061278 801234567
435061782 801234567
435061827 801234567
435062187 801234567
435062718 801234567
435062871 801234567
435067128 801234567
435067281 801234567
435067812 801234567
435068172 801234567
435068217 801234567
435068721 801234567
435071286 801234567
435071628 801234567
435071862 801234567
435072168 801234567
435072681 801234567
