742638510 801234567
742650183 801234567
742650318 801234567
742650831 801234567
742651038 801234567
742651380 801234567
742651803 801234567
742653081 801234567
742653108 801234567
742653810 801234567
742658013 801234567
742658130 801234567
742658301 801234567
742680135 801234567
742680351 801234567
742680513 801234567
742681053 801234567
742681305 801234567
742681530 801234567
742683015 801234567
742683150 801234567
742683501 801234567
742685031 801234567
742685103 801234567
742685310 801234567
742801365 801234567
742801536 801234567
742801653 801234567
742803156 801234567
742803561 801234567
742803615 801234567
742805163 801234567
742805316 801234567
742805631 801234567
742806135 801234567
742806351 801234567
742806513 801234567
742810356 801234567
742810563 801234567
742810635 801234567
742813065 801234567
742813506 801234567
742813650 801234567
742815036 801234567
742815360 801234567
742815603 801234567
742816053 801234567
742816305 801234567
742816530 801234567
742830165 801234567
742830516 801234567
742830651 801234567
742831056 801234567
742831560 801234567
742831605 801234567
742835061 801234567
742835106 801234567
742835610 801234567
742836015 801234567
742836150 801234567
742836501 801234567
742850136 801234567
742850361 801234567
742850613 801234567
742851063 801234567
742851306 801234567
742851630 801234567
742853016 801234567
742853160 801234567
742853601 801234567
742856031 801234567
742856103 801234567
742856310 801234567
742860153 801234567
742860315 801234567
742860531 801234567
742861035 801234567
742861350 801234567
742861503 801234567
742863051 801234567
742863105 801234567
742863510 801234567
742865013 801234567
742865130 801234567
742865301 801234567
743012586 801234567
743012658 801234567
743012865 801234567
743015268 801234567
743015682 801234567
743015826 801234567
743016285 801234567
743016528 801234567
743016852 801234567
743018256 801234567
743018562 801234567
743018625 801234567
743021568 801234567
743021685 801234567
743021856 801234567
743025186 801234567
743025618 801234567
743025861 801234567
743026158 801234567
743026581 801234567
743026815 801234567
743028165 801234567
743028516 801234567
743028651 801234567
743051286 801234567
743051628 801234567
743051862 801234567
743052168 801234567
743052681 801234567
743052816 801234567
743056182 801234567
743056218 801234567
743056821 801234567
743058126 801234567
743058261 801234567
743058612 801234567
743061258 801234567
743061582 801234567
743061825 801234567
743062185 801234567
743062518 801234567
743062851 801234567
743065128 801234567
743065281 801234567
743065812 801234567
743068152 801234567
743068215 801234567
743068521 801234567
743081265 801234567
743081526 801234567
743081652 801234567
743082156 801234567
743082561 801234567
743082615 801234567
743085162 801234567
743085216 801234567
743085621 801234567
743086125 801234567
743086251 801234567
743086512 801234567
743102568 801234567
743102685 801234567
743102856 801234567
743105286 801234567
743105628 801234567
743105862 801234567
743106258 801234567
743106582 801234567
743106825 801234567
743108265 801234567
743108526 801234567
743108652 801234567
743120586 801234567
743120658 801234567
743120865 801234567
743125068 801234567
743125680 801234567
743125806 801234567
743126085 801234567
743126508 801234567
743126850 801234567
743128056 801234567
743128560 801234567
743128605 801234567
743150268 801234567
743150682 801234567
743150826 801234567
743152086 801234567
743152608 801234567
743152860 801234567
743156028 801234567
743156280 801234567
743156802 801234567
743158062 801234567
743158206 801234567
743158620 801234567
743160285 801234567
743160528 801234567
743160852 801234567
743162058 801234567
743162580 801234567
743162805 801234567
743165082 801234567
743165208 801234567
743165820 801234567
743168025 801234567
743168250 801234567
743168502 801234567
743180256 801234567
743180562 801234567
743180625 801234567
743182065 801234567
743182506 801234567
743182650 801234567
743185026 801234567
743185260 801234567
743185602 801234567
743186052 801234567
743186205 801234567
743186520 801234567
743201586 801234567
743201658 801234567
743201865 801234567
743205168 801234567
743205681 801234567
743205816 801234567
743206185 801234567
743206518 801234567
743206851 801234567
743208156 801234567
743208561 801234567
743208615 801234567
743210568 801234567
743210685 801234567
743210856 801234567
743215086 801234567
743215608 801234567
743215860 801234567
743216058 801234567
743216580 801234567
743216805 801234567
743218065 801234567
743218506 801234567
743218650 801234567
743250186 801234567
743250618 801234567
743250861 801234567
743251068 801234567
743251680 801234567
743251806 801234567
743256081 801234567
743256108 801234567
743256810 801234567
743258016 801234567
743258160 801234567
743258601 801234567
743260158 801234567
743260581 801234567
743260815 801234567
743261085 801234567
743261508 801234567
743261850 801234567
743265018 801234567
743265180 801234567
743265801 801234567
743268051 801234567
743268105 801234567
743268510 801234567
743280165 801234567
743280516 801234567
743280651 801234567
743281056 801234567
743281560 801234567
743281605 801234567
743285061 801234567
743285106 801234567
743285610 801234567
743286015 801234567
743286150 801234567
743286501 801234567
743501268 801234567
743501682 801234567
743501826 801234567
743502186 801234567
743502618 801234567
743502861 801234567
743506128 801234567
743506281 801234567
743506812 801234567
743508162 801234567
743508216 801234567
743508621 801234567
743510286 801234567
743510628 801234567
743510862 801234567
743512068 801234567
743512680 801234567
743512806 801234567
743516082 801234567
743516208 801234567
743516820 801234567
743518026 801234567
743518260 801234567
743518602 801234567
743520168 801234567
743520681 801234567
743520816 801234567
743521086 801234567
743521608 801234567
743521860 801234567
743526018 801234567
743526180 801234567
743526801 801234567
743528061 801234567
743528106 801234567
743528610 801234567
743560182 801234567
743560218 801234567
743560821 801234567
743561028 801234567
743561280 801234567
743561802 801234567
743562081 801234567
743562108 801234567
743562810 801234567
743568012 801234567
743568120 801234567
743568201 801234567
743580126 801234567
743580261 801234567
743580612 801234567
743581062 801234567
743581206 801234567
743581620 801234567
743582016 801234567
743582160 801234567
743582601 801234567
743586021 801234567
743586102 801234567
743586210 801234567
743601285 801234567
743601528 801234567
743601852 801234567
743602158 801234567
743602581 801234567
743602815 801234567
743605182 801234567
743605218 801234567
743605821 801234567
743608125 801234567
743608251 801234567
743608512 801234567
743610258 801234567
743610582 801234567
743610825 801234567
743612085 801234567
743612508 801234567
743612850 801234567
743615028 801234567
743615280 801234567
743615802 801234567
743618052 801234567
743618205 801234567
743618520 801234567
743620185 801234567
743620518 801234567
743620851 801234567
743621058 801234567
743621580 801234567
743621805 801234567
743625081 801234567
743625108 801234567
743625810 801234567
743628015 801234567
743628150 801234567
743628501 801234567
743650128 801234567
743650281 801234567
743650812 801234567
743651082 801234567
743651208 801234567
743651820 801234567
743652018 801234567
743652180 801234567
743652801 801234567
743658021 801234567
743658102 801234567
743658210 801234567
743680152 801234567
743680215 801234567
743680521 801234567
743681025 801234567
743681250 801234567
743681502 801234567
743682051 801234567
743682105 801234567
743682510 801234567
743685012 801234567
743685120 801234567
743685201 801234567
743801256 801234567
743801562 801234567
743801625 801234567
743802165 801234567
743802516 801234567
743802651 801234567
743805126 801234567
743805261 801234567
743805612 801234567
743806152 801234567
743806215 801234567
743806521 801234567
743810265 801234567
743810526 801234567
743810652 801234567
743812056 801234567
743812560 801234567
743812605 801234567
743815062 801234567
743815206 801234567
743815620 801234567
743816025 801234567
743816250 801234567
743816502 801234567
743820156 801234567
743820561 801234567
743820615 801234567
743821065 801234567
743821506 801234567
743821650 801234567
743825016 801234567
743825160 801234567
743825601 801234567
743826051 801234567
743826105 801234567
743826510 801234567
743850162 801234567
743850216 801234567
743850621 801234567
743851026 801234567
743851260 801234567
743851602 801234567
743852061 801234567
743852106 801234567
743852610 801234567
743856012 801234567
743856120 801234567
743856201 801234567
743860125 801234567
743860251 801234567
743860512 801234567
743861052 801234567
743861205 801234567
743861520 801234567
743862015 801234567
743862150 801234567
743862501 801234567
743865021 801234567
743865102 801234567
743865210 801234567
745012368 801234567
745012683 801234567
745012836 801234567
745013286 801234567
745013628 801234567
745013862 801234567
745016238 801234567
745016382 801234567
745016823 801234567
745018263 801234567
745018326 801234567
745018632 801234567
745021386 801234567
745021638 801234567
745021863 801234567
745023168 801234567
745023681 801234567
745023816 801234567
745026183 801234567
745026318 801234567
745026831 801234567
745028136 801234567
745028361 801234567
745028613 801234567
745031268 801234567
745031682 801234567
745031826 801234567
745032186 801234567
745032618 801234567
745032861 801234567
745036128 801234567
745036281 801234567
745036812 801234567
745038162 801234567
745038216 801234567
745038621 801234567
745061283 801234567
745061328 801234567
745061832 801234567
745062138 801234567
745062381 801234567
745062813 801234567
745063182 801234567
745063218 801234567
745063821 801234567
745068123 801234567
745068231 801234567
745068312 801234567
745081236 801234567
745081362 801234567
745081623 801234567
745082163 801234567
745082316 801234567
745082631 801234567
