853407126 801234567
853407261 801234567
853407612 801234567
853410267 801234567
853410672 801234567
853410726 801234567
853412076 801234567
853412607 801234567
853412760 801234567
853416027 801234567
853416270 801234567
853416702 801234567
853417062 801234567
853417206 801234567
853417620 801234567
853420176 801234567
853420617 801234567
853420761 801234567
853421067 801234567
853421670 801234567
853421706 801234567
853426071 801234567
853426107 801234567
853426710 801234567
853427016 801234567
853427160 801234567
853427601 801234567
853460127 801234567
853460271 801234567
853460712 801234567
853461072 801234567
853461207 801234567
853461720 801234567
853462017 801234567
853462170 801234567
853462701 801234567
853467021 801234567
853467102 801234567
853467210 801234567
853470162 801234567
853470216 801234567
853470621 801234567
853471026 801234567
853471260 801234567
853471602 801234567
853472061 801234567
853472106 801234567
853472610 801234567
853476012 801234567
853476120 801234567
853476201 801234567
853601247 801234567
853601472 801234567
853601724 801234567
853602174 801234567
853602417 801234567
853602741 801234567
853604127 801234567
853604271 801234567
853604712 801234567
853607142 801234567
853607214 801234567
853607421 801234567
853610274 801234567
853610427 801234567
853610742 801234567
853612047 801234567
853612470 801234567
853612704 801234567
853614072 801234567
853614207 801234567
853614720 801234567
853617024 801234567
853617240 801234567
853617402 801234567
853620147 801234567
853620471 801234567
853620714 801234567
853621074 801234567
853621407 801234567
853621740 801234567
853624017 801234567
853624170 801234567
853624701 801234567
853627041 801234567
853627104 801234567
853627410 801234567
853640172 801234567
853640217 801234567
853640721 801234567
853641027 801234567
853641270 801234567
853641702 801234567
853642071 801234567
853642107 801234567
853642710 801234567
853647012 801234567
853647120 801234567
853647201 801234567
853670124 801234567
853670241 801234567
853670412 801234567
853671042 801234567
853671204 801234567
853671420 801234567
853672014 801234567
853672140 801234567
853672401 801234567
853674021 801234567
853674102 801234567
853674210 801234567
853701264 801234567
853701426 801234567
853701642 801234567
853702146 801234567
853702461 801234567
853702614 801234567
853704162 801234567
853704216 801234567
853704621 801234567
853706124 801234567
853706241 801234567
853706412 801234567
853710246 801234567
853710462 801234567
853710624 801234567
853712064 801234567
853712406 801234567
853712640 801234567
853714026 801234567
853714260 801234567
853714602 801234567
853716042 801234567
853716204 801234567
853716420 801234567
853720164 801234567
853720416 801234567
853720641 801234567
853721046 801234567
853721460 801234567
853721604 801234567
853724061 801234567
853724106 801234567
853724610 801234567
853726014 801234567
853726140 801234567
853726401 801234567
853740126 801234567
853740261 801234567
853740612 801234567
853741062 801234567
853741206 801234567
853741620 801234567
853742016 801234567
853742160 801234567
853742601 801234567
853746021 801234567
853746102 801234567
853746210 801234567
853760142 801234567
853760214 801234567
853760421 801234567
853761024 801234567
853761240 801234567
853761402 801234567
853762041 801234567
853762104 801234567
853762410 801234567
853764012 801234567
853764120 801234567
853764201 801234567
854012376 801234567
854012637 801234567
854012763 801234567
854013267 801234567
854013672 801234567
854013726 801234567
854016273 801234567
854016327 801234567
854016732 801234567
854017236 801234567
854017362 801234567
854017623 801234567
854021367 801234567
854021673 801234567
854021736 801234567
854023176 801234567
854023617 801234567
854023761 801234567
854026137 801234567
854026371 801234567
854026713 801234567
854027163 801234567
854027316 801234567
854027631 801234567
854031276 801234567
854031627 801234567
854031762 801234567
854032167 801234567
854032671 801234567
854032716 801234567
854036172 801234567
854036217 801234567
854036721 801234567
854037126 801234567
854037261 801234567
854037612 801234567
854061237 801234567
854061372 801234567
854061723 801234567
854062173 801234567
854062317 801234567
854062731 801234567
854063127 801234567
854063271 801234567
854063712 801234567
854067132 801234567
854067213 801234567
854067321 801234567
854071263 801234567
854071326 801234567
854071632 801234567
854072136 801234567
854072361 801234567
854072613 801234567
854073162 801234567
854073216 801234567
854073621 801234567
854076123 801234567
854076231 801234567
854076312 801234567
854102367 801234567
854102673 801234567
854102736 801234567
854103276 801234567
854103627 801234567
854103762 801234567
854106237 801234567
854106372 801234567
854106723 801234567
854107263 801234567
854107326 801234567
854107632 801234567
854120376 801234567
854120637 801234567
854120763 801234567
854123067 801234567
854123670 801234567
854123706 801234567
854126073 801234567
854126307 801234567
854126730 801234567
854127036 801234567
854127360 801234567
854127603 801234567
854130267 801234567
854130672 801234567
854130726 801234567
854132076 801234567
854132607 801234567
854132760 801234567
854136027 801234567
854136270 801234567
854136702 801234567
854137062 801234567
854137206 801234567
854137620 801234567
854160273 801234567
854160327 801234567
854160732 801234567
854162037 801234567
854162370 801234567
854162703 801234567
854163072 801234567
854163207 801234567
854163720 801234567
854167023 801234567
854167230 801234567
854167302 801234567
854170236 801234567
854170362 801234567
854170623 801234567
854172063 801234567
854172306 801234567
854172630 801234567
854173026 801234567
854173260 801234567
854173602 801234567
854176032 801234567
854176203 801234567
854176320 801234567
854201376 801234567
854201637 801234567
854201763 801234567
854203167 801234567
854203671 801234567
854203716 801234567
854206173 801234567
854206317 801234567
854206731 801234567
854207136 801234567
854207361 801234567
854207613 801234567
854210367 801234567
854210673 801234567
854210736 801234567
854213076 801234567
854213607 801234567
854213760 801234567
854216037 801234567
854216370 801234567
854216703 801234567
854217063 801234567
854217306 801234567
854217630 801234567
854230176 801234567
854230617 801234567
854230761 801234567
854231067 801234567
854231670 801234567
854231706 801234567
854236071 801234567
854236107 801234567
854236710 801234567
854237016 801234567
854237160 801234567
854237601 801234567
854260137 801234567
854260371 801234567
854260713 801234567
854261073 801234567
854261307 801234567
854261730 801234567
854263017 801234567
854263170 801234567
854263701 801234567
854267031 801234567
854267103 801234567
854267310 801234567
854270163 801234567
854270316 801234567
854270631 801234567
854271036 801234567
854271360 801234567
854271603 801234567
854273061 801234567
854273106 801234567
854273610 801234567
854276013 801234567
854276130 801234567
854276301 801234567
854301267 801234567
854301672 801234567
854301726 801234567
854302176 801234567
854302617 801234567
854302761 801234567
854306127 801234567
854306271 801234567
854306712 801234567
854307162 801234567
854307216 801234567
854307621 801234567
854310276 801234567
854310627 801234567
854310762 801234567
854312067 801234567
854312670 801234567
854312706 801234567
854316072 801234567
854316207 801234567
854316720 801234567
854317026 801234567
854317260 801234567
854317602 801234567
854320167 801234567
854320671 801234567
854320716 801234567
854321076 801234567
854321607 801234567
854321760 801234567
854326017 801234567
854326170 801234567
854326701 801234567
854327061 801234567
854327106 801234567
854327610 801234567
854360172 801234567
854360217 801234567
854360721 801234567
854361027 801234567
854361270 801234567
854361702 801234567
854362071 801234567
854362107 801234567
854362710 801234567
854367012 801234567
854367120 801234567
854367201 801234567
854370126 801234567
854370261 801234567
854370612 801234567
854371062 801234567
854371206 801234567
854371620 801234567
854372016 801234567
854372160 801234567
854372601 801234567
854376021 801234567
854376102 801234567
854376210 801234567
854601273 801234567
854601327 801234567
854601732 801234567
854602137 801234567
854602371 801234567
854602713 801234567
854603172 801234567
854603217 801234567
854603721 801234567
854607123 801234567
854607231 801234567
854607312 801234567
854610237 801234567
854610372 801234567
854610723 801234567
854612073 801234567
854612307 801234567
854612730 801234567
854613027 801234567
854613270 801234567
854613702 801234567
854617032 801234567
854617203 801234567
854617320 801234567
854620173 801234567
854620317 801234567
854620731 801234567
854621037 801234567
854621370 801234567
854621703 801234567
854623071 801234567
854623107 801234567
854623710 801234567
854627013 801234567
854627130 801234567
854627301 801234567
854630127 801234567
854630271 801234567
854630712 801234567
854631072 801234567
854631207 801234567
854631720 801234567
854632017 801234567
854632170 801234567
854632701 801234567
854637021 801234567
854637102 801234567
854637210 801234567
854670132 801234567
854670213 801234567
854670321 801234567
854671023 801234567
854671230 801234567
854671302 801234567
854672031 801234567
854672103 801234567
854672310 801234567
854673012 801234567
854673120 801234567
854673201 801234567
854701236 801234567
854701362 801234567
854701623 801234567
854702163 801234567
854702316 801234567
854702631 801234567
854703126 801234567
854703261 801234567
854703612 801234567
854706132 801234567
854706213 801234567
854706321 801234567
854710263 801234567
854710326 801234567
854710632 801234567
854712036 801234567
854712360 801234567
854712603 801234567
854713062 801234567
854713206 801234567
854713620 801234567
854716023 801234567
854716230 801234567
854716302 801234567
854720136 801234567
854720361 801234567
854720613 801234567
854721063 801234567
