071862435 801234567
071862543 801234567
071863245 801234567
071863452 801234567
071863524 801234567
071864253 801234567
071864325 801234567
071864532 801234567
071865234 801234567
071865342 801234567
071865423 801234567
072134586 801234567
072134658 801234567
072134865 801234567
072135468 801234567
072135684 801234567
072135846 801234567
072136485 801234567
072136548 801234567
072136854 801234567
072138456 801234567
072138564 801234567
072138645 801234567
072143568 801234567
072143685 801234567
072143856 801234567
072145386 801234567
072145638 801234567
072145863 801234567
072146358 801234567
072146583 801234567
072146835 801234567
072148365 801234567
072148536 801234567
072148653 801234567
072153486 801234567
072153648 801234567
072153864 801234567
072154368 801234567
072154683 801234567
072154836 801234567
072156384 801234567
072156438 801234567
072156843 801234567
072158346 801234567
072158463 801234567
072158634 801234567
072163458 801234567
072163584 801234567
072163845 801234567
072164385 801234567
072164538 801234567
072164853 801234567
072165348 801234567
072165483 801234567
072165834 801234567
072168354 801234567
072168435 801234567
072168543 801234567
072183465 801234567
072183546 801234567
072183654 801234567
072184356 801234567
072184563 801234567
072184635 801234567
072185364 801234567
072185436 801234567
072185643 801234567
072186345 801234567
072186453 801234567
072186534 801234567
072314568 801234567
072314685 801234567
072314856 801234567
072315486 801234567
072315648 801234567
072315864 801234567
072316458 801234567
072316584 801234567
072316845 801234567
072318465 801234567
072318546 801234567
072318654 801234567
072341586 801234567
072341658 801234567
072341865 801234567
072345168 801234567
072345681 801234567
072345816 801234567
072346185 801234567
072346518 801234567
072346851 801234567
072348156 801234567
072348561 801234567
072348615 801234567
072351468 801234567
072351684 801234567
072351846 801234567
072354186 801234567
072354618 801234567
072354861 801234567
072356148 801234567
072356481 801234567
072356814 801234567
072358164 801234567
072358416 801234567
072358641 801234567
072361485 801234567
072361548 801234567
072361854 801234567
072364158 801234567
072364581 801234567
072364815 801234567
072365184 801234567
072365418 801234567
072365841 801234567
072368145 801234567
072368451 801234567
072368514 801234567
072381456 801234567
072381564 801234567
072381645 801234567
072384165 801234567
072384516 801234567
072384651 801234567
072385146 801234567
072385461 801234567
072385614 801234567
072386154 801234567
072386415 801234567
072386541 801234567
072413586 801234567
072413658 801234567
072413865 801234567
072415368 801234567
072415683 801234567
072415836 801234567
072416385 801234567
072416538 801234567
072416853 801234567
072418356 801234567
072418563 801234567
072418635 801234567
072431568 801234567
072431685 801234567
072431856 801234567
072435186 801234567
072435618 801234567
072435861 801234567
072436158 801234567
072436581 801234567
072436815 801234567
072438165 801234567
072438516 801234567
072438651 801234567
072451386 801234567
072451638 801234567
072451863 801234567
072453168 801234567
072453681 801234567
072453816 801234567
072456183 801234567
072456318 801234567
072456831 801234567
072458136 801234567
072458361 801234567
072458613 801234567
072461358 801234567
072461583 801234567
072461835 801234567
072463185 801234567
072463518 801234567
072463851 801234567
072465138 801234567
072465381 801234567
072465813 801234567
072468153 801234567
072468315 801234567
072468531 801234567
072481365 801234567
072481536 801234567
072481653 801234567
072483156 801234567
072483561 801234567
072483615 801234567
072485163 801234567
072485316 801234567
072485631 801234567
072486135 801234567
072486351 801234567
072486513 801234567
072513468 801234567
072513684 801234567
072513846 801234567
072514386 801234567
072514638 801234567
072514863 801234567
072516348 801234567
072516483 801234567
072516834 801234567
072518364 801234567
072518436 801234567
072518643 801234567
072531486 801234567
072531648 801234567
072531864 801234567
072534168 801234567
072534681 801234567
072534816 801234567
072536184 801234567
072536418 801234567
072536841 801234567
072538146 801234567
072538461 801234567
072538614 801234567
072541368 801234567
072541683 801234567
072541836 801234567
072543186 801234567
072543618 801234567
072543861 801234567
072546138 801234567
072546381 801234567
072546813 801234567
072548163 801234567
072548316 801234567
072548631 801234567
072561384 801234567
072561438 801234567
072561843 801234567
072563148 801234567
072563481 801234567
072563814 801234567
072564183 801234567
072564318 801234567
072564831 801234567
072568134 801234567
072568341 801234567
072568413 801234567
072581346 801234567
072581463 801234567
072581634 801234567
072583164 801234567
072583416 801234567
072583641 801234567
072584136 801234567
072584361 801234567
072584613 801234567
072586143 801234567
072586314 801234567
072586431 801234567
072613485 801234567
072613548 801234567
072613854 801234567
072614358 801234567
072614583 801234567
072614835 801234567
072615384 801234567
072615438 801234567
072615843 801234567
072618345 801234567
072618453 801234567
072618534 801234567
072631458 801234567
072631584 801234567
072631845 801234567
072634185 801234567
072634518 801234567
072634851 801234567
072635148 801234567
072635481 801234567
072635814 801234567
072638154 801234567
072638415 801234567
072638541 801234567
072641385 801234567
072641538 801234567
072641853 801234567
072643158 801234567
072643581 801234567
072643815 801234567
072645183 801234567
072645318 801234567
072645831 801234567
072648135 801234567
072648351 801234567
072648513 801234567
072651348 801234567
072651483 801234567
072651834 801234567
072653184 801234567
072653418 801234567
072653841 801234567
072654138 801234567
072654381 801234567
072654813 801234567
072658143 801234567
072658314 801234567
072658431 801234567
072681354 801234567
072681435 801234567
072681543 801234567
072683145 801234567
072683451 801234567
072683514 801234567
072684153 801234567
072684315 801234567
072684531 801234567
072685134 801234567
072685341 801234567
072685413 801234567
072813456 801234567
072813564 801234567
072813645 801234567
072814365 801234567
072814536 801234567
072814653 801234567
072815346 801234567
072815463 801234567
072815634 801234567
072816354 801234567
072816435 801234567
072816543 801234567
072831465 801234567
072831546 801234567
072831654 801234567
072834156 801234567
072834561 801234567
072834615 801234567
072835164 801234567
072835416 801234567
072835641 801234567
072836145 801234567
072836451 801234567
072836514 801234567
072841356 801234567
072841563 801234567
072841635 801234567
072843165 801234567
072843516 801234567
072843651 801234567
072845136 801234567
072845361 801234567
072845613 801234567
072846153 801234567
072846315 801234567
072846531 801234567
072851364 801234567
072851436 801234567
072851643 801234567
072853146 801234567
072853461 801234567
072853614 801234567
072854163 801234567
072854316 801234567
072854631 801234567
072856134 801234567
072856341 801234567
072856413 801234567
072861345 801234567
072861453 801234567
072861534 801234567
072863154 801234567
072863415 801234567
072863541 801234567
072864135 801234567
072864351 801234567
072864513 801234567
072865143 801234567
072865314 801234567
072865431 801234567
073124568 801234567
073124685 801234567
073124856 801234567
073125486 801234567
073125648 801234567
073125864 801234567
073126458 801234567
073126584 801234567
073126845 801234567
073128465 801234567
073128546 801234567
073128654 801234567
073142586 801234567
073142658 801234567
073142865 801234567
073145268 801234567
073145682 801234567
073145826 801234567
073146285 801234567
073146528 801234567
073146852 801234567
073148256 801234567
073148562 801234567
073148625 801234567
073152468 801234567
073152684 801234567
073152846 801234567
073154286 801234567
073154628 801234567
073154862 801234567
073156248 801234567
073156482 801234567
073156824 801234567
073158264 801234567
073158426 801234567
073158642 801234567
073162485 801234567
073162548 801234567
073162854 801234567
073164258 801234567
073164582 801234567
073164825 801234567
073165284 801234567
073165428 801234567
073165842 801234567
073168245 801234567
073168452 801234567
073168524 801234567
073182456 801234567
073182564 801234567
073182645 801234567
073184265 801234567
073184526 801234567
073184652 801234567
073185246 801234567
073185462 801234567
073185624 801234567
073186254 801234567
073186425 801234567
073186542 801234567
073214586 801234567
073214658 801234567
073214865 801234567
073215468 801234567
073215684 801234567
073215846 801234567
073216485 801234567
073216548 801234567
073216854 801234567
073218456 801234567
073218564 801234567
073218645 801234567
073241568 801234567
073241685 801234567
073241856 801234567
073245186 801234567
073245618 801234567
073245861 801234567
073246158 801234567
073246581 801234567
073246815 801234567
073248165 801234567
073248516 801234567
073248651 801234567
073251486 801234567
073251648 801234567
073251864 801234567
073254168 801234567
073254681 801234567
073254816 801234567
073256184 801234567
073256418 801234567
073256841 801234567
073258146 801234567
073258461 801234567
073258614 801234567
073261458 801234567
073261584 801234567
073261845 801234567
073264185 801234567
073264518 801234567
073264851 801234567
073265148 801234567
073265481 801234567
073265814 801234567
073268154 801234567
073268415 801234567
073268541 801234567
073281465 801234567
073281546 801234567
073281654 801234567
073284156 801234567
073284561 801234567
073284615 801234567
073285164 801234567
073285416 801234567
073285641 801234567
073286145 801234567
073286451 801234567
073286514 801234567
073412568 801234567
073412685 801234567
073412856 801234567
073415286 801234567
073415628 801234567
073415862 801234567
073416258 801234567
073416582 801234567
