765218430 801234567
765230184 801234567
765230418 801234567
765230841 801234567
765231048 801234567
765231480 801234567
765231804 801234567
765234081 801234567
765234108 801234567
765234810 801234567
765238014 801234567
765238140 801234567
765238401 801234567
765240138 801234567
765240381 801234567
765240813 801234567
765241083 801234567
765241308 801234567
765241830 801234567
765243018 801234567
765243180 801234567
765243801 801234567
765248031 801234567
765248103 801234567
765248310 801234567
765280143 801234567
765280314 801234567
765280431 801234567
765281034 801234567
765281340 801234567
765281403 801234567
765283041 801234567
765283104 801234567
765283410 801234567
765284013 801234567
765284130 801234567
765284301 801234567
765301248 801234567
765301482 801234567
765301824 801234567
765302184 801234567
765302418 801234567
765302841 801234567
765304128 801234567
765304281 801234567
765304812 801234567
765308142 801234567
765308214 801234567
765308421 801234567
765310284 801234567
765310428 801234567
765310842 801234567
765312048 801234567
765312480 801234567
765312804 801234567
765314082 801234567
765314208 801234567
765314820 801234567
765318024 801234567
765318240 801234567
765318402 801234567
765320148 801234567
765320481 801234567
765320814 801234567
765321084 801234567
765321408 801234567
765321840 801234567
765324018 801234567
765324180 801234567
765324801 801234567
765328041 801234567
765328104 801234567
765328410 801234567
765340182 801234567
765340218 801234567
765340821 801234567
765341028 801234567
765341280 801234567
765341802 801234567
765342081 801234567
765342108 801234567
765342810 801234567
765348012 801234567
765348120 801234567
765348201 801234567
765380124 801234567
765380241 801234567
765380412 801234567
765381042 801234567
765381204 801234567
765381420 801234567
765382014 801234567
765382140 801234567
765382401 801234567
765384021 801234567
765384102 801234567
765384210 801234567
765401283 801234567
765401328 801234567
765401832 801234567
765402138 801234567
765402381 801234567
765402813 801234567
765403182 801234567
765403218 801234567
765403821 801234567
765408123 801234567
765408231 801234567
765408312 801234567
765410238 801234567
765410382 801234567
765410823 801234567
765412083 801234567
765412308 801234567
765412830 801234567
765413028 801234567
765413280 801234567
765413802 801234567
765418032 801234567
765418203 801234567
765418320 801234567
765420183 801234567
765420318 801234567
765420831 801234567
765421038 801234567
765421380 801234567
765421803 801234567
765423081 801234567
765423108 801234567
765423810 801234567
765428013 801234567
765428130 801234567
765428301 801234567
765430128 801234567
765430281 801234567
765430812 801234567
765431082 801234567
765431208 801234567
765431820 801234567
765432018 801234567
765432180 801234567
765432801 801234567
765438021 801234567
765438102 801234567
765438210 801234567
765480132 801234567
765480213 801234567
765480321 801234567
765481023 801234567
765481230 801234567
765481302 801234567
765482031 801234567
765482103 801234567
765482310 801234567
765483012 801234567
765483120 801234567
765483201 801234567
765801234 801234567
765801342 801234567
765801423 801234567
765802143 801234567
765802314 801234567
765802431 801234567
765803124 801234567
765803241 801234567
765803412 801234567
765804132 801234567
765804213 801234567
765804321 801234567
765810243 801234567
765810324 801234567
765810432 801234567
765812034 801234567
765812340 801234567
765812403 801234567
765813042 801234567
765813204 801234567
765813420 801234567
765814023 801234567
765814230 801234567
765814302 801234567
765820134 801234567
765820341 801234567
765820413 801234567
765821043 801234567
765821304 801234567
765821430 801234567
765823014 801234567
765823140 801234567
765823401 801234567
765824031 801234567
765824103 801234567
765824310 801234567
765830142 801234567
765830214 801234567
765830421 801234567
765831024 801234567
765831240 801234567
765831402 801234567
765832041 801234567
765832104 801234567
765832410 801234567
765834012 801234567
765834120 801234567
765834201 801234567
765840123 801234567
765840231 801234567
765840312 801234567
765841032 801234567
765841203 801234567
765841320 801234567
765842013 801234567
765842130 801234567
765842301 801234567
765843021 801234567
765843102 801234567
765843210 801234567
768012345 801234567
768012453 801234567
768012534 801234567
768013254 801234567
768013425 801234567
768013542 801234567
768014235 801234567
768014352 801234567
768014523 801234567
768015243 801234567
768015324 801234567
768015432 801234567
768021354 801234567
768021435 801234567
768021543 801234567
768023145 801234567
768023451 801234567
768023514 801234567
768024153 801234567
768024315 801234567
768024531 801234567
768025134 801234567
768025341 801234567
768025413 801234567
768031245 801234567
768031452 801234567
768031524 801234567
768032154 801234567
768032415 801234567
768032541 801234567
768034125 801234567
768034251 801234567
768034512 801234567
768035142 801234567
768035214 801234567
768035421 801234567
768041253 801234567
768041325 801234567
768041532 801234567
768042135 801234567
768042351 801234567
768042513 801234567
768043152 801234567
768043215 801234567
768043521 801234567
768045123 801234567
768045231 801234567
768045312 801234567
768051234 801234567
768051342 801234567
768051423 801234567
768052143 801234567
768052314 801234567
768052431 801234567
768053124 801234567
768053241 801234567
768053412 801234567
768054132 801234567
768054213 801234567
768054321 801234567
768102354 801234567
768102435 801234567
768102543 801234567
768103245 801234567
768103452 801234567
768103524 801234567
768104253 801234567
768104325 801234567
768104532 801234567
768105234 801234567
768105342 801234567
768105423 801234567
768120345 801234567
768120453 801234567
768120534 801234567
768123054 801234567
768123405 801234567
768123540 801234567
768124035 801234567
768124350 801234567
768124503 801234567
768125043 801234567
768125304 801234567
768125430 801234567
768130254 801234567
768130425 801234567
768130542 801234567
768132045 801234567
768132450 801234567
768132504 801234567
768134052 801234567
768134205 801234567
768134520 801234567
768135024 801234567
768135240 801234567
768135402 801234567
768140235 801234567
768140352 801234567
768140523 801234567
768142053 801234567
768142305 801234567
768142530 801234567
768143025 801234567
768143250 801234567
768143502 801234567
768145032 801234567
768145203 801234567
768145320 801234567
768150243 801234567
768150324 801234567
768150432 801234567
768152034 801234567
768152340 801234567
768152403 801234567
768153042 801234567
768153204 801234567
768153420 801234567
768154023 801234567
768154230 801234567
768154302 801234567
768201345 801234567
768201453 801234567
768201534 801234567
768203154 801234567
768203415 801234567
768203541 801234567
768204135 801234567
768204351 801234567
768204513 801234567
768205143 801234567
768205314 801234567
768205431 801234567
768210354 801234567
768210435 801234567
768210543 801234567
768213045 801234567
768213450 801234567
768213504 801234567
768214053 801234567
768214305 801234567
768214530 801234567
768215034 801234567
768215340 801234567
768215403 801234567
768230145 801234567
768230451 801234567
768230514 801234567
768231054 801234567
768231405 801234567
768231540 801234567
768234015 801234567
768234150 801234567
768234501 801234567
768235041 801234567
768235104 801234567
768235410 801234567
768240153 801234567
768240315 801234567
768240531 801234567
768241035 801234567
768241350 801234567
768241503 801234567
768243051 801234567
768243105 801234567
768243510 801234567
768245013 801234567
768245130 801234567
768245301 801234567
768250134 801234567
768250341 801234567
768250413 801234567
768251043 801234567
768251304 801234567
768251430 801234567
768253014 801234567
768253140 801234567
768253401 801234567
768254031 801234567
768254103 801234567
768254310 801234567
768301254 801234567
768301425 801234567
768301542 801234567
768302145 801234567
768302451 801234567
768302514 801234567
768304152 801234567
768304215 801234567
768304521 801234567
768305124 801234567
768305241 801234567
768305412 801234567
768310245 801234567
768310452 801234567
768310524 801234567
768312054 801234567
768312405 801234567
768312540 801234567
768314025 801234567
768314250 801234567
768314502 801234567
768315042 801234567
768315204 801234567
768315420 801234567
768320154 801234567
768320415 801234567
768320541 801234567
768321045 801234567
768321450 801234567
768321504 801234567
768324051 801234567
768324105 801234567
768324510 801234567
768325014 801234567
768325140 801234567
768325401 801234567
768340125 801234567
768340251 801234567
768340512 801234567
768341052 801234567
768341205 801234567
768341520 801234567
768342015 801234567
768342150 801234567
768342501 801234567
768345021 801234567
768345102 801234567
768345210 801234567
768350142 801234567
768350214 801234567
768350421 801234567
768351024 801234567
768351240 801234567
768351402 801234567
768352041 801234567
768352104 801234567
768352410 801234567
768354012 801234567
768354120 801234567
768354201 801234567
768401235 801234567
768401352 801234567
768401523 801234567
768402153 801234567
768402315 801234567
768402531 801234567
768403125 801234567
768403251 801234567
768403512 801234567
768405132 801234567
768405213 801234567
768405321 801234567
768410253 801234567
768410325 801234567
768410532 801234567
768412035 801234567
768412350 801234567
768412503 801234567
768413052 801234567
768413205 801234567
768413520 801234567
768415023 801234567
768415230 801234567
768415302 801234567
768420135 801234567
768420351 801234567
768420513 801234567
768421053 801234567
768421305 801234567
768421530 801234567
768423015 801234567
768423150 801234567
768423501 801234567
768425031 801234567
768425103 801234567
768425310 801234567
768430152 801234567
768430215 801234567
768430521 801234567
768431025 801234567
768431250 801234567
768431502 801234567
