120758463 801234567
120758634 801234567
120763458 801234567
120763584 801234567
120763845 801234567
120764385 801234567
120764538 801234567
120764853 801234567
120765348 801234567
120765483 801234567
120765834 801234567
120768354 801234567
120768435 801234567
120768543 801234567
120783465 801234567
120783546 801234567
120783654 801234567
120784356 801234567
120784563 801234567
120784635 801234567
120785364 801234567
120785436 801234567
120785643 801234567
120786345 801234567
120786453 801234567
120786534 801234567
120834567 801234567
120834675 801234567
120834756 801234567
120835476 801234567
120835647 801234567
120835764 801234567
120836457 801234567
120836574 801234567
120836745 801234567
120837465 801234567
120837546 801234567
120837654 801234567
120843576 801234567
120843657 801234567
120843765 801234567
120845367 801234567
120845673 801234567
120845736 801234567
120846375 801234567
120846537 801234567
120846753 801234567
120847356 801234567
120847563 801234567
120847635 801234567
120853467 801234567
120853674 801234567
120853746 801234567
120854376 801234567
120854637 801234567
120854763 801234567
120856347 801234567
120856473 801234567
120856734 801234567
120857364 801234567
120857436 801234567
120857643 801234567
120863475 801234567
120863547 801234567
120863754 801234567
120864357 801234567
120864573 801234567
120864735 801234567
120865374 801234567
120865437 801234567
120865743 801234567
120867345 801234567
120867453 801234567
120867534 801234567
120873456 801234567
120873564 801234567
120873645 801234567
120874365 801234567
120874536 801234567
120874653 801234567
120875346 801234567
120875463 801234567
120875634 801234567
120876354 801234567
120876435 801234567
120876543 801234567
123045678 801234567
123045786 801234567
123045867 801234567
123046587 801234567
123046758 801234567
123046875 801234567
123047568 801234567
123047685 801234567
123047856 801234567
123048576 801234567
123048657 801234567
123048765 801234567
123054687 801234567
123054768 801234567
123054876 801234567
123056478 801234567
123056784 801234567
123056847 801234567
123057486 801234567
123057648 801234567
123057864 801234567
123058467 801234567
123058674 801234567
123058746 801234567
123064578 801234567
123064785 801234567
123064857 801234567
123065487 801234567
123065748 801234567
123065874 801234567
123067458 801234567
123067584 801234567
123067845 801234567
123068475 801234567
123068547 801234567
123068754 801234567
123074586 801234567
123074658 801234567
123074865 801234567
123075468 801234567
123075684 801234567
123075846 801234567
123076485 801234567
123076548 801234567
123076854 801234567
123078456 801234567
123078564 801234567
123078645 801234567
123084567 801234567
123084675 801234567
123084756 801234567
123085476 801234567
123085647 801234567
123085764 801234567
123086457 801234567
123086574 801234567
123086745 801234567
123087465 801234567
123087546 801234567
123087654 801234567
123405687 801234567
123405768 801234567
123405876 801234567
123406578 801234567
123406785 801234567
123406857 801234567
123407586 801234567
123407658 801234567
123407865 801234567
123408567 801234567
123408675 801234567
123408756 801234567
123450678 801234567
123450786 801234567
123450867 801234567
123456087 801234567
123456708 801234567
123456870 801234567
123457068 801234567
123457680 801234567
123457806 801234567
123458076 801234567
123458607 801234567
123458760 801234567
123460587 801234567
123460758 801234567
123460875 801234567
123465078 801234567
123465780 801234567
123465807 801234567
123467085 801234567
123467508 801234567
123467850 801234567
123468057 801234567
123468570 801234567
123468705 801234567
123470568 801234567
123470685 801234567
123470856 801234567
123475086 801234567
123475608 801234567
123475860 801234567
123476058 801234567
123476580 801234567
123476805 801234567
123478065 801234567
123478506 801234567
123478650 801234567
123480576 801234567
123480657 801234567
123480765 801234567
123485067 801234567
123485670 801234567
123485706 801234567
123486075 801234567
123486507 801234567
123486750 801234567
123487056 801234567
123487560 801234567
123487605 801234567
123504678 801234567
123504786 801234567
123504867 801234567
123506487 801234567
123506748 801234567
123506874 801234567
123507468 801234567
123507684 801234567
123507846 801234567
123508476 801234567
123508647 801234567
123508764 801234567
123540687 801234567
123540768 801234567
123540876 801234567
123546078 801234567
123546780 801234567
123546807 801234567
123547086 801234567
123547608 801234567
123547860 801234567
123548067 801234567
123548670 801234567
123548706 801234567
123560478 801234567
123560784 801234567
123560847 801234567
123564087 801234567
123564708 801234567
123564870 801234567
123567048 801234567
123567480 801234567
123567804 801234567
123568074 801234567
123568407 801234567
123568740 801234567
123570486 801234567
123570648 801234567
123570864 801234567
123574068 801234567
123574680 801234567
123574806 801234567
123576084 801234567
123576408 801234567
123576840 801234567
123578046 801234567
123578460 801234567
123578604 801234567
123580467 801234567
123580674 801234567
123580746 801234567
123584076 801234567
123584607 801234567
123584760 801234567
123586047 801234567
123586470 801234567
123586704 801234567
123587064 801234567
123587406 801234567
123587640 801234567
123604587 801234567
123604758 801234567
123604875 801234567
123605478 801234567
123605784 801234567
123605847 801234567
123607485 801234567
123607548 801234567
123607854 801234567
123608457 801234567
123608574 801234567
123608745 801234567
123640578 801234567
123640785 801234567
123640857 801234567
123645087 801234567
123645708 801234567
123645870 801234567
123647058 801234567
123647580 801234567
123647805 801234567
123648075 801234567
123648507 801234567
123648750 801234567
123650487 801234567
123650748 801234567
123650874 801234567
123654078 801234567
123654780 801234567
123654807 801234567
123657084 801234567
123657408 801234567
123657840 801234567
123658047 801234567
123658470 801234567
123658704 801234567
123670458 801234567
123670584 801234567
123670845 801234567
123674085 801234567
123674508 801234567
123674850 801234567
123675048 801234567
123675480 801234567
123675804 801234567
123678054 801234567
123678405 801234567
123678540 801234567
123680475 801234567
123680547 801234567
123680754 801234567
123684057 801234567
123684570 801234567
123684705 801234567
123685074 801234567
123685407 801234567
123685740 801234567
123687045 801234567
123687450 801234567
123687504 801234567
123704568 801234567
123704685 801234567
123704856 801234567
123705486 801234567
123705648 801234567
123705864 801234567
123706458 801234567
123706584 801234567
123706845 801234567
123708465 801234567
123708546 801234567
123708654 801234567
123740586 801234567
123740658 801234567
123740865 801234567
123745068 801234567
123745680 801234567
123745806 801234567
123746085 801234567
123746508 801234567
123746850 801234567
123748056 801234567
123748560 801234567
123748605 801234567
123750468 801234567
123750684 801234567
123750846 801234567
123754086 801234567
123754608 801234567
123754860 801234567
123756048 801234567
123756480 801234567
123756804 801234567
123758064 801234567
123758406 801234567
123758640 801234567
123760485 801234567
123760548 801234567
123760854 801234567
123764058 801234567
123764580 801234567
123764805 801234567
123765084 801234567
123765408 801234567
123765840 801234567
123768045 801234567
123768450 801234567
123768504 801234567
123780456 801234567
123780564 801234567
123780645 801234567
123784065 801234567
123784506 801234567
123784650 801234567
123785046 801234567
123785460 801234567
123785604 801234567
123786054 801234567
123786405 801234567
123786540 801234567
123804576 801234567
123804657 801234567
123804765 801234567
123805467 801234567
123805674 801234567
123805746 801234567
123806475 801234567
123806547 801234567
123806754 801234567
123807456 801234567
123807564 801234567
123807645 801234567
123840567 801234567
123840675 801234567
123840756 801234567
123845076 801234567
123845607 801234567
123845760 801234567
123846057 801234567
123846570 801234567
123846705 801234567
123847065 801234567
123847506 801234567
123847650 801234567
123850476 801234567
123850647 801234567
123850764 801234567
123854067 801234567
123854670 801234567
123854706 801234567
123856074 801234567
123856407 801234567
123856740 801234567
123857046 801234567
123857460 801234567
123857604 801234567
123860457 801234567
123860574 801234567
123860745 801234567
123864075 801234567
123864507 801234567
123864750 801234567
123865047 801234567
123865470 801234567
123865704 801234567
123867054 801234567
123867405 801234567
123867540 801234567
123870465 801234567
123870546 801234567
123870654 801234567
123874056 801234567
123874560 801234567
123874605 801234567
123875064 801234567
123875406 801234567
123875640 801234567
123876045 801234567
123876450 801234567
123876504 801234567
124035687 801234567
124035768 801234567
124035876 801234567
124036578 801234567
124036785 801234567
124036857 801234567
124037586 801234567
124037658 801234567
124037865 801234567
124038567 801234567
124038675 801234567
124038756 801234567
124053678 801234567
124053786 801234567
124053867 801234567
124056387 801234567
124056738 801234567
124056873 801234567
124057368 801234567
124057683 801234567
124057836 801234567
124058376 801234567
124058637 801234567
124058763 801234567
124063587 801234567
124063758 801234567
124063875 801234567
124065378 801234567
124065783 801234567
124065837 801234567
124067385 801234567
124067538 801234567
124067853 801234567
124068357 801234567
124068573 801234567
124068735 801234567
124073568 801234567
124073685 801234567
124073856 801234567
124075386 801234567
124075638 801234567
124075863 801234567
124076358 801234567
124076583 801234567
124076835 801234567
124078365 801234567
124078536 801234567
124078653 801234567
124083576 801234567
124083657 801234567
124083765 801234567
124085367 801234567
124085673 801234567
