854721306 801234567
854721630 801234567
854723016 801234567
854723160 801234567
854723601 801234567
854726031 801234567
854726103 801234567
854726310 801234567
854730162 801234567
854730216 801234567
854730621 801234567
854731026 801234567
854731260 801234567
854731602 801234567
854732061 801234567
854732106 801234567
854732610 801234567
854736012 801234567
854736120 801234567
854736201 801234567
854760123 801234567
854760231 801234567
854760312 801234567
854761032 801234567
854761203 801234567
854761320 801234567
854762013 801234567
854762130 801234567
854762301 801234567
854763021 801234567
854763102 801234567
854763210 801234567
856012347 801234567
856012473 801234567
856012734 801234567
856013274 801234567
856013427 801234567
856013742 801234567
856014237 801234567
856014372 801234567
856014723 801234567
856017243 801234567
856017324 801234567
856017432 801234567
856021374 801234567
856021437 801234567
856021743 801234567
856023147 801234567
856023471 801234567
856023714 801234567
856024173 801234567
856024317 801234567
856024731 801234567
856027134 801234567
856027341 801234567
856027413 801234567
856031247 801234567
856031472 801234567
856031724 801234567
856032174 801234567
856032417 801234567
856032741 801234567
856034127 801234567
856034271 801234567
856034712 801234567
856037142 801234567
856037214 801234567
856037421 801234567
856041273 801234567
856041327 801234567
856041732 801234567
856042137 801234567
856042371 801234567
856042713 801234567
856043172 801234567
856043217 801234567
856043721 801234567
856047123 801234567
856047231 801234567
856047312 801234567
856071234 801234567
856071342 801234567
856071423 801234567
856072143 801234567
856072314 801234567
856072431 801234567
856073124 801234567
856073241 801234567
856073412 801234567
856074132 801234567
856074213 801234567
856074321 801234567
856102374 801234567
856102437 801234567
856102743 801234567
856103247 801234567
856103472 801234567
856103724 801234567
856104273 801234567
856104327 801234567
856104732 801234567
856107234 801234567
856107342 801234567
856107423 801234567
856120347 801234567
856120473 801234567
856120734 801234567
856123074 801234567
856123407 801234567
856123740 801234567
856124037 801234567
856124370 801234567
856124703 801234567
856127043 801234567
856127304 801234567
856127430 801234567
856130274 801234567
856130427 801234567
856130742 801234567
856132047 801234567
856132470 801234567
856132704 801234567
856134072 801234567
856134207 801234567
856134720 801234567
856137024 801234567
856137240 801234567
856137402 801234567
856140237 801234567
856140372 801234567
856140723 801234567
856142073 801234567
856142307 801234567
856142730 801234567
856143027 801234567
856143270 801234567
856143702 801234567
856147032 801234567
856147203 801234567
856147320 801234567
856170243 801234567
856170324 801234567
856170432 801234567
856172034 801234567
856172340 801234567
856172403 801234567
856173042 801234567
856173204 801234567
856173420 801234567
856174023 801234567
856174230 801234567
856174302 801234567
856201347 801234567
856201473 801234567
856201734 801234567
856203174 801234567
856203417 801234567
856203741 801234567
856204137 801234567
856204371 801234567
856204713 801234567
856207143 801234567
856207314 801234567
856207431 801234567
856210374 801234567
856210437 801234567
856210743 801234567
856213047 801234567
856213470 801234567
856213704 801234567
856214073 801234567
856214307 801234567
856214730 801234567
856217034 801234567
856217340 801234567
856217403 801234567
856230147 801234567
856230471 801234567
856230714 801234567
856231074 801234567
856231407 801234567
856231740 801234567
856234017 801234567
856234170 801234567
856234701 801234567
856237041 801234567
856237104 801234567
856237410 801234567
856240173 801234567
856240317 801234567
856240731 801234567
856241037 801234567
856241370 801234567
856241703 801234567
856243071 801234567
856243107 801234567
856243710 801234567
856247013 801234567
856247130 801234567
856247301 801234567
856270134 801234567
856270341 801234567
856270413 801234567
856271043 801234567
856271304 801234567
856271430 801234567
856273014 801234567
856273140 801234567
856273401 801234567
856274031 801234567
856274103 801234567
856274310 801234567
856301274 801234567
856301427 801234567
856301742 801234567
856302147 801234567
856302471 801234567
856302714 801234567
856304172 801234567
856304217 801234567
856304721 801234567
856307124 801234567
856307241 801234567
856307412 801234567
856310247 801234567
856310472 801234567
856310724 801234567
856312074 801234567
856312407 801234567
856312740 801234567
856314027 801234567
856314270 801234567
856314702 801234567
856317042 801234567
856317204 801234567
856317420 801234567
856320174 801234567
856320417 801234567
856320741 801234567
856321047 801234567
856321470 801234567
856321704 801234567
856324071 801234567
856324107 801234567
856324710 801234567
856327014 801234567
856327140 801234567
856327401 801234567
856340127 801234567
856340271 801234567
856340712 801234567
856341072 801234567
856341207 801234567
856341720 801234567
856342017 801234567
856342170 801234567
856342701 801234567
856347021 801234567
856347102 801234567
856347210 801234567
856370142 801234567
856370214 801234567
856370421 801234567
856371024 801234567
856371240 801234567
856371402 801234567
856372041 801234567
856372104 801234567
856372410 801234567
856374012 801234567
856374120 801234567
856374201 801234567
856401237 801234567
856401372 801234567
856401723 801234567
856402173 801234567
856402317 801234567
856402731 801234567
856403127 801234567
856403271 801234567
856403712 801234567
856407132 801234567
856407213 801234567
856407321 801234567
856410273 801234567
856410327 801234567
856410732 801234567
856412037 801234567
856412370 801234567
856412703 801234567
856413072 801234567
856413207 801234567
856413720 801234567
856417023 801234567
856417230 801234567
856417302 801234567
856420137 801234567
856420371 801234567
856420713 801234567
856421073 801234567
856421307 801234567
856421730 801234567
856423017 801234567
856423170 801234567
856423701 801234567
856427031 801234567
856427103 801234567
856427310 801234567
856430172 801234567
856430217 801234567
856430721 801234567
856431027 801234567
856431270 801234567
856431702 801234567
856432071 801234567
856432107 801234567
856432710 801234567
856437012 801234567
856437120 801234567
856437201 801234567
856470123 801234567
856470231 801234567
856470312 801234567
856471032 801234567
856471203 801234567
856471320 801234567
856472013 801234567
856472130 801234567
856472301 801234567
856473021 801234567
856473102 801234567
856473210 801234567
856701243 801234567
856701324 801234567
856701432 801234567
856702134 801234567
856702341 801234567
856702413 801234567
856703142 801234567
856703214 801234567
856703421 801234567
856704123 801234567
856704231 801234567
856704312 801234567
856710234 801234567
856710342 801234567
856710423 801234567
856712043 801234567
856712304 801234567
856712430 801234567
856713024 801234567
856713240 801234567
856713402 801234567
856714032 801234567
856714203 801234567
856714320 801234567
856720143 801234567
856720314 801234567
856720431 801234567
856721034 801234567
856721340 801234567
856721403 801234567
856723041 801234567
856723104 801234567
856723410 801234567
856724013 801234567
856724130 801234567
856724301 801234567
856730124 801234567
856730241 801234567
856730412 801234567
856731042 801234567
856731204 801234567
856731420 801234567
856732014 801234567
856732140 801234567
856732401 801234567
856734021 801234567
856734102 801234567
856734210 801234567
856740132 801234567
856740213 801234567
856740321 801234567
856741023 801234567
856741230 801234567
856741302 801234567
856742031 801234567
856742103 801234567
856742310 801234567
856743012 801234567
856743120 801234567
856743201 801234567
857012364 801234567
857012436 801234567
857012643 801234567
857013246 801234567
857013462 801234567
857013624 801234567
857014263 801234567
857014326 801234567
857014632 801234567
857016234 801234567
857016342 801234567
857016423 801234567
857021346 801234567
857021463 801234567
857021634 801234567
857023164 801234567
857023416 801234567
857023641 801234567
857024136 801234567
857024361 801234567
857024613 801234567
857026143 801234567
857026314 801234567
857026431 801234567
857031264 801234567
857031426 801234567
857031642 801234567
857032146 801234567
857032461 801234567
857032614 801234567
857034162 801234567
857034216 801234567
857034621 801234567
857036124 801234567
857036241 801234567
857036412 801234567
857041236 801234567
857041362 801234567
857041623 801234567
857042163 801234567
857042316 801234567
857042631 801234567
857043126 801234567
857043261 801234567
857043612 801234567
857046132 801234567
857046213 801234567
857046321 801234567
857061243 801234567
857061324 801234567
857061432 801234567
857062134 801234567
857062341 801234567
857062413 801234567
857063142 801234567
857063214 801234567
857063421 801234567
857064123 801234567
857064231 801234567
857064312 801234567
857102346 801234567
857102463 801234567
857102634 801234567
857103264 801234567
857103426 801234567
857103642 801234567
857104236 801234567
857104362 801234567
857104623 801234567
857106243 801234567
857106324 801234567
857106432 801234567
857120364 801234567
857120436 801234567
857120643 801234567
857123046 801234567
857123460 801234567
857123604 801234567
857124063 801234567
857124306 801234567
857124630 801234567
857126034 801234567
857126340 801234567
857126403 801234567
857130246 801234567
857130462 801234567
857130624 801234567
857132064 801234567
857132406 801234567
857132640 801234567
857134026 801234567
857134260 801234567
857134602 801234567
857136042 801234567
857136204 801234567
857136420 801234567
857140263 801234567
857140326 801234567
857140632 801234567
857142036 801234567
857142360 801234567
857142603 801234567
857143062 801234567
857143206 801234567
857143620 801234567
857146023 801234567
857146230 801234567
