387065412 801234567
387102456 801234567
387102564 801234567
387102645 801234567
387104265 801234567
387104526 801234567
387104652 801234567
387105246 801234567
387105462 801234567
387105624 801234567
387106254 801234567
387106425 801234567
387106542 801234567
387120465 801234567
387120546 801234567
387120654 801234567
387124056 801234567
387124560 801234567
387124605 801234567
387125064 801234567
387125406 801234567
387125640 801234567
387126045 801234567
387126450 801234567
387126504 801234567
387140256 801234567
387140562 801234567
387140625 801234567
387142065 801234567
387142506 801234567
387142650 801234567
387145026 801234567
387145260 801234567
387145602 801234567
387146052 801234567
387146205 801234567
387146520 801234567
387150264 801234567
387150426 801234567
387150642 801234567
387152046 801234567
387152460 801234567
387152604 801234567
387154062 801234567
387154206 801234567
387154620 801234567
387156024 801234567
387156240 801234567
387156402 801234567
387160245 801234567
387160452 801234567
387160524 801234567
387162054 801234567
387162405 801234567
387162540 801234567
387164025 801234567
387164250 801234567
387164502 801234567
387165042 801234567
387165204 801234567
387165420 801234567
387201465 801234567
387201546 801234567
387201654 801234567
387204156 801234567
387204561 801234567
387204615 801234567
387205164 801234567
387205416 801234567
387205641 801234567
387206145 801234567
387206451 801234567
387206514 801234567
387210456 801234567
387210564 801234567
387210645 801234567
387214065 801234567
387214506 801234567
387214650 801234567
387215046 801234567
387215460 801234567
387215604 801234567
387216054 801234567
387216405 801234567
387216540 801234567
387240165 801234567
387240516 801234567
387240651 801234567
387241056 801234567
387241560 801234567
387241605 801234567
387245061 801234567
387245106 801234567
387245610 801234567
387246015 801234567
387246150 801234567
387246501 801234567
387250146 801234567
387250461 801234567
387250614 801234567
387251064 801234567
387251406 801234567
387251640 801234567
387254016 801234567
387254160 801234567
387254601 801234567
387256041 801234567
387256104 801234567
387256410 801234567
387260154 801234567
387260415 801234567
387260541 801234567
387261045 801234567
387261450 801234567
387261504 801234567
387264051 801234567
387264105 801234567
387264510 801234567
387265014 801234567
387265140 801234567
387265401 801234567
387401256 801234567
387401562 801234567
387401625 801234567
387402165 801234567
387402516 801234567
387402651 801234567
387405126 801234567
387405261 801234567
387405612 801234567
387406152 801234567
387406215 801234567
387406521 801234567
387410265 801234567
387410526 801234567
387410652 801234567
387412056 801234567
387412560 801234567
387412605 801234567
387415062 801234567
387415206 801234567
387415620 801234567
387416025 801234567
387416250 801234567
387416502 801234567
387420156 801234567
387420561 801234567
387420615 801234567
387421065 801234567
387421506 801234567
387421650 801234567
387425016 801234567
387425160 801234567
387425601 801234567
387426051 801234567
387426105 801234567
387426510 801234567
387450162 801234567
387450216 801234567
387450621 801234567
387451026 801234567
387451260 801234567
387451602 801234567
387452061 801234567
387452106 801234567
387452610 801234567
387456012 801234567
387456120 801234567
387456201 801234567
387460125 801234567
387460251 801234567
387460512 801234567
387461052 801234567
387461205 801234567
387461520 801234567
387462015 801234567
387462150 801234567
387462501 801234567
387465021 801234567
387465102 801234567
387465210 801234567
387501264 801234567
387501426 801234567
387501642 801234567
387502146 801234567
387502461 801234567
387502614 801234567
387504162 801234567
387504216 801234567
387504621 801234567
387506124 801234567
387506241 801234567
387506412 801234567
387510246 801234567
387510462 801234567
387510624 801234567
387512064 801234567
387512406 801234567
387512640 801234567
387514026 801234567
387514260 801234567
387514602 801234567
387516042 801234567
387516204 801234567
387516420 801234567
387520164 801234567
387520416 801234567
387520641 801234567
387521046 801234567
387521460 801234567
387521604 801234567
387524061 801234567
387524106 801234567
387524610 801234567
387526014 801234567
387526140 801234567
387526401 801234567
387540126 801234567
387540261 801234567
387540612 801234567
387541062 801234567
387541206 801234567
387541620 801234567
387542016 801234567
387542160 801234567
387542601 801234567
387546021 801234567
387546102 801234567
387546210 801234567
387560142 801234567
387560214 801234567
387560421 801234567
387561024 801234567
387561240 801234567
387561402 801234567
387562041 801234567
387562104 801234567
387562410 801234567
387564012 801234567
387564120 801234567
387564201 801234567
387601245 801234567
387601452 801234567
387601524 801234567
387602154 801234567
387602415 801234567
387602541 801234567
387604125 801234567
387604251 801234567
387604512 801234567
387605142 801234567
387605214 801234567
387605421 801234567
387610254 801234567
387610425 801234567
387610542 801234567
387612045 801234567
387612450 801234567
387612504 801234567
387614052 801234567
387614205 801234567
387614520 801234567
387615024 801234567
387615240 801234567
387615402 801234567
387620145 801234567
387620451 801234567
387620514 801234567
387621054 801234567
387621405 801234567
387621540 801234567
387624015 801234567
387624150 801234567
387624501 801234567
387625041 801234567
387625104 801234567
387625410 801234567
387640152 801234567
387640215 801234567
387640521 801234567
387641025 801234567
387641250 801234567
387641502 801234567
387642051 801234567
387642105 801234567
387642510 801234567
387645012 801234567
387645120 801234567
387645201 801234567
387650124 801234567
387650241 801234567
387650412 801234567
387651042 801234567
387651204 801234567
387651420 801234567
387652014 801234567
387652140 801234567
387652401 801234567
387654021 801234567
387654102 801234567
387654210 801234567
401235678 801234567
401235786 801234567
401235867 801234567
401236587 801234567
401236758 801234567
401236875 801234567
401237568 801234567
401237685 801234567
401237856 801234567
401238576 801234567
401238657 801234567
401238765 801234567
401253687 801234567
401253768 801234567
401253876 801234567
401256378 801234567
401256783 801234567
401256837 801234567
401257386 801234567
401257638 801234567
401257863 801234567
401258367 801234567
401258673 801234567
401258736 801234567
401263578 801234567
401263785 801234567
401263857 801234567
401265387 801234567
401265738 801234567
401265873 801234567
401267358 801234567
401267583 801234567
401267835 801234567
401268375 801234567
401268537 801234567
401268753 801234567
401273586 801234567
401273658 801234567
401273865 801234567
401275368 801234567
401275683 801234567
401275836 801234567
401276385 801234567
401276538 801234567
401276853 801234567
401278356 801234567
401278563 801234567
401278635 801234567
401283567 801234567
401283675 801234567
401283756 801234567
401285376 801234567
401285637 801234567
401285763 801234567
401286357 801234567
401286573 801234567
401286735 801234567
401287365 801234567
401287536 801234567
401287653 801234567
401325687 801234567
401325768 801234567
401325876 801234567
401326578 801234567
401326785 801234567
401326857 801234567
401327586 801234567
401327658 801234567
401327865 801234567
401328567 801234567
401328675 801234567
401328756 801234567
401352678 801234567
401352786 801234567
401352867 801234567
401356287 801234567
401356728 801234567
401356872 801234567
401357268 801234567
401357682 801234567
401357826 801234567
401358276 801234567
401358627 801234567
401358762 801234567
401362587 801234567
401362758 801234567
401362875 801234567
401365278 801234567
401365782 801234567
401365827 801234567
401367285 801234567
401367528 801234567
401367852 801234567
401368257 801234567
401368572 801234567
401368725 801234567
401372568 801234567
401372685 801234567
401372856 801234567
401375286 801234567
401375628 801234567
401375862 801234567
401376258 801234567
401376582 801234567
401376825 801234567
401378265 801234567
401378526 801234567
401378652 801234567
401382576 801234567
401382657 801234567
401382765 801234567
401385267 801234567
401385672 801234567
401385726 801234567
401386275 801234567
401386527 801234567
401386752 801234567
401387256 801234567
401387562 801234567
401387625 801234567
401523678 801234567
401523786 801234567
401523867 801234567
401526387 801234567
401526738 801234567
401526873 801234567
401527368 801234567
401527683 801234567
401527836 801234567
401528376 801234567
401528637 801234567
401528763 801234567
401532687 801234567
401532768 801234567
401532876 801234567
401536278 801234567
401536782 801234567
401536827 801234567
401537286 801234567
401537628 801234567
401537862 801234567
401538267 801234567
401538672 801234567
401538726 801234567
401562378 801234567
401562783 801234567
401562837 801234567
401563287 801234567
401563728 801234567
401563872 801234567
401567238 801234567
401567382 801234567
401567823 801234567
401568273 801234567
401568327 801234567
401568732 801234567
401572386 801234567
401572638 801234567
401572863 801234567
401573268 801234567
401573682 801234567
401573826 801234567
401576283 801234567
401576328 801234567
401576832 801234567
401578236 801234567
401578362 801234567
401578623 801234567
401582367 801234567
401582673 801234567
401582736 801234567
401583276 801234567
401583627 801234567
401583762 801234567
401586237 801234567
401586372 801234567
401586723 801234567
401587263 801234567
401587326 801234567
401587632 801234567
401623587 801234567
401623758 801234567
401623875 801234567
401625378 801234567
401625783 801234567
401625837 801234567
401627385 801234567
401627538 801234567
401627853 801234567
401628357 801234567
401628573 801234567
401628735 801234567
401632578 801234567
401632785 801234567
401632857 801234567
401635287 801234567
401635728 801234567
401635872 801234567
