516047283 801234567
516047328 801234567
516047832 801234567
516048237 801234567
516048372 801234567
516048723 801234567
516072348 801234567
516072483 801234567
516072834 801234567
516073284 801234567
516073428 801234567
516073842 801234567
516074238 801234567
516074382 801234567
516074823 801234567
516078243 801234567
516078324 801234567
516078432 801234567
516082374 801234567
516082437 801234567
516082743 801234567
516083247 801234567
516083472 801234567
516083724 801234567
516084273 801234567
516084327 801234567
516084732 801234567
516087234 801234567
516087342 801234567
516087423 801234567
516203478 801234567
516203784 801234567
516203847 801234567
516204387 801234567
516204738 801234567
516204873 801234567
516207348 801234567
516207483 801234567
516207834 801234567
516208374 801234567
516208437 801234567
516208743 801234567
516230487 801234567
516230748 801234567
516230874 801234567
516234078 801234567
516234780 801234567
516234807 801234567
516237084 801234567
516237408 801234567
516237840 801234567
516238047 801234567
516238470 801234567
516238704 801234567
516240378 801234567
516240783 801234567
516240837 801234567
516243087 801234567
516243708 801234567
516243870 801234567
516247038 801234567
516247380 801234567
516247803 801234567
516248073 801234567
516248307 801234567
516248730 801234567
516270384 801234567
516270438 801234567
516270843 801234567
516273048 801234567
516273480 801234567
516273804 801234567
516274083 801234567
516274308 801234567
516274830 801234567
516278034 801234567
516278340 801234567
516278403 801234567
516280347 801234567
516280473 801234567
516280734 801234567
516283074 801234567
516283407 801234567
516283740 801234567
516284037 801234567
516284370 801234567
516284703 801234567
516287043 801234567
516287304 801234567
516287430 801234567
516302487 801234567
516302748 801234567
516302874 801234567
516304278 801234567
516304782 801234567
516304827 801234567
516307284 801234567
516307428 801234567
516307842 801234567
516308247 801234567
516308472 801234567
516308724 801234567
516320478 801234567
516320784 801234567
516320847 801234567
516324087 801234567
516324708 801234567
516324870 801234567
516327048 801234567
516327480 801234567
516327804 801234567
516328074 801234567
516328407 801234567
516328740 801234567
516340287 801234567
516340728 801234567
516340872 801234567
516342078 801234567
516342780 801234567
516342807 801234567
516347082 801234567
516347208 801234567
516347820 801234567
516348027 801234567
516348270 801234567
516348702 801234567
516370248 801234567
516370482 801234567
516370824 801234567
516372084 801234567
516372408 801234567
516372840 801234567
516374028 801234567
516374280 801234567
516374802 801234567
516378042 801234567
516378204 801234567
516378420 801234567
516380274 801234567
516380427 801234567
516380742 801234567
516382047 801234567
516382470 801234567
516382704 801234567
516384072 801234567
516384207 801234567
516384720 801234567
516387024 801234567
516387240 801234567
516387402 801234567
516402378 801234567
516402783 801234567
516402837 801234567
516403287 801234567
516403728 801234567
516403872 801234567
516407238 801234567
516407382 801234567
516407823 801234567
516408273 801234567
516408327 801234567
516408732 801234567
516420387 801234567
516420738 801234567
516420873 801234567
516423078 801234567
516423780 801234567
516423807 801234567
516427083 801234567
516427308 801234567
516427830 801234567
516428037 801234567
516428370 801234567
516428703 801234567
516430278 801234567
516430782 801234567
516430827 801234567
516432087 801234567
516432708 801234567
516432870 801234567
516437028 801234567
516437280 801234567
516437802 801234567
516438072 801234567
516438207 801234567
516438720 801234567
516470283 801234567
516470328 801234567
516470832 801234567
516472038 801234567
516472380 801234567
516472803 801234567
516473082 801234567
516473208 801234567
516473820 801234567
516478023 801234567
516478230 801234567
516478302 801234567
516480237 801234567
516480372 801234567
516480723 801234567
516482073 801234567
516482307 801234567
516482730 801234567
516483027 801234567
516483270 801234567
516483702 801234567
516487032 801234567
516487203 801234567
516487320 801234567
516702384 801234567
516702438 801234567
516702843 801234567
516703248 801234567
516703482 801234567
516703824 801234567
516704283 801234567
516704328 801234567
516704832 801234567
516708234 801234567
516708342 801234567
516708423 801234567
516720348 801234567
516720483 801234567
516720834 801234567
516723084 801234567
516723408 801234567
516723840 801234567
516724038 801234567
516724380 801234567
516724803 801234567
516728043 801234567
516728304 801234567
516728430 801234567
516730284 801234567
516730428 801234567
516730842 801234567
516732048 801234567
516732480 801234567
516732804 801234567
516734082 801234567
516734208 801234567
516734820 801234567
516738024 801234567
516738240 801234567
516738402 801234567
516740238 801234567
516740382 801234567
516740823 801234567
516742083 801234567
516742308 801234567
516742830 801234567
516743028 801234567
516743280 801234567
516743802 801234567
516748032 801234567
516748203 801234567
516748320 801234567
516780243 801234567
516780324 801234567
516780432 801234567
516782034 801234567
516782340 801234567
516782403 801234567
516783042 801234567
516783204 801234567
516783420 801234567
516784023 801234567
516784230 801234567
516784302 801234567
516802347 801234567
516802473 801234567
516802734 801234567
516803274 801234567
516803427 801234567
516803742 801234567
516804237 801234567
516804372 801234567
516804723 801234567
516807243 801234567
516807324 801234567
516807432 801234567
516820374 801234567
516820437 801234567
516820743 801234567
516823047 801234567
516823470 801234567
516823704 801234567
516824073 801234567
516824307 801234567
516824730 801234567
516827034 801234567
516827340 801234567
516827403 801234567
516830247 801234567
516830472 801234567
516830724 801234567
516832074 801234567
516832407 801234567
516832740 801234567
516834027 801234567
516834270 801234567
516834702 801234567
516837042 801234567
516837204 801234567
516837420 801234567
516840273 801234567
516840327 801234567
516840732 801234567
516842037 801234567
516842370 801234567
516842703 801234567
516843072 801234567
516843207 801234567
516843720 801234567
516847023 801234567
516847230 801234567
516847302 801234567
516870234 801234567
516870342 801234567
516870423 801234567
516872043 801234567
516872304 801234567
516872430 801234567
516873024 801234567
516873240 801234567
516873402 801234567
516874032 801234567
516874203 801234567
516874320 801234567
517023468 801234567
517023684 801234567
517023846 801234567
517024386 801234567
517024638 801234567
517024863 801234567
517026348 801234567
517026483 801234567
517026834 801234567
517028364 801234567
517028436 801234567
517028643 801234567
517032486 801234567
517032648 801234567
517032864 801234567
517034268 801234567
517034682 801234567
517034826 801234567
517036284 801234567
517036428 801234567
517036842 801234567
517038246 801234567
517038462 801234567
517038624 801234567
517042368 801234567
517042683 801234567
517042836 801234567
517043286 801234567
517043628 801234567
517043862 801234567
517046238 801234567
517046382 801234567
517046823 801234567
517048263 801234567
517048326 801234567
517048632 801234567
517062384 801234567
517062438 801234567
517062843 801234567
517063248 801234567
517063482 801234567
517063824 801234567
517064283 801234567
517064328 801234567
517064832 801234567
517068234 801234567
517068342 801234567
517068423 801234567
517082346 801234567
517082463 801234567
517082634 801234567
517083264 801234567
517083426 801234567
517083642 801234567
517084236 801234567
517084362 801234567
517084623 801234567
517086243 801234567
517086324 801234567
517086432 801234567
517203486 801234567
517203648 801234567
517203864 801234567
517204368 801234567
517204683 801234567
517204836 801234567
517206384 801234567
517206438 801234567
517206843 801234567
517208346 801234567
517208463 801234567
517208634 801234567
517230468 801234567
517230684 801234567
517230846 801234567
517234086 801234567
517234608 801234567
517234860 801234567
517236048 801234567
517236480 801234567
517236804 801234567
517238064 801234567
517238406 801234567
517238640 801234567
517240386 801234567
517240638 801234567
517240863 801234567
517243068 801234567
517243680 801234567
517243806 801234567
517246083 801234567
517246308 801234567
517246830 801234567
517248036 801234567
517248360 801234567
517248603 801234567
517260348 801234567
517260483 801234567
517260834 801234567
517263084 801234567
517263408 801234567
517263840 801234567
517264038 801234567
517264380 801234567
517264803 801234567
517268043 801234567
517268304 801234567
517268430 801234567
517280364 801234567
517280436 801234567
517280643 801234567
517283046 801234567
517283460 801234567
517283604 801234567
517284063 801234567
517284306 801234567
517284630 801234567
517286034 801234567
517286340 801234567
517286403 801234567
517302468 801234567
517302684 801234567
517302846 801234567
517304286 801234567
517304628 801234567
517304862 801234567
517306248 801234567
517306482 801234567
517306824 801234567
517308264 801234567
517308426 801234567
517308642 801234567
517320486 801234567
517320648 801234567
517320864 801234567
517324068 801234567
517324680 801234567
517324806 801234567
517326084 801234567
517326408 801234567
517326840 801234567
517328046 801234567
517328460 801234567
517328604 801234567
517340268 801234567
517340682 801234567
517340826 801234567
517342086 801234567
517342608 801234567
517342860 801234567
517346028 801234567
517346280 801234567
517346802 801234567
517348062 801234567
517348206 801234567
517348620 801234567
517360284 801234567
517360428 801234567
517360842 801234567
517362048 801234567
517362480 801234567
517362804 801234567
517364082 801234567
517364208 801234567
517364820 801234567
517368024 801234567
517368240 801234567
517368402 801234567
517380246 801234567
