531204876 801234567
531206478 801234567
531206784 801234567
531206847 801234567
531207486 801234567
531207648 801234567
531207864 801234567
531208467 801234567
531208674 801234567
531208746 801234567
531240678 801234567
531240786 801234567
531240867 801234567
531246087 801234567
531246708 801234567
531246870 801234567
531247068 801234567
531247680 801234567
531247806 801234567
531248076 801234567
531248607 801234567
531248760 801234567
531260487 801234567
531260748 801234567
531260874 801234567
531264078 801234567
531264780 801234567
531264807 801234567
531267084 801234567
531267408 801234567
531267840 801234567
531268047 801234567
531268470 801234567
531268704 801234567
531270468 801234567
531270684 801234567
531270846 801234567
531274086 801234567
531274608 801234567
531274860 801234567
531276048 801234567
531276480 801234567
531276804 801234567
531278064 801234567
531278406 801234567
531278640 801234567
531280476 801234567
531280647 801234567
531280764 801234567
531284067 801234567
531284670 801234567
531284706 801234567
531286074 801234567
531286407 801234567
531286740 801234567
531287046 801234567
531287460 801234567
531287604 801234567
531402678 801234567
531402786 801234567
531402867 801234567
531406287 801234567
531406728 801234567
531406872 801234567
531407268 801234567
531407682 801234567
531407826 801234567
531408276 801234567
531408627 801234567
531408762 801234567
531420687 801234567
531420768 801234567
531420876 801234567
531426078 801234567
531426780 801234567
531426807 801234567
531427086 801234567
531427608 801234567
531427860 801234567
531428067 801234567
531428670 801234567
531428706 801234567
531460278 801234567
531460782 801234567
531460827 801234567
531462087 801234567
531462708 801234567
531462870 801234567
531467028 801234567
531467280 801234567
531467802 801234567
531468072 801234567
531468207 801234567
531468720 801234567
531470286 801234567
531470628 801234567
531470862 801234567
531472068 801234567
531472680 801234567
531472806 801234567
531476082 801234567
531476208 801234567
531476820 801234567
531478026 801234567
531478260 801234567
531478602 801234567
531480267 801234567
531480672 801234567
531480726 801234567
531482076 801234567
531482607 801234567
531482760 801234567
531486027 801234567
531486270 801234567
531486702 801234567
531487062 801234567
531487206 801234567
531487620 801234567
531602487 801234567
531602748 801234567
531602874 801234567
531604278 801234567
531604782 801234567
531604827 801234567
531607284 801234567
531607428 801234567
531607842 801234567
531608247 801234567
531608472 801234567
531608724 801234567
531620478 801234567
531620784 801234567
531620847 801234567
531624087 801234567
531624708 801234567
531624870 801234567
531627048 801234567
531627480 801234567
531627804 801234567
531628074 801234567
531628407 801234567
531628740 801234567
531640287 801234567
531640728 801234567
531640872 801234567
531642078 801234567
531642780 801234567
531642807 801234567
531647082 801234567
531647208 801234567
531647820 801234567
531648027 801234567
531648270 801234567
531648702 801234567
531670248 801234567
531670482 801234567
531670824 801234567
531672084 801234567
531672408 801234567
531672840 801234567
531674028 801234567
531674280 801234567
531674802 801234567
531678042 801234567
531678204 801234567
531678420 801234567
531680274 801234567
531680427 801234567
531680742 801234567
531682047 801234567
531682470 801234567
531682704 801234567
531684072 801234567
531684207 801234567
531684720 801234567
531687024 801234567
531687240 801234567
531687402 801234567
531702468 801234567
531702684 801234567
531702846 801234567
531704286 801234567
531704628 801234567
531704862 801234567
531706248 801234567
531706482 801234567
531706824 801234567
531708264 801234567
531708426 801234567
531708642 801234567
531720486 801234567
531720648 801234567
531720864 801234567
531724068 801234567
531724680 801234567
531724806 801234567
531726084 801234567
531726408 801234567
531726840 801234567
531728046 801234567
531728460 801234567
531728604 801234567
531740268 801234567
531740682 801234567
531740826 801234567
531742086 801234567
531742608 801234567
531742860 801234567
531746028 801234567
531746280 801234567
531746802 801234567
531748062 801234567
531748206 801234567
531748620 801234567
531760284 801234567
531760428 801234567
531760842 801234567
531762048 801234567
531762480 801234567
531762804 801234567
531764082 801234567
531764208 801234567
531764820 801234567
531768024 801234567
531768240 801234567
531768402 801234567
531780246 801234567
531780462 801234567
531780624 801234567
531782064 801234567
531782406 801234567
531782640 801234567
531784026 801234567
531784260 801234567
531784602 801234567
531786042 801234567
531786204 801234567
531786420 801234567
531802476 801234567
531802647 801234567
531802764 801234567
531804267 801234567
531804672 801234567
531804726 801234567
531806274 801234567
531806427 801234567
531806742 801234567
531807246 801234567
531807462 801234567
531807624 801234567
531820467 801234567
531820674 801234567
531820746 801234567
531824076 801234567
531824607 801234567
531824760 801234567
531826047 801234567
531826470 801234567
531826704 801234567
531827064 801234567
531827406 801234567
531827640 801234567
531840276 801234567
531840627 801234567
531840762 801234567
531842067 801234567
531842670 801234567
531842706 801234567
531846072 801234567
531846207 801234567
531846720 801234567
531847026 801234567
531847260 801234567
531847602 801234567
531860247 801234567
531860472 801234567
531860724 801234567
531862074 801234567
531862407 801234567
531862740 801234567
531864027 801234567
531864270 801234567
531864702 801234567
531867042 801234567
531867204 801234567
531867420 801234567
531870264 801234567
531870426 801234567
531870642 801234567
531872046 801234567
531872460 801234567
531872604 801234567
531874062 801234567
531874206 801234567
531874620 801234567
531876024 801234567
531876240 801234567
531876402 801234567
532014687 801234567
532014768 801234567
532014876 801234567
532016478 801234567
532016784 801234567
532016847 801234567
532017486 801234567
532017648 801234567
532017864 801234567
532018467 801234567
532018674 801234567
532018746 801234567
532041678 801234567
532041786 801234567
532041867 801234567
532046187 801234567
532046718 801234567
532046871 801234567
532047168 801234567
532047681 801234567
532047816 801234567
532048176 801234567
532048617 801234567
532048761 801234567
532061487 801234567
532061748 801234567
532061874 801234567
532064178 801234567
532064781 801234567
532064817 801234567
532067184 801234567
532067418 801234567
532067841 801234567
532068147 801234567
532068471 801234567
532068714 801234567
532071468 801234567
532071684 801234567
532071846 801234567
532074186 801234567
532074618 801234567
532074861 801234567
532076148 801234567
532076481 801234567
532076814 801234567
532078164 801234567
532078416 801234567
532078641 801234567
532081476 801234567
532081647 801234567
532081764 801234567
532084167 801234567
532084671 801234567
532084716 801234567
532086174 801234567
532086417 801234567
532086741 801234567
532087146 801234567
532087461 801234567
532087614 801234567
532104678 801234567
532104786 801234567
532104867 801234567
532106487 801234567
532106748 801234567
532106874 801234567
532107468 801234567
532107684 801234567
532107846 801234567
532108476 801234567
532108647 801234567
532108764 801234567
532140687 801234567
532140768 801234567
532140876 801234567
532146078 801234567
532146780 801234567
532146807 801234567
532147086 801234567
532147608 801234567
532147860 801234567
532148067 801234567
532148670 801234567
532148706 801234567
532160478 801234567
532160784 801234567
532160847 801234567
532164087 801234567
532164708 801234567
532164870 801234567
532167048 801234567
532167480 801234567
532167804 801234567
532168074 801234567
532168407 801234567
532168740 801234567
532170486 801234567
532170648 801234567
532170864 801234567
532174068 801234567
532174680 801234567
532174806 801234567
532176084 801234567
532176408 801234567
532176840 801234567
532178046 801234567
532178460 801234567
532178604 801234567
532180467 801234567
532180674 801234567
532180746 801234567
532184076 801234567
532184607 801234567
532184760 801234567
532186047 801234567
532186470 801234567
532186704 801234567
532187064 801234567
532187406 801234567
532187640 801234567
532401687 801234567
532401768 801234567
532401876 801234567
532406178 801234567
532406781 801234567
532406817 801234567
532407186 801234567
532407618 801234567
532407861 801234567
532408167 801234567
532408671 801234567
532408716 801234567
532410678 801234567
532410786 801234567
532410867 801234567
532416087 801234567
532416708 801234567
532416870 801234567
532417068 801234567
532417680 801234567
532417806 801234567
532418076 801234567
532418607 801234567
532418760 801234567
532460187 801234567
532460718 801234567
532460871 801234567
532461078 801234567
532461780 801234567
532461807 801234567
532467081 801234567
532467108 801234567
532467810 801234567
532468017 801234567
532468170 801234567
532468701 801234567
532470168 801234567
532470681 801234567
532470816 801234567
532471086 801234567
532471608 801234567
532471860 801234567
532476018 801234567
532476180 801234567
532476801 801234567
532478061 801234567
532478106 801234567
532478610 801234567
532480176 801234567
532480617 801234567
532480761 801234567
532481067 801234567
532481670 801234567
532481706 801234567
532486071 801234567
532486107 801234567
532486710 801234567
532487016 801234567
532487160 801234567
532487601 801234567
532601478 801234567
532601784 801234567
532601847 801234567
532604187 801234567
532604718 801234567
532604871 801234567
532607148 801234567
532607481 801234567
532607814 801234567
532608174 801234567
532608417 801234567
532608741 801234567
532610487 801234567
532610748 801234567
532610874 801234567
532614078 801234567
532614780 801234567
532614807 801234567
532617084 801234567
532617408 801234567
532617840 801234567
