502436871 801234567
502437168 801234567
502437681 801234567
502437816 801234567
502438176 801234567
502438617 801234567
502438761 801234567
502461387 801234567
502461738 801234567
502461873 801234567
502463178 801234567
502463781 801234567
502463817 801234567
502467183 801234567
502467318 801234567
502467831 801234567
502468137 801234567
502468371 801234567
502468713 801234567
502471368 801234567
502471683 801234567
502471836 801234567
502473186 801234567
502473618 801234567
502473861 801234567
502476138 801234567
502476381 801234567
502476813 801234567
502478163 801234567
502478316 801234567
502478631 801234567
502481376 801234567
502481637 801234567
502481763 801234567
502483167 801234567
502483671 801234567
502483716 801234567
502486173 801234567
502486317 801234567
502486731 801234567
502487136 801234567
502487361 801234567
502487613 801234567
502613478 801234567
502613784 801234567
502613847 801234567
502614387 801234567
502614738 801234567
502614873 801234567
502617348 801234567
502617483 801234567
502617834 801234567
502618374 801234567
502618437 801234567
502618743 801234567
502631487 801234567
502631748 801234567
502631874 801234567
502634178 801234567
502634781 801234567
502634817 801234567
502637184 801234567
502637418 801234567
502637841 801234567
502638147 801234567
502638471 801234567
502638714 801234567
502641378 801234567
502641783 801234567
502641837 801234567
502643187 801234567
502643718 801234567
502643871 801234567
502647138 801234567
502647381 801234567
502647813 801234567
502648173 801234567
502648317 801234567
502648731 801234567
502671384 801234567
502671438 801234567
502671843 801234567
502673148 801234567
502673481 801234567
502673814 801234567
502674183 801234567
502674318 801234567
502674831 801234567
502678134 801234567
502678341 801234567
502678413 801234567
502681347 801234567
502681473 801234567
502681734 801234567
502683174 801234567
502683417 801234567
502683741 801234567
502684137 801234567
502684371 801234567
502684713 801234567
502687143 801234567
502687314 801234567
502687431 801234567
502713486 801234567
502713648 801234567
502713864 801234567
502714368 801234567
502714683 801234567
502714836 801234567
502716384 801234567
502716438 801234567
502716843 801234567
502718346 801234567
502718463 801234567
502718634 801234567
502731468 801234567
502731684 801234567
502731846 801234567
502734186 801234567
502734618 801234567
502734861 801234567
502736148 801234567
502736481 801234567
502736814 801234567
502738164 801234567
502738416 801234567
502738641 801234567
502741386 801234567
502741638 801234567
502741863 801234567
502743168 801234567
502743681 801234567
502743816 801234567
502746183 801234567
502746318 801234567
502746831 801234567
502748136 801234567
502748361 801234567
502748613 801234567
502761348 801234567
502761483 801234567
502761834 801234567
502763184 801234567
502763418 801234567
502763841 801234567
502764138 801234567
502764381 801234567
502764813 801234567
502768143 801234567
502768314 801234567
502768431 801234567
502781364 801234567
502781436 801234567
502781643 801234567
502783146 801234567
502783461 801234567
502783614 801234567
502784163 801234567
502784316 801234567
502784631 801234567
502786134 801234567
502786341 801234567
502786413 801234567
502813467 801234567
502813674 801234567
502813746 801234567
502814376 801234567
502814637 801234567
502814763 801234567
502816347 801234567
502816473 801234567
502816734 801234567
502817364 801234567
502817436 801234567
502817643 801234567
502831476 801234567
502831647 801234567
502831764 801234567
502834167 801234567
502834671 801234567
502834716 801234567
502836174 801234567
502836417 801234567
502836741 801234567
502837146 801234567
502837461 801234567
502837614 801234567
502841367 801234567
502841673 801234567
502841736 801234567
502843176 801234567
502843617 801234567
502843761 801234567
502846137 801234567
502846371 801234567
502846713 801234567
502847163 801234567
502847316 801234567
502847631 801234567
502861374 801234567
502861437 801234567
502861743 801234567
502863147 801234567
502863471 801234567
502863714 801234567
502864173 801234567
502864317 801234567
502864731 801234567
502867134 801234567
502867341 801234567
502867413 801234567
502871346 801234567
502871463 801234567
502871634 801234567
502873164 801234567
502873416 801234567
502873641 801234567
502874136 801234567
502874361 801234567
502874613 801234567
502876143 801234567
502876314 801234567
502876431 801234567
503124678 801234567
503124786 801234567
503124867 801234567
503126487 801234567
503126748 801234567
503126874 801234567
503127468 801234567
503127684 801234567
503127846 801234567
503128476 801234567
503128647 801234567
503128764 801234567
503142687 801234567
503142768 801234567
503142876 801234567
503146278 801234567
503146782 801234567
503146827 801234567
503147286 801234567
503147628 801234567
503147862 801234567
503148267 801234567
503148672 801234567
503148726 801234567
503162478 801234567
503162784 801234567
503162847 801234567
503164287 801234567
503164728 801234567
503164872 801234567
503167248 801234567
503167482 801234567
503167824 801234567
503168274 801234567
503168427 801234567
503168742 801234567
503172486 801234567
503172648 801234567
503172864 801234567
503174268 801234567
503174682 801234567
503174826 801234567
503176284 801234567
503176428 801234567
503176842 801234567
503178246 801234567
503178462 801234567
503178624 801234567
503182467 801234567
503182674 801234567
503182746 801234567
503184276 801234567
503184627 801234567
503184762 801234567
503186247 801234567
503186472 801234567
503186724 801234567
503187264 801234567
503187426 801234567
503187642 801234567
503214687 801234567
503214768 801234567
503214876 801234567
503216478 801234567
503216784 801234567
503216847 801234567
503217486 801234567
503217648 801234567
503217864 801234567
503218467 801234567
503218674 801234567
503218746 801234567
503241678 801234567
503241786 801234567
503241867 801234567
503246187 801234567
503246718 801234567
503246871 801234567
503247168 801234567
503247681 801234567
503247816 801234567
503248176 801234567
503248617 801234567
503248761 801234567
503261487 801234567
503261748 801234567
503261874 801234567
503264178 801234567
503264781 801234567
503264817 801234567
503267184 801234567
503267418 801234567
503267841 801234567
503268147 801234567
503268471 801234567
503268714 801234567
503271468 801234567
503271684 801234567
503271846 801234567
503274186 801234567
503274618 801234567
503274861 801234567
503276148 801234567
503276481 801234567
503276814 801234567
503278164 801234567
503278416 801234567
503278641 801234567
503281476 801234567
503281647 801234567
503281764 801234567
503284167 801234567
503284671 801234567
503284716 801234567
503286174 801234567
503286417 801234567
503286741 801234567
503287146 801234567
503287461 801234567
503287614 801234567
503412678 801234567
503412786 801234567
503412867 801234567
503416287 801234567
503416728 801234567
503416872 801234567
503417268 801234567
503417682 801234567
503417826 801234567
503418276 801234567
503418627 801234567
503418762 801234567
503421687 801234567
503421768 801234567
503421876 801234567
503426178 801234567
503426781 801234567
503426817 801234567
503427186 801234567
503427618 801234567
503427861 801234567
503428167 801234567
503428671 801234567
503428716 801234567
503461278 801234567
503461782 801234567
503461827 801234567
503462187 801234567
503462718 801234567
503462871 801234567
503467128 801234567
503467281 801234567
503467812 801234567
503468172 801234567
503468217 801234567
503468721 801234567
503471286 801234567
503471628 801234567
503471862 801234567
503472168 801234567
503472681 801234567
503472816 801234567
503476182 801234567
503476218 801234567
503476821 801234567
503478126 801234567
503478261 801234567
503478612 801234567
503481267 801234567
503481672 801234567
503481726 801234567
503482176 801234567
503482617 801234567
503482761 801234567
503486127 801234567
503486271 801234567
503486712 801234567
503487162 801234567
503487216 801234567
503487621 801234567
503612487 801234567
503612748 801234567
503612874 801234567
503614278 801234567
503614782 801234567
503614827 801234567
503617284 801234567
503617428 801234567
503617842 801234567
503618247 801234567
503618472 801234567
503618724 801234567
503621478 801234567
503621784 801234567
503621847 801234567
503624187 801234567
503624718 801234567
503624871 801234567
503627148 801234567
503627481 801234567
503627814 801234567
503628174 801234567
503628417 801234567
503628741 801234567
503641287 801234567
503641728 801234567
503641872 801234567
503642178 801234567
503642781 801234567
503642817 801234567
503647182 801234567
503647218 801234567
503647821 801234567
503648127 801234567
503648271 801234567
503648712 801234567
503671248 801234567
503671482 801234567
503671824 801234567
503672184 801234567
503672418 801234567
503672841 801234567
503674128 801234567
503674281 801234567
503674812 801234567
503678142 801234567
503678214 801234567
503678421 801234567
503681274 801234567
503681427 801234567
503681742 801234567
503682147 801234567
503682471 801234567
503682714 801234567
503684172 801234567
503684217 801234567
503684721 801234567
503687124 801234567
503687241 801234567
503687412 801234567
503712468 801234567
503712684 801234567
503712846 801234567
503714286 801234567
503714628 801234567
503714862 801234567
503716248 801234567
503716482 801234567
503716824 801234567
503718264 801234567
503718426 801234567
503718642 801234567
503721486 801234567
503721648 801234567
503721864 801234567
503724168 801234567
503724681 801234567
503724816 801234567
503726184 801234567
503726418 801234567
503726841 801234567
503728146 801234567
503728461 801234567
503728614 801234567
503741268 801234567
503741682 801234567
503741826 801234567
503742186 801234567
503742618 801234567
503742861 801234567
503746128 801234567
503746281 801234567
503746812 801234567
503748162 801234567
503748216 801234567
503748621 801234567
