016287354 801234567
016287435 801234567
016287543 801234567
016324587 801234567
016324758 801234567
016324875 801234567
016325478 801234567
016325784 801234567
016325847 801234567
016327485 801234567
016327548 801234567
016327854 801234567
016328457 801234567
016328574 801234567
016328745 801234567
016342578 801234567
016342785 801234567
016342857 801234567
016345287 801234567
016345728 801234567
016345872 801234567
016347258 801234567
016347582 801234567
016347825 801234567
016348275 801234567
016348527 801234567
016348752 801234567
016352487 801234567
016352748 801234567
016352874 801234567
016354278 801234567
016354782 801234567
016354827 801234567
016357284 801234567
016357428 801234567
016357842 801234567
016358247 801234567
016358472 801234567
016358724 801234567
016372458 801234567
016372584 801234567
016372845 801234567
016374285 801234567
016374528 801234567
016374852 801234567
016375248 801234567
016375482 801234567
016375824 801234567
016378254 801234567
016378425 801234567
016378542 801234567
016382475 801234567
016382547 801234567
016382754 801234567
016384257 801234567
016384572 801234567
016384725 801234567
016385274 801234567
016385427 801234567
016385742 801234567
016387245 801234567
016387452 801234567
016387524 801234567
016423578 801234567
016423785 801234567
016423857 801234567
016425387 801234567
016425738 801234567
016425873 801234567
016427358 801234567
016427583 801234567
016427835 801234567
016428375 801234567
016428537 801234567
016428753 801234567
016432587 801234567
016432758 801234567
016432875 801234567
016435278 801234567
016435782 801234567
016435827 801234567
016437285 801234567
016437528 801234567
016437852 801234567
016438257 801234567
016438572 801234567
016438725 801234567
016452378 801234567
016452783 801234567
016452837 801234567
016453287 801234567
016453728 801234567
016453872 801234567
016457238 801234567
016457382 801234567
016457823 801234567
016458273 801234567
016458327 801234567
016458732 801234567
016472385 801234567
016472538 801234567
016472853 801234567
016473258 801234567
016473582 801234567
016473825 801234567
016475283 801234567
016475328 801234567
016475832 801234567
016478235 801234567
016478352 801234567
016478523 801234567
016482357 801234567
016482573 801234567
016482735 801234567
016483275 801234567
016483527 801234567
016483752 801234567
016485237 801234567
016485372 801234567
016485723 801234567
016487253 801234567
016487325 801234567
016487532 801234567
016523487 801234567
016523748 801234567
016523874 801234567
016524378 801234567
016524783 801234567
016524837 801234567
016527384 801234567
016527438 801234567
016527843 801234567
016528347 801234567
016528473 801234567
016528734 801234567
016532478 801234567
016532784 801234567
016532847 801234567
016534287 801234567
016534728 801234567
016534872 801234567
016537248 801234567
016537482 801234567
016537824 801234567
016538274 801234567
016538427 801234567
016538742 801234567
016542387 801234567
016542738 801234567
016542873 801234567
016543278 801234567
016543782 801234567
016543827 801234567
016547283 801234567
016547328 801234567
016547832 801234567
016548237 801234567
016548372 801234567
016548723 801234567
016572348 801234567
016572483 801234567
016572834 801234567
016573284 801234567
016573428 801234567
016573842 801234567
016574238 801234567
016574382 801234567
016574823 801234567
016578243 801234567
016578324 801234567
016578432 801234567
016582374 801234567
016582437 801234567
016582743 801234567
016583247 801234567
016583472 801234567
016583724 801234567
016584273 801234567
016584327 801234567
016584732 801234567
016587234 801234567
016587342 801234567
016587423 801234567
016723458 801234567
016723584 801234567
016723845 801234567
016724385 801234567
016724538 801234567
016724853 801234567
016725348 801234567
016725483 801234567
016725834 801234567
016728354 801234567
016728435 801234567
016728543 801234567
016732485 801234567
016732548 801234567
016732854 801234567
016734258 801234567
016734582 801234567
016734825 801234567
016735284 801234567
016735428 801234567
016735842 801234567
016738245 801234567
016738452 801234567
016738524 801234567
016742358 801234567
016742583 801234567
016742835 801234567
016743285 801234567
016743528 801234567
016743852 801234567
016745238 801234567
016745382 801234567
016745823 801234567
016748253 801234567
016748325 801234567
016748532 801234567
016752384 801234567
016752438 801234567
016752843 801234567
016753248 801234567
016753482 801234567
016753824 801234567
016754283 801234567
016754328 801234567
016754832 801234567
016758234 801234567
016758342 801234567
016758423 801234567
016782345 801234567
016782453 801234567
016782534 801234567
016783254 801234567
016783425 801234567
016783542 801234567
016784235 801234567
016784352 801234567
016784523 801234567
016785243 801234567
016785324 801234567
016785432 801234567
016823475 801234567
016823547 801234567
016823754 801234567
016824357 801234567
016824573 801234567
016824735 801234567
016825374 801234567
016825437 801234567
016825743 801234567
016827345 801234567
016827453 801234567
016827534 801234567
016832457 801234567
016832574 801234567
016832745 801234567
016834275 801234567
016834527 801234567
016834752 801234567
016835247 801234567
016835472 801234567
016835724 801234567
016837254 801234567
016837425 801234567
016837542 801234567
016842375 801234567
016842537 801234567
016842753 801234567
016843257 801234567
016843572 801234567
016843725 801234567
016845273 801234567
016845327 801234567
016845732 801234567
016847235 801234567
016847352 801234567
016847523 801234567
016852347 801234567
016852473 801234567
016852734 801234567
016853274 801234567
016853427 801234567
016853742 801234567
016854237 801234567
016854372 801234567
016854723 801234567
016857243 801234567
016857324 801234567
016857432 801234567
016872354 801234567
016872435 801234567
016872543 801234567
016873245 801234567
016873452 801234567
016873524 801234567
016874253 801234567
016874325 801234567
016874532 801234567
016875234 801234567
016875342 801234567
016875423 801234567
017234586 801234567
017234658 801234567
017234865 801234567
017235468 801234567
017235684 801234567
017235846 801234567
017236485 801234567
017236548 801234567
017236854 801234567
017238456 801234567
017238564 801234567
017238645 801234567
017243568 801234567
017243685 801234567
017243856 801234567
017245386 801234567
017245638 801234567
017245863 801234567
017246358 801234567
017246583 801234567
017246835 801234567
017248365 801234567
017248536 801234567
017248653 801234567
017253486 801234567
017253648 801234567
017253864 801234567
017254368 801234567
017254683 801234567
017254836 801234567
017256384 801234567
017256438 801234567
017256843 801234567
017258346 801234567
017258463 801234567
017258634 801234567
017263458 801234567
017263584 801234567
017263845 801234567
017264385 801234567
017264538 801234567
017264853 801234567
017265348 801234567
017265483 801234567
017265834 801234567
017268354 801234567
017268435 801234567
017268543 801234567
017283465 801234567
017283546 801234567
017283654 801234567
017284356 801234567
017284563 801234567
017284635 801234567
017285364 801234567
017285436 801234567
017285643 801234567
017286345 801234567
017286453 801234567
017286534 801234567
017324568 801234567
017324685 801234567
017324856 801234567
017325486 801234567
017325648 801234567
017325864 801234567
017326458 801234567
017326584 801234567
017326845 801234567
017328465 801234567
017328546 801234567
017328654 801234567
017342586 801234567
017342658 801234567
017342865 801234567
017345268 801234567
017345682 801234567
017345826 801234567
017346285 801234567
017346528 801234567
017346852 801234567
017348256 801234567
017348562 801234567
017348625 801234567
017352468 801234567
017352684 801234567
017352846 801234567
017354286 801234567
017354628 801234567
017354862 801234567
017356248 801234567
017356482 801234567
017356824 801234567
017358264 801234567
017358426 801234567
017358642 801234567
017362485 801234567
017362548 801234567
017362854 801234567
017364258 801234567
017364582 801234567
017364825 801234567
017365284 801234567
017365428 801234567
017365842 801234567
017368245 801234567
017368452 801234567
017368524 801234567
017382456 801234567
017382564 801234567
017382645 801234567
017384265 801234567
017384526 801234567
017384652 801234567
017385246 801234567
017385462 801234567
017385624 801234567
017386254 801234567
017386425 801234567
017386542 801234567
017423586 801234567
017423658 801234567
017423865 801234567
017425368 801234567
017425683 801234567
017425836 801234567
017426385 801234567
017426538 801234567
017426853 801234567
017428356 801234567
017428563 801234567
017428635 801234567
017432568 801234567
017432685 801234567
017432856 801234567
017435286 801234567
017435628 801234567
017435862 801234567
017436258 801234567
017436582 801234567
017436825 801234567
017438265 801234567
017438526 801234567
017438652 801234567
017452386 801234567
017452638 801234567
017452863 801234567
017453268 801234567
017453682 801234567
017453826 801234567
017456283 801234567
017456328 801234567
017456832 801234567
017458236 801234567
017458362 801234567
017458623 801234567
017462358 801234567
017462583 801234567
017462835 801234567
017463285 801234567
017463528 801234567
017463852 801234567
017465238 801234567
017465382 801234567
017465823 801234567
017468253 801234567
017468325 801234567
017468532 801234567
017482365 801234567
017482536 801234567
017482653 801234567
017483256 801234567
017483562 801234567
017483625 801234567
017485263 801234567
017485326 801234567
017485632 801234567
017486235 801234567
017486352 801234567
017486523 801234567
017523468 801234567
017523684 801234567
017523846 801234567
017524386 801234567
017524638 801234567
017524863 801234567
017526348 801234567
017526483 801234567
017526834 801234567
017528364 801234567
017528436 801234567
017528643 801234567
017532486 801234567
017532648 801234567
017532864 801234567
017534268 801234567
