308574162 801234567
308574216 801234567
308574621 801234567
308576124 801234567
308576241 801234567
308576412 801234567
308612457 801234567
308612574 801234567
308612745 801234567
308614275 801234567
308614527 801234567
308614752 801234567
308615247 801234567
308615472 801234567
308615724 801234567
308617254 801234567
308617425 801234567
308617542 801234567
308621475 801234567
308621547 801234567
308621754 801234567
308624157 801234567
308624571 801234567
308624715 801234567
308625174 801234567
308625417 801234567
308625741 801234567
308627145 801234567
308627451 801234567
308627514 801234567
308641257 801234567
308641572 801234567
308641725 801234567
308642175 801234567
308642517 801234567
308642751 801234567
308645127 801234567
308645271 801234567
308645712 801234567
308647152 801234567
308647215 801234567
308647521 801234567
308651274 801234567
308651427 801234567
308651742 801234567
308652147 801234567
308652471 801234567
308652714 801234567
308654172 801234567
308654217 801234567
308654721 801234567
308657124 801234567
308657241 801234567
308657412 801234567
308671245 801234567
308671452 801234567
308671524 801234567
308672154 801234567
308672415 801234567
308672541 801234567
308674125 801234567
308674251 801234567
308674512 801234567
308675142 801234567
308675214 801234567
308675421 801234567
308712465 801234567
308712546 801234567
308712654 801234567
308714256 801234567
308714562 801234567
308714625 801234567
308715264 801234567
308715426 801234567
308715642 801234567
308716245 801234567
308716452 801234567
308716524 801234567
308721456 801234567
308721564 801234567
308721645 801234567
308724165 801234567
308724516 801234567
308724651 801234567
308725146 801234567
308725461 801234567
308725614 801234567
308726154 801234567
308726415 801234567
308726541 801234567
308741265 801234567
308741526 801234567
308741652 801234567
308742156 801234567
308742561 801234567
308742615 801234567
308745162 801234567
308745216 801234567
308745621 801234567
308746125 801234567
308746251 801234567
308746512 801234567
308751246 801234567
308751462 801234567
308751624 801234567
308752164 801234567
308752416 801234567
308752641 801234567
308754126 801234567
308754261 801234567
308754612 801234567
308756142 801234567
308756214 801234567
308756421 801234567
308761254 801234567
308761425 801234567
308761542 801234567
308762145 801234567
308762451 801234567
308762514 801234567
308764152 801234567
308764215 801234567
308764521 801234567
308765124 801234567
308765241 801234567
308765412 801234567
310245687 801234567
310245768 801234567
310245876 801234567
310246578 801234567
310246785 801234567
310246857 801234567
310247586 801234567
310247658 801234567
310247865 801234567
310248567 801234567
310248675 801234567
310248756 801234567
310254678 801234567
310254786 801234567
310254867 801234567
310256487 801234567
310256748 801234567
310256874 801234567
310257468 801234567
310257684 801234567
310257846 801234567
310258476 801234567
310258647 801234567
310258764 801234567
310264587 801234567
310264758 801234567
310264875 801234567
310265478 801234567
310265784 801234567
310265847 801234567
310267485 801234567
310267548 801234567
310267854 801234567
310268457 801234567
310268574 801234567
310268745 801234567
310274568 801234567
310274685 801234567
310274856 801234567
310275486 801234567
310275648 801234567
310275864 801234567
310276458 801234567
310276584 801234567
310276845 801234567
310278465 801234567
310278546 801234567
310278654 801234567
310284576 801234567
310284657 801234567
310284765 801234567
310285467 801234567
310285674 801234567
310285746 801234567
310286475 801234567
310286547 801234567
310286754 801234567
310287456 801234567
310287564 801234567
310287645 801234567
310425678 801234567
310425786 801234567
310425867 801234567
310426587 801234567
310426758 801234567
310426875 801234567
310427568 801234567
310427685 801234567
310427856 801234567
310428576 801234567
310428657 801234567
310428765 801234567
310452687 801234567
310452768 801234567
310452876 801234567
310456278 801234567
310456782 801234567
310456827 801234567
310457286 801234567
310457628 801234567
310457862 801234567
310458267 801234567
310458672 801234567
310458726 801234567
310462578 801234567
310462785 801234567
310462857 801234567
310465287 801234567
310465728 801234567
310465872 801234567
310467258 801234567
310467582 801234567
310467825 801234567
310468275 801234567
310468527 801234567
310468752 801234567
310472586 801234567
310472658 801234567
310472865 801234567
310475268 801234567
310475682 801234567
310475826 801234567
310476285 801234567
310476528 801234567
310476852 801234567
310478256 801234567
310478562 801234567
310478625 801234567
310482567 801234567
310482675 801234567
310482756 801234567
310485276 801234567
310485627 801234567
310485762 801234567
310486257 801234567
310486572 801234567
310486725 801234567
310487265 801234567
310487526 801234567
310487652 801234567
310524687 801234567
310524768 801234567
310524876 801234567
310526478 801234567
310526784 801234567
310526847 801234567
310527486 801234567
310527648 801234567
310527864 801234567
310528467 801234567
310528674 801234567
310528746 801234567
310542678 801234567
310542786 801234567
310542867 801234567
310546287 801234567
310546728 801234567
310546872 801234567
310547268 801234567
310547682 801234567
310547826 801234567
310548276 801234567
310548627 801234567
310548762 801234567
310562487 801234567
310562748 801234567
310562874 801234567
310564278 801234567
310564782 801234567
310564827 801234567
310567284 801234567
310567428 801234567
310567842 801234567
310568247 801234567
310568472 801234567
310568724 801234567
310572468 801234567
310572684 801234567
310572846 801234567
310574286 801234567
310574628 801234567
310574862 801234567
310576248 801234567
310576482 801234567
310576824 801234567
310578264 801234567
310578426 801234567
310578642 801234567
310582476 801234567
310582647 801234567
310582764 801234567
310584267 801234567
310584672 801234567
310584726 801234567
310586274 801234567
310586427 801234567
310586742 801234567
310587246 801234567
310587462 801234567
310587624 801234567
310624578 801234567
310624785 801234567
310624857 801234567
310625487 801234567
310625748 801234567
310625874 801234567
310627458 801234567
310627584 801234567
310627845 801234567
310628475 801234567
310628547 801234567
310628754 801234567
310642587 801234567
310642758 801234567
310642875 801234567
310645278 801234567
310645782 801234567
310645827 801234567
310647285 801234567
310647528 801234567
310647852 801234567
310648257 801234567
310648572 801234567
310648725 801234567
310652478 801234567
310652784 801234567
310652847 801234567
310654287 801234567
310654728 801234567
310654872 801234567
310657248 801234567
310657482 801234567
310657824 801234567
310658274 801234567
310658427 801234567
310658742 801234567
310672485 801234567
310672548 801234567
310672854 801234567
310674258 801234567
310674582 801234567
310674825 801234567
310675284 801234567
310675428 801234567
310675842 801234567
310678245 801234567
310678452 801234567
310678524 801234567
310682457 801234567
310682574 801234567
310682745 801234567
310684275 801234567
310684527 801234567
310684752 801234567
310685247 801234567
310685472 801234567
310685724 801234567
310687254 801234567
310687425 801234567
310687542 801234567
310724586 801234567
310724658 801234567
310724865 801234567
310725468 801234567
310725684 801234567
310725846 801234567
310726485 801234567
310726548 801234567
310726854 801234567
310728456 801234567
310728564 801234567
310728645 801234567
310742568 801234567
310742685 801234567
310742856 801234567
310745286 801234567
310745628 801234567
310745862 801234567
310746258 801234567
310746582 801234567
310746825 801234567
310748265 801234567
310748526 801234567
310748652 801234567
310752486 801234567
310752648 801234567
310752864 801234567
310754268 801234567
310754682 801234567
310754826 801234567
310756284 801234567
310756428 801234567
310756842 801234567
310758246 801234567
310758462 801234567
310758624 801234567
310762458 801234567
310762584 801234567
310762845 801234567
310764285 801234567
310764528 801234567
310764852 801234567
310765248 801234567
310765482 801234567
310765824 801234567
310768254 801234567
310768425 801234567
310768542 801234567
310782465 801234567
310782546 801234567
310782654 801234567
310784256 801234567
310784562 801234567
310784625 801234567
310785264 801234567
310785426 801234567
310785642 801234567
310786245 801234567
310786452 801234567
310786524 801234567
310824567 801234567
310824675 801234567
310824756 801234567
310825476 801234567
310825647 801234567
310825764 801234567
310826457 801234567
310826574 801234567
310826745 801234567
310827465 801234567
310827546 801234567
310827654 801234567
310842576 801234567
310842657 801234567
310842765 801234567
310845267 801234567
310845672 801234567
310845726 801234567
310846275 801234567
310846527 801234567
310846752 801234567
310847256 801234567
310847562 801234567
310847625 801234567
310852467 801234567
310852674 801234567
310852746 801234567
310854276 801234567
310854627 801234567
310854762 801234567
310856247 801234567
310856472 801234567
310856724 801234567
310857264 801234567
310857426 801234567
310857642 801234567
310862475 801234567
310862547 801234567
310862754 801234567
310864257 801234567
310864572 801234567
310864725 801234567
310865274 801234567
310865427 801234567
310865742 801234567
310867245 801234567
310867452 801234567
310867524 801234567
310872456 801234567
310872564 801234567
310872645 801234567
310874265 801234567
310874526 801234567
310874652 801234567
310875246 801234567
310875462 801234567
310875624 801234567
310876254 801234567
310876425 801234567
310876542 801234567
312045678 801234567
312045786 801234567
312045867 801234567
312046587 801234567
312046758 801234567
312046875 801234567
312047568 801234567
312047685 801234567
312047856 801234567
312048576 801234567
312048657 801234567
312048765 801234567
312054687 801234567
