872013465 801234567
872013546 801234567
872013654 801234567
872014356 801234567
872014563 801234567
872014635 801234567
872015364 801234567
872015436 801234567
872015643 801234567
872016345 801234567
872016453 801234567
872016534 801234567
872031456 801234567
872031564 801234567
872031645 801234567
872034165 801234567
872034516 801234567
872034651 801234567
872035146 801234567
872035461 801234567
872035614 801234567
872036154 801234567
872036415 801234567
872036541 801234567
872041365 801234567
872041536 801234567
872041653 801234567
872043156 801234567
872043561 801234567
872043615 801234567
872045163 801234567
872045316 801234567
872045631 801234567
872046135 801234567
872046351 801234567
872046513 801234567
872051346 801234567
872051463 801234567
872051634 801234567
872053164 801234567
872053416 801234567
872053641 801234567
872054136 801234567
872054361 801234567
872054613 801234567
872056143 801234567
872056314 801234567
872056431 801234567
872061354 801234567
872061435 801234567
872061543 801234567
872063145 801234567
872063451 801234567
872063514 801234567
872064153 801234567
872064315 801234567
872064531 801234567
872065134 801234567
872065341 801234567
872065413 801234567
872103456 801234567
872103564 801234567
872103645 801234567
872104365 801234567
872104536 801234567
872104653 801234567
872105346 801234567
872105463 801234567
872105634 801234567
872106354 801234567
872106435 801234567
872106543 801234567
872130465 801234567
872130546 801234567
872130654 801234567
872134056 801234567
872134560 801234567
872134605 801234567
872135064 801234567
872135406 801234567
872135640 801234567
872136045 801234567
872136450 801234567
872136504 801234567
872140356 801234567
872140563 801234567
872140635 801234567
872143065 801234567
872143506 801234567
872143650 801234567
872145036 801234567
872145360 801234567
872145603 801234567
872146053 801234567
872146305 801234567
872146530 801234567
872150364 801234567
872150436 801234567
872150643 801234567
872153046 801234567
872153460 801234567
872153604 801234567
872154063 801234567
872154306 801234567
872154630 801234567
872156034 801234567
872156340 801234567
872156403 801234567
872160345 801234567
872160453 801234567
872160534 801234567
872163054 801234567
872163405 801234567
872163540 801234567
872164035 801234567
872164350 801234567
872164503 801234567
872165043 801234567
872165304 801234567
872165430 801234567
872301465 801234567
872301546 801234567
872301654 801234567
872304156 801234567
872304561 801234567
872304615 801234567
872305164 801234567
872305416 801234567
872305641 801234567
872306145 801234567
872306451 801234567
872306514 801234567
872310456 801234567
872310564 801234567
872310645 801234567
872314065 801234567
872314506 801234567
872314650 801234567
872315046 801234567
872315460 801234567
872315604 801234567
872316054 801234567
872316405 801234567
872316540 801234567
872340165 801234567
872340516 801234567
872340651 801234567
872341056 801234567
872341560 801234567
872341605 801234567
872345061 801234567
872345106 801234567
872345610 801234567
872346015 801234567
872346150 801234567
872346501 801234567
872350146 801234567
872350461 801234567
872350614 801234567
872351064 801234567
872351406 801234567
872351640 801234567
872354016 801234567
872354160 801234567
872354601 801234567
872356041 801234567
872356104 801234567
872356410 801234567
872360154 801234567
872360415 801234567
872360541 801234567
872361045 801234567
872361450 801234567
872361504 801234567
872364051 801234567
872364105 801234567
872364510 801234567
872365014 801234567
872365140 801234567
872365401 801234567
872401356 801234567
872401563 801234567
872401635 801234567
872403165 801234567
872403516 801234567
872403651 801234567
872405136 801234567
872405361 801234567
872405613 801234567
872406153 801234567
872406315 801234567
872406531 801234567
872410365 801234567
872410536 801234567
872410653 801234567
872413056 801234567
872413560 801234567
872413605 801234567
872415063 801234567
872415306 801234567
872415630 801234567
872416035 801234567
872416350 801234567
872416503 801234567
872430156 801234567
872430561 801234567
872430615 801234567
872431065 801234567
872431506 801234567
872431650 801234567
872435016 801234567
872435160 801234567
872435601 801234567
872436051 801234567
872436105 801234567
872436510 801234567
872450163 801234567
872450316 801234567
872450631 801234567
872451036 801234567
872451360 801234567
872451603 801234567
872453061 801234567
872453106 801234567
872453610 801234567
872456013 801234567
872456130 801234567
872456301 801234567
872460135 801234567
872460351 801234567
872460513 801234567
872461053 801234567
872461305 801234567
872461530 801234567
872463015 801234567
872463150 801234567
872463501 801234567
872465031 801234567
872465103 801234567
872465310 801234567
872501364 801234567
872501436 801234567
872501643 801234567
872503146 801234567
872503461 801234567
872503614 801234567
872504163 801234567
872504316 801234567
872504631 801234567
872506134 801234567
872506341 801234567
872506413 801234567
872510346 801234567
872510463 801234567
872510634 801234567
872513064 801234567
872513406 801234567
872513640 801234567
872514036 801234567
872514360 801234567
872514603 801234567
872516043 801234567
872516304 801234567
872516430 801234567
872530164 801234567
872530416 801234567
872530641 801234567
872531046 801234567
872531460 801234567
872531604 801234567
872534061 801234567
872534106 801234567
872534610 801234567
872536014 801234567
872536140 801234567
872536401 801234567
872540136 801234567
872540361 801234567
872540613 801234567
872541063 801234567
872541306 801234567
872541630 801234567
872543016 801234567
872543160 801234567
872543601 801234567
872546031 801234567
872546103 801234567
872546310 801234567
872560143 801234567
872560314 801234567
872560431 801234567
872561034 801234567
872561340 801234567
872561403 801234567
872563041 801234567
872563104 801234567
872563410 801234567
872564013 801234567
872564130 801234567
872564301 801234567
872601345 801234567
872601453 801234567
872601534 801234567
872603154 801234567
872603415 801234567
872603541 801234567
872604135 801234567
872604351 801234567
872604513 801234567
872605143 801234567
872605314 801234567
872605431 801234567
872610354 801234567
872610435 801234567
872610543 801234567
872613045 801234567
872613450 801234567
872613504 801234567
872614053 801234567
872614305 801234567
872614530 801234567
872615034 801234567
872615340 801234567
872615403 801234567
872630145 801234567
872630451 801234567
872630514 801234567
872631054 801234567
872631405 801234567
872631540 801234567
872634015 801234567
872634150 801234567
872634501 801234567
872635041 801234567
872635104 801234567
872635410 801234567
872640153 801234567
872640315 801234567
872640531 801234567
872641035 801234567
872641350 801234567
872641503 801234567
872643051 801234567
872643105 801234567
872643510 801234567
872645013 801234567
872645130 801234567
872645301 801234567
872650134 801234567
872650341 801234567
872650413 801234567
872651043 801234567
872651304 801234567
872651430 801234567
872653014 801234567
872653140 801234567
872653401 801234567
872654031 801234567
872654103 801234567
872654310 801234567
873012456 801234567
873012564 801234567
873012645 801234567
873014265 801234567
873014526 801234567
873014652 801234567
873015246 801234567
873015462 801234567
873015624 801234567
873016254 801234567
873016425 801234567
873016542 801234567
873021465 801234567
873021546 801234567
873021654 801234567
873024156 801234567
873024561 801234567
873024615 801234567
873025164 801234567
873025416 801234567
873025641 801234567
873026145 801234567
873026451 801234567
873026514 801234567
873041256 801234567
873041562 801234567
873041625 801234567
873042165 801234567
873042516 801234567
873042651 801234567
873045126 801234567
873045261 801234567
873045612 801234567
873046152 801234567
873046215 801234567
873046521 801234567
873051264 801234567
873051426 801234567
873051642 801234567
873052146 801234567
873052461 801234567
873052614 801234567
873054162 801234567
873054216 801234567
873054621 801234567
873056124 801234567
873056241 801234567
873056412 801234567
873061245 801234567
873061452 801234567
873061524 801234567
873062154 801234567
873062415 801234567
873062541 801234567
873064125 801234567
873064251 801234567
873064512 801234567
873065142 801234567
873065214 801234567
873065421 801234567
873102465 801234567
873102546 801234567
873102654 801234567
873104256 801234567
873104562 801234567
873104625 801234567
873105264 801234567
873105426 801234567
873105642 801234567
873106245 801234567
873106452 801234567
873106524 801234567
873120456 801234567
873120564 801234567
873120645 801234567
873124065 801234567
873124506 801234567
873124650 801234567
873125046 801234567
873125460 801234567
873125604 801234567
873126054 801234567
873126405 801234567
873126540 801234567
873140265 801234567
873140526 801234567
873140652 801234567
873142056 801234567
873142560 801234567
873142605 801234567
873145062 801234567
873145206 801234567
873145620 801234567
873146025 801234567
873146250 801234567
873146502 801234567
873150246 801234567
873150462 801234567
873150624 801234567
873152064 801234567
873152406 801234567
873152640 801234567
873154026 801234567
873154260 801234567
873154602 801234567
873156042 801234567
873156204 801234567
873156420 801234567
873160254 801234567
873160425 801234567
873160542 801234567
873162045 801234567
873162450 801234567
873162504 801234567
873164052 801234567
873164205 801234567
873164520 801234567
873165024 801234567
873165240 801234567
873165402 801234567
873201456 801234567
873201564 801234567
873201645 801234567
873204165 801234567
873204516 801234567
873204651 801234567
873205146 801234567
873205461 801234567
873205614 801234567
873206154 801234567
873206415 801234567
873206541 801234567
873210465 801234567
873210546 801234567
873210654 801234567
873214056 801234567
873214560 801234567
873214605 801234567
873215064 801234567
