201475386 801234567
201475638 801234567
201475863 801234567
201476358 801234567
201476583 801234567
201476835 801234567
201478365 801234567
201478536 801234567
201478653 801234567
201483576 801234567
201483657 801234567
201483765 801234567
201485367 801234567
201485673 801234567
201485736 801234567
201486375 801234567
201486537 801234567
201486753 801234567
201487356 801234567
201487563 801234567
201487635 801234567
201534678 801234567
201534786 801234567
201534867 801234567
201536487 801234567
201536748 801234567
201536874 801234567
201537468 801234567
201537684 801234567
201537846 801234567
201538476 801234567
201538647 801234567
201538764 801234567
201543687 801234567
201543768 801234567
201543876 801234567
201546378 801234567
201546783 801234567
201546837 801234567
201547386 801234567
201547638 801234567
201547863 801234567
201548367 801234567
201548673 801234567
201548736 801234567
201563478 801234567
201563784 801234567
201563847 801234567
201564387 801234567
201564738 801234567
201564873 801234567
201567348 801234567
201567483 801234567
201567834 801234567
201568374 801234567
201568437 801234567
201568743 801234567
201573486 801234567
201573648 801234567
201573864 801234567
201574368 801234567
201574683 801234567
201574836 801234567
201576384 801234567
201576438 801234567
201576843 801234567
201578346 801234567
201578463 801234567
201578634 801234567
201583467 801234567
201583674 801234567
201583746 801234567
201584376 801234567
201584637 801234567
201584763 801234567
201586347 801234567
201586473 801234567
201586734 801234567
201587364 801234567
201587436 801234567
201587643 801234567
201634587 801234567
201634758 801234567
201634875 801234567
201635478 801234567
201635784 801234567
201635847 801234567
201637485 801234567
201637548 801234567
201637854 801234567
201638457 801234567
201638574 801234567
201638745 801234567
201643578 801234567
201643785 801234567
201643857 801234567
201645387 801234567
201645738 801234567
201645873 801234567
201647358 801234567
201647583 801234567
201647835 801234567
201648375 801234567
201648537 801234567
201648753 801234567
201653487 801234567
201653748 801234567
201653874 801234567
201654378 801234567
201654783 801234567
201654837 801234567
201657384 801234567
201657438 801234567
201657843 801234567
201658347 801234567
201658473 801234567
201658734 801234567
201673458 801234567
201673584 801234567
201673845 801234567
201674385 801234567
201674538 801234567
201674853 801234567
201675348 801234567
201675483 801234567
201675834 801234567
201678354 801234567
201678435 801234567
201678543 801234567
201683475 801234567
201683547 801234567
201683754 801234567
201684357 801234567
201684573 801234567
201684735 801234567
201685374 801234567
201685437 801234567
201685743 801234567
201687345 801234567
201687453 801234567
201687534 801234567
201734568 801234567
201734685 801234567
201734856 801234567
201735486 801234567
201735648 801234567
201735864 801234567
201736458 801234567
201736584 801234567
201736845 801234567
201738465 801234567
201738546 801234567
201738654 801234567
201743586 801234567
201743658 801234567
201743865 801234567
201745368 801234567
201745683 801234567
201745836 801234567
201746385 801234567
201746538 801234567
201746853 801234567
201748356 801234567
201748563 801234567
201748635 801234567
201753468 801234567
201753684 801234567
201753846 801234567
201754386 801234567
201754638 801234567
201754863 801234567
201756348 801234567
201756483 801234567
201756834 801234567
201758364 801234567
201758436 801234567
201758643 801234567
201763485 801234567
201763548 801234567
201763854 801234567
201764358 801234567
201764583 801234567
201764835 801234567
201765384 801234567
201765438 801234567
201765843 801234567
201768345 801234567
201768453 801234567
201768534 801234567
201783456 801234567
201783564 801234567
201783645 801234567
201784365 801234567
201784536 801234567
201784653 801234567
201785346 801234567
201785463 801234567
201785634 801234567
201786354 801234567
201786435 801234567
201786543 801234567
201834576 801234567
201834657 801234567
201834765 801234567
201835467 801234567
201835674 801234567
201835746 801234567
201836475 801234567
201836547 801234567
201836754 801234567
201837456 801234567
201837564 801234567
201837645 801234567
201843567 801234567
201843675 801234567
201843756 801234567
201845376 801234567
201845637 801234567
201845763 801234567
201846357 801234567
201846573 801234567
201846735 801234567
201847365 801234567
201847536 801234567
201847653 801234567
201853476 801234567
201853647 801234567
201853764 801234567
201854367 801234567
201854673 801234567
201854736 801234567
201856374 801234567
201856437 801234567
201856743 801234567
201857346 801234567
201857463 801234567
201857634 801234567
201863457 801234567
201863574 801234567
201863745 801234567
201864375 801234567
201864537 801234567
201864753 801234567
201865347 801234567
201865473 801234567
201865734 801234567
201867354 801234567
201867435 801234567
201867543 801234567
201873465 801234567
201873546 801234567
201873654 801234567
201874356 801234567
201874563 801234567
201874635 801234567
201875364 801234567
201875436 801234567
201875643 801234567
201876345 801234567
201876453 801234567
201876534 801234567
203145687 801234567
203145768 801234567
203145876 801234567
203146578 801234567
203146785 801234567
203146857 801234567
203147586 801234567
203147658 801234567
203147865 801234567
203148567 801234567
203148675 801234567
203148756 801234567
203154678 801234567
203154786 801234567
203154867 801234567
203156487 801234567
203156748 801234567
203156874 801234567
203157468 801234567
203157684 801234567
203157846 801234567
203158476 801234567
203158647 801234567
203158764 801234567
203164587 801234567
203164758 801234567
203164875 801234567
203165478 801234567
203165784 801234567
203165847 801234567
203167485 801234567
203167548 801234567
203167854 801234567
203168457 801234567
203168574 801234567
203168745 801234567
203174568 801234567
203174685 801234567
203174856 801234567
203175486 801234567
203175648 801234567
203175864 801234567
203176458 801234567
203176584 801234567
203176845 801234567
203178465 801234567
203178546 801234567
203178654 801234567
203184576 801234567
203184657 801234567
203184765 801234567
203185467 801234567
203185674 801234567
203185746 801234567
203186475 801234567
203186547 801234567
203186754 801234567
203187456 801234567
203187564 801234567
203187645 801234567
203415678 801234567
203415786 801234567
203415867 801234567
203416587 801234567
203416758 801234567
203416875 801234567
203417568 801234567
203417685 801234567
203417856 801234567
203418576 801234567
203418657 801234567
203418765 801234567
203451687 801234567
203451768 801234567
203451876 801234567
203456178 801234567
203456781 801234567
203456817 801234567
203457186 801234567
203457618 801234567
203457861 801234567
203458167 801234567
203458671 801234567
203458716 801234567
203461578 801234567
203461785 801234567
203461857 801234567
203465187 801234567
203465718 801234567
203465871 801234567
203467158 801234567
203467581 801234567
203467815 801234567
203468175 801234567
203468517 801234567
203468751 801234567
203471586 801234567
203471658 801234567
203471865 801234567
203475168 801234567
203475681 801234567
203475816 801234567
203476185 801234567
203476518 801234567
203476851 801234567
203478156 801234567
203478561 801234567
203478615 801234567
203481567 801234567
203481675 801234567
203481756 801234567
203485176 801234567
203485617 801234567
203485761 801234567
203486157 801234567
203486571 801234567
203486715 801234567
203487165 801234567
203487516 801234567
203487651 801234567
203514687 801234567
203514768 801234567
203514876 801234567
203516478 801234567
203516784 801234567
203516847 801234567
203517486 801234567
203517648 801234567
203517864 801234567
203518467 801234567
203518674 801234567
203518746 801234567
203541678 801234567
203541786 801234567
203541867 801234567
203546187 801234567
203546718 801234567
203546871 801234567
203547168 801234567
203547681 801234567
203547816 801234567
203548176 801234567
203548617 801234567
203548761 801234567
203561487 801234567
203561748 801234567
203561874 801234567
203564178 801234567
203564781 801234567
203564817 801234567
203567184 801234567
203567418 801234567
203567841 801234567
203568147 801234567
203568471 801234567
203568714 801234567
203571468 801234567
203571684 801234567
203571846 801234567
203574186 801234567
203574618 801234567
203574861 801234567
203576148 801234567
203576481 801234567
203576814 801234567
203578164 801234567
203578416 801234567
203578641 801234567
203581476 801234567
203581647 801234567
203581764 801234567
203584167 801234567
203584671 801234567
203584716 801234567
203586174 801234567
203586417 801234567
203586741 801234567
203587146 801234567
203587461 801234567
203587614 801234567
203614578 801234567
203614785 801234567
203614857 801234567
203615487 801234567
203615748 801234567
203615874 801234567
203617458 801234567
203617584 801234567
203617845 801234567
203618475 801234567
203618547 801234567
203618754 801234567
203641587 801234567
203641758 801234567
203641875 801234567
203645178 801234567
203645781 801234567
203645817 801234567
203647185 801234567
203647518 801234567
203647851 801234567
203648157 801234567
203648571 801234567
203648715 801234567
203651478 801234567
203651784 801234567
203651847 801234567
203654187 801234567
203654718 801234567
203654871 801234567
203657148 801234567
203657481 801234567
203657814 801234567
203658174 801234567
203658417 801234567
203658741 801234567
203671485 801234567
203671548 801234567
203671854 801234567
203674158 801234567
203674581 801234567
203674815 801234567
203675184 801234567
203675418 801234567
203675841 801234567
203678145 801234567
203678451 801234567
203678514 801234567
203681457 801234567
203681574 801234567
203681745 801234567
203684175 801234567
203684517 801234567
203684751 801234567
203685147 801234567
203685471 801234567
203685714 801234567
203687154 801234567
