736450812 801234567
736451082 801234567
736451208 801234567
736451820 801234567
736452018 801234567
736452180 801234567
736452801 801234567
736458021 801234567
736458102 801234567
736458210 801234567
736480152 801234567
736480215 801234567
736480521 801234567
736481025 801234567
736481250 801234567
736481502 801234567
736482051 801234567
736482105 801234567
736482510 801234567
736485012 801234567
736485120 801234567
736485201 801234567
736501248 801234567
736501482 801234567
736501824 801234567
736502184 801234567
736502418 801234567
736502841 801234567
736504128 801234567
736504281 801234567
736504812 801234567
736508142 801234567
736508214 801234567
736508421 801234567
736510284 801234567
736510428 801234567
736510842 801234567
736512048 801234567
736512480 801234567
736512804 801234567
736514082 801234567
736514208 801234567
736514820 801234567
736518024 801234567
736518240 801234567
736518402 801234567
736520148 801234567
736520481 801234567
736520814 801234567
736521084 801234567
736521408 801234567
736521840 801234567
736524018 801234567
736524180 801234567
736524801 801234567
736528041 801234567
736528104 801234567
736528410 801234567
736540182 801234567
736540218 801234567
736540821 801234567
736541028 801234567
736541280 801234567
736541802 801234567
736542081 801234567
736542108 801234567
736542810 801234567
736548012 801234567
736548120 801234567
736548201 801234567
736580124 801234567
736580241 801234567
736580412 801234567
736581042 801234567
736581204 801234567
736581420 801234567
736582014 801234567
736582140 801234567
736582401 801234567
736584021 801234567
736584102 801234567
736584210 801234567
736801254 801234567
736801425 801234567
736801542 801234567
736802145 801234567
736802451 801234567
736802514 801234567
736804152 801234567
736804215 801234567
736804521 801234567
736805124 801234567
736805241 801234567
736805412 801234567
736810245 801234567
736810452 801234567
736810524 801234567
736812054 801234567
736812405 801234567
736812540 801234567
736814025 801234567
736814250 801234567
736814502 801234567
736815042 801234567
736815204 801234567
736815420 801234567
736820154 801234567
736820415 801234567
736820541 801234567
736821045 801234567
736821450 801234567
736821504 801234567
736824051 801234567
736824105 801234567
736824510 801234567
736825014 801234567
736825140 801234567
736825401 801234567
736840125 801234567
736840251 801234567
736840512 801234567
736841052 801234567
736841205 801234567
736841520 801234567
736842015 801234567
736842150 801234567
736842501 801234567
736845021 801234567
736845102 801234567
736845210 801234567
736850142 801234567
736850214 801234567
736850421 801234567
736851024 801234567
736851240 801234567
736851402 801234567
736852041 801234567
736852104 801234567
736852410 801234567
736854012 801234567
736854120 801234567
736854201 801234567
738012465 801234567
738012546 801234567
738012654 801234567
738014256 801234567
738014562 801234567
738014625 801234567
738015264 801234567
738015426 801234567
738015642 801234567
738016245 801234567
738016452 801234567
738016524 801234567
738021456 801234567
738021564 801234567
738021645 801234567
738024165 801234567
738024516 801234567
738024651 801234567
738025146 801234567
738025461 801234567
738025614 801234567
738026154 801234567
738026415 801234567
738026541 801234567
738041265 801234567
738041526 801234567
738041652 801234567
738042156 801234567
738042561 801234567
738042615 801234567
738045162 801234567
738045216 801234567
738045621 801234567
738046125 801234567
738046251 801234567
738046512 801234567
738051246 801234567
738051462 801234567
738051624 801234567
738052164 801234567
738052416 801234567
738052641 801234567
738054126 801234567
738054261 801234567
738054612 801234567
738056142 801234567
738056214 801234567
738056421 801234567
738061254 801234567
738061425 801234567
738061542 801234567
738062145 801234567
738062451 801234567
738062514 801234567
738064152 801234567
738064215 801234567
738064521 801234567
738065124 801234567
738065241 801234567
738065412 801234567
738102456 801234567
738102564 801234567
738102645 801234567
738104265 801234567
738104526 801234567
738104652 801234567
738105246 801234567
738105462 801234567
738105624 801234567
738106254 801234567
738106425 801234567
738106542 801234567
738120465 801234567
738120546 801234567
738120654 801234567
738124056 801234567
738124560 801234567
738124605 801234567
738125064 801234567
738125406 801234567
738125640 801234567
738126045 801234567
738126450 801234567
738126504 801234567
738140256 801234567
738140562 801234567
738140625 801234567
738142065 801234567
738142506 801234567
738142650 801234567
738145026 801234567
738145260 801234567
738145602 801234567
738146052 801234567
738146205 801234567
738146520 801234567
738150264 801234567
738150426 801234567
738150642 801234567
738152046 801234567
738152460 801234567
738152604 801234567
738154062 801234567
738154206 801234567
738154620 801234567
738156024 801234567
738156240 801234567
738156402 801234567
738160245 801234567
738160452 801234567
738160524 801234567
738162054 801234567
738162405 801234567
738162540 801234567
738164025 801234567
738164250 801234567
738164502 801234567
738165042 801234567
738165204 801234567
738165420 801234567
738201465 801234567
738201546 801234567
738201654 801234567
738204156 801234567
738204561 801234567
738204615 801234567
738205164 801234567
738205416 801234567
738205641 801234567
738206145 801234567
738206451 801234567
738206514 801234567
738210456 801234567
738210564 801234567
738210645 801234567
738214065 801234567
738214506 801234567
738214650 801234567
738215046 801234567
738215460 801234567
738215604 801234567
738216054 801234567
738216405 801234567
738216540 801234567
738240165 801234567
738240516 801234567
738240651 801234567
738241056 801234567
738241560 801234567
738241605 801234567
738245061 801234567
738245106 801234567
738245610 801234567
738246015 801234567
738246150 801234567
738246501 801234567
738250146 801234567
738250461 801234567
738250614 801234567
738251064 801234567
738251406 801234567
738251640 801234567
738254016 801234567
738254160 801234567
738254601 801234567
738256041 801234567
738256104 801234567
738256410 801234567
738260154 801234567
738260415 801234567
738260541 801234567
738261045 801234567
738261450 801234567
738261504 801234567
738264051 801234567
738264105 801234567
738264510 801234567
738265014 801234567
738265140 801234567
738265401 801234567
738401256 801234567
738401562 801234567
738401625 801234567
738402165 801234567
738402516 801234567
738402651 801234567
738405126 801234567
738405261 801234567
738405612 801234567
738406152 801234567
738406215 801234567
738406521 801234567
738410265 801234567
738410526 801234567
738410652 801234567
738412056 801234567
738412560 801234567
738412605 801234567
738415062 801234567
738415206 801234567
738415620 801234567
738416025 801234567
738416250 801234567
738416502 801234567
738420156 801234567
738420561 801234567
738420615 801234567
738421065 801234567
738421506 801234567
738421650 801234567
738425016 801234567
738425160 801234567
738425601 801234567
738426051 801234567
738426105 801234567
738426510 801234567
738450162 801234567
738450216 801234567
738450621 801234567
738451026 801234567
738451260 801234567
738451602 801234567
738452061 801234567
738452106 801234567
738452610 801234567
738456012 801234567
738456120 801234567
738456201 801234567
738460125 801234567
738460251 801234567
738460512 801234567
738461052 801234567
738461205 801234567
738461520 801234567
738462015 801234567
738462150 801234567
738462501 801234567
738465021 801234567
738465102 801234567
738465210 801234567
738501264 801234567
738501426 801234567
738501642 801234567
738502146 801234567
738502461 801234567
738502614 801234567
738504162 801234567
738504216 801234567
738504621 801234567
738506124 801234567
738506241 801234567
738506412 801234567
738510246 801234567
738510462 801234567
738510624 801234567
738512064 801234567
738512406 801234567
738512640 801234567
738514026 801234567
738514260 801234567
738514602 801234567
738516042 801234567
738516204 801234567
738516420 801234567
738520164 801234567
738520416 801234567
738520641 801234567
738521046 801234567
738521460 801234567
738521604 801234567
738524061 801234567
738524106 801234567
738524610 801234567
738526014 801234567
738526140 801234567
738526401 801234567
738540126 801234567
738540261 801234567
738540612 801234567
738541062 801234567
738541206 801234567
738541620 801234567
738542016 801234567
738542160 801234567
738542601 801234567
738546021 801234567
738546102 801234567
738546210 801234567
738560142 801234567
738560214 801234567
738560421 801234567
738561024 801234567
738561240 801234567
738561402 801234567
738562041 801234567
738562104 801234567
738562410 801234567
738564012 801234567
738564120 801234567
738564201 801234567
738601245 801234567
738601452 801234567
738601524 801234567
738602154 801234567
738602415 801234567
738602541 801234567
738604125 801234567
738604251 801234567
738604512 801234567
738605142 801234567
738605214 801234567
738605421 801234567
738610254 801234567
738610425 801234567
738610542 801234567
738612045 801234567
738612450 801234567
738612504 801234567
738614052 801234567
738614205 801234567
738614520 801234567
738615024 801234567
738615240 801234567
738615402 801234567
738620145 801234567
738620451 801234567
738620514 801234567
738621054 801234567
738621405 801234567
738621540 801234567
738624015 801234567
738624150 801234567
738624501 801234567
738625041 801234567
738625104 801234567
738625410 801234567
738640152 801234567
738640215 801234567
738640521 801234567
738641025 801234567
738641250 801234567
738641502 801234567
738642051 801234567
738642105 801234567
738642510 801234567
738645012 801234567
738645120 801234567
738645201 801234567
738650124 801234567
738650241 801234567
738650412 801234567
738651042 801234567
738651204 801234567
738651420 801234567
738652014 801234567
738652140 801234567
738652401 801234567
