380564217 801234567
380564721 801234567
380567124 801234567
380567241 801234567
380567412 801234567
380571246 801234567
380571462 801234567
380571624 801234567
380572164 801234567
380572416 801234567
380572641 801234567
380574126 801234567
380574261 801234567
380574612 801234567
380576142 801234567
380576214 801234567
380576421 801234567
380612475 801234567
380612547 801234567
380612754 801234567
380614257 801234567
380614572 801234567
380614725 801234567
380615274 801234567
380615427 801234567
380615742 801234567
380617245 801234567
380617452 801234567
380617524 801234567
380621457 801234567
380621574 801234567
380621745 801234567
380624175 801234567
380624517 801234567
380624751 801234567
380625147 801234567
380625471 801234567
380625714 801234567
380627154 801234567
380627415 801234567
380627541 801234567
380641275 801234567
380641527 801234567
380641752 801234567
380642157 801234567
380642571 801234567
380642715 801234567
380645172 801234567
380645217 801234567
380645721 801234567
380647125 801234567
380647251 801234567
380647512 801234567
380651247 801234567
380651472 801234567
380651724 801234567
380652174 801234567
380652417 801234567
380652741 801234567
380654127 801234567
380654271 801234567
380654712 801234567
380657142 801234567
380657214 801234567
380657421 801234567
380671254 801234567
380671425 801234567
380671542 801234567
380672145 801234567
380672451 801234567
380672514 801234567
380674152 801234567
380674215 801234567
380674521 801234567
380675124 801234567
380675241 801234567
380675412 801234567
380712456 801234567
380712564 801234567
380712645 801234567
380714265 801234567
380714526 801234567
380714652 801234567
380715246 801234567
380715462 801234567
380715624 801234567
380716254 801234567
380716425 801234567
380716542 801234567
380721465 801234567
380721546 801234567
380721654 801234567
380724156 801234567
380724561 801234567
380724615 801234567
380725164 801234567
380725416 801234567
380725641 801234567
380726145 801234567
380726451 801234567
380726514 801234567
380741256 801234567
380741562 801234567
380741625 801234567
380742165 801234567
380742516 801234567
380742651 801234567
380745126 801234567
380745261 801234567
380745612 801234567
380746152 801234567
380746215 801234567
380746521 801234567
380751264 801234567
380751426 801234567
380751642 801234567
380752146 801234567
380752461 801234567
380752614 801234567
380754162 801234567
380754216 801234567
380754621 801234567
380756124 801234567
380756241 801234567
380756412 801234567
380761245 801234567
380761452 801234567
380761524 801234567
380762154 801234567
380762415 801234567
380762541 801234567
380764125 801234567
380764251 801234567
380764512 801234567
380765142 801234567
380765214 801234567
380765421 801234567
381024567 801234567
381024675 801234567
381024756 801234567
381025476 801234567
381025647 801234567
381025764 801234567
381026457 801234567
381026574 801234567
381026745 801234567
381027465 801234567
381027546 801234567
381027654 801234567
381042576 801234567
381042657 801234567
381042765 801234567
381045267 801234567
381045672 801234567
381045726 801234567
381046275 801234567
381046527 801234567
381046752 801234567
381047256 801234567
381047562 801234567
381047625 801234567
381052467 801234567
381052674 801234567
381052746 801234567
381054276 801234567
381054627 801234567
381054762 801234567
381056247 801234567
381056472 801234567
381056724 801234567
381057264 801234567
381057426 801234567
381057642 801234567
381062475 801234567
381062547 801234567
381062754 801234567
381064257 801234567
381064572 801234567
381064725 801234567
381065274 801234567
381065427 801234567
381065742 801234567
381067245 801234567
381067452 801234567
381067524 801234567
381072456 801234567
381072564 801234567
381072645 801234567
381074265 801234567
381074526 801234567
381074652 801234567
381075246 801234567
381075462 801234567
381075624 801234567
381076254 801234567
381076425 801234567
381076542 801234567
381204576 801234567
381204657 801234567
381204765 801234567
381205467 801234567
381205674 801234567
381205746 801234567
381206475 801234567
381206547 801234567
381206754 801234567
381207456 801234567
381207564 801234567
381207645 801234567
381240567 801234567
381240675 801234567
381240756 801234567
381245076 801234567
381245607 801234567
381245760 801234567
381246057 801234567
381246570 801234567
381246705 801234567
381247065 801234567
381247506 801234567
381247650 801234567
381250476 801234567
381250647 801234567
381250764 801234567
381254067 801234567
381254670 801234567
381254706 801234567
381256074 801234567
381256407 801234567
381256740 801234567
381257046 801234567
381257460 801234567
381257604 801234567
381260457 801234567
381260574 801234567
381260745 801234567
381264075 801234567
381264507 801234567
381264750 801234567
381265047 801234567
381265470 801234567
381265704 801234567
381267054 801234567
381267405 801234567
381267540 801234567
381270465 801234567
381270546 801234567
381270654 801234567
381274056 801234567
381274560 801234567
381274605 801234567
381275064 801234567
381275406 801234567
381275640 801234567
381276045 801234567
381276450 801234567
381276504 801234567
381402567 801234567
381402675 801234567
381402756 801234567
381405276 801234567
381405627 801234567
381405762 801234567
381406257 801234567
381406572 801234567
381406725 801234567
381407265 801234567
381407526 801234567
381407652 801234567
381420576 801234567
381420657 801234567
381420765 801234567
381425067 801234567
381425670 801234567
381425706 801234567
381426075 801234567
381426507 801234567
381426750 801234567
381427056 801234567
381427560 801234567
381427605 801234567
381450267 801234567
381450672 801234567
381450726 801234567
381452076 801234567
381452607 801234567
381452760 801234567
381456027 801234567
381456270 801234567
381456702 801234567
381457062 801234567
381457206 801234567
381457620 801234567
381460275 801234567
381460527 801234567
381460752 801234567
381462057 801234567
381462570 801234567
381462705 801234567
381465072 801234567
381465207 801234567
381465720 801234567
381467025 801234567
381467250 801234567
381467502 801234567
381470256 801234567
381470562 801234567
381470625 801234567
381472065 801234567
381472506 801234567
381472650 801234567
381475026 801234567
381475260 801234567
381475602 801234567
381476052 801234567
381476205 801234567
381476520 801234567
381502476 801234567
381502647 801234567
381502764 801234567
381504267 801234567
381504672 801234567
381504726 801234567
381506274 801234567
381506427 801234567
381506742 801234567
381507246 801234567
381507462 801234567
381507624 801234567
381520467 801234567
381520674 801234567
381520746 801234567
381524076 801234567
381524607 801234567
381524760 801234567
381526047 801234567
381526470 801234567
381526704 801234567
381527064 801234567
381527406 801234567
381527640 801234567
381540276 801234567
381540627 801234567
381540762 801234567
381542067 801234567
381542670 801234567
381542706 801234567
381546072 801234567
381546207 801234567
381546720 801234567
381547026 801234567
381547260 801234567
381547602 801234567
381560247 801234567
381560472 801234567
381560724 801234567
381562074 801234567
381562407 801234567
381562740 801234567
381564027 801234567
381564270 801234567
381564702 801234567
381567042 801234567
381567204 801234567
381567420 801234567
381570264 801234567
381570426 801234567
381570642 801234567
381572046 801234567
381572460 801234567
381572604 801234567
381574062 801234567
381574206 801234567
381574620 801234567
381576024 801234567
381576240 801234567
381576402 801234567
381602457 801234567
381602574 801234567
381602745 801234567
381604275 801234567
381604527 801234567
381604752 801234567
381605247 801234567
381605472 801234567
381605724 801234567
381607254 801234567
381607425 801234567
381607542 801234567
381620475 801234567
381620547 801234567
381620754 801234567
381624057 801234567
381624570 801234567
381624705 801234567
381625074 801234567
381625407 801234567
381625740 801234567
381627045 801234567
381627450 801234567
381627504 801234567
381640257 801234567
381640572 801234567
381640725 801234567
381642075 801234567
381642507 801234567
381642750 801234567
381645027 801234567
381645270 801234567
381645702 801234567
381647052 801234567
381647205 801234567
381647520 801234567
381650274 801234567
381650427 801234567
381650742 801234567
381652047 801234567
381652470 801234567
381652704 801234567
381654072 801234567
381654207 801234567
381654720 801234567
381657024 801234567
381657240 801234567
381657402 801234567
381670245 801234567
381670452 801234567
381670524 801234567
381672054 801234567
381672405 801234567
381672540 801234567
381674025 801234567
381674250 801234567
381674502 801234567
381675042 801234567
381675204 801234567
381675420 801234567
381702465 801234567
381702546 801234567
381702654 801234567
381704256 801234567
381704562 801234567
381704625 801234567
381705264 801234567
381705426 801234567
381705642 801234567
381706245 801234567
381706452 801234567
381706524 801234567
381720456 801234567
381720564 801234567
381720645 801234567
381724065 801234567
381724506 801234567
381724650 801234567
381725046 801234567
381725460 801234567
381725604 801234567
381726054 801234567
381726405 801234567
381726540 801234567
381740265 801234567
381740526 801234567
381740652 801234567
381742056 801234567
381742560 801234567
381742605 801234567
381745062 801234567
381745206 801234567
381745620 801234567
381746025 801234567
381746250 801234567
381746502 801234567
381750246 801234567
381750462 801234567
381750624 801234567
381752064 801234567
381752406 801234567
381752640 801234567
381754026 801234567
381754260 801234567
381754602 801234567
381756042 801234567
381756204 801234567
381756420 801234567
381760254 801234567
381760425 801234567
381760542 801234567
381762045 801234567
381762450 801234567
381762504 801234567
381764052 801234567
381764205 801234567
381764520 801234567
381765024 801234567
381765240 801234567
381765402 801234567
382014576 801234567
382014657 801234567
