586024317 801234567
586024731 801234567
586027134 801234567
586027341 801234567
586027413 801234567
586031247 801234567
586031472 801234567
586031724 801234567
586032174 801234567
586032417 801234567
586032741 801234567
586034127 801234567
586034271 801234567
586034712 801234567
586037142 801234567
586037214 801234567
586037421 801234567
586041273 801234567
586041327 801234567
586041732 801234567
586042137 801234567
586042371 801234567
586042713 801234567
586043172 801234567
586043217 801234567
586043721 801234567
586047123 801234567
586047231 801234567
586047312 801234567
586071234 801234567
586071342 801234567
586071423 801234567
586072143 801234567
586072314 801234567
586072431 801234567
586073124 801234567
586073241 801234567
586073412 801234567
586074132 801234567
586074213 801234567
586074321 801234567
586102374 801234567
586102437 801234567
586102743 801234567
586103247 801234567
586103472 801234567
586103724 801234567
586104273 801234567
586104327 801234567
586104732 801234567
586107234 801234567
586107342 801234567
586107423 801234567
586120347 801234567
586120473 801234567
586120734 801234567
586123074 801234567
586123407 801234567
586123740 801234567
586124037 801234567
586124370 801234567
586124703 801234567
586127043 801234567
586127304 801234567
586127430 801234567
586130274 801234567
586130427 801234567
586130742 801234567
586132047 801234567
586132470 801234567
586132704 801234567
586134072 801234567
586134207 801234567
586134720 801234567
586137024 801234567
586137240 801234567
586137402 801234567
586140237 801234567
586140372 801234567
586140723 801234567
586142073 801234567
586142307 801234567
586142730 801234567
586143027 801234567
586143270 801234567
586143702 801234567
586147032 801234567
586147203 801234567
586147320 801234567
586170243 801234567
586170324 801234567
586170432 801234567
586172034 801234567
586172340 801234567
586172403 801234567
586173042 801234567
586173204 801234567
586173420 801234567
586174023 801234567
586174230 801234567
586174302 801234567
586201347 801234567
586201473 801234567
586201734 801234567
586203174 801234567
586203417 801234567
586203741 801234567
586204137 801234567
586204371 801234567
586204713 801234567
586207143 801234567
586207314 801234567
586207431 801234567
586210374 801234567
586210437 801234567
586210743 801234567
586213047 801234567
586213470 801234567
586213704 801234567
586214073 801234567
586214307 801234567
586214730 801234567
586217034 801234567
586217340 801234567
586217403 801234567
586230147 801234567
586230471 801234567
586230714 801234567
586231074 801234567
586231407 801234567
586231740 801234567
586234017 801234567
586234170 801234567
586234701 801234567
586237041 801234567
586237104 801234567
586237410 801234567
586240173 801234567
586240317 801234567
586240731 801234567
586241037 801234567
586241370 801234567
586241703 801234567
586243071 801234567
586243107 801234567
586243710 801234567
586247013 801234567
586247130 801234567
586247301 801234567
586270134 801234567
586270341 801234567
586270413 801234567
586271043 801234567
586271304 801234567
586271430 801234567
586273014 801234567
586273140 801234567
586273401 801234567
586274031 801234567
586274103 801234567
586274310 801234567
586301274 801234567
586301427 801234567
586301742 801234567
586302147 801234567
586302471 801234567
586302714 801234567
586304172 801234567
586304217 801234567
586304721 801234567
586307124 801234567
586307241 801234567
586307412 801234567
586310247 801234567
586310472 801234567
586310724 801234567
586312074 801234567
586312407 801234567
586312740 801234567
586314027 801234567
586314270 801234567
586314702 801234567
586317042 801234567
586317204 801234567
586317420 801234567
586320174 801234567
586320417 801234567
586320741 801234567
586321047 801234567
586321470 801234567
586321704 801234567
586324071 801234567
586324107 801234567
586324710 801234567
586327014 801234567
586327140 801234567
586327401 801234567
586340127 801234567
586340271 801234567
586340712 801234567
586341072 801234567
586341207 801234567
586341720 801234567
586342017 801234567
586342170 801234567
586342701 801234567
586347021 801234567
586347102 801234567
586347210 801234567
586370142 801234567
586370214 801234567
586370421 801234567
586371024 801234567
586371240 801234567
586371402 801234567
586372041 801234567
586372104 801234567
586372410 801234567
586374012 801234567
586374120 801234567
586374201 801234567
586401237 801234567
586401372 801234567
586401723 801234567
586402173 801234567
586402317 801234567
586402731 801234567
586403127 801234567
586403271 801234567
586403712 801234567
586407132 801234567
586407213 801234567
586407321 801234567
586410273 801234567
586410327 801234567
586410732 801234567
586412037 801234567
586412370 801234567
586412703 801234567
586413072 801234567
586413207 801234567
586413720 801234567
586417023 801234567
586417230 801234567
586417302 801234567
586420137 801234567
586420371 801234567
586420713 801234567
586421073 801234567
586421307 801234567
586421730 801234567
586423017 801234567
586423170 801234567
586423701 801234567
586427031 801234567
586427103 801234567
586427310 801234567
586430172 801234567
586430217 801234567
586430721 801234567
586431027 801234567
586431270 801234567
586431702 801234567
586432071 801234567
586432107 801234567
586432710 801234567
586437012 801234567
586437120 801234567
586437201 801234567
586470123 801234567
586470231 801234567
586470312 801234567
586471032 801234567
586471203 801234567
586471320 801234567
586472013 801234567
586472130 801234567
586472301 801234567
586473021 801234567
586473102 801234567
586473210 801234567
586701243 801234567
586701324 801234567
586701432 801234567
586702134 801234567
586702341 801234567
586702413 801234567
586703142 801234567
586703214 801234567
586703421 801234567
586704123 801234567
586704231 801234567
586704312 801234567
586710234 801234567
586710342 801234567
586710423 801234567
586712043 801234567
586712304 801234567
586712430 801234567
586713024 801234567
586713240 801234567
586713402 801234567
586714032 801234567
586714203 801234567
586714320 801234567
586720143 801234567
586720314 801234567
586720431 801234567
586721034 801234567
586721340 801234567
586721403 801234567
586723041 801234567
586723104 801234567
586723410 801234567
586724013 801234567
586724130 801234567
586724301 801234567
586730124 801234567
586730241 801234567
586730412 801234567
586731042 801234567
586731204 801234567
586731420 801234567
586732014 801234567
586732140 801234567
586732401 801234567
586734021 801234567
586734102 801234567
586734210 801234567
586740132 801234567
586740213 801234567
586740321 801234567
586741023 801234567
586741230 801234567
586741302 801234567
586742031 801234567
586742103 801234567
586742310 801234567
586743012 801234567
586743120 801234567
586743201 801234567
587012364 801234567
587012436 801234567
587012643 801234567
587013246 801234567
587013462 801234567
587013624 801234567
587014263 801234567
587014326 801234567
587014632 801234567
587016234 801234567
587016342 801234567
587016423 801234567
587021346 801234567
587021463 801234567
587021634 801234567
587023164 801234567
587023416 801234567
587023641 801234567
587024136 801234567
587024361 801234567
587024613 801234567
587026143 801234567
587026314 801234567
587026431 801234567
587031264 801234567
587031426 801234567
587031642 801234567
587032146 801234567
587032461 801234567
587032614 801234567
587034162 801234567
587034216 801234567
587034621 801234567
587036124 801234567
587036241 801234567
587036412 801234567
587041236 801234567
587041362 801234567
587041623 801234567
587042163 801234567
587042316 801234567
587042631 801234567
587043126 801234567
587043261 801234567
587043612 801234567
587046132 801234567
587046213 801234567
587046321 801234567
587061243 801234567
587061324 801234567
587061432 801234567
587062134 801234567
587062341 801234567
587062413 801234567
587063142 801234567
587063214 801234567
587063421 801234567
587064123 801234567
587064231 801234567
587064312 801234567
587102346 801234567
587102463 801234567
587102634 801234567
587103264 801234567
587103426 801234567
587103642 801234567
587104236 801234567
587104362 801234567
587104623 801234567
587106243 801234567
587106324 801234567
587106432 801234567
587120364 801234567
587120436 801234567
587120643 801234567
587123046 801234567
587123460 801234567
587123604 801234567
587124063 801234567
587124306 801234567
587124630 801234567
587126034 801234567
587126340 801234567
587126403 801234567
587130246 801234567
587130462 801234567
587130624 801234567
587132064 801234567
587132406 801234567
587132640 801234567
587134026 801234567
587134260 801234567
587134602 801234567
587136042 801234567
587136204 801234567
587136420 801234567
587140263 801234567
587140326 801234567
587140632 801234567
587142036 801234567
587142360 801234567
587142603 801234567
587143062 801234567
587143206 801234567
587143620 801234567
587146023 801234567
587146230 801234567
587146302 801234567
587160234 801234567
587160342 801234567
587160423 801234567
587162043 801234567
587162304 801234567
587162430 801234567
587163024 801234567
587163240 801234567
587163402 801234567
587164032 801234567
587164203 801234567
587164320 801234567
587201364 801234567
587201436 801234567
587201643 801234567
587203146 801234567
587203461 801234567
587203614 801234567
587204163 801234567
587204316 801234567
587204631 801234567
587206134 801234567
587206341 801234567
587206413 801234567
587210346 801234567
587210463 801234567
587210634 801234567
587213064 801234567
587213406 801234567
587213640 801234567
587214036 801234567
587214360 801234567
587214603 801234567
587216043 801234567
587216304 801234567
587216430 801234567
587230164 801234567
587230416 801234567
587230641 801234567
587231046 801234567
587231460 801234567
587231604 801234567
587234061 801234567
587234106 801234567
587234610 801234567
587236014 801234567
587236140 801234567
587236401 801234567
587240136 801234567
587240361 801234567
