568321407 801234567
568321740 801234567
568324017 801234567
568324170 801234567
568324701 801234567
568327041 801234567
568327104 801234567
568327410 801234567
568340172 801234567
568340217 801234567
568340721 801234567
568341027 801234567
568341270 801234567
568341702 801234567
568342071 801234567
568342107 801234567
568342710 801234567
568347012 801234567
568347120 801234567
568347201 801234567
568370124 801234567
568370241 801234567
568370412 801234567
568371042 801234567
568371204 801234567
568371420 801234567
568372014 801234567
568372140 801234567
568372401 801234567
568374021 801234567
568374102 801234567
568374210 801234567
568401273 801234567
568401327 801234567
568401732 801234567
568402137 801234567
568402371 801234567
568402713 801234567
568403172 801234567
568403217 801234567
568403721 801234567
568407123 801234567
568407231 801234567
568407312 801234567
568410237 801234567
568410372 801234567
568410723 801234567
568412073 801234567
568412307 801234567
568412730 801234567
568413027 801234567
568413270 801234567
568413702 801234567
568417032 801234567
568417203 801234567
568417320 801234567
568420173 801234567
568420317 801234567
568420731 801234567
568421037 801234567
568421370 801234567
568421703 801234567
568423071 801234567
568423107 801234567
568423710 801234567
568427013 801234567
568427130 801234567
568427301 801234567
568430127 801234567
568430271 801234567
568430712 801234567
568431072 801234567
568431207 801234567
568431720 801234567
568432017 801234567
568432170 801234567
568432701 801234567
568437021 801234567
568437102 801234567
568437210 801234567
568470132 801234567
568470213 801234567
568470321 801234567
568471023 801234567
568471230 801234567
568471302 801234567
568472031 801234567
568472103 801234567
568472310 801234567
568473012 801234567
568473120 801234567
568473201 801234567
568701234 801234567
568701342 801234567
568701423 801234567
568702143 801234567
568702314 801234567
568702431 801234567
568703124 801234567
568703241 801234567
568703412 801234567
568704132 801234567
568704213 801234567
568704321 801234567
568710243 801234567
568710324 801234567
568710432 801234567
568712034 801234567
568712340 801234567
568712403 801234567
568713042 801234567
568713204 801234567
568713420 801234567
568714023 801234567
568714230 801234567
568714302 801234567
568720134 801234567
568720341 801234567
568720413 801234567
568721043 801234567
568721304 801234567
568721430 801234567
568723014 801234567
568723140 801234567
568723401 801234567
568724031 801234567
568724103 801234567
568724310 801234567
568730142 801234567
568730214 801234567
568730421 801234567
568731024 801234567
568731240 801234567
568731402 801234567
568732041 801234567
568732104 801234567
568732410 801234567
568734012 801234567
568734120 801234567
568734201 801234567
568740123 801234567
568740231 801234567
568740312 801234567
568741032 801234567
568741203 801234567
568741320 801234567
568742013 801234567
568742130 801234567
568742301 801234567
568743021 801234567
568743102 801234567
568743210 801234567
570123468 801234567
570123684 801234567
570123846 801234567
570124386 801234567
570124638 801234567
570124863 801234567
570126348 801234567
570126483 801234567
570126834 801234567
570128364 801234567
570128436 801234567
570128643 801234567
570132486 801234567
570132648 801234567
570132864 801234567
570134268 801234567
570134682 801234567
570134826 801234567
570136284 801234567
570136428 801234567
570136842 801234567
570138246 801234567
570138462 801234567
570138624 801234567
570142368 801234567
570142683 801234567
570142836 801234567
570143286 801234567
570143628 801234567
570143862 801234567
570146238 801234567
570146382 801234567
570146823 801234567
570148263 801234567
570148326 801234567
570148632 801234567
570162384 801234567
570162438 801234567
570162843 801234567
570163248 801234567
570163482 801234567
570163824 801234567
570164283 801234567
570164328 801234567
570164832 801234567
570168234 801234567
570168342 801234567
570168423 801234567
570182346 801234567
570182463 801234567
570182634 801234567
570183264 801234567
570183426 801234567
570183642 801234567
570184236 801234567
570184362 801234567
570184623 801234567
570186243 801234567
570186324 801234567
570186432 801234567
570213486 801234567
570213648 801234567
570213864 801234567
570214368 801234567
570214683 801234567
570214836 801234567
570216384 801234567
570216438 801234567
570216843 801234567
570218346 801234567
570218463 801234567
570218634 801234567
570231468 801234567
570231684 801234567
570231846 801234567
570234186 801234567
570234618 801234567
570234861 801234567
570236148 801234567
570236481 801234567
570236814 801234567
570238164 801234567
570238416 801234567
570238641 801234567
570241386 801234567
570241638 801234567
570241863 801234567
570243168 801234567
570243681 801234567
570243816 801234567
570246183 801234567
570246318 801234567
570246831 801234567
570248136 801234567
570248361 801234567
570248613 801234567
570261348 801234567
570261483 801234567
570261834 801234567
570263184 801234567
570263418 801234567
570263841 801234567
570264138 801234567
570264381 801234567
570264813 801234567
570268143 801234567
570268314 801234567
570268431 801234567
570281364 801234567
570281436 801234567
570281643 801234567
570283146 801234567
570283461 801234567
570283614 801234567
570284163 801234567
570284316 801234567
570284631 801234567
570286134 801234567
570286341 801234567
570286413 801234567
570312468 801234567
570312684 801234567
570312846 801234567
570314286 801234567
570314628 801234567
570314862 801234567
570316248 801234567
570316482 801234567
570316824 801234567
570318264 801234567
570318426 801234567
570318642 801234567
570321486 801234567
570321648 801234567
570321864 801234567
570324168 801234567
570324681 801234567
570324816 801234567
570326184 801234567
570326418 801234567
570326841 801234567
570328146 801234567
570328461 801234567
570328614 801234567
570341268 801234567
570341682 801234567
570341826 801234567
570342186 801234567
570342618 801234567
570342861 801234567
570346128 801234567
570346281 801234567
570346812 801234567
570348162 801234567
570348216 801234567
570348621 801234567
570361284 801234567
570361428 801234567
570361842 801234567
570362148 801234567
570362481 801234567
570362814 801234567
570364182 801234567
570364218 801234567
570364821 801234567
570368124 801234567
570368241 801234567
570368412 801234567
570381246 801234567
570381462 801234567
570381624 801234567
570382164 801234567
570382416 801234567
570382641 801234567
570384126 801234567
570384261 801234567
570384612 801234567
570386142 801234567
570386214 801234567
570386421 801234567
570412386 801234567
570412638 801234567
570412863 801234567
570413268 801234567
570413682 801234567
570413826 801234567
570416283 801234567
570416328 801234567
570416832 801234567
570418236 801234567
570418362 801234567
570418623 801234567
570421368 801234567
570421683 801234567
570421836 801234567
570423186 801234567
570423618 801234567
570423861 801234567
570426138 801234567
570426381 801234567
570426813 801234567
570428163 801234567
570428316 801234567
570428631 801234567
570431286 801234567
570431628 801234567
570431862 801234567
570432168 801234567
570432681 801234567
570432816 801234567
570436182 801234567
570436218 801234567
570436821 801234567
570438126 801234567
570438261 801234567
570438612 801234567
570461238 801234567
570461382 801234567
570461823 801234567
570462183 801234567
570462318 801234567
570462831 801234567
570463128 801234567
570463281 801234567
570463812 801234567
570468132 801234567
570468213 801234567
570468321 801234567
570481263 801234567
570481326 801234567
570481632 801234567
570482136 801234567
570482361 801234567
570482613 801234567
570483162 801234567
570483216 801234567
570483621 801234567
570486123 801234567
570486231 801234567
570486312 801234567
570612348 801234567
570612483 801234567
570612834 801234567
570613284 801234567
570613428 801234567
570613842 801234567
570614238 801234567
570614382 801234567
570614823 801234567
570618243 801234567
570618324 801234567
570618432 801234567
570621384 801234567
570621438 801234567
570621843 801234567
570623148 801234567
570623481 801234567
570623814 801234567
570624183 801234567
570624318 801234567
570624831 801234567
570628134 801234567
570628341 801234567
570628413 801234567
570631248 801234567
570631482 801234567
570631824 801234567
570632184 801234567
570632418 801234567
570632841 801234567
570634128 801234567
570634281 801234567
570634812 801234567
570638142 801234567
570638214 801234567
570638421 801234567
570641283 801234567
570641328 801234567
570641832 801234567
570642138 801234567
570642381 801234567
570642813 801234567
570643182 801234567
570643218 801234567
570643821 801234567
570648123 801234567
570648231 801234567
570648312 801234567
570681234 801234567
570681342 801234567
570681423 801234567
570682143 801234567
570682314 801234567
570682431 801234567
570683124 801234567
570683241 801234567
570683412 801234567
570684132 801234567
570684213 801234567
570684321 801234567
570812364 801234567
570812436 801234567
570812643 801234567
570813246 801234567
570813462 801234567
570813624 801234567
570814263 801234567
570814326 801234567
570814632 801234567
570816234 801234567
570816342 801234567
570816423 801234567
570821346 801234567
570821463 801234567
570821634 801234567
570823164 801234567
570823416 801234567
570823641 801234567
570824136 801234567
570824361 801234567
570824613 801234567
570826143 801234567
570826314 801234567
570826431 801234567
570831264 801234567
570831426 801234567
570831642 801234567
570832146 801234567
570832461 801234567
570832614 801234567
570834162 801234567
570834216 801234567
570834621 801234567
570836124 801234567
570836241 801234567
570836412 801234567
570841236 801234567
570841362 801234567
570841623 801234567
570842163 801234567
570842316 801234567
570842631 801234567
570843126 801234567
570843261 801234567
570843612 801234567
570846132 801234567
570846213 801234567
