374268105 801234567
374268510 801234567
374280165 801234567
374280516 801234567
374280651 801234567
374281056 801234567
374281560 801234567
374281605 801234567
374285061 801234567
374285106 801234567
374285610 801234567
374286015 801234567
374286150 801234567
374286501 801234567
374501268 801234567
374501682 801234567
374501826 801234567
374502186 801234567
374502618 801234567
374502861 801234567
374506128 801234567
374506281 801234567
374506812 801234567
374508162 801234567
374508216 801234567
374508621 801234567
374510286 801234567
374510628 801234567
374510862 801234567
374512068 801234567
374512680 801234567
374512806 801234567
374516082 801234567
374516208 801234567
374516820 801234567
374518026 801234567
374518260 801234567
374518602 801234567
374520168 801234567
374520681 801234567
374520816 801234567
374521086 801234567
374521608 801234567
374521860 801234567
374526018 801234567
374526180 801234567
374526801 801234567
374528061 801234567
374528106 801234567
374528610 801234567
374560182 801234567
374560218 801234567
374560821 801234567
374561028 801234567
374561280 801234567
374561802 801234567
374562081 801234567
374562108 801234567
374562810 801234567
374568012 801234567
374568120 801234567
374568201 801234567
374580126 801234567
374580261 801234567
374580612 801234567
374581062 801234567
374581206 801234567
374581620 801234567
374582016 801234567
374582160 801234567
374582601 801234567
374586021 801234567
374586102 801234567
374586210 801234567
374601285 801234567
374601528 801234567
374601852 801234567
374602158 801234567
374602581 801234567
374602815 801234567
374605182 801234567
374605218 801234567
374605821 801234567
374608125 801234567
374608251 801234567
374608512 801234567
374610258 801234567
374610582 801234567
374610825 801234567
374612085 801234567
374612508 801234567
374612850 801234567
374615028 801234567
374615280 801234567
374615802 801234567
374618052 801234567
374618205 801234567
374618520 801234567
374620185 801234567
374620518 801234567
374620851 801234567
374621058 801234567
374621580 801234567
374621805 801234567
374625081 801234567
374625108 801234567
374625810 801234567
374628015 801234567
374628150 801234567
374628501 801234567
374650128 801234567
374650281 801234567
374650812 801234567
374651082 801234567
374651208 801234567
374651820 801234567
374652018 801234567
374652180 801234567
374652801 801234567
374658021 801234567
374658102 801234567
374658210 801234567
374680152 801234567
374680215 801234567
374680521 801234567
374681025 801234567
374681250 801234567
374681502 801234567
374682051 801234567
374682105 801234567
374682510 801234567
374685012 801234567
374685120 801234567
374685201 801234567
374801256 801234567
374801562 801234567
374801625 801234567
374802165 801234567
374802516 801234567
374802651 801234567
374805126 801234567
374805261 801234567
374805612 801234567
374806152 801234567
374806215 801234567
374806521 801234567
374810265 801234567
374810526 801234567
374810652 801234567
374812056 801234567
374812560 801234567
374812605 801234567
374815062 801234567
374815206 801234567
374815620 801234567
374816025 801234567
374816250 801234567
374816502 801234567
374820156 801234567
374820561 801234567
374820615 801234567
374821065 801234567
374821506 801234567
374821650 801234567
374825016 801234567
374825160 801234567
374825601 801234567
374826051 801234567
374826105 801234567
374826510 801234567
374850162 801234567
374850216 801234567
374850621 801234567
374851026 801234567
374851260 801234567
374851602 801234567
374852061 801234567
374852106 801234567
374852610 801234567
374856012 801234567
374856120 801234567
374856201 801234567
374860125 801234567
374860251 801234567
374860512 801234567
374861052 801234567
374861205 801234567
374861520 801234567
374862015 801234567
374862150 801234567
374862501 801234567
374865021 801234567
374865102 801234567
374865210 801234567
375012468 801234567
375012684 801234567
375012846 801234567
375014286 801234567
375014628 801234567
375014862 801234567
375016248 801234567
375016482 801234567
375016824 801234567
375018264 801234567
375018426 801234567
375018642 801234567
375021486 801234567
375021648 801234567
375021864 801234567
375024168 801234567
375024681 801234567
375024816 801234567
375026184 801234567
375026418 801234567
375026841 801234567
375028146 801234567
375028461 801234567
375028614 801234567
375041268 801234567
375041682 801234567
375041826 801234567
375042186 801234567
375042618 801234567
375042861 801234567
375046128 801234567
375046281 801234567
375046812 801234567
375048162 801234567
375048216 801234567
375048621 801234567
375061284 801234567
375061428 801234567
375061842 801234567
375062148 801234567
375062481 801234567
375062814 801234567
375064182 801234567
375064218 801234567
375064821 801234567
375068124 801234567
375068241 801234567
375068412 801234567
375081246 801234567
375081462 801234567
375081624 801234567
375082164 801234567
375082416 801234567
375082641 801234567
375084126 801234567
375084261 801234567
375084612 801234567
375086142 801234567
375086214 801234567
375086421 801234567
375102486 801234567
375102648 801234567
375102864 801234567
375104268 801234567
375104682 801234567
375104826 801234567
375106284 801234567
375106428 801234567
375106842 801234567
375108246 801234567
375108462 801234567
375108624 801234567
375120468 801234567
375120684 801234567
375120846 801234567
375124086 801234567
375124608 801234567
375124860 801234567
375126048 801234567
375126480 801234567
375126804 801234567
375128064 801234567
375128406 801234567
375128640 801234567
375140286 801234567
375140628 801234567
375140862 801234567
375142068 801234567
375142680 801234567
375142806 801234567
375146082 801234567
375146208 801234567
375146820 801234567
375148026 801234567
375148260 801234567
375148602 801234567
375160248 801234567
375160482 801234567
375160824 801234567
375162084 801234567
375162408 801234567
375162840 801234567
375164028 801234567
375164280 801234567
375164802 801234567
375168042 801234567
375168204 801234567
375168420 801234567
375180264 801234567
375180426 801234567
375180642 801234567
375182046 801234567
375182460 801234567
375182604 801234567
375184062 801234567
375184206 801234567
375184620 801234567
375186024 801234567
375186240 801234567
375186402 801234567
375201468 801234567
375201684 801234567
375201846 801234567
375204186 801234567
375204618 801234567
375204861 801234567
375206148 801234567
375206481 801234567
375206814 801234567
375208164 801234567
375208416 801234567
375208641 801234567
375210486 801234567
375210648 801234567
375210864 801234567
375214068 801234567
375214680 801234567
375214806 801234567
375216084 801234567
375216408 801234567
375216840 801234567
375218046 801234567
375218460 801234567
375218604 801234567
375240168 801234567
375240681 801234567
375240816 801234567
375241086 801234567
375241608 801234567
375241860 801234567
375246018 801234567
375246180 801234567
375246801 801234567
375248061 801234567
375248106 801234567
375248610 801234567
375260184 801234567
375260418 801234567
375260841 801234567
375261048 801234567
375261480 801234567
375261804 801234567
375264081 801234567
375264108 801234567
375264810 801234567
375268014 801234567
375268140 801234567
375268401 801234567
375280146 801234567
375280461 801234567
375280614 801234567
375281064 801234567
375281406 801234567
375281640 801234567
375284016 801234567
375284160 801234567
375284601 801234567
375286041 801234567
375286104 801234567
375286410 801234567
375401286 801234567
375401628 801234567
375401862 801234567
375402168 801234567
375402681 801234567
375402816 801234567
375406182 801234567
375406218 801234567
375406821 801234567
375408126 801234567
375408261 801234567
375408612 801234567
375410268 801234567
375410682 801234567
375410826 801234567
375412086 801234567
375412608 801234567
375412860 801234567
375416028 801234567
375416280 801234567
375416802 801234567
375418062 801234567
375418206 801234567
375418620 801234567
375420186 801234567
375420618 801234567
375420861 801234567
375421068 801234567
375421680 801234567
375421806 801234567
375426081 801234567
375426108 801234567
375426810 801234567
375428016 801234567
375428160 801234567
375428601 801234567
375460128 801234567
375460281 801234567
375460812 801234567
375461082 801234567
375461208 801234567
375461820 801234567
375462018 801234567
375462180 801234567
375462801 801234567
375468021 801234567
375468102 801234567
375468210 801234567
375480162 801234567
375480216 801234567
375480621 801234567
375481026 801234567
375481260 801234567
375481602 801234567
375482061 801234567
375482106 801234567
375482610 801234567
375486012 801234567
375486120 801234567
375486201 801234567
375601248 801234567
375601482 801234567
375601824 801234567
375602184 801234567
375602418 801234567
375602841 801234567
375604128 801234567
375604281 801234567
375604812 801234567
375608142 801234567
375608214 801234567
375608421 801234567
375610284 801234567
375610428 801234567
375610842 801234567
375612048 801234567
375612480 801234567
375612804 801234567
375614082 801234567
375614208 801234567
375614820 801234567
375618024 801234567
375618240 801234567
375618402 801234567
375620148 801234567
375620481 801234567
375620814 801234567
375621084 801234567
375621408 801234567
375621840 801234567
375624018 801234567
375624180 801234567
375624801 801234567
375628041 801234567
375628104 801234567
375628410 801234567
375640182 801234567
375640218 801234567
375640821 801234567
375641028 801234567
375641280 801234567
375641802 801234567
375642081 801234567
375642108 801234567
375642810 801234567
375648012 801234567
375648120 801234567
375648201 801234567
375680124 801234567
375680241 801234567
375680412 801234567
375681042 801234567
375681204 801234567
375681420 801234567
375682014 801234567
375682140 801234567
375682401 801234567
375684021 801234567
375684102 801234567
375684210 801234567
375801264 801234567
375801426 801234567
375801642 801234567
375802146 801234567
375802461 801234567
