538614027 801234567
538614270 801234567
538614702 801234567
538617042 801234567
538617204 801234567
538617420 801234567
538620174 801234567
538620417 801234567
538620741 801234567
538621047 801234567
538621470 801234567
538621704 801234567
538624071 801234567
538624107 801234567
538624710 801234567
538627014 801234567
538627140 801234567
538627401 801234567
538640127 801234567
538640271 801234567
538640712 801234567
538641072 801234567
538641207 801234567
538641720 801234567
538642017 801234567
538642170 801234567
538642701 801234567
538647021 801234567
538647102 801234567
538647210 801234567
538670142 801234567
538670214 801234567
538670421 801234567
538671024 801234567
538671240 801234567
538671402 801234567
538672041 801234567
538672104 801234567
538672410 801234567
538674012 801234567
538674120 801234567
538674201 801234567
538701246 801234567
538701462 801234567
538701624 801234567
538702164 801234567
538702416 801234567
538702641 801234567
538704126 801234567
538704261 801234567
538704612 801234567
538706142 801234567
538706214 801234567
538706421 801234567
538710264 801234567
538710426 801234567
538710642 801234567
538712046 801234567
538712460 801234567
538712604 801234567
538714062 801234567
538714206 801234567
538714620 801234567
538716024 801234567
538716240 801234567
538716402 801234567
538720146 801234567
538720461 801234567
538720614 801234567
538721064 801234567
538721406 801234567
538721640 801234567
538724016 801234567
538724160 801234567
538724601 801234567
538726041 801234567
538726104 801234567
538726410 801234567
538740162 801234567
538740216 801234567
538740621 801234567
538741026 801234567
538741260 801234567
538741602 801234567
538742061 801234567
538742106 801234567
538742610 801234567
538746012 801234567
538746120 801234567
538746201 801234567
538760124 801234567
538760241 801234567
538760412 801234567
538761042 801234567
538761204 801234567
538761420 801234567
538762014 801234567
538762140 801234567
538762401 801234567
538764021 801234567
538764102 801234567
538764210 801234567
540123678 801234567
540123786 801234567
540123867 801234567
540126387 801234567
540126738 801234567
540126873 801234567
540127368 801234567
540127683 801234567
540127836 801234567
540128376 801234567
540128637 801234567
540128763 801234567
540132687 801234567
540132768 801234567
540132876 801234567
540136278 801234567
540136782 801234567
540136827 801234567
540137286 801234567
540137628 801234567
540137862 801234567
540138267 801234567
540138672 801234567
540138726 801234567
540162378 801234567
540162783 801234567
540162837 801234567
540163287 801234567
540163728 801234567
540163872 801234567
540167238 801234567
540167382 801234567
540167823 801234567
540168273 801234567
540168327 801234567
540168732 801234567
540172386 801234567
540172638 801234567
540172863 801234567
540173268 801234567
540173682 801234567
540173826 801234567
540176283 801234567
540176328 801234567
540176832 801234567
540178236 801234567
540178362 801234567
540178623 801234567
540182367 801234567
540182673 801234567
540182736 801234567
540183276 801234567
540183627 801234567
540183762 801234567
540186237 801234567
540186372 801234567
540186723 801234567
540187263 801234567
540187326 801234567
540187632 801234567
540213687 801234567
540213768 801234567
540213876 801234567
540216378 801234567
540216783 801234567
540216837 801234567
540217386 801234567
540217638 801234567
540217863 801234567
540218367 801234567
540218673 801234567
540218736 801234567
540231678 801234567
540231786 801234567
540231867 801234567
540236187 801234567
540236718 801234567
540236871 801234567
540237168 801234567
540237681 801234567
540237816 801234567
540238176 801234567
540238617 801234567
540238761 801234567
540261387 801234567
540261738 801234567
540261873 801234567
540263178 801234567
540263781 801234567
540263817 801234567
540267183 801234567
540267318 801234567
540267831 801234567
540268137 801234567
540268371 801234567
540268713 801234567
540271368 801234567
540271683 801234567
540271836 801234567
540273186 801234567
540273618 801234567
540273861 801234567
540276138 801234567
540276381 801234567
540276813 801234567
540278163 801234567
540278316 801234567
540278631 801234567
540281376 801234567
540281637 801234567
540281763 801234567
540283167 801234567
540283671 801234567
540283716 801234567
540286173 801234567
540286317 801234567
540286731 801234567
540287136 801234567
540287361 801234567
540287613 801234567
540312678 801234567
540312786 801234567
540312867 801234567
540316287 801234567
540316728 801234567
540316872 801234567
540317268 801234567
540317682 801234567
540317826 801234567
540318276 801234567
540318627 801234567
540318762 801234567
540321687 801234567
540321768 801234567
540321876 801234567
540326178 801234567
540326781 801234567
540326817 801234567
540327186 801234567
540327618 801234567
540327861 801234567
540328167 801234567
540328671 801234567
540328716 801234567
540361278 801234567
540361782 801234567
540361827 801234567
540362187 801234567
540362718 801234567
540362871 801234567
540367128 801234567
540367281 801234567
540367812 801234567
540368172 801234567
540368217 801234567
540368721 801234567
540371286 801234567
540371628 801234567
540371862 801234567
540372168 801234567
540372681 801234567
540372816 801234567
540376182 801234567
540376218 801234567
540376821 801234567
540378126 801234567
540378261 801234567
540378612 801234567
540381267 801234567
540381672 801234567
540381726 801234567
540382176 801234567
540382617 801234567
540382761 801234567
540386127 801234567
540386271 801234567
540386712 801234567
540387162 801234567
540387216 801234567
540387621 801234567
540612387 801234567
540612738 801234567
540612873 801234567
540613278 801234567
540613782 801234567
540613827 801234567
540617283 801234567
540617328 801234567
540617832 801234567
540618237 801234567
540618372 801234567
540618723 801234567
540621378 801234567
540621783 801234567
540621837 801234567
540623187 801234567
540623718 801234567
540623871 801234567
540627138 801234567
540627381 801234567
540627813 801234567
540628173 801234567
540628317 801234567
540628731 801234567
540631287 801234567
540631728 801234567
540631872 801234567
540632178 801234567
540632781 801234567
540632817 801234567
540637182 801234567
540637218 801234567
540637821 801234567
540638127 801234567
540638271 801234567
540638712 801234567
540671238 801234567
540671382 801234567
540671823 801234567
540672183 801234567
540672318 801234567
540672831 801234567
540673128 801234567
540673281 801234567
540673812 801234567
540678132 801234567
540678213 801234567
540678321 801234567
540681273 801234567
540681327 801234567
540681732 801234567
540682137 801234567
540682371 801234567
540682713 801234567
540683172 801234567
540683217 801234567
540683721 801234567
540687123 801234567
540687231 801234567
540687312 801234567
540712368 801234567
540712683 801234567
540712836 801234567
540713286 801234567
540713628 801234567
540713862 801234567
540716238 801234567
540716382 801234567
540716823 801234567
540718263 801234567
540718326 801234567
540718632 801234567
540721386 801234567
540721638 801234567
540721863 801234567
540723168 801234567
540723681 801234567
540723816 801234567
540726183 801234567
540726318 801234567
540726831 801234567
540728136 801234567
540728361 801234567
540728613 801234567
540731268 801234567
540731682 801234567
540731826 801234567
540732186 801234567
540732618 801234567
540732861 801234567
540736128 801234567
540736281 801234567
540736812 801234567
540738162 801234567
540738216 801234567
540738621 801234567
540761283 801234567
540761328 801234567
540761832 801234567
540762138 801234567
540762381 801234567
540762813 801234567
540763182 801234567
540763218 801234567
540763821 801234567
540768123 801234567
540768231 801234567
540768312 801234567
540781236 801234567
540781362 801234567
540781623 801234567
540782163 801234567
540782316 801234567
540782631 801234567
540783126 801234567
540783261 801234567
540783612 801234567
540786132 801234567
540786213 801234567
540786321 801234567
540812376 801234567
540812637 801234567
540812763 801234567
540813267 801234567
540813672 801234567
540813726 801234567
540816273 801234567
540816327 801234567
540816732 801234567
540817236 801234567
540817362 801234567
540817623 801234567
540821367 801234567
540821673 801234567
540821736 801234567
540823176 801234567
540823617 801234567
540823761 801234567
540826137 801234567
540826371 801234567
540826713 801234567
540827163 801234567
540827316 801234567
540827631 801234567
540831276 801234567
540831627 801234567
540831762 801234567
540832167 801234567
540832671 801234567
540832716 801234567
540836172 801234567
540836217 801234567
540836721 801234567
540837126 801234567
540837261 801234567
540837612 801234567
540861237 801234567
540861372 801234567
540861723 801234567
540862173 801234567
540862317 801234567
540862731 801234567
540863127 801234567
540863271 801234567
540863712 801234567
540867132 801234567
540867213 801234567
540867321 801234567
540871263 801234567
540871326 801234567
540871632 801234567
540872136 801234567
540872361 801234567
540872613 801234567
540873162 801234567
540873216 801234567
540873621 801234567
540876123 801234567
540876231 801234567
540876312 801234567
541023687 801234567
541023768 801234567
541023876 801234567
541026378 801234567
541026783 801234567
541026837 801234567
541027386 801234567
541027638 801234567
541027863 801234567
541028367 801234567
541028673 801234567
541028736 801234567
541032678 801234567
541032786 801234567
541032867 801234567
541036287 801234567
541036728 801234567
541036872 801234567
541037268 801234567
541037682 801234567
541037826 801234567
541038276 801234567
541038627 801234567
541038762 801234567
541062387 801234567
541062738 801234567
541062873 801234567
541063278 801234567
541063782 801234567
541063827 801234567
541067283 801234567
541067328 801234567
541067832 801234567
541068237 801234567
541068372 801234567
541068723 801234567
541072368 801234567
