057261384 801234567
057261438 801234567
057261843 801234567
057263148 801234567
057263481 801234567
057263814 801234567
057264183 801234567
057264318 801234567
057264831 801234567
057268134 801234567
057268341 801234567
057268413 801234567
057281346 801234567
057281463 801234567
057281634 801234567
057283164 801234567
057283416 801234567
057283641 801234567
057284136 801234567
057284361 801234567
057284613 801234567
057286143 801234567
057286314 801234567
057286431 801234567
057312486 801234567
057312648 801234567
057312864 801234567
057314268 801234567
057314682 801234567
057314826 801234567
057316284 801234567
057316428 801234567
057316842 801234567
057318246 801234567
057318462 801234567
057318624 801234567
057321468 801234567
057321684 801234567
057321846 801234567
057324186 801234567
057324618 801234567
057324861 801234567
057326148 801234567
057326481 801234567
057326814 801234567
057328164 801234567
057328416 801234567
057328641 801234567
057341286 801234567
057341628 801234567
057341862 801234567
057342168 801234567
057342681 801234567
057342816 801234567
057346182 801234567
057346218 801234567
057346821 801234567
057348126 801234567
057348261 801234567
057348612 801234567
057361248 801234567
057361482 801234567
057361824 801234567
057362184 801234567
057362418 801234567
057362841 801234567
057364128 801234567
057364281 801234567
057364812 801234567
057368142 801234567
057368214 801234567
057368421 801234567
057381264 801234567
057381426 801234567
057381642 801234567
057382146 801234567
057382461 801234567
057382614 801234567
057384162 801234567
057384216 801234567
057384621 801234567
057386124 801234567
057386241 801234567
057386412 801234567
057412368 801234567
057412683 801234567
057412836 801234567
057413286 801234567
057413628 801234567
057413862 801234567
057416238 801234567
057416382 801234567
057416823 801234567
057418263 801234567
057418326 801234567
057418632 801234567
057421386 801234567
057421638 801234567
057421863 801234567
057423168 801234567
057423681 801234567
057423816 801234567
057426183 801234567
057426318 801234567
057426831 801234567
057428136 801234567
057428361 801234567
057428613 801234567
057431268 801234567
057431682 801234567
057431826 801234567
057432186 801234567
057432618 801234567
057432861 801234567
057436128 801234567
057436281 801234567
057436812 801234567
057438162 801234567
057438216 801234567
057438621 801234567
057461283 801234567
057461328 801234567
057461832 801234567
057462138 801234567
057462381 801234567
057462813 801234567
057463182 801234567
057463218 801234567
057463821 801234567
057468123 801234567
057468231 801234567
057468312 801234567
057481236 801234567
057481362 801234567
057481623 801234567
057482163 801234567
057482316 801234567
057482631 801234567
057483126 801234567
057483261 801234567
057483612 801234567
057486132 801234567
057486213 801234567
057486321 801234567
057612384 801234567
057612438 801234567
057612843 801234567
057613248 801234567
057613482 801234567
057613824 801234567
057614283 801234567
057614328 801234567
057614832 801234567
057618234 801234567
057618342 801234567
057618423 801234567
057621348 801234567
057621483 801234567
057621834 801234567
057623184 801234567
057623418 801234567
057623841 801234567
057624138 801234567
057624381 801234567
057624813 801234567
057628143 801234567
057628314 801234567
057628431 801234567
057631284 801234567
057631428 801234567
057631842 801234567
057632148 801234567
057632481 801234567
057632814 801234567
057634182 801234567
057634218 801234567
057634821 801234567
057638124 801234567
057638241 801234567
057638412 801234567
057641238 801234567
057641382 801234567
057641823 801234567
057642183 801234567
057642318 801234567
057642831 801234567
057643128 801234567
057643281 801234567
057643812 801234567
057648132 801234567
057648213 801234567
057648321 801234567
057681243 801234567
057681324 801234567
057681432 801234567
057682134 801234567
057682341 801234567
057682413 801234567
057683142 801234567
057683214 801234567
057683421 801234567
057684123 801234567
057684231 801234567
057684312 801234567
057812346 801234567
057812463 801234567
057812634 801234567
057813264 801234567
057813426 801234567
057813642 801234567
057814236 801234567
057814362 801234567
057814623 801234567
057816243 801234567
057816324 801234567
057816432 801234567
057821364 801234567
057821436 801234567
057821643 801234567
057823146 801234567
057823461 801234567
057823614 801234567
057824163 801234567
057824316 801234567
057824631 801234567
057826134 801234567
057826341 801234567
057826413 801234567
057831246 801234567
057831462 801234567
057831624 801234567
057832164 801234567
057832416 801234567
057832641 801234567
057834126 801234567
057834261 801234567
057834612 801234567
057836142 801234567
057836214 801234567
057836421 801234567
057841263 801234567
057841326 801234567
057841632 801234567
057842136 801234567
057842361 801234567
057842613 801234567
057843162 801234567
057843216 801234567
057843621 801234567
057846123 801234567
057846231 801234567
057846312 801234567
057861234 801234567
057861342 801234567
057861423 801234567
057862143 801234567
057862314 801234567
057862431 801234567
057863124 801234567
057863241 801234567
057863412 801234567
057864132 801234567
057864213 801234567
057864321 801234567
058123467 801234567
058123674 801234567
058123746 801234567
058124376 801234567
058124637 801234567
058124763 801234567
058126347 801234567
058126473 801234567
058126734 801234567
058127364 801234567
058127436 801234567
058127643 801234567
058132476 801234567
058132647 801234567
058132764 801234567
058134267 801234567
058134672 801234567
058134726 801234567
058136274 801234567
058136427 801234567
058136742 801234567
058137246 801234567
058137462 801234567
058137624 801234567
058142367 801234567
058142673 801234567
058142736 801234567
058143276 801234567
058143627 801234567
058143762 801234567
058146237 801234567
058146372 801234567
058146723 801234567
058147263 801234567
058147326 801234567
058147632 801234567
058162374 801234567
058162437 801234567
058162743 801234567
058163247 801234567
058163472 801234567
058163724 801234567
058164273 801234567
058164327 801234567
058164732 801234567
058167234 801234567
058167342 801234567
058167423 801234567
058172346 801234567
058172463 801234567
058172634 801234567
058173264 801234567
058173426 801234567
058173642 801234567
058174236 801234567
058174362 801234567
058174623 801234567
058176243 801234567
058176324 801234567
058176432 801234567
058213476 801234567
058213647 801234567
058213764 801234567
058214367 801234567
058214673 801234567
058214736 801234567
058216374 801234567
058216437 801234567
058216743 801234567
058217346 801234567
058217463 801234567
058217634 801234567
058231467 801234567
058231674 801234567
058231746 801234567
058234176 801234567
058234617 801234567
058234761 801234567
058236147 801234567
058236471 801234567
058236714 801234567
058237164 801234567
058237416 801234567
058237641 801234567
058241376 801234567
058241637 801234567
058241763 801234567
058243167 801234567
058243671 801234567
058243716 801234567
058246173 801234567
058246317 801234567
058246731 801234567
058247136 801234567
058247361 801234567
058247613 801234567
058261347 801234567
058261473 801234567
058261734 801234567
058263174 801234567
058263417 801234567
058263741 801234567
058264137 801234567
058264371 801234567
058264713 801234567
058267143 801234567
058267314 801234567
058267431 801234567
058271364 801234567
058271436 801234567
058271643 801234567
058273146 801234567
058273461 801234567
058273614 801234567
058274163 801234567
058274316 801234567
058274631 801234567
058276134 801234567
058276341 801234567
058276413 801234567
058312467 801234567
058312674 801234567
058312746 801234567
058314276 801234567
058314627 801234567
058314762 801234567
058316247 801234567
058316472 801234567
058316724 801234567
058317264 801234567
058317426 801234567
058317642 801234567
058321476 801234567
058321647 801234567
058321764 801234567
058324167 801234567
058324671 801234567
058324716 801234567
058326174 801234567
058326417 801234567
058326741 801234567
058327146 801234567
058327461 801234567
058327614 801234567
058341267 801234567
058341672 801234567
058341726 801234567
058342176 801234567
058342617 801234567
058342761 801234567
058346127 801234567
058346271 801234567
058346712 801234567
058347162 801234567
058347216 801234567
058347621 801234567
058361274 801234567
058361427 801234567
058361742 801234567
058362147 801234567
058362471 801234567
058362714 801234567
058364172 801234567
058364217 801234567
058364721 801234567
058367124 801234567
058367241 801234567
058367412 801234567
058371246 801234567
058371462 801234567
058371624 801234567
058372164 801234567
058372416 801234567
058372641 801234567
058374126 801234567
058374261 801234567
058374612 801234567
058376142 801234567
058376214 801234567
058376421 801234567
058412376 801234567
058412637 801234567
058412763 801234567
058413267 801234567
058413672 801234567
058413726 801234567
058416273 801234567
058416327 801234567
058416732 801234567
058417236 801234567
058417362 801234567
058417623 801234567
058421367 801234567
058421673 801234567
058421736 801234567
058423176 801234567
058423617 801234567
058423761 801234567
058426137 801234567
058426371 801234567
058426713 801234567
058427163 801234567
058427316 801234567
058427631 801234567
058431276 801234567
058431627 801234567
058431762 801234567
058432167 801234567
058432671 801234567
058432716 801234567
058436172 801234567
058436217 801234567
058436721 801234567
058437126 801234567
058437261 801234567
058437612 801234567
058461237 801234567
058461372 801234567
058461723 801234567
058462173 801234567
058462317 801234567
058462731 801234567
058463127 801234567
058463271 801234567
058463712 801234567
058467132 801234567
058467213 801234567
058467321 801234567
058471263 801234567
058471326 801234567
058471632 801234567
058472136 801234567
058472361 801234567
058472613 801234567
058473162 801234567
