182637504 801234567
182640357 801234567
182640573 801234567
182640735 801234567
182643075 801234567
182643507 801234567
182643750 801234567
182645037 801234567
182645370 801234567
182645703 801234567
182647053 801234567
182647305 801234567
182647530 801234567
182650374 801234567
182650437 801234567
182650743 801234567
182653047 801234567
182653470 801234567
182653704 801234567
182654073 801234567
182654307 801234567
182654730 801234567
182657034 801234567
182657340 801234567
182657403 801234567
182670345 801234567
182670453 801234567
182670534 801234567
182673054 801234567
182673405 801234567
182673540 801234567
182674035 801234567
182674350 801234567
182674503 801234567
182675043 801234567
182675304 801234567
182675430 801234567
182703465 801234567
182703546 801234567
182703654 801234567
182704356 801234567
182704563 801234567
182704635 801234567
182705364 801234567
182705436 801234567
182705643 801234567
182706345 801234567
182706453 801234567
182706534 801234567
182730456 801234567
182730564 801234567
182730645 801234567
182734065 801234567
182734506 801234567
182734650 801234567
182735046 801234567
182735460 801234567
182735604 801234567
182736054 801234567
182736405 801234567
182736540 801234567
182740365 801234567
182740536 801234567
182740653 801234567
182743056 801234567
182743560 801234567
182743605 801234567
182745063 801234567
182745306 801234567
182745630 801234567
182746035 801234567
182746350 801234567
182746503 801234567
182750346 801234567
182750463 801234567
182750634 801234567
182753064 801234567
182753406 801234567
182753640 801234567
182754036 801234567
182754360 801234567
182754603 801234567
182756043 801234567
182756304 801234567
182756430 801234567
182760354 801234567
182760435 801234567
182760543 801234567
182763045 801234567
182763450 801234567
182763504 801234567
182764053 801234567
182764305 801234567
182764530 801234567
182765034 801234567
182765340 801234567
182765403 801234567
183024576 801234567
183024657 801234567
183024765 801234567
183025467 801234567
183025674 801234567
183025746 801234567
183026475 801234567
183026547 801234567
183026754 801234567
183027456 801234567
183027564 801234567
183027645 801234567
183042567 801234567
183042675 801234567
183042756 801234567
183045276 801234567
183045627 801234567
183045762 801234567
183046257 801234567
183046572 801234567
183046725 801234567
183047265 801234567
183047526 801234567
183047652 801234567
183052476 801234567
183052647 801234567
183052764 801234567
183054267 801234567
183054672 801234567
183054726 801234567
183056274 801234567
183056427 801234567
183056742 801234567
183057246 801234567
183057462 801234567
183057624 801234567
183062457 801234567
183062574 801234567
183062745 801234567
183064275 801234567
183064527 801234567
183064752 801234567
183065247 801234567
183065472 801234567
183065724 801234567
183067254 801234567
183067425 801234567
183067542 801234567
183072465 801234567
183072546 801234567
183072654 801234567
183074256 801234567
183074562 801234567
183074625 801234567
183075264 801234567
183075426 801234567
183075642 801234567
183076245 801234567
183076452 801234567
183076524 801234567
183204567 801234567
183204675 801234567
183204756 801234567
183205476 801234567
183205647 801234567
183205764 801234567
183206457 801234567
183206574 801234567
183206745 801234567
183207465 801234567
183207546 801234567
183207654 801234567
183240576 801234567
183240657 801234567
183240765 801234567
183245067 801234567
183245670 801234567
183245706 801234567
183246075 801234567
183246507 801234567
183246750 801234567
183247056 801234567
183247560 801234567
183247605 801234567
183250467 801234567
183250674 801234567
183250746 801234567
183254076 801234567
183254607 801234567
183254760 801234567
183256047 801234567
183256470 801234567
183256704 801234567
183257064 801234567
183257406 801234567
183257640 801234567
183260475 801234567
183260547 801234567
183260754 801234567
183264057 801234567
183264570 801234567
183264705 801234567
183265074 801234567
183265407 801234567
183265740 801234567
183267045 801234567
183267450 801234567
183267504 801234567
183270456 801234567
183270564 801234567
183270645 801234567
183274065 801234567
183274506 801234567
183274650 801234567
183275046 801234567
183275460 801234567
183275604 801234567
183276054 801234567
183276405 801234567
183276540 801234567
183402576 801234567
183402657 801234567
183402765 801234567
183405267 801234567
183405672 801234567
183405726 801234567
183406275 801234567
183406527 801234567
183406752 801234567
183407256 801234567
183407562 801234567
183407625 801234567
183420567 801234567
183420675 801234567
183420756 801234567
183425076 801234567
183425607 801234567
183425760 801234567
183426057 801234567
183426570 801234567
183426705 801234567
183427065 801234567
183427506 801234567
183427650 801234567
183450276 801234567
183450627 801234567
183450762 801234567
183452067 801234567
183452670 801234567
183452706 801234567
183456072 801234567
183456207 801234567
183456720 801234567
183457026 801234567
183457260 801234567
183457602 801234567
183460257 801234567
183460572 801234567
183460725 801234567
183462075 801234567
183462507 801234567
183462750 801234567
183465027 801234567
183465270 801234567
183465702 801234567
183467052 801234567
183467205 801234567
183467520 801234567
183470265 801234567
183470526 801234567
183470652 801234567
183472056 801234567
183472560 801234567
183472605 801234567
183475062 801234567
183475206 801234567
183475620 801234567
183476025 801234567
183476250 801234567
183476502 801234567
183502467 801234567
183502674 801234567
183502746 801234567
183504276 801234567
183504627 801234567
183504762 801234567
183506247 801234567
183506472 801234567
183506724 801234567
183507264 801234567
183507426 801234567
183507642 801234567
183520476 801234567
183520647 801234567
183520764 801234567
183524067 801234567
183524670 801234567
183524706 801234567
183526074 801234567
183526407 801234567
183526740 801234567
183527046 801234567
183527460 801234567
183527604 801234567
183540267 801234567
183540672 801234567
183540726 801234567
183542076 801234567
183542607 801234567
183542760 801234567
183546027 801234567
183546270 801234567
183546702 801234567
183547062 801234567
183547206 801234567
183547620 801234567
183560274 801234567
183560427 801234567
183560742 801234567
183562047 801234567
183562470 801234567
183562704 801234567
183564072 801234567
183564207 801234567
183564720 801234567
183567024 801234567
183567240 801234567
183567402 801234567
183570246 801234567
183570462 801234567
183570624 801234567
183572064 801234567
183572406 801234567
183572640 801234567
183574026 801234567
183574260 801234567
183574602 801234567
183576042 801234567
183576204 801234567
183576420 801234567
183602475 801234567
183602547 801234567
183602754 801234567
183604257 801234567
183604572 801234567
183604725 801234567
183605274 801234567
183605427 801234567
183605742 801234567
183607245 801234567
183607452 801234567
183607524 801234567
183620457 801234567
183620574 801234567
183620745 801234567
183624075 801234567
183624507 801234567
183624750 801234567
183625047 801234567
183625470 801234567
183625704 801234567
183627054 801234567
183627405 801234567
183627540 801234567
183640275 801234567
183640527 801234567
183640752 801234567
183642057 801234567
183642570 801234567
183642705 801234567
183645072 801234567
183645207 801234567
183645720 801234567
183647025 801234567
183647250 801234567
183647502 801234567
183650247 801234567
183650472 801234567
183650724 801234567
183652074 801234567
183652407 801234567
183652740 801234567
183654027 801234567
183654270 801234567
183654702 801234567
183657042 801234567
183657204 801234567
183657420 801234567
183670254 801234567
183670425 801234567
183670542 801234567
183672045 801234567
183672450 801234567
183672504 801234567
183674052 801234567
183674205 801234567
183674520 801234567
183675024 801234567
183675240 801234567
183675402 801234567
183702456 801234567
183702564 801234567
183702645 801234567
183704265 801234567
183704526 801234567
183704652 801234567
183705246 801234567
183705462 801234567
183705624 801234567
183706254 801234567
183706425 801234567
183706542 801234567
183720465 801234567
183720546 801234567
183720654 801234567
183724056 801234567
183724560 801234567
183724605 801234567
183725064 801234567
183725406 801234567
183725640 801234567
183726045 801234567
183726450 801234567
183726504 801234567
183740256 801234567
183740562 801234567
183740625 801234567
183742065 801234567
183742506 801234567
183742650 801234567
183745026 801234567
183745260 801234567
183745602 801234567
183746052 801234567
183746205 801234567
183746520 801234567
183750264 801234567
183750426 801234567
183750642 801234567
183752046 801234567
183752460 801234567
183752604 801234567
183754062 801234567
183754206 801234567
183754620 801234567
183756024 801234567
183756240 801234567
183756402 801234567
183760245 801234567
183760452 801234567
183760524 801234567
183762054 801234567
183762405 801234567
183762540 801234567
183764025 801234567
183764250 801234567
183764502 801234567
183765042 801234567
183765204 801234567
183765420 801234567
184023567 801234567
184023675 801234567
184023756 801234567
184025376 801234567
184025637 801234567
184025763 801234567
184026357 801234567
184026573 801234567
184026735 801234567
184027365 801234567
184027536 801234567
184027653 801234567
184032576 801234567
184032657 801234567
184032765 801234567
184035267 801234567
184035672 801234567
184035726 801234567
184036275 801234567
184036527 801234567
184036752 801234567
184037256 801234567
184037562 801234567
184037625 801234567
184052367 801234567
184052673 801234567
184052736 801234567
184053276 801234567
184053627 801234567
184053762 801234567
184056237 801234567
184056372 801234567
184056723 801234567
184057263 801234567
184057326 801234567
184057632 801234567
184062375 801234567
184062537 801234567
184062753 801234567
184063257 801234567
184063572 801234567
184063725 801234567
