384217056 801234567
384217560 801234567
384217605 801234567
384250167 801234567
384250671 801234567
384250716 801234567
384251076 801234567
384251607 801234567
384251760 801234567
384256017 801234567
384256170 801234567
384256701 801234567
384257061 801234567
384257106 801234567
384257610 801234567
384260175 801234567
384260517 801234567
384260751 801234567
384261057 801234567
384261570 801234567
384261705 801234567
384265071 801234567
384265107 801234567
384265710 801234567
384267015 801234567
384267150 801234567
384267501 801234567
384270156 801234567
384270561 801234567
384270615 801234567
384271065 801234567
384271506 801234567
384271650 801234567
384275016 801234567
384275160 801234567
384275601 801234567
384276051 801234567
384276105 801234567
384276510 801234567
384501276 801234567
384501627 801234567
384501762 801234567
384502167 801234567
384502671 801234567
384502716 801234567
384506172 801234567
384506217 801234567
384506721 801234567
384507126 801234567
384507261 801234567
384507612 801234567
384510267 801234567
384510672 801234567
384510726 801234567
384512076 801234567
384512607 801234567
384512760 801234567
384516027 801234567
384516270 801234567
384516702 801234567
384517062 801234567
384517206 801234567
384517620 801234567
384520176 801234567
384520617 801234567
384520761 801234567
384521067 801234567
384521670 801234567
384521706 801234567
384526071 801234567
384526107 801234567
384526710 801234567
384527016 801234567
384527160 801234567
384527601 801234567
384560127 801234567
384560271 801234567
384560712 801234567
384561072 801234567
384561207 801234567
384561720 801234567
384562017 801234567
384562170 801234567
384562701 801234567
384567021 801234567
384567102 801234567
384567210 801234567
384570162 801234567
384570216 801234567
384570621 801234567
384571026 801234567
384571260 801234567
384571602 801234567
384572061 801234567
384572106 801234567
384572610 801234567
384576012 801234567
384576120 801234567
384576201 801234567
384601257 801234567
384601572 801234567
384601725 801234567
384602175 801234567
384602517 801234567
384602751 801234567
384605127 801234567
384605271 801234567
384605712 801234567
384607152 801234567
384607215 801234567
384607521 801234567
384610275 801234567
384610527 801234567
384610752 801234567
384612057 801234567
384612570 801234567
384612705 801234567
384615072 801234567
384615207 801234567
384615720 801234567
384617025 801234567
384617250 801234567
384617502 801234567
384620157 801234567
384620571 801234567
384620715 801234567
384621075 801234567
384621507 801234567
384621750 801234567
384625017 801234567
384625170 801234567
384625701 801234567
384627051 801234567
384627105 801234567
384627510 801234567
384650172 801234567
384650217 801234567
384650721 801234567
384651027 801234567
384651270 801234567
384651702 801234567
384652071 801234567
384652107 801234567
384652710 801234567
384657012 801234567
384657120 801234567
384657201 801234567
384670125 801234567
384670251 801234567
384670512 801234567
384671052 801234567
384671205 801234567
384671520 801234567
384672015 801234567
384672150 801234567
384672501 801234567
384675021 801234567
384675102 801234567
384675210 801234567
384701265 801234567
384701526 801234567
384701652 801234567
384702156 801234567
384702561 801234567
384702615 801234567
384705162 801234567
384705216 801234567
384705621 801234567
384706125 801234567
384706251 801234567
384706512 801234567
384710256 801234567
384710562 801234567
384710625 801234567
384712065 801234567
384712506 801234567
384712650 801234567
384715026 801234567
384715260 801234567
384715602 801234567
384716052 801234567
384716205 801234567
384716520 801234567
384720165 801234567
384720516 801234567
384720651 801234567
384721056 801234567
384721560 801234567
384721605 801234567
384725061 801234567
384725106 801234567
384725610 801234567
384726015 801234567
384726150 801234567
384726501 801234567
384750126 801234567
384750261 801234567
384750612 801234567
384751062 801234567
384751206 801234567
384751620 801234567
384752016 801234567
384752160 801234567
384752601 801234567
384756021 801234567
384756102 801234567
384756210 801234567
384760152 801234567
384760215 801234567
384760521 801234567
384761025 801234567
384761250 801234567
384761502 801234567
384762051 801234567
384762105 801234567
384762510 801234567
384765012 801234567
384765120 801234567
384765201 801234567
385012476 801234567
385012647 801234567
385012764 801234567
385014267 801234567
385014672 801234567
385014726 801234567
385016274 801234567
385016427 801234567
385016742 801234567
385017246 801234567
385017462 801234567
385017624 801234567
385021467 801234567
385021674 801234567
385021746 801234567
385024176 801234567
385024617 801234567
385024761 801234567
385026147 801234567
385026471 801234567
385026714 801234567
385027164 801234567
385027416 801234567
385027641 801234567
385041276 801234567
385041627 801234567
385041762 801234567
385042167 801234567
385042671 801234567
385042716 801234567
385046172 801234567
385046217 801234567
385046721 801234567
385047126 801234567
385047261 801234567
385047612 801234567
385061247 801234567
385061472 801234567
385061724 801234567
385062174 801234567
385062417 801234567
385062741 801234567
385064127 801234567
385064271 801234567
385064712 801234567
385067142 801234567
385067214 801234567
385067421 801234567
385071264 801234567
385071426 801234567
385071642 801234567
385072146 801234567
385072461 801234567
385072614 801234567
385074162 801234567
385074216 801234567
385074621 801234567
385076124 801234567
385076241 801234567
385076412 801234567
385102467 801234567
385102674 801234567
385102746 801234567
385104276 801234567
385104627 801234567
385104762 801234567
385106247 801234567
385106472 801234567
385106724 801234567
385107264 801234567
385107426 801234567
385107642 801234567
385120476 801234567
385120647 801234567
385120764 801234567
385124067 801234567
385124670 801234567
385124706 801234567
385126074 801234567
385126407 801234567
385126740 801234567
385127046 801234567
385127460 801234567
385127604 801234567
385140267 801234567
385140672 801234567
385140726 801234567
385142076 801234567
385142607 801234567
385142760 801234567
385146027 801234567
385146270 801234567
385146702 801234567
385147062 801234567
385147206 801234567
385147620 801234567
385160274 801234567
385160427 801234567
385160742 801234567
385162047 801234567
385162470 801234567
385162704 801234567
385164072 801234567
385164207 801234567
385164720 801234567
385167024 801234567
385167240 801234567
385167402 801234567
385170246 801234567
385170462 801234567
385170624 801234567
385172064 801234567
385172406 801234567
385172640 801234567
385174026 801234567
385174260 801234567
385174602 801234567
385176042 801234567
385176204 801234567
385176420 801234567
385201476 801234567
385201647 801234567
385201764 801234567
385204167 801234567
385204671 801234567
385204716 801234567
385206174 801234567
385206417 801234567
385206741 801234567
385207146 801234567
385207461 801234567
385207614 801234567
385210467 801234567
385210674 801234567
385210746 801234567
385214076 801234567
385214607 801234567
385214760 801234567
385216047 801234567
385216470 801234567
385216704 801234567
385217064 801234567
385217406 801234567
385217640 801234567
385240176 801234567
385240617 801234567
385240761 801234567
385241067 801234567
385241670 801234567
385241706 801234567
385246071 801234567
385246107 801234567
385246710 801234567
385247016 801234567
385247160 801234567
385247601 801234567
385260147 801234567
385260471 801234567
385260714 801234567
385261074 801234567
385261407 801234567
385261740 801234567
385264017 801234567
385264170 801234567
385264701 801234567
385267041 801234567
385267104 801234567
385267410 801234567
385270164 801234567
385270416 801234567
385270641 801234567
385271046 801234567
385271460 801234567
385271604 801234567
385274061 801234567
385274106 801234567
385274610 801234567
385276014 801234567
385276140 801234567
385276401 801234567
385401267 801234567
385401672 801234567
385401726 801234567
385402176 801234567
385402617 801234567
385402761 801234567
385406127 801234567
385406271 801234567
385406712 801234567
385407162 801234567
385407216 801234567
385407621 801234567
385410276 801234567
385410627 801234567
385410762 801234567
385412067 801234567
385412670 801234567
385412706 801234567
385416072 801234567
385416207 801234567
385416720 801234567
385417026 801234567
385417260 801234567
385417602 801234567
385420167 801234567
385420671 801234567
385420716 801234567
385421076 801234567
385421607 801234567
385421760 801234567
385426017 801234567
385426170 801234567
385426701 801234567
385427061 801234567
385427106 801234567
385427610 801234567
385460172 801234567
385460217 801234567
385460721 801234567
385461027 801234567
385461270 801234567
385461702 801234567
385462071 801234567
385462107 801234567
385462710 801234567
385467012 801234567
385467120 801234567
385467201 801234567
385470126 801234567
385470261 801234567
385470612 801234567
385471062 801234567
385471206 801234567
385471620 801234567
385472016 801234567
385472160 801234567
385472601 801234567
385476021 801234567
385476102 801234567
385476210 801234567
385601274 801234567
385601427 801234567
385601742 801234567
385602147 801234567
385602471 801234567
385602714 801234567
385604172 801234567
385604217 801234567
385604721 801234567
385607124 801234567
385607241 801234567
385607412 801234567
385610247 801234567
385610472 801234567
385610724 801234567
385612074 801234567
385612407 801234567
385612740 801234567
385614027 801234567
385614270 801234567
385614702 801234567
385617042 801234567
385617204 801234567
385617420 801234567
385620174 801234567
385620417 801234567
385620741 801234567
385621047 801234567
385621470 801234567
385621704 801234567
385624071 801234567
385624107 801234567
385624710 801234567
385627014 801234567
385627140 801234567
385627401 801234567
385640127 801234567
385640271 801234567
385640712 801234567
385641072 801234567
