823405761 801234567
823406157 801234567
823406571 801234567
823406715 801234567
823407165 801234567
823407516 801234567
823407651 801234567
823410576 801234567
823410657 801234567
823410765 801234567
823415067 801234567
823415670 801234567
823415706 801234567
823416075 801234567
823416507 801234567
823416750 801234567
823417056 801234567
823417560 801234567
823417605 801234567
823450167 801234567
823450671 801234567
823450716 801234567
823451076 801234567
823451607 801234567
823451760 801234567
823456017 801234567
823456170 801234567
823456701 801234567
823457061 801234567
823457106 801234567
823457610 801234567
823460175 801234567
823460517 801234567
823460751 801234567
823461057 801234567
823461570 801234567
823461705 801234567
823465071 801234567
823465107 801234567
823465710 801234567
823467015 801234567
823467150 801234567
823467501 801234567
823470156 801234567
823470561 801234567
823470615 801234567
823471065 801234567
823471506 801234567
823471650 801234567
823475016 801234567
823475160 801234567
823475601 801234567
823476051 801234567
823476105 801234567
823476510 801234567
823501476 801234567
823501647 801234567
823501764 801234567
823504167 801234567
823504671 801234567
823504716 801234567
823506174 801234567
823506417 801234567
823506741 801234567
823507146 801234567
823507461 801234567
823507614 801234567
823510467 801234567
823510674 801234567
823510746 801234567
823514076 801234567
823514607 801234567
823514760 801234567
823516047 801234567
823516470 801234567
823516704 801234567
823517064 801234567
823517406 801234567
823517640 801234567
823540176 801234567
823540617 801234567
823540761 801234567
823541067 801234567
823541670 801234567
823541706 801234567
823546071 801234567
823546107 801234567
823546710 801234567
823547016 801234567
823547160 801234567
823547601 801234567
823560147 801234567
823560471 801234567
823560714 801234567
823561074 801234567
823561407 801234567
823561740 801234567
823564017 801234567
823564170 801234567
823564701 801234567
823567041 801234567
823567104 801234567
823567410 801234567
823570164 801234567
823570416 801234567
823570641 801234567
823571046 801234567
823571460 801234567
823571604 801234567
823574061 801234567
823574106 801234567
823574610 801234567
823576014 801234567
823576140 801234567
823576401 801234567
823601457 801234567
823601574 801234567
823601745 801234567
823604175 801234567
823604517 801234567
823604751 801234567
823605147 801234567
823605471 801234567
823605714 801234567
823607154 801234567
823607415 801234567
823607541 801234567
823610475 801234567
823610547 801234567
823610754 801234567
823614057 801234567
823614570 801234567
823614705 801234567
823615074 801234567
823615407 801234567
823615740 801234567
823617045 801234567
823617450 801234567
823617504 801234567
823640157 801234567
823640571 801234567
823640715 801234567
823641075 801234567
823641507 801234567
823641750 801234567
823645017 801234567
823645170 801234567
823645701 801234567
823647051 801234567
823647105 801234567
823647510 801234567
823650174 801234567
823650417 801234567
823650741 801234567
823651047 801234567
823651470 801234567
823651704 801234567
823654071 801234567
823654107 801234567
823654710 801234567
823657014 801234567
823657140 801234567
823657401 801234567
823670145 801234567
823670451 801234567
823670514 801234567
823671054 801234567
823671405 801234567
823671540 801234567
823674015 801234567
823674150 801234567
823674501 801234567
823675041 801234567
823675104 801234567
823675410 801234567
823701465 801234567
823701546 801234567
823701654 801234567
823704156 801234567
823704561 801234567
823704615 801234567
823705164 801234567
823705416 801234567
823705641 801234567
823706145 801234567
823706451 801234567
823706514 801234567
823710456 801234567
823710564 801234567
823710645 801234567
823714065 801234567
823714506 801234567
823714650 801234567
823715046 801234567
823715460 801234567
823715604 801234567
823716054 801234567
823716405 801234567
823716540 801234567
823740165 801234567
823740516 801234567
823740651 801234567
823741056 801234567
823741560 801234567
823741605 801234567
823745061 801234567
823745106 801234567
823745610 801234567
823746015 801234567
823746150 801234567
823746501 801234567
823750146 801234567
823750461 801234567
823750614 801234567
823751064 801234567
823751406 801234567
823751640 801234567
823754016 801234567
823754160 801234567
823754601 801234567
823756041 801234567
823756104 801234567
823756410 801234567
823760154 801234567
823760415 801234567
823760541 801234567
823761045 801234567
823761450 801234567
823761504 801234567
823764051 801234567
823764105 801234567
823764510 801234567
823765014 801234567
823765140 801234567
823765401 801234567
824013576 801234567
824013657 801234567
824013765 801234567
824015367 801234567
824015673 801234567
824015736 801234567
824016375 801234567
824016537 801234567
824016753 801234567
824017356 801234567
824017563 801234567
824017635 801234567
824031567 801234567
824031675 801234567
824031756 801234567
824035176 801234567
824035617 801234567
824035761 801234567
824036157 801234567
824036571 801234567
824036715 801234567
824037165 801234567
824037516 801234567
824037651 801234567
824051376 801234567
824051637 801234567
824051763 801234567
824053167 801234567
824053671 801234567
824053716 801234567
824056173 801234567
824056317 801234567
824056731 801234567
824057136 801234567
824057361 801234567
824057613 801234567
824061357 801234567
824061573 801234567
824061735 801234567
824063175 801234567
824063517 801234567
824063751 801234567
824065137 801234567
824065371 801234567
824065713 801234567
824067153 801234567
824067315 801234567
824067531 801234567
824071365 801234567
824071536 801234567
824071653 801234567
824073156 801234567
824073561 801234567
824073615 801234567
824075163 801234567
824075316 801234567
824075631 801234567
824076135 801234567
824076351 801234567
824076513 801234567
824103567 801234567
824103675 801234567
824103756 801234567
824105376 801234567
824105637 801234567
824105763 801234567
824106357 801234567
824106573 801234567
824106735 801234567
824107365 801234567
824107536 801234567
824107653 801234567
824130576 801234567
824130657 801234567
824130765 801234567
824135067 801234567
824135670 801234567
824135706 801234567
824136075 801234567
824136507 801234567
824136750 801234567
824137056 801234567
824137560 801234567
824137605 801234567
824150367 801234567
824150673 801234567
824150736 801234567
824153076 801234567
824153607 801234567
824153760 801234567
824156037 801234567
824156370 801234567
824156703 801234567
824157063 801234567
824157306 801234567
824157630 801234567
824160375 801234567
824160537 801234567
824160753 801234567
824163057 801234567
824163570 801234567
824163705 801234567
824165073 801234567
824165307 801234567
824165730 801234567
824167035 801234567
824167350 801234567
824167503 801234567
824170356 801234567
824170563 801234567
824170635 801234567
824173065 801234567
824173506 801234567
824173650 801234567
824175036 801234567
824175360 801234567
824175603 801234567
824176053 801234567
824176305 801234567
824176530 801234567
824301576 801234567
824301657 801234567
824301765 801234567
824305167 801234567
824305671 801234567
824305716 801234567
824306175 801234567
824306517 801234567
824306751 801234567
824307156 801234567
824307561 801234567
824307615 801234567
824310567 801234567
824310675 801234567
824310756 801234567
824315076 801234567
824315607 801234567
824315760 801234567
824316057 801234567
824316570 801234567
824316705 801234567
824317065 801234567
824317506 801234567
824317650 801234567
824350176 801234567
824350617 801234567
824350761 801234567
824351067 801234567
824351670 801234567
824351706 801234567
824356071 801234567
824356107 801234567
824356710 801234567
824357016 801234567
824357160 801234567
824357601 801234567
824360157 801234567
824360571 801234567
824360715 801234567
824361075 801234567
824361507 801234567
824361750 801234567
824365017 801234567
824365170 801234567
824365701 801234567
824367051 801234567
824367105 801234567
824367510 801234567
824370165 801234567
824370516 801234567
824370651 801234567
824371056 801234567
824371560 801234567
824371605 801234567
824375061 801234567
824375106 801234567
824375610 801234567
824376015 801234567
824376150 801234567
824376501 801234567
824501367 801234567
824501673 801234567
824501736 801234567
824503176 801234567
824503617 801234567
824503761 801234567
824506137 801234567
824506371 801234567
824506713 801234567
824507163 801234567
824507316 801234567
824507631 801234567
824510376 801234567
824510637 801234567
824510763 801234567
824513067 801234567
824513670 801234567
824513706 801234567
824516073 801234567
824516307 801234567
824516730 801234567
824517036 801234567
824517360 801234567
824517603 801234567
824530167 801234567
824530671 801234567
824530716 801234567
824531076 801234567
824531607 801234567
824531760 801234567
824536017 801234567
824536170 801234567
824536701 801234567
824537061 801234567
824537106 801234567
824537610 801234567
824560173 801234567
824560317 801234567
824560731 801234567
824561037 801234567
824561370 801234567
824561703 801234567
824563071 801234567
824563107 801234567
824563710 801234567
824567013 801234567
824567130 801234567
824567301 801234567
824570136 801234567
824570361 801234567
824570613 801234567
824571063 801234567
824571306 801234567
824571630 801234567
824573016 801234567
824573160 801234567
824573601 801234567
824576031 801234567
824576103 801234567
824576310 801234567
824601375 801234567
824601537 801234567
824601753 801234567
824603157 801234567
824603571 801234567
824603715 801234567
824605173 801234567
824605317 801234567
824605731 801234567
824607135 801234567
824607351 801234567
824607513 801234567
824610357 801234567
824610573 801234567
824610735 801234567
824613075 801234567
824613507 801234567
824613750 801234567
824615037 801234567
824615370 801234567
824615703 801234567
824617053 801234567
824617305 801234567
824617530 801234567
