620715483 801234567
620715834 801234567
620718354 801234567
620718435 801234567
620718543 801234567
620731485 801234567
620731548 801234567
620731854 801234567
620734158 801234567
620734581 801234567
620734815 801234567
620735184 801234567
620735418 801234567
620735841 801234567
620738145 801234567
620738451 801234567
620738514 801234567
620741358 801234567
620741583 801234567
620741835 801234567
620743185 801234567
620743518 801234567
620743851 801234567
620745138 801234567
620745381 801234567
620745813 801234567
620748153 801234567
620748315 801234567
620748531 801234567
620751384 801234567
620751438 801234567
620751843 801234567
620753148 801234567
620753481 801234567
620753814 801234567
620754183 801234567
620754318 801234567
620754831 801234567
620758134 801234567
620758341 801234567
620758413 801234567
620781345 801234567
620781453 801234567
620781534 801234567
620783154 801234567
620783415 801234567
620783541 801234567
620784135 801234567
620784351 801234567
620784513 801234567
620785143 801234567
620785314 801234567
620785431 801234567
620813475 801234567
620813547 801234567
620813754 801234567
620814357 801234567
620814573 801234567
620814735 801234567
620815374 801234567
620815437 801234567
620815743 801234567
620817345 801234567
620817453 801234567
620817534 801234567
620831457 801234567
620831574 801234567
620831745 801234567
620834175 801234567
620834517 801234567
620834751 801234567
620835147 801234567
620835471 801234567
620835714 801234567
620837154 801234567
620837415 801234567
620837541 801234567
620841375 801234567
620841537 801234567
620841753 801234567
620843157 801234567
620843571 801234567
620843715 801234567
620845173 801234567
620845317 801234567
620845731 801234567
620847135 801234567
620847351 801234567
620847513 801234567
620851347 801234567
620851473 801234567
620851734 801234567
620853174 801234567
620853417 801234567
620853741 801234567
620854137 801234567
620854371 801234567
620854713 801234567
620857143 801234567
620857314 801234567
620857431 801234567
620871354 801234567
620871435 801234567
620871543 801234567
620873145 801234567
620873451 801234567
620873514 801234567
620874153 801234567
620874315 801234567
620874531 801234567
620875134 801234567
620875341 801234567
620875413 801234567
621034587 801234567
621034758 801234567
621034875 801234567
621035478 801234567
621035784 801234567
621035847 801234567
621037485 801234567
621037548 801234567
621037854 801234567
621038457 801234567
621038574 801234567
621038745 801234567
621043578 801234567
621043785 801234567
621043857 801234567
621045387 801234567
621045738 801234567
621045873 801234567
621047358 801234567
621047583 801234567
621047835 801234567
621048375 801234567
621048537 801234567
621048753 801234567
621053487 801234567
621053748 801234567
621053874 801234567
621054378 801234567
621054783 801234567
621054837 801234567
621057384 801234567
621057438 801234567
621057843 801234567
621058347 801234567
621058473 801234567
621058734 801234567
621073458 801234567
621073584 801234567
621073845 801234567
621074385 801234567
621074538 801234567
621074853 801234567
621075348 801234567
621075483 801234567
621075834 801234567
621078354 801234567
621078435 801234567
621078543 801234567
621083475 801234567
621083547 801234567
621083754 801234567
621084357 801234567
621084573 801234567
621084735 801234567
621085374 801234567
621085437 801234567
621085743 801234567
621087345 801234567
621087453 801234567
621087534 801234567
621304578 801234567
621304785 801234567
621304857 801234567
621305487 801234567
621305748 801234567
621305874 801234567
621307458 801234567
621307584 801234567
621307845 801234567
621308475 801234567
621308547 801234567
621308754 801234567
621340587 801234567
621340758 801234567
621340875 801234567
621345078 801234567
621345780 801234567
621345807 801234567
621347085 801234567
621347508 801234567
621347850 801234567
621348057 801234567
621348570 801234567
621348705 801234567
621350478 801234567
621350784 801234567
621350847 801234567
621354087 801234567
621354708 801234567
621354870 801234567
621357048 801234567
621357480 801234567
621357804 801234567
621358074 801234567
621358407 801234567
621358740 801234567
621370485 801234567
621370548 801234567
621370854 801234567
621374058 801234567
621374580 801234567
621374805 801234567
621375084 801234567
621375408 801234567
621375840 801234567
621378045 801234567
621378450 801234567
621378504 801234567
621380457 801234567
621380574 801234567
621380745 801234567
621384075 801234567
621384507 801234567
621384750 801234567
621385047 801234567
621385470 801234567
621385704 801234567
621387054 801234567
621387405 801234567
621387540 801234567
621403587 801234567
621403758 801234567
621403875 801234567
621405378 801234567
621405783 801234567
621405837 801234567
621407385 801234567
621407538 801234567
621407853 801234567
621408357 801234567
621408573 801234567
621408735 801234567
621430578 801234567
621430785 801234567
621430857 801234567
621435087 801234567
621435708 801234567
621435870 801234567
621437058 801234567
621437580 801234567
621437805 801234567
621438075 801234567
621438507 801234567
621438750 801234567
621450387 801234567
621450738 801234567
621450873 801234567
621453078 801234567
621453780 801234567
621453807 801234567
621457083 801234567
621457308 801234567
621457830 801234567
621458037 801234567
621458370 801234567
621458703 801234567
621470358 801234567
621470583 801234567
621470835 801234567
621473085 801234567
621473508 801234567
621473850 801234567
621475038 801234567
621475380 801234567
621475803 801234567
621478053 801234567
621478305 801234567
621478530 801234567
621480375 801234567
621480537 801234567
621480753 801234567
621483057 801234567
621483570 801234567
621483705 801234567
621485073 801234567
621485307 801234567
621485730 801234567
621487035 801234567
621487350 801234567
621487503 801234567
621503478 801234567
621503784 801234567
621503847 801234567
621504387 801234567
621504738 801234567
621504873 801234567
621507348 801234567
621507483 801234567
621507834 801234567
621508374 801234567
621508437 801234567
621508743 801234567
621530487 801234567
621530748 801234567
621530874 801234567
621534078 801234567
621534780 801234567
621534807 801234567
621537084 801234567
621537408 801234567
621537840 801234567
621538047 801234567
621538470 801234567
621538704 801234567
621540378 801234567
621540783 801234567
621540837 801234567
621543087 801234567
621543708 801234567
621543870 801234567
621547038 801234567
621547380 801234567
621547803 801234567
621548073 801234567
621548307 801234567
621548730 801234567
621570384 801234567
621570438 801234567
621570843 801234567
621573048 801234567
621573480 801234567
621573804 801234567
621574083 801234567
621574308 801234567
621574830 801234567
621578034 801234567
621578340 801234567
621578403 801234567
621580347 801234567
621580473 801234567
621580734 801234567
621583074 801234567
621583407 801234567
621583740 801234567
621584037 801234567
621584370 801234567
621584703 801234567
621587043 801234567
621587304 801234567
621587430 801234567
621703485 801234567
621703548 801234567
621703854 801234567
621704358 801234567
621704583 801234567
621704835 801234567
621705384 801234567
621705438 801234567
621705843 801234567
621708345 801234567
621708453 801234567
621708534 801234567
621730458 801234567
621730584 801234567
621730845 801234567
621734085 801234567
621734508 801234567
621734850 801234567
621735048 801234567
621735480 801234567
621735804 801234567
621738054 801234567
621738405 801234567
621738540 801234567
621740385 801234567
621740538 801234567
621740853 801234567
621743058 801234567
621743580 801234567
621743805 801234567
621745083 801234567
621745308 801234567
621745830 801234567
621748035 801234567
621748350 801234567
621748503 801234567
621750348 801234567
621750483 801234567
621750834 801234567
621753084 801234567
621753408 801234567
621753840 801234567
621754038 801234567
621754380 801234567
621754803 801234567
621758043 801234567
621758304 801234567
621758430 801234567
621780354 801234567
621780435 801234567
621780543 801234567
621783045 801234567
621783450 801234567
621783504 801234567
621784053 801234567
621784305 801234567
621784530 801234567
621785034 801234567
621785340 801234567
621785403 801234567
621803457 801234567
621803574 801234567
621803745 801234567
621804375 801234567
621804537 801234567
621804753 801234567
621805347 801234567
621805473 801234567
621805734 801234567
621807354 801234567
621807435 801234567
621807543 801234567
621830475 801234567
621830547 801234567
621830754 801234567
621834057 801234567
621834570 801234567
621834705 801234567
621835074 801234567
621835407 801234567
621835740 801234567
621837045 801234567
621837450 801234567
621837504 801234567
621840357 801234567
621840573 801234567
621840735 801234567
621843075 801234567
621843507 801234567
621843750 801234567
621845037 801234567
621845370 801234567
621845703 801234567
621847053 801234567
621847305 801234567
621847530 801234567
621850374 801234567
621850437 801234567
621850743 801234567
621853047 801234567
621853470 801234567
621853704 801234567
621854073 801234567
621854307 801234567
621854730 801234567
621857034 801234567
621857340 801234567
621857403 801234567
621870345 801234567
621870453 801234567
621870534 801234567
621873054 801234567
621873405 801234567
621873540 801234567
621874035 801234567
621874350 801234567
621874503 801234567
621875043 801234567
621875304 801234567
621875430 801234567
623014578 801234567
623014785 801234567
623014857 801234567
623015487 801234567
623015748 801234567
623015874 801234567
623017458 801234567
623017584 801234567
623017845 801234567
623018475 801234567
623018547 801234567
623018754 801234567
623041587 801234567
623041758 801234567
623041875 801234567
623045178 801234567
623045781 801234567
623045817 801234567
623047185 801234567
623047518 801234567
623047851 801234567
623048157 801234567
623048571 801234567
623048715 801234567
623051478 801234567
623051784 801234567
