487653102 801234567
487653210 801234567
501234678 801234567
501234786 801234567
501234867 801234567
501236487 801234567
501236748 801234567
501236874 801234567
501237468 801234567
501237684 801234567
501237846 801234567
501238476 801234567
501238647 801234567
501238764 801234567
501243687 801234567
501243768 801234567
501243876 801234567
501246378 801234567
501246783 801234567
501246837 801234567
501247386 801234567
501247638 801234567
501247863 801234567
501248367 801234567
501248673 801234567
501248736 801234567
501263478 801234567
501263784 801234567
501263847 801234567
501264387 801234567
501264738 801234567
501264873 801234567
501267348 801234567
501267483 801234567
501267834 801234567
501268374 801234567
501268437 801234567
501268743 801234567
501273486 801234567
501273648 801234567
501273864 801234567
501274368 801234567
501274683 801234567
501274836 801234567
501276384 801234567
501276438 801234567
501276843 801234567
501278346 801234567
501278463 801234567
501278634 801234567
501283467 801234567
501283674 801234567
501283746 801234567
501284376 801234567
501284637 801234567
501284763 801234567
501286347 801234567
501286473 801234567
501286734 801234567
501287364 801234567
501287436 801234567
501287643 801234567
501324687 801234567
501324768 801234567
501324876 801234567
501326478 801234567
501326784 801234567
501326847 801234567
501327486 801234567
501327648 801234567
501327864 801234567
501328467 801234567
501328674 801234567
501328746 801234567
501342678 801234567
501342786 801234567
501342867 801234567
501346287 801234567
501346728 801234567
501346872 801234567
501347268 801234567
501347682 801234567
501347826 801234567
501348276 801234567
501348627 801234567
501348762 801234567
501362487 801234567
501362748 801234567
501362874 801234567
501364278 801234567
501364782 801234567
501364827 801234567
501367284 801234567
501367428 801234567
501367842 801234567
501368247 801234567
501368472 801234567
501368724 801234567
501372468 801234567
501372684 801234567
501372846 801234567
501374286 801234567
501374628 801234567
501374862 801234567
501376248 801234567
501376482 801234567
501376824 801234567
501378264 801234567
501378426 801234567
501378642 801234567
501382476 801234567
501382647 801234567
501382764 801234567
501384267 801234567
501384672 801234567
501384726 801234567
501386274 801234567
501386427 801234567
501386742 801234567
501387246 801234567
501387462 801234567
501387624 801234567
501423678 801234567
501423786 801234567
501423867 801234567
501426387 801234567
501426738 801234567
501426873 801234567
501427368 801234567
501427683 801234567
501427836 801234567
501428376 801234567
501428637 801234567
501428763 801234567
501432687 801234567
501432768 801234567
501432876 801234567
501436278 801234567
501436782 801234567
501436827 801234567
501437286 801234567
501437628 801234567
501437862 801234567
501438267 801234567
501438672 801234567
501438726 801234567
501462378 801234567
501462783 801234567
501462837 801234567
501463287 801234567
501463728 801234567
501463872 801234567
501467238 801234567
501467382 801234567
501467823 801234567
501468273 801234567
501468327 801234567
501468732 801234567
501472386 801234567
501472638 801234567
501472863 801234567
501473268 801234567
501473682 801234567
501473826 801234567
501476283 801234567
501476328 801234567
501476832 801234567
501478236 801234567
501478362 801234567
501478623 801234567
501482367 801234567
501482673 801234567
501482736 801234567
501483276 801234567
501483627 801234567
501483762 801234567
501486237 801234567
501486372 801234567
501486723 801234567
501487263 801234567
501487326 801234567
501487632 801234567
501623487 801234567
501623748 801234567
501623874 801234567
501624378 801234567
501624783 801234567
501624837 801234567
501627384 801234567
501627438 801234567
501627843 801234567
501628347 801234567
501628473 801234567
501628734 801234567
501632478 801234567
501632784 801234567
501632847 801234567
501634287 801234567
501634728 801234567
501634872 801234567
501637248 801234567
501637482 801234567
501637824 801234567
501638274 801234567
501638427 801234567
501638742 801234567
501642387 801234567
501642738 801234567
501642873 801234567
501643278 801234567
501643782 801234567
501643827 801234567
501647283 801234567
501647328 801234567
501647832 801234567
501648237 801234567
501648372 801234567
501648723 801234567
501672348 801234567
501672483 801234567
501672834 801234567
501673284 801234567
501673428 801234567
501673842 801234567
501674238 801234567
501674382 801234567
501674823 801234567
501678243 801234567
501678324 801234567
501678432 801234567
501682374 801234567
501682437 801234567
501682743 801234567
501683247 801234567
501683472 801234567
501683724 801234567
501684273 801234567
501684327 801234567
501684732 801234567
501687234 801234567
501687342 801234567
501687423 801234567
501723468 801234567
501723684 801234567
501723846 801234567
501724386 801234567
501724638 801234567
501724863 801234567
501726348 801234567
501726483 801234567
501726834 801234567
501728364 801234567
501728436 801234567
501728643 801234567
501732486 801234567
501732648 801234567
501732864 801234567
501734268 801234567
501734682 801234567
501734826 801234567
501736284 801234567
501736428 801234567
501736842 801234567
501738246 801234567
501738462 801234567
501738624 801234567
501742368 801234567
501742683 801234567
501742836 801234567
501743286 801234567
501743628 801234567
501743862 801234567
501746238 801234567
501746382 801234567
501746823 801234567
501748263 801234567
501748326 801234567
501748632 801234567
501762384 801234567
501762438 801234567
501762843 801234567
501763248 801234567
501763482 801234567
501763824 801234567
501764283 801234567
501764328 801234567
501764832 801234567
501768234 801234567
501768342 801234567
501768423 801234567
501782346 801234567
501782463 801234567
501782634 801234567
501783264 801234567
501783426 801234567
501783642 801234567
501784236 801234567
501784362 801234567
501784623 801234567
501786243 801234567
501786324 801234567
501786432 801234567
501823476 801234567
501823647 801234567
501823764 801234567
501824367 801234567
501824673 801234567
501824736 801234567
501826374 801234567
501826437 801234567
501826743 801234567
501827346 801234567
501827463 801234567
501827634 801234567
501832467 801234567
501832674 801234567
501832746 801234567
501834276 801234567
501834627 801234567
501834762 801234567
501836247 801234567
501836472 801234567
501836724 801234567
501837264 801234567
501837426 801234567
501837642 801234567
501842376 801234567
501842637 801234567
501842763 801234567
501843267 801234567
501843672 801234567
501843726 801234567
501846273 801234567
501846327 801234567
501846732 801234567
501847236 801234567
501847362 801234567
501847623 801234567
501862347 801234567
501862473 801234567
501862734 801234567
501863274 801234567
501863427 801234567
501863742 801234567
501864237 801234567
501864372 801234567
501864723 801234567
501867243 801234567
501867324 801234567
501867432 801234567
501872364 801234567
501872436 801234567
501872643 801234567
501873246 801234567
501873462 801234567
501873624 801234567
501874263 801234567
501874326 801234567
501874632 801234567
501876234 801234567
501876342 801234567
501876423 801234567
502134687 801234567
502134768 801234567
502134876 801234567
502136478 801234567
502136784 801234567
502136847 801234567
502137486 801234567
502137648 801234567
502137864 801234567
502138467 801234567
502138674 801234567
502138746 801234567
502143678 801234567
502143786 801234567
502143867 801234567
502146387 801234567
502146738 801234567
502146873 801234567
502147368 801234567
502147683 801234567
502147836 801234567
502148376 801234567
502148637 801234567
502148763 801234567
502163487 801234567
502163748 801234567
502163874 801234567
502164378 801234567
502164783 801234567
502164837 801234567
502167384 801234567
502167438 801234567
502167843 801234567
502168347 801234567
502168473 801234567
502168734 801234567
502173468 801234567
502173684 801234567
502173846 801234567
502174386 801234567
502174638 801234567
502174863 801234567
502176348 801234567
502176483 801234567
502176834 801234567
502178364 801234567
502178436 801234567
502178643 801234567
502183476 801234567
502183647 801234567
502183764 801234567
502184367 801234567
502184673 801234567
502184736 801234567
502186374 801234567
502186437 801234567
502186743 801234567
502187346 801234567
502187463 801234567
502187634 801234567
502314678 801234567
502314786 801234567
502314867 801234567
502316487 801234567
502316748 801234567
502316874 801234567
502317468 801234567
502317684 801234567
502317846 801234567
502318476 801234567
502318647 801234567
502318764 801234567
502341687 801234567
502341768 801234567
502341876 801234567
502346178 801234567
502346781 801234567
502346817 801234567
502347186 801234567
502347618 801234567
502347861 801234567
502348167 801234567
502348671 801234567
502348716 801234567
502361478 801234567
502361784 801234567
502361847 801234567
502364187 801234567
502364718 801234567
502364871 801234567
502367148 801234567
502367481 801234567
502367814 801234567
502368174 801234567
502368417 801234567
502368741 801234567
502371486 801234567
502371648 801234567
502371864 801234567
502374168 801234567
502374681 801234567
502374816 801234567
502376184 801234567
502376418 801234567
502376841 801234567
502378146 801234567
502378461 801234567
502378614 801234567
502381467 801234567
502381674 801234567
502381746 801234567
502384176 801234567
502384617 801234567
502384761 801234567
502386147 801234567
502386471 801234567
502386714 801234567
502387164 801234567
502387416 801234567
502387641 801234567
502413687 801234567
502413768 801234567
502413876 801234567
502416378 801234567
502416783 801234567
502416837 801234567
502417386 801234567
502417638 801234567
502417863 801234567
502418367 801234567
502418673 801234567
502418736 801234567
502431678 801234567
502431786 801234567
502431867 801234567
502436187 801234567
502436718 801234567
