623051847 801234567
623054187 801234567
623054718 801234567
623054871 801234567
623057148 801234567
623057481 801234567
623057814 801234567
623058174 801234567
623058417 801234567
623058741 801234567
623071485 801234567
623071548 801234567
623071854 801234567
623074158 801234567
623074581 801234567
623074815 801234567
623075184 801234567
623075418 801234567
623075841 801234567
623078145 801234567
623078451 801234567
623078514 801234567
623081457 801234567
623081574 801234567
623081745 801234567
623084175 801234567
623084517 801234567
623084751 801234567
623085147 801234567
623085471 801234567
623085714 801234567
623087154 801234567
623087415 801234567
623087541 801234567
623104587 801234567
623104758 801234567
623104875 801234567
623105478 801234567
623105784 801234567
623105847 801234567
623107485 801234567
623107548 801234567
623107854 801234567
623108457 801234567
623108574 801234567
623108745 801234567
623140578 801234567
623140785 801234567
623140857 801234567
623145087 801234567
623145708 801234567
623145870 801234567
623147058 801234567
623147580 801234567
623147805 801234567
623148075 801234567
623148507 801234567
623148750 801234567
623150487 801234567
623150748 801234567
623150874 801234567
623154078 801234567
623154780 801234567
623154807 801234567
623157084 801234567
623157408 801234567
623157840 801234567
623158047 801234567
623158470 801234567
623158704 801234567
623170458 801234567
623170584 801234567
623170845 801234567
623174085 801234567
623174508 801234567
623174850 801234567
623175048 801234567
623175480 801234567
623175804 801234567
623178054 801234567
623178405 801234567
623178540 801234567
623180475 801234567
623180547 801234567
623180754 801234567
623184057 801234567
623184570 801234567
623184705 801234567
623185074 801234567
623185407 801234567
623185740 801234567
623187045 801234567
623187450 801234567
623187504 801234567
623401578 801234567
623401785 801234567
623401857 801234567
623405187 801234567
623405718 801234567
623405871 801234567
623407158 801234567
623407581 801234567
623407815 801234567
623408175 801234567
623408517 801234567
623408751 801234567
623410587 801234567
623410758 801234567
623410875 801234567
623415078 801234567
623415780 801234567
623415807 801234567
623417085 801234567
623417508 801234567
623417850 801234567
623418057 801234567
623418570 801234567
623418705 801234567
623450178 801234567
623450781 801234567
623450817 801234567
623451087 801234567
623451708 801234567
623451870 801234567
623457018 801234567
623457180 801234567
623457801 801234567
623458071 801234567
623458107 801234567
623458710 801234567
623470185 801234567
623470518 801234567
623470851 801234567
623471058 801234567
623471580 801234567
623471805 801234567
623475081 801234567
623475108 801234567
623475810 801234567
623478015 801234567
623478150 801234567
623478501 801234567
623480157 801234567
623480571 801234567
623480715 801234567
623481075 801234567
623481507 801234567
623481750 801234567
623485017 801234567
623485170 801234567
623485701 801234567
623487051 801234567
623487105 801234567
623487510 801234567
623501487 801234567
623501748 801234567
623501874 801234567
623504178 801234567
623504781 801234567
623504817 801234567
623507184 801234567
623507418 801234567
623507841 801234567
623508147 801234567
623508471 801234567
623508714 801234567
623510478 801234567
623510784 801234567
623510847 801234567
623514087 801234567
623514708 801234567
623514870 801234567
623517048 801234567
623517480 801234567
623517804 801234567
623518074 801234567
623518407 801234567
623518740 801234567
623540187 801234567
623540718 801234567
623540871 801234567
623541078 801234567
623541780 801234567
623541807 801234567
623547081 801234567
623547108 801234567
623547810 801234567
623548017 801234567
623548170 801234567
623548701 801234567
623570148 801234567
623570481 801234567
623570814 801234567
623571084 801234567
623571408 801234567
623571840 801234567
623574018 801234567
623574180 801234567
623574801 801234567
623578041 801234567
623578104 801234567
623578410 801234567
623580174 801234567
623580417 801234567
623580741 801234567
623581047 801234567
623581470 801234567
623581704 801234567
623584071 801234567
623584107 801234567
623584710 801234567
623587014 801234567
623587140 801234567
623587401 801234567
623701458 801234567
623701584 801234567
623701845 801234567
623704185 801234567
623704518 801234567
623704851 801234567
623705148 801234567
623705481 801234567
623705814 801234567
623708154 801234567
623708415 801234567
623708541 801234567
623710485 801234567
623710548 801234567
623710854 801234567
623714058 801234567
623714580 801234567
623714805 801234567
623715084 801234567
623715408 801234567
623715840 801234567
623718045 801234567
623718450 801234567
623718504 801234567
623740158 801234567
623740581 801234567
623740815 801234567
623741085 801234567
623741508 801234567
623741850 801234567
623745018 801234567
623745180 801234567
623745801 801234567
623748051 801234567
623748105 801234567
623748510 801234567
623750184 801234567
623750418 801234567
623750841 801234567
623751048 801234567
623751480 801234567
623751804 801234567
623754081 801234567
623754108 801234567
623754810 801234567
623758014 801234567
623758140 801234567
623758401 801234567
623780145 801234567
623780451 801234567
623780514 801234567
623781054 801234567
623781405 801234567
623781540 801234567
623784015 801234567
623784150 801234567
623784501 801234567
623785041 801234567
623785104 801234567
623785410 801234567
623801475 801234567
623801547 801234567
623801754 801234567
623804157 801234567
623804571 801234567
623804715 801234567
623805174 801234567
623805417 801234567
623805741 801234567
623807145 801234567
623807451 801234567
623807514 801234567
623810457 801234567
623810574 801234567
623810745 801234567
623814075 801234567
623814507 801234567
623814750 801234567
623815047 801234567
623815470 801234567
623815704 801234567
623817054 801234567
623817405 801234567
623817540 801234567
623840175 801234567
623840517 801234567
623840751 801234567
623841057 801234567
623841570 801234567
623841705 801234567
623845071 801234567
623845107 801234567
623845710 801234567
623847015 801234567
623847150 801234567
623847501 801234567
623850147 801234567
623850471 801234567
623850714 801234567
623851074 801234567
623851407 801234567
623851740 801234567
623854017 801234567
623854170 801234567
623854701 801234567
623857041 801234567
623857104 801234567
623857410 801234567
623870154 801234567
623870415 801234567
623870541 801234567
623871045 801234567
623871450 801234567
623871504 801234567
623874051 801234567
623874105 801234567
623874510 801234567
623875014 801234567
623875140 801234567
623875401 801234567
624013587 801234567
624013758 801234567
624013875 801234567
624015378 801234567
624015783 801234567
624015837 801234567
624017385 801234567
624017538 801234567
624017853 801234567
624018357 801234567
624018573 801234567
624018735 801234567
624031578 801234567
624031785 801234567
624031857 801234567
624035187 801234567
624035718 801234567
624035871 801234567
624037158 801234567
624037581 801234567
624037815 801234567
624038175 801234567
624038517 801234567
624038751 801234567
624051387 801234567
624051738 801234567
624051873 801234567
624053178 801234567
624053781 801234567
624053817 801234567
624057183 801234567
624057318 801234567
624057831 801234567
624058137 801234567
624058371 801234567
624058713 801234567
624071358 801234567
624071583 801234567
624071835 801234567
624073185 801234567
624073518 801234567
624073851 801234567
624075138 801234567
624075381 801234567
624075813 801234567
624078153 801234567
624078315 801234567
624078531 801234567
624081375 801234567
624081537 801234567
624081753 801234567
624083157 801234567
624083571 801234567
624083715 801234567
624085173 801234567
624085317 801234567
624085731 801234567
624087135 801234567
624087351 801234567
624087513 801234567
624103578 801234567
624103785 801234567
624103857 801234567
624105387 801234567
624105738 801234567
624105873 801234567
624107358 801234567
624107583 801234567
624107835 801234567
624108375 801234567
624108537 801234567
624108753 801234567
624130587 801234567
624130758 801234567
624130875 801234567
624135078 801234567
624135780 801234567
624135807 801234567
624137085 801234567
624137508 801234567
624137850 801234567
624138057 801234567
624138570 801234567
624138705 801234567
624150378 801234567
624150783 801234567
624150837 801234567
624153087 801234567
624153708 801234567
624153870 801234567
624157038 801234567
624157380 801234567
624157803 801234567
624158073 801234567
624158307 801234567
624158730 801234567
624170385 801234567
624170538 801234567
624170853 801234567
624173058 801234567
624173580 801234567
624173805 801234567
624175083 801234567
624175308 801234567
624175830 801234567
624178035 801234567
624178350 801234567
624178503 801234567
624180357 801234567
624180573 801234567
624180735 801234567
624183075 801234567
624183507 801234567
624183750 801234567
624185037 801234567
624185370 801234567
624185703 801234567
624187053 801234567
624187305 801234567
624187530 801234567
624301587 801234567
624301758 801234567
624301875 801234567
624305178 801234567
624305781 801234567
624305817 801234567
624307185 801234567
624307518 801234567
624307851 801234567
624308157 801234567
624308571 801234567
624308715 801234567
624310578 801234567
624310785 801234567
624310857 801234567
624315087 801234567
624315708 801234567
624315870 801234567
624317058 801234567
624317580 801234567
624317805 801234567
624318075 801234567
624318507 801234567
624318750 801234567
624350187 801234567
624350718 801234567
624350871 801234567
624351078 801234567
624351780 801234567
624351807 801234567
624357081 801234567
624357108 801234567
624357810 801234567
624358017 801234567
624358170 801234567
624358701 801234567
624370158 801234567
624370581 801234567
624370815 801234567
624371085 801234567
624371508 801234567
624371850 801234567
624375018 801234567
624375180 801234567
624375801 801234567
