803475261 801234567
803475612 801234567
803476152 801234567
803476215 801234567
803476521 801234567
803512476 801234567
803512647 801234567
803512764 801234567
803514267 801234567
803514672 801234567
803514726 801234567
803516274 801234567
803516427 801234567
803516742 801234567
803517246 801234567
803517462 801234567
803517624 801234567
803521467 801234567
803521674 801234567
803521746 801234567
803524176 801234567
803524617 801234567
803524761 801234567
803526147 801234567
803526471 801234567
803526714 801234567
803527164 801234567
803527416 801234567
803527641 801234567
803541276 801234567
803541627 801234567
803541762 801234567
803542167 801234567
803542671 801234567
803542716 801234567
803546172 801234567
803546217 801234567
803546721 801234567
803547126 801234567
803547261 801234567
803547612 801234567
803561247 801234567
803561472 801234567
803561724 801234567
803562174 801234567
803562417 801234567
803562741 801234567
803564127 801234567
803564271 801234567
803564712 801234567
803567142 801234567
803567214 801234567
803567421 801234567
803571264 801234567
803571426 801234567
803571642 801234567
803572146 801234567
803572461 801234567
803572614 801234567
803574162 801234567
803574216 801234567
803574621 801234567
803576124 801234567
803576241 801234567
803576412 801234567
803612457 801234567
803612574 801234567
803612745 801234567
803614275 801234567
803614527 801234567
803614752 801234567
803615247 801234567
803615472 801234567
803615724 801234567
803617254 801234567
803617425 801234567
803617542 801234567
803621475 801234567
803621547 801234567
803621754 801234567
803624157 801234567
803624571 801234567
803624715 801234567
803625174 801234567
803625417 801234567
803625741 801234567
803627145 801234567
803627451 801234567
803627514 801234567
803641257 801234567
803641572 801234567
803641725 801234567
803642175 801234567
803642517 801234567
803642751 801234567
803645127 801234567
803645271 801234567
803645712 801234567
803647152 801234567
803647215 801234567
803647521 801234567
803651274 801234567
803651427 801234567
803651742 801234567
803652147 801234567
803652471 801234567
803652714 801234567
803654172 801234567
803654217 801234567
803654721 801234567
803657124 801234567
803657241 801234567
803657412 801234567
803671245 801234567
803671452 801234567
803671524 801234567
803672154 801234567
803672415 801234567
803672541 801234567
803674125 801234567
803674251 801234567
803674512 801234567
803675142 801234567
803675214 801234567
803675421 801234567
803712465 801234567
803712546 801234567
803712654 801234567
803714256 801234567
803714562 801234567
803714625 801234567
803715264 801234567
803715426 801234567
803715642 801234567
803716245 801234567
803716452 801234567
803716524 801234567
803721456 801234567
803721564 801234567
803721645 801234567
803724165 801234567
803724516 801234567
803724651 801234567
803725146 801234567
803725461 801234567
803725614 801234567
803726154 801234567
803726415 801234567
803726541 801234567
803741265 801234567
803741526 801234567
803741652 801234567
803742156 801234567
803742561 801234567
803742615 801234567
803745162 801234567
803745216 801234567
803745621 801234567
803746125 801234567
803746251 801234567
803746512 801234567
803751246 801234567
803751462 801234567
803751624 801234567
803752164 801234567
803752416 801234567
803752641 801234567
803754126 801234567
803754261 801234567
803754612 801234567
803756142 801234567
803756214 801234567
803756421 801234567
803761254 801234567
803761425 801234567
803761542 801234567
803762145 801234567
803762451 801234567
803762514 801234567
803764152 801234567
803764215 801234567
803764521 801234567
803765124 801234567
803765241 801234567
803765412 801234567
804123576 801234567
804123657 801234567
804123765 801234567
804125367 801234567
804125673 801234567
804125736 801234567
804126375 801234567
804126537 801234567
804126753 801234567
804127356 801234567
804127563 801234567
804127635 801234567
804132567 801234567
804132675 801234567
804132756 801234567
804135276 801234567
804135627 801234567
804135762 801234567
804136257 801234567
804136572 801234567
804136725 801234567
804137265 801234567
804137526 801234567
804137652 801234567
804152376 801234567
804152637 801234567
804152763 801234567
804153267 801234567
804153672 801234567
804153726 801234567
804156273 801234567
804156327 801234567
804156732 801234567
804157236 801234567
804157362 801234567
804157623 801234567
804162357 801234567
804162573 801234567
804162735 801234567
804163275 801234567
804163527 801234567
804163752 801234567
804165237 801234567
804165372 801234567
804165723 801234567
804167253 801234567
804167325 801234567
804167532 801234567
804172365 801234567
804172536 801234567
804172653 801234567
804173256 801234567
804173562 801234567
804173625 801234567
804175263 801234567
804175326 801234567
804175632 801234567
804176235 801234567
804176352 801234567
804176523 801234567
804213567 801234567
804213675 801234567
804213756 801234567
804215376 801234567
804215637 801234567
804215763 801234567
804216357 801234567
804216573 801234567
804216735 801234567
804217365 801234567
804217536 801234567
804217653 801234567
804231576 801234567
804231657 801234567
804231765 801234567
804235167 801234567
804235671 801234567
804235716 801234567
804236175 801234567
804236517 801234567
804236751 801234567
804237156 801234567
804237561 801234567
804237615 801234567
804251367 801234567
804251673 801234567
804251736 801234567
804253176 801234567
804253617 801234567
804253761 801234567
804256137 801234567
804256371 801234567
804256713 801234567
804257163 801234567
804257316 801234567
804257631 801234567
804261375 801234567
804261537 801234567
804261753 801234567
804263157 801234567
804263571 801234567
804263715 801234567
804265173 801234567
804265317 801234567
804265731 801234567
804267135 801234567
804267351 801234567
804267513 801234567
804271356 801234567
804271563 801234567
804271635 801234567
804273165 801234567
804273516 801234567
804273651 801234567
804275136 801234567
804275361 801234567
804275613 801234567
804276153 801234567
804276315 801234567
804276531 801234567
804312576 801234567
804312657 801234567
804312765 801234567
804315267 801234567
804315672 801234567
804315726 801234567
804316275 801234567
804316527 801234567
804316752 801234567
804317256 801234567
804317562 801234567
804317625 801234567
804321567 801234567
804321675 801234567
804321756 801234567
804325176 801234567
804325617 801234567
804325761 801234567
804326157 801234567
804326571 801234567
804326715 801234567
804327165 801234567
804327516 801234567
804327651 801234567
804351276 801234567
804351627 801234567
804351762 801234567
804352167 801234567
804352671 801234567
804352716 801234567
804356172 801234567
804356217 801234567
804356721 801234567
804357126 801234567
804357261 801234567
804357612 801234567
804361257 801234567
804361572 801234567
804361725 801234567
804362175 801234567
804362517 801234567
804362751 801234567
804365127 801234567
804365271 801234567
804365712 801234567
804367152 801234567
804367215 801234567
804367521 801234567
804371265 801234567
804371526 801234567
804371652 801234567
804372156 801234567
804372561 801234567
804372615 801234567
804375162 801234567
804375216 801234567
804375621 801234567
804376125 801234567
804376251 801234567
804376512 801234567
804512367 801234567
804512673 801234567
804512736 801234567
804513276 801234567
804513627 801234567
804513762 801234567
804516237 801234567
804516372 801234567
804516723 801234567
804517263 801234567
804517326 801234567
804517632 801234567
804521376 801234567
804521637 801234567
804521763 801234567
804523167 801234567
804523671 801234567
804523716 801234567
804526173 801234567
804526317 801234567
804526731 801234567
804527136 801234567
804527361 801234567
804527613 801234567
804531267 801234567
804531672 801234567
804531726 801234567
804532176 801234567
804532617 801234567
804532761 801234567
804536127 801234567
804536271 801234567
804536712 801234567
804537162 801234567
804537216 801234567
804537621 801234567
804561273 801234567
804561327 801234567
804561732 801234567
804562137 801234567
804562371 801234567
804562713 801234567
804563172 801234567
804563217 801234567
804563721 801234567
804567123 801234567
804567231 801234567
804567312 801234567
804571236 801234567
804571362 801234567
804571623 801234567
804572163 801234567
804572316 801234567
804572631 801234567
804573126 801234567
804573261 801234567
804573612 801234567
804576132 801234567
804576213 801234567
804576321 801234567
804612375 801234567
804612537 801234567
804612753 801234567
804613257 801234567
804613572 801234567
804613725 801234567
804615273 801234567
804615327 801234567
804615732 801234567
804617235 801234567
804617352 801234567
804617523 801234567
804621357 801234567
804621573 801234567
804621735 801234567
804623175 801234567
804623517 801234567
804623751 801234567
804625137 801234567
804625371 801234567
804625713 801234567
804627153 801234567
804627315 801234567
804627531 801234567
804631275 801234567
804631527 801234567
804631752 801234567
804632157 801234567
804632571 801234567
804632715 801234567
804635172 801234567
804635217 801234567
804635721 801234567
804637125 801234567
804637251 801234567
804637512 801234567
804651237 801234567
804651372 801234567
804651723 801234567
804652173 801234567
804652317 801234567
804652731 801234567
804653127 801234567
804653271 801234567
804653712 801234567
804657132 801234567
804657213 801234567
804657321 801234567
804671253 801234567
804671325 801234567
804671532 801234567
804672135 801234567
804672351 801234567
804672513 801234567
804673152 801234567
804673215 801234567
804673521 801234567
804675123 801234567
804675231 801234567
804675312 801234567
804712356 801234567
804712563 801234567
804712635 801234567
804713265 801234567
804713526 801234567
804713652 801234567
804715236 801234567
804715362 801234567
804715623 801234567
804716253 801234567
804716325 801234567
804716532 801234567
804721365 801234567
804721536 801234567
