723840516 801234567
723840651 801234567
723841056 801234567
723841560 801234567
723841605 801234567
723845061 801234567
723845106 801234567
723845610 801234567
723846015 801234567
723846150 801234567
723846501 801234567
723850146 801234567
723850461 801234567
723850614 801234567
723851064 801234567
723851406 801234567
723851640 801234567
723854016 801234567
723854160 801234567
723854601 801234567
723856041 801234567
723856104 801234567
723856410 801234567
723860154 801234567
723860415 801234567
723860541 801234567
723861045 801234567
723861450 801234567
723861504 801234567
723864051 801234567
723864105 801234567
723864510 801234567
723865014 801234567
723865140 801234567
723865401 801234567
724013586 801234567
724013658 801234567
724013865 801234567
724015368 801234567
724015683 801234567
724015836 801234567
724016385 801234567
724016538 801234567
724016853 801234567
724018356 801234567
724018563 801234567
724018635 801234567
724031568 801234567
724031685 801234567
724031856 801234567
724035186 801234567
724035618 801234567
724035861 801234567
724036158 801234567
724036581 801234567
724036815 801234567
724038165 801234567
724038516 801234567
724038651 801234567
724051386 801234567
724051638 801234567
724051863 801234567
724053168 801234567
724053681 801234567
724053816 801234567
724056183 801234567
724056318 801234567
724056831 801234567
724058136 801234567
724058361 801234567
724058613 801234567
724061358 801234567
724061583 801234567
724061835 801234567
724063185 801234567
724063518 801234567
724063851 801234567
724065138 801234567
724065381 801234567
724065813 801234567
724068153 801234567
724068315 801234567
724068531 801234567
724081365 801234567
724081536 801234567
724081653 801234567
724083156 801234567
724083561 801234567
724083615 801234567
724085163 801234567
724085316 801234567
724085631 801234567
724086135 801234567
724086351 801234567
724086513 801234567
724103568 801234567
724103685 801234567
724103856 801234567
724105386 801234567
724105638 801234567
724105863 801234567
724106358 801234567
724106583 801234567
724106835 801234567
724108365 801234567
724108536 801234567
724108653 801234567
724130586 801234567
724130658 801234567
724130865 801234567
724135068 801234567
724135680 801234567
724135806 801234567
724136085 801234567
724136508 801234567
724136850 801234567
724138056 801234567
724138560 801234567
724138605 801234567
724150368 801234567
724150683 801234567
724150836 801234567
724153086 801234567
724153608 801234567
724153860 801234567
724156038 801234567
724156380 801234567
724156803 801234567
724158063 801234567
724158306 801234567
724158630 801234567
724160385 801234567
724160538 801234567
724160853 801234567
724163058 801234567
724163580 801234567
724163805 801234567
724165083 801234567
724165308 801234567
724165830 801234567
724168035 801234567
724168350 801234567
724168503 801234567
724180356 801234567
724180563 801234567
724180635 801234567
724183065 801234567
724183506 801234567
724183650 801234567
724185036 801234567
724185360 801234567
724185603 801234567
724186053 801234567
724186305 801234567
724186530 801234567
724301586 801234567
724301658 801234567
724301865 801234567
724305168 801234567
724305681 801234567
724305816 801234567
724306185 801234567
724306518 801234567
724306851 801234567
724308156 801234567
724308561 801234567
724308615 801234567
724310568 801234567
724310685 801234567
724310856 801234567
724315086 801234567
724315608 801234567
724315860 801234567
724316058 801234567
724316580 801234567
724316805 801234567
724318065 801234567
724318506 801234567
724318650 801234567
724350186 801234567
724350618 801234567
724350861 801234567
724351068 801234567
724351680 801234567
724351806 801234567
724356081 801234567
724356108 801234567
724356810 801234567
724358016 801234567
724358160 801234567
724358601 801234567
724360158 801234567
724360581 801234567
724360815 801234567
724361085 801234567
724361508 801234567
724361850 801234567
724365018 801234567
724365180 801234567
724365801 801234567
724368051 801234567
724368105 801234567
724368510 801234567
724380165 801234567
724380516 801234567
724380651 801234567
724381056 801234567
724381560 801234567
724381605 801234567
724385061 801234567
724385106 801234567
724385610 801234567
724386015 801234567
724386150 801234567
724386501 801234567
724501368 801234567
724501683 801234567
724501836 801234567
724503186 801234567
724503618 801234567
724503861 801234567
724506138 801234567
724506381 801234567
724506813 801234567
724508163 801234567
724508316 801234567
724508631 801234567
724510386 801234567
724510638 801234567
724510863 801234567
724513068 801234567
724513680 801234567
724513806 801234567
724516083 801234567
724516308 801234567
724516830 801234567
724518036 801234567
724518360 801234567
724518603 801234567
724530168 801234567
724530681 801234567
724530816 801234567
724531086 801234567
724531608 801234567
724531860 801234567
724536018 801234567
724536180 801234567
724536801 801234567
724538061 801234567
724538106 801234567
724538610 801234567
724560183 801234567
724560318 801234567
724560831 801234567
724561038 801234567
724561380 801234567
724561803 801234567
724563081 801234567
724563108 801234567
724563810 801234567
724568013 801234567
724568130 801234567
724568301 801234567
724580136 801234567
724580361 801234567
724580613 801234567
724581063 801234567
724581306 801234567
724581630 801234567
724583016 801234567
724583160 801234567
724583601 801234567
724586031 801234567
724586103 801234567
724586310 801234567
724601385 801234567
724601538 801234567
724601853 801234567
724603158 801234567
724603581 801234567
724603815 801234567
724605183 801234567
724605318 801234567
724605831 801234567
724608135 801234567
724608351 801234567
724608513 801234567
724610358 801234567
724610583 801234567
724610835 801234567
724613085 801234567
724613508 801234567
724613850 801234567
724615038 801234567
724615380 801234567
724615803 801234567
724618053 801234567
724618305 801234567
724618530 801234567
724630185 801234567
724630518 801234567
724630851 801234567
724631058 801234567
724631580 801234567
724631805 801234567
724635081 801234567
724635108 801234567
724635810 801234567
724638015 801234567
724638150 801234567
724638501 801234567
724650138 801234567
724650381 801234567
724650813 801234567
724651083 801234567
724651308 801234567
724651830 801234567
724653018 801234567
724653180 801234567
724653801 801234567
724658031 801234567
724658103 801234567
724658310 801234567
724680153 801234567
724680315 801234567
724680531 801234567
724681035 801234567
724681350 801234567
724681503 801234567
724683051 801234567
724683105 801234567
724683510 801234567
724685013 801234567
724685130 801234567
724685301 801234567
724801356 801234567
724801563 801234567
724801635 801234567
724803165 801234567
724803516 801234567
724803651 801234567
724805136 801234567
724805361 801234567
724805613 801234567
724806153 801234567
724806315 801234567
724806531 801234567
724810365 801234567
724810536 801234567
724810653 801234567
724813056 801234567
724813560 801234567
724813605 801234567
724815063 801234567
724815306 801234567
724815630 801234567
724816035 801234567
724816350 801234567
724816503 801234567
724830156 801234567
724830561 801234567
724830615 801234567
724831065 801234567
724831506 801234567
724831650 801234567
724835016 801234567
724835160 801234567
724835601 801234567
724836051 801234567
724836105 801234567
724836510 801234567
724850163 801234567
724850316 801234567
724850631 801234567
724851036 801234567
724851360 801234567
724851603 801234567
724853061 801234567
724853106 801234567
724853610 801234567
724856013 801234567
724856130 801234567
724856301 801234567
724860135 801234567
724860351 801234567
724860513 801234567
724861053 801234567
724861305 801234567
724861530 801234567
724863015 801234567
724863150 801234567
724863501 801234567
724865031 801234567
724865103 801234567
724865310 801234567
725013468 801234567
725013684 801234567
725013846 801234567
725014386 801234567
725014638 801234567
725014863 801234567
725016348 801234567
725016483 801234567
725016834 801234567
725018364 801234567
725018436 801234567
725018643 801234567
725031486 801234567
725031648 801234567
725031864 801234567
725034168 801234567
725034681 801234567
725034816 801234567
725036184 801234567
725036418 801234567
725036841 801234567
725038146 801234567
725038461 801234567
725038614 801234567
725041368 801234567
725041683 801234567
725041836 801234567
725043186 801234567
725043618 801234567
725043861 801234567
725046138 801234567
725046381 801234567
725046813 801234567
725048163 801234567
725048316 801234567
725048631 801234567
725061384 801234567
725061438 801234567
725061843 801234567
725063148 801234567
725063481 801234567
725063814 801234567
725064183 801234567
725064318 801234567
725064831 801234567
725068134 801234567
725068341 801234567
725068413 801234567
725081346 801234567
725081463 801234567
725081634 801234567
725083164 801234567
725083416 801234567
725083641 801234567
725084136 801234567
725084361 801234567
725084613 801234567
725086143 801234567
725086314 801234567
725086431 801234567
725103486 801234567
725103648 801234567
725103864 801234567
725104368 801234567
725104683 801234567
725104836 801234567
725106384 801234567
725106438 801234567
725106843 801234567
725108346 801234567
725108463 801234567
725108634 801234567
725130468 801234567
725130684 801234567
725130846 801234567
725134086 801234567
725134608 801234567
725134860 801234567
725136048 801234567
725136480 801234567
725136804 801234567
725138064 801234567
725138406 801234567
725138640 801234567
725140386 801234567
725140638 801234567
725140863 801234567
725143068 801234567
725143680 801234567
725143806 801234567
725146083 801234567
725146308 801234567
725146830 801234567
725148036 801234567
725148360 801234567
725148603 801234567
725160348 801234567
725160483 801234567
725160834 801234567
725163084 801234567
725163408 801234567
725163840 801234567
725164038 801234567
725164380 801234567
