268705143 801234567
268705314 801234567
268705431 801234567
268710354 801234567
268710435 801234567
268710543 801234567
268713045 801234567
268713450 801234567
268713504 801234567
268714053 801234567
268714305 801234567
268714530 801234567
268715034 801234567
268715340 801234567
268715403 801234567
268730145 801234567
268730451 801234567
268730514 801234567
268731054 801234567
268731405 801234567
268731540 801234567
268734015 801234567
268734150 801234567
268734501 801234567
268735041 801234567
268735104 801234567
268735410 801234567
268740153 801234567
268740315 801234567
268740531 801234567
268741035 801234567
268741350 801234567
268741503 801234567
268743051 801234567
268743105 801234567
268743510 801234567
268745013 801234567
268745130 801234567
268745301 801234567
268750134 801234567
268750341 801234567
268750413 801234567
268751043 801234567
268751304 801234567
268751430 801234567
268753014 801234567
268753140 801234567
268753401 801234567
268754031 801234567
268754103 801234567
268754310 801234567
270134568 801234567
270134685 801234567
270134856 801234567
270135486 801234567
270135648 801234567
270135864 801234567
270136458 801234567
270136584 801234567
270136845 801234567
270138465 801234567
270138546 801234567
270138654 801234567
270143586 801234567
270143658 801234567
270143865 801234567
270145368 801234567
270145683 801234567
270145836 801234567
270146385 801234567
270146538 801234567
270146853 801234567
270148356 801234567
270148563 801234567
270148635 801234567
270153468 801234567
270153684 801234567
270153846 801234567
270154386 801234567
270154638 801234567
270154863 801234567
270156348 801234567
270156483 801234567
270156834 801234567
270158364 801234567
270158436 801234567
270158643 801234567
270163485 801234567
270163548 801234567
270163854 801234567
270164358 801234567
270164583 801234567
270164835 801234567
270165384 801234567
270165438 801234567
270165843 801234567
270168345 801234567
270168453 801234567
270168534 801234567
270183456 801234567
270183564 801234567
270183645 801234567
270184365 801234567
270184536 801234567
270184653 801234567
270185346 801234567
270185463 801234567
270185634 801234567
270186354 801234567
270186435 801234567
270186543 801234567
270314586 801234567
270314658 801234567
270314865 801234567
270315468 801234567
270315684 801234567
270315846 801234567
270316485 801234567
270316548 801234567
270316854 801234567
270318456 801234567
270318564 801234567
270318645 801234567
270341568 801234567
270341685 801234567
270341856 801234567
270345186 801234567
270345618 801234567
270345861 801234567
270346158 801234567
270346581 801234567
270346815 801234567
270348165 801234567
270348516 801234567
270348651 801234567
270351486 801234567
270351648 801234567
270351864 801234567
270354168 801234567
270354681 801234567
270354816 801234567
270356184 801234567
270356418 801234567
270356841 801234567
270358146 801234567
270358461 801234567
270358614 801234567
270361458 801234567
270361584 801234567
270361845 801234567
270364185 801234567
270364518 801234567
270364851 801234567
270365148 801234567
270365481 801234567
270365814 801234567
270368154 801234567
270368415 801234567
270368541 801234567
270381465 801234567
270381546 801234567
270381654 801234567
270384156 801234567
270384561 801234567
270384615 801234567
270385164 801234567
270385416 801234567
270385641 801234567
270386145 801234567
270386451 801234567
270386514 801234567
270413568 801234567
270413685 801234567
270413856 801234567
270415386 801234567
270415638 801234567
270415863 801234567
270416358 801234567
270416583 801234567
270416835 801234567
270418365 801234567
270418536 801234567
270418653 801234567
270431586 801234567
270431658 801234567
270431865 801234567
270435168 801234567
270435681 801234567
270435816 801234567
270436185 801234567
270436518 801234567
270436851 801234567
270438156 801234567
270438561 801234567
270438615 801234567
270451368 801234567
270451683 801234567
270451836 801234567
270453186 801234567
270453618 801234567
270453861 801234567
270456138 801234567
270456381 801234567
270456813 801234567
270458163 801234567
270458316 801234567
270458631 801234567
270461385 801234567
270461538 801234567
270461853 801234567
270463158 801234567
270463581 801234567
270463815 801234567
270465183 801234567
270465318 801234567
270465831 801234567
270468135 801234567
270468351 801234567
270468513 801234567
270481356 801234567
270481563 801234567
270481635 801234567
270483165 801234567
270483516 801234567
270483651 801234567
270485136 801234567
270485361 801234567
270485613 801234567
270486153 801234567
270486315 801234567
270486531 801234567
270513486 801234567
270513648 801234567
270513864 801234567
270514368 801234567
270514683 801234567
270514836 801234567
270516384 801234567
270516438 801234567
270516843 801234567
270518346 801234567
270518463 801234567
270518634 801234567
270531468 801234567
270531684 801234567
270531846 801234567
270534186 801234567
270534618 801234567
270534861 801234567
270536148 801234567
270536481 801234567
270536814 801234567
270538164 801234567
270538416 801234567
270538641 801234567
270541386 801234567
270541638 801234567
270541863 801234567
270543168 801234567
270543681 801234567
270543816 801234567
270546183 801234567
270546318 801234567
270546831 801234567
270548136 801234567
270548361 801234567
270548613 801234567
270561348 801234567
270561483 801234567
270561834 801234567
270563184 801234567
270563418 801234567
270563841 801234567
270564138 801234567
270564381 801234567
270564813 801234567
270568143 801234567
270568314 801234567
270568431 801234567
270581364 801234567
270581436 801234567
270581643 801234567
270583146 801234567
270583461 801234567
270583614 801234567
270584163 801234567
270584316 801234567
270584631 801234567
270586134 801234567
270586341 801234567
270586413 801234567
270613458 801234567
270613584 801234567
270613845 801234567
270614385 801234567
270614538 801234567
270614853 801234567
270615348 801234567
270615483 801234567
270615834 801234567
270618354 801234567
270618435 801234567
270618543 801234567
270631485 801234567
270631548 801234567
270631854 801234567
270634158 801234567
270634581 801234567
270634815 801234567
270635184 801234567
270635418 801234567
270635841 801234567
270638145 801234567
270638451 801234567
270638514 801234567
270641358 801234567
270641583 801234567
270641835 801234567
270643185 801234567
270643518 801234567
270643851 801234567
270645138 801234567
270645381 801234567
270645813 801234567
270648153 801234567
270648315 801234567
270648531 801234567
270651384 801234567
270651438 801234567
270651843 801234567
270653148 801234567
270653481 801234567
270653814 801234567
270654183 801234567
270654318 801234567
270654831 801234567
270658134 801234567
270658341 801234567
270658413 801234567
270681345 801234567
270681453 801234567
270681534 801234567
270683154 801234567
270683415 801234567
270683541 801234567
270684135 801234567
270684351 801234567
270684513 801234567
270685143 801234567
270685314 801234567
270685431 801234567
270813465 801234567
270813546 801234567
270813654 801234567
270814356 801234567
270814563 801234567
270814635 801234567
270815364 801234567
270815436 801234567
270815643 801234567
270816345 801234567
270816453 801234567
270816534 801234567
270831456 801234567
270831564 801234567
270831645 801234567
270834165 801234567
270834516 801234567
270834651 801234567
270835146 801234567
270835461 801234567
270835614 801234567
270836154 801234567
270836415 801234567
270836541 801234567
270841365 801234567
270841536 801234567
270841653 801234567
270843156 801234567
270843561 801234567
270843615 801234567
270845163 801234567
270845316 801234567
270845631 801234567
270846135 801234567
270846351 801234567
270846513 801234567
270851346 801234567
270851463 801234567
270851634 801234567
270853164 801234567
270853416 801234567
270853641 801234567
270854136 801234567
270854361 801234567
270854613 801234567
270856143 801234567
270856314 801234567
270856431 801234567
270861354 801234567
270861435 801234567
270861543 801234567
270863145 801234567
270863451 801234567
270863514 801234567
270864153 801234567
270864315 801234567
270864531 801234567
270865134 801234567
270865341 801234567
270865413 801234567
271034586 801234567
271034658 801234567
271034865 801234567
271035468 801234567
271035684 801234567
271035846 801234567
271036485 801234567
271036548 801234567
271036854 801234567
271038456 801234567
271038564 801234567
271038645 801234567
271043568 801234567
271043685 801234567
271043856 801234567
271045386 801234567
271045638 801234567
271045863 801234567
271046358 801234567
271046583 801234567
271046835 801234567
271048365 801234567
271048536 801234567
271048653 801234567
271053486 801234567
271053648 801234567
271053864 801234567
271054368 801234567
271054683 801234567
271054836 801234567
271056384 801234567
271056438 801234567
271056843 801234567
271058346 801234567
271058463 801234567
271058634 801234567
271063458 801234567
271063584 801234567
271063845 801234567
271064385 801234567
271064538 801234567
271064853 801234567
271065348 801234567
271065483 801234567
271065834 801234567
271068354 801234567
271068435 801234567
271068543 801234567
271083465 801234567
271083546 801234567
271083654 801234567
271084356 801234567
271084563 801234567
271084635 801234567
271085364 801234567
271085436 801234567
271085643 801234567
271086345 801234567
271086453 801234567
271086534 801234567
271304568 801234567
271304685 801234567
271304856 801234567
271305486 801234567
271305648 801234567
271305864 801234567
271306458 801234567
271306584 801234567
271306845 801234567
271308465 801234567
271308546 801234567
271308654 801234567
271340586 801234567
271340658 801234567
271340865 801234567
271345068 801234567
271345680 801234567
271345806 801234567
271346085 801234567
271346508 801234567
271346850 801234567
271348056 801234567
271348560 801234567
271348605 801234567
271350468 801234567
271350684 801234567
271350846 801234567
271354086 801234567
