624378051 801234567
624378105 801234567
624378510 801234567
624380175 801234567
624380517 801234567
624380751 801234567
624381057 801234567
624381570 801234567
624381705 801234567
624385071 801234567
624385107 801234567
624385710 801234567
624387015 801234567
624387150 801234567
624387501 801234567
624501378 801234567
624501783 801234567
624501837 801234567
624503187 801234567
624503718 801234567
624503871 801234567
624507138 801234567
624507381 801234567
624507813 801234567
624508173 801234567
624508317 801234567
624508731 801234567
624510387 801234567
624510738 801234567
624510873 801234567
624513078 801234567
624513780 801234567
624513807 801234567
624517083 801234567
624517308 801234567
624517830 801234567
624518037 801234567
624518370 801234567
624518703 801234567
624530178 801234567
624530781 801234567
624530817 801234567
624531087 801234567
624531708 801234567
624531870 801234567
624537018 801234567
624537180 801234567
624537801 801234567
624538071 801234567
624538107 801234567
624538710 801234567
624570183 801234567
624570318 801234567
624570831 801234567
624571038 801234567
624571380 801234567
624571803 801234567
624573081 801234567
624573108 801234567
624573810 801234567
624578013 801234567
624578130 801234567
624578301 801234567
624580137 801234567
624580371 801234567
624580713 801234567
624581073 801234567
624581307 801234567
624581730 801234567
624583017 801234567
624583170 801234567
624583701 801234567
624587031 801234567
624587103 801234567
624587310 801234567
624701385 801234567
624701538 801234567
624701853 801234567
624703158 801234567
624703581 801234567
624703815 801234567
624705183 801234567
624705318 801234567
624705831 801234567
624708135 801234567
624708351 801234567
624708513 801234567
624710358 801234567
624710583 801234567
624710835 801234567
624713085 801234567
624713508 801234567
624713850 801234567
624715038 801234567
624715380 801234567
624715803 801234567
624718053 801234567
624718305 801234567
624718530 801234567
624730185 801234567
624730518 801234567
624730851 801234567
624731058 801234567
624731580 801234567
624731805 801234567
624735081 801234567
624735108 801234567
624735810 801234567
624738015 801234567
624738150 801234567
624738501 801234567
624750138 801234567
624750381 801234567
624750813 801234567
624751083 801234567
624751308 801234567
624751830 801234567
624753018 801234567
624753180 801234567
624753801 801234567
624758031 801234567
624758103 801234567
624758310 801234567
624780153 801234567
624780315 801234567
624780531 801234567
624781035 801234567
624781350 801234567
624781503 801234567
624783051 801234567
624783105 801234567
624783510 801234567
624785013 801234567
624785130 801234567
624785301 801234567
624801357 801234567
624801573 801234567
624801735 801234567
624803175 801234567
624803517 801234567
624803751 801234567
624805137 801234567
624805371 801234567
624805713 801234567
624807153 801234567
624807315 801234567
624807531 801234567
624810375 801234567
624810537 801234567
624810753 801234567
624813057 801234567
624813570 801234567
624813705 801234567
624815073 801234567
624815307 801234567
624815730 801234567
624817035 801234567
624817350 801234567
624817503 801234567
624830157 801234567
624830571 801234567
624830715 801234567
624831075 801234567
624831507 801234567
624831750 801234567
624835017 801234567
624835170 801234567
624835701 801234567
624837051 801234567
624837105 801234567
624837510 801234567
624850173 801234567
624850317 801234567
624850731 801234567
624851037 801234567
624851370 801234567
624851703 801234567
624853071 801234567
624853107 801234567
624853710 801234567
624857013 801234567
624857130 801234567
624857301 801234567
624870135 801234567
624870351 801234567
624870513 801234567
624871053 801234567
624871305 801234567
624871530 801234567
624873015 801234567
624873150 801234567
624873501 801234567
624875031 801234567
624875103 801234567
624875310 801234567
625013478 801234567
625013784 801234567
625013847 801234567
625014387 801234567
625014738 801234567
625014873 801234567
625017348 801234567
625017483 801234567
625017834 801234567
625018374 801234567
625018437 801234567
625018743 801234567
625031487 801234567
625031748 801234567
625031874 801234567
625034178 801234567
625034781 801234567
625034817 801234567
625037184 801234567
625037418 801234567
625037841 801234567
625038147 801234567
625038471 801234567
625038714 801234567
625041378 801234567
625041783 801234567
625041837 801234567
625043187 801234567
625043718 801234567
625043871 801234567
625047138 801234567
625047381 801234567
625047813 801234567
625048173 801234567
625048317 801234567
625048731 801234567
625071384 801234567
625071438 801234567
625071843 801234567
625073148 801234567
625073481 801234567
625073814 801234567
625074183 801234567
625074318 801234567
625074831 801234567
625078134 801234567
625078341 801234567
625078413 801234567
625081347 801234567
625081473 801234567
625081734 801234567
625083174 801234567
625083417 801234567
625083741 801234567
625084137 801234567
625084371 801234567
625084713 801234567
625087143 801234567
625087314 801234567
625087431 801234567
625103487 801234567
625103748 801234567
625103874 801234567
625104378 801234567
625104783 801234567
625104837 801234567
625107384 801234567
625107438 801234567
625107843 801234567
625108347 801234567
625108473 801234567
625108734 801234567
625130478 801234567
625130784 801234567
625130847 801234567
625134087 801234567
625134708 801234567
625134870 801234567
625137048 801234567
625137480 801234567
625137804 801234567
625138074 801234567
625138407 801234567
625138740 801234567
625140387 801234567
625140738 801234567
625140873 801234567
625143078 801234567
625143780 801234567
625143807 801234567
625147083 801234567
625147308 801234567
625147830 801234567
625148037 801234567
625148370 801234567
625148703 801234567
625170348 801234567
625170483 801234567
625170834 801234567
625173084 801234567
625173408 801234567
625173840 801234567
625174038 801234567
625174380 801234567
625174803 801234567
625178043 801234567
625178304 801234567
625178430 801234567
625180374 801234567
625180437 801234567
625180743 801234567
625183047 801234567
625183470 801234567
625183704 801234567
625184073 801234567
625184307 801234567
625184730 801234567
625187034 801234567
625187340 801234567
625187403 801234567
625301478 801234567
625301784 801234567
625301847 801234567
625304187 801234567
625304718 801234567
625304871 801234567
625307148 801234567
625307481 801234567
625307814 801234567
625308174 801234567
625308417 801234567
625308741 801234567
625310487 801234567
625310748 801234567
625310874 801234567
625314078 801234567
625314780 801234567
625314807 801234567
625317084 801234567
625317408 801234567
625317840 801234567
625318047 801234567
625318470 801234567
625318704 801234567
625340178 801234567
625340781 801234567
625340817 801234567
625341087 801234567
625341708 801234567
625341870 801234567
625347018 801234567
625347180 801234567
625347801 801234567
625348071 801234567
625348107 801234567
625348710 801234567
625370184 801234567
625370418 801234567
625370841 801234567
625371048 801234567
625371480 801234567
625371804 801234567
625374081 801234567
625374108 801234567
625374810 801234567
625378014 801234567
625378140 801234567
625378401 801234567
625380147 801234567
625380471 801234567
625380714 801234567
625381074 801234567
625381407 801234567
625381740 801234567
625384017 801234567
625384170 801234567
625384701 801234567
625387041 801234567
625387104 801234567
625387410 801234567
625401387 801234567
625401738 801234567
625401873 801234567
625403178 801234567
625403781 801234567
625403817 801234567
625407183 801234567
625407318 801234567
625407831 801234567
625408137 801234567
625408371 801234567
625408713 801234567
625410378 801234567
625410783 801234567
625410837 801234567
625413087 801234567
625413708 801234567
625413870 801234567
625417038 801234567
625417380 801234567
625417803 801234567
625418073 801234567
625418307 801234567
625418730 801234567
625430187 801234567
625430718 801234567
625430871 801234567
625431078 801234567
625431780 801234567
625431807 801234567
625437081 801234567
625437108 801234567
625437810 801234567
625438017 801234567
625438170 801234567
625438701 801234567
625470138 801234567
625470381 801234567
625470813 801234567
625471083 801234567
625471308 801234567
625471830 801234567
625473018 801234567
625473180 801234567
625473801 801234567
625478031 801234567
625478103 801234567
625478310 801234567
625480173 801234567
625480317 801234567
625480731 801234567
625481037 801234567
625481370 801234567
625481703 801234567
625483071 801234567
625483107 801234567
625483710 801234567
625487013 801234567
625487130 801234567
625487301 801234567
625701348 801234567
625701483 801234567
625701834 801234567
625703184 801234567
625703418 801234567
625703841 801234567
625704138 801234567
625704381 801234567
625704813 801234567
625708143 801234567
625708314 801234567
625708431 801234567
625710384 801234567
625710438 801234567
625710843 801234567
625713048 801234567
625713480 801234567
625713804 801234567
625714083 801234567
625714308 801234567
625714830 801234567
625718034 801234567
625718340 801234567
625718403 801234567
625730148 801234567
625730481 801234567
625730814 801234567
625731084 801234567
625731408 801234567
625731840 801234567
625734018 801234567
625734180 801234567
625734801 801234567
625738041 801234567
625738104 801234567
625738410 801234567
625740183 801234567
625740318 801234567
625740831 801234567
625741038 801234567
625741380 801234567
625741803 801234567
625743081 801234567
625743108 801234567
625743810 801234567
625748013 801234567
625748130 801234567
625748301 801234567
625780134 801234567
625780341 801234567
625780413 801234567
625781043 801234567
625781304 801234567
625781430 801234567
625783014 801234567
625783140 801234567
625783401 801234567
625784031 801234567
625784103 801234567
625784310 801234567
625801374 801234567
625801437 801234567
625801743 801234567
625803147 801234567
