850634217 801234567
850634721 801234567
850637124 801234567
850637241 801234567
850637412 801234567
850641237 801234567
850641372 801234567
850641723 801234567
850642173 801234567
850642317 801234567
850642731 801234567
850643127 801234567
850643271 801234567
850643712 801234567
850647132 801234567
850647213 801234567
850647321 801234567
850671243 801234567
850671324 801234567
850671432 801234567
850672134 801234567
850672341 801234567
850672413 801234567
850673142 801234567
850673214 801234567
850673421 801234567
850674123 801234567
850674231 801234567
850674312 801234567
850712346 801234567
850712463 801234567
850712634 801234567
850713264 801234567
850713426 801234567
850713642 801234567
850714236 801234567
850714362 801234567
850714623 801234567
850716243 801234567
850716324 801234567
850716432 801234567
850721364 801234567
850721436 801234567
850721643 801234567
850723146 801234567
850723461 801234567
850723614 801234567
850724163 801234567
850724316 801234567
850724631 801234567
850726134 801234567
850726341 801234567
850726413 801234567
850731246 801234567
850731462 801234567
850731624 801234567
850732164 801234567
850732416 801234567
850732641 801234567
850734126 801234567
850734261 801234567
850734612 801234567
850736142 801234567
850736214 801234567
850736421 801234567
850741263 801234567
850741326 801234567
850741632 801234567
850742136 801234567
850742361 801234567
850742613 801234567
850743162 801234567
850743216 801234567
850743621 801234567
850746123 801234567
850746231 801234567
850746312 801234567
850761234 801234567
850761342 801234567
850761423 801234567
850762143 801234567
850762314 801234567
850762431 801234567
850763124 801234567
850763241 801234567
850763412 801234567
850764132 801234567
850764213 801234567
850764321 801234567
851023467 801234567
851023674 801234567
851023746 801234567
851024376 801234567
851024637 801234567
851024763 801234567
851026347 801234567
851026473 801234567
851026734 801234567
851027364 801234567
851027436 801234567
851027643 801234567
851032476 801234567
851032647 801234567
851032764 801234567
851034267 801234567
851034672 801234567
851034726 801234567
851036274 801234567
851036427 801234567
851036742 801234567
851037246 801234567
851037462 801234567
851037624 801234567
851042367 801234567
851042673 801234567
851042736 801234567
851043276 801234567
851043627 801234567
851043762 801234567
851046237 801234567
851046372 801234567
851046723 801234567
851047263 801234567
851047326 801234567
851047632 801234567
851062374 801234567
851062437 801234567
851062743 801234567
851063247 801234567
851063472 801234567
851063724 801234567
851064273 801234567
851064327 801234567
851064732 801234567
851067234 801234567
851067342 801234567
851067423 801234567
851072346 801234567
851072463 801234567
851072634 801234567
851073264 801234567
851073426 801234567
851073642 801234567
851074236 801234567
851074362 801234567
851074623 801234567
851076243 801234567
851076324 801234567
851076432 801234567
851203476 801234567
851203647 801234567
851203764 801234567
851204367 801234567
851204673 801234567
851204736 801234567
851206374 801234567
851206437 801234567
851206743 801234567
851207346 801234567
851207463 801234567
851207634 801234567
851230467 801234567
851230674 801234567
851230746 801234567
851234076 801234567
851234607 801234567
851234760 801234567
851236047 801234567
851236470 801234567
851236704 801234567
851237064 801234567
851237406 801234567
851237640 801234567
851240376 801234567
851240637 801234567
851240763 801234567
851243067 801234567
851243670 801234567
851243706 801234567
851246073 801234567
851246307 801234567
851246730 801234567
851247036 801234567
851247360 801234567
851247603 801234567
851260347 801234567
851260473 801234567
851260734 801234567
851263074 801234567
851263407 801234567
851263740 801234567
851264037 801234567
851264370 801234567
851264703 801234567
851267043 801234567
851267304 801234567
851267430 801234567
851270364 801234567
851270436 801234567
851270643 801234567
851273046 801234567
851273460 801234567
851273604 801234567
851274063 801234567
851274306 801234567
851274630 801234567
851276034 801234567
851276340 801234567
851276403 801234567
851302467 801234567
851302674 801234567
851302746 801234567
851304276 801234567
851304627 801234567
851304762 801234567
851306247 801234567
851306472 801234567
851306724 801234567
851307264 801234567
851307426 801234567
851307642 801234567
851320476 801234567
851320647 801234567
851320764 801234567
851324067 801234567
851324670 801234567
851324706 801234567
851326074 801234567
851326407 801234567
851326740 801234567
851327046 801234567
851327460 801234567
851327604 801234567
851340267 801234567
851340672 801234567
851340726 801234567
851342076 801234567
851342607 801234567
851342760 801234567
851346027 801234567
851346270 801234567
851346702 801234567
851347062 801234567
851347206 801234567
851347620 801234567
851360274 801234567
851360427 801234567
851360742 801234567
851362047 801234567
851362470 801234567
851362704 801234567
851364072 801234567
851364207 801234567
851364720 801234567
851367024 801234567
851367240 801234567
851367402 801234567
851370246 801234567
851370462 801234567
851370624 801234567
851372064 801234567
851372406 801234567
851372640 801234567
851374026 801234567
851374260 801234567
851374602 801234567
851376042 801234567
851376204 801234567
851376420 801234567
851402376 801234567
851402637 801234567
851402763 801234567
851403267 801234567
851403672 801234567
851403726 801234567
851406273 801234567
851406327 801234567
851406732 801234567
851407236 801234567
851407362 801234567
851407623 801234567
851420367 801234567
851420673 801234567
851420736 801234567
851423076 801234567
851423607 801234567
851423760 801234567
851426037 801234567
851426370 801234567
851426703 801234567
851427063 801234567
851427306 801234567
851427630 801234567
851430276 801234567
851430627 801234567
851430762 801234567
851432067 801234567
851432670 801234567
851432706 801234567
851436072 801234567
851436207 801234567
851436720 801234567
851437026 801234567
851437260 801234567
851437602 801234567
851460237 801234567
851460372 801234567
851460723 801234567
851462073 801234567
851462307 801234567
851462730 801234567
851463027 801234567
851463270 801234567
851463702 801234567
851467032 801234567
851467203 801234567
851467320 801234567
851470263 801234567
851470326 801234567
851470632 801234567
851472036 801234567
851472360 801234567
851472603 801234567
851473062 801234567
851473206 801234567
851473620 801234567
851476023 801234567
851476230 801234567
851476302 801234567
851602347 801234567
851602473 801234567
851602734 801234567
851603274 801234567
851603427 801234567
851603742 801234567
851604237 801234567
851604372 801234567
851604723 801234567
851607243 801234567
851607324 801234567
851607432 801234567
851620374 801234567
851620437 801234567
851620743 801234567
851623047 801234567
851623470 801234567
851623704 801234567
851624073 801234567
851624307 801234567
851624730 801234567
851627034 801234567
851627340 801234567
851627403 801234567
851630247 801234567
851630472 801234567
851630724 801234567
851632074 801234567
851632407 801234567
851632740 801234567
851634027 801234567
851634270 801234567
851634702 801234567
851637042 801234567
851637204 801234567
851637420 801234567
851640273 801234567
851640327 801234567
851640732 801234567
851642037 801234567
851642370 801234567
851642703 801234567
851643072 801234567
851643207 801234567
851643720 801234567
851647023 801234567
851647230 801234567
851647302 801234567
851670234 801234567
851670342 801234567
851670423 801234567
851672043 801234567
851672304 801234567
851672430 801234567
851673024 801234567
851673240 801234567
851673402 801234567
851674032 801234567
851674203 801234567
851674320 801234567
851702364 801234567
851702436 801234567
851702643 801234567
851703246 801234567
851703462 801234567
851703624 801234567
851704263 801234567
851704326 801234567
851704632 801234567
851706234 801234567
851706342 801234567
851706423 801234567
851720346 801234567
851720463 801234567
851720634 801234567
851723064 801234567
851723406 801234567
851723640 801234567
851724036 801234567
851724360 801234567
851724603 801234567
851726043 801234567
851726304 801234567
851726430 801234567
851730264 801234567
851730426 801234567
851730642 801234567
851732046 801234567
851732460 801234567
851732604 801234567
851734062 801234567
851734206 801234567
851734620 801234567
851736024 801234567
851736240 801234567
851736402 801234567
851740236 801234567
851740362 801234567
851740623 801234567
851742063 801234567
851742306 801234567
851742630 801234567
851743026 801234567
851743260 801234567
851743602 801234567
851746032 801234567
851746203 801234567
851746320 801234567
851760243 801234567
851760324 801234567
851760432 801234567
851762034 801234567
851762340 801234567
851762403 801234567
851763042 801234567
851763204 801234567
851763420 801234567
851764023 801234567
851764230 801234567
851764302 801234567
852013476 801234567
852013647 801234567
852013764 801234567
852014367 801234567
852014673 801234567
852014736 801234567
852016374 801234567
852016437 801234567
852016743 801234567
852017346 801234567
852017463 801234567
852017634 801234567
852031467 801234567
852031674 801234567
852031746 801234567
852034176 801234567
852034617 801234567
852034761 801234567
852036147 801234567
852036471 801234567
852036714 801234567
852037164 801234567
852037416 801234567
852037641 801234567
852041376 801234567
852041637 801234567
852041763 801234567
852043167 801234567
852043671 801234567
852043716 801234567
852046173 801234567
852046317 801234567
852046731 801234567
852047136 801234567
852047361 801234567
852047613 801234567
852061347 801234567
852061473 801234567
852061734 801234567
852063174 801234567
852063417 801234567
852063741 801234567
852064137 801234567
852064371 801234567
852064713 801234567
852067143 801234567
852067314 801234567
852067431 801234567
852071364 801234567
852071436 801234567
