460231758 801234567
460231875 801234567
460235178 801234567
460235781 801234567
460235817 801234567
460237185 801234567
460237518 801234567
460237851 801234567
460238157 801234567
460238571 801234567
460238715 801234567
460251378 801234567
460251783 801234567
460251837 801234567
460253187 801234567
460253718 801234567
460253871 801234567
460257138 801234567
460257381 801234567
460257813 801234567
460258173 801234567
460258317 801234567
460258731 801234567
460271385 801234567
460271538 801234567
460271853 801234567
460273158 801234567
460273581 801234567
460273815 801234567
460275183 801234567
460275318 801234567
460275831 801234567
460278135 801234567
460278351 801234567
460278513 801234567
460281357 801234567
460281573 801234567
460281735 801234567
460283175 801234567
460283517 801234567
460283751 801234567
460285137 801234567
460285371 801234567
460285713 801234567
460287153 801234567
460287315 801234567
460287531 801234567
460312587 801234567
460312758 801234567
460312875 801234567
460315278 801234567
460315782 801234567
460315827 801234567
460317285 801234567
460317528 801234567
460317852 801234567
460318257 801234567
460318572 801234567
460318725 801234567
460321578 801234567
460321785 801234567
460321857 801234567
460325187 801234567
460325718 801234567
460325871 801234567
460327158 801234567
460327581 801234567
460327815 801234567
460328175 801234567
460328517 801234567
460328751 801234567
460351287 801234567
460351728 801234567
460351872 801234567
460352178 801234567
460352781 801234567
460352817 801234567
460357182 801234567
460357218 801234567
460357821 801234567
460358127 801234567
460358271 801234567
460358712 801234567
460371258 801234567
460371582 801234567
460371825 801234567
460372185 801234567
460372518 801234567
460372851 801234567
460375128 801234567
460375281 801234567
460375812 801234567
460378152 801234567
460378215 801234567
460378521 801234567
460381275 801234567
460381527 801234567
460381752 801234567
460382157 801234567
460382571 801234567
460382715 801234567
460385172 801234567
460385217 801234567
460385721 801234567
460387125 801234567
460387251 801234567
460387512 801234567
460512378 801234567
460512783 801234567
460512837 801234567
460513287 801234567
460513728 801234567
460513872 801234567
460517238 801234567
460517382 801234567
460517823 801234567
460518273 801234567
460518327 801234567
460518732 801234567
460521387 801234567
460521738 801234567
460521873 801234567
460523178 801234567
460523781 801234567
460523817 801234567
460527183 801234567
460527318 801234567
460527831 801234567
460528137 801234567
460528371 801234567
460528713 801234567
460531278 801234567
460531782 801234567
460531827 801234567
460532187 801234567
460532718 801234567
460532871 801234567
460537128 801234567
460537281 801234567
460537812 801234567
460538172 801234567
460538217 801234567
460538721 801234567
460571283 801234567
460571328 801234567
460571832 801234567
460572138 801234567
460572381 801234567
460572813 801234567
460573182 801234567
460573218 801234567
460573821 801234567
460578123 801234567
460578231 801234567
460578312 801234567
460581237 801234567
460581372 801234567
460581723 801234567
460582173 801234567
460582317 801234567
460582731 801234567
460583127 801234567
460583271 801234567
460583712 801234567
460587132 801234567
460587213 801234567
460587321 801234567
460712385 801234567
460712538 801234567
460712853 801234567
460713258 801234567
460713582 801234567
460713825 801234567
460715283 801234567
460715328 801234567
460715832 801234567
460718235 801234567
460718352 801234567
460718523 801234567
460721358 801234567
460721583 801234567
460721835 801234567
460723185 801234567
460723518 801234567
460723851 801234567
460725138 801234567
460725381 801234567
460725813 801234567
460728153 801234567
460728315 801234567
460728531 801234567
460731285 801234567
460731528 801234567
460731852 801234567
460732158 801234567
460732581 801234567
460732815 801234567
460735182 801234567
460735218 801234567
460735821 801234567
460738125 801234567
460738251 801234567
460738512 801234567
460751238 801234567
460751382 801234567
460751823 801234567
460752183 801234567
460752318 801234567
460752831 801234567
460753128 801234567
460753281 801234567
460753812 801234567
460758132 801234567
460758213 801234567
460758321 801234567
460781253 801234567
460781325 801234567
460781532 801234567
460782135 801234567
460782351 801234567
460782513 801234567
460783152 801234567
460783215 801234567
460783521 801234567
460785123 801234567
460785231 801234567
460785312 801234567
460812357 801234567
460812573 801234567
460812735 801234567
460813275 801234567
460813527 801234567
460813752 801234567
460815237 801234567
460815372 801234567
460815723 801234567
460817253 801234567
460817325 801234567
460817532 801234567
460821375 801234567
460821537 801234567
460821753 801234567
460823157 801234567
460823571 801234567
460823715 801234567
460825173 801234567
460825317 801234567
460825731 801234567
460827135 801234567
460827351 801234567
460827513 801234567
460831257 801234567
460831572 801234567
460831725 801234567
460832175 801234567
460832517 801234567
460832751 801234567
460835127 801234567
460835271 801234567
460835712 801234567
460837152 801234567
460837215 801234567
460837521 801234567
460851273 801234567
460851327 801234567
460851732 801234567
460852137 801234567
460852371 801234567
460852713 801234567
460853172 801234567
460853217 801234567
460853721 801234567
460857123 801234567
460857231 801234567
460857312 801234567
460871235 801234567
460871352 801234567
460871523 801234567
460872153 801234567
460872315 801234567
460872531 801234567
460873125 801234567
460873251 801234567
460873512 801234567
460875132 801234567
460875213 801234567
460875321 801234567
461023578 801234567
461023785 801234567
461023857 801234567
461025387 801234567
461025738 801234567
461025873 801234567
461027358 801234567
461027583 801234567
461027835 801234567
461028375 801234567
461028537 801234567
461028753 801234567
461032587 801234567
461032758 801234567
461032875 801234567
461035278 801234567
461035782 801234567
461035827 801234567
461037285 801234567
461037528 801234567
461037852 801234567
461038257 801234567
461038572 801234567
461038725 801234567
461052378 801234567
461052783 801234567
461052837 801234567
461053287 801234567
461053728 801234567
461053872 801234567
461057238 801234567
461057382 801234567
461057823 801234567
461058273 801234567
461058327 801234567
461058732 801234567
461072385 801234567
461072538 801234567
461072853 801234567
461073258 801234567
461073582 801234567
461073825 801234567
461075283 801234567
461075328 801234567
461075832 801234567
461078235 801234567
461078352 801234567
461078523 801234567
461082357 801234567
461082573 801234567
461082735 801234567
461083275 801234567
461083527 801234567
461083752 801234567
461085237 801234567
461085372 801234567
461085723 801234567
461087253 801234567
461087325 801234567
461087532 801234567
461203587 801234567
461203758 801234567
461203875 801234567
461205378 801234567
461205783 801234567
461205837 801234567
461207385 801234567
461207538 801234567
461207853 801234567
461208357 801234567
461208573 801234567
461208735 801234567
461230578 801234567
461230785 801234567
461230857 801234567
461235087 801234567
461235708 801234567
461235870 801234567
461237058 801234567
461237580 801234567
461237805 801234567
461238075 801234567
461238507 801234567
461238750 801234567
461250387 801234567
461250738 801234567
461250873 801234567
461253078 801234567
461253780 801234567
461253807 801234567
461257083 801234567
461257308 801234567
461257830 801234567
461258037 801234567
461258370 801234567
461258703 801234567
461270358 801234567
461270583 801234567
461270835 801234567
461273085 801234567
461273508 801234567
461273850 801234567
461275038 801234567
461275380 801234567
461275803 801234567
461278053 801234567
461278305 801234567
461278530 801234567
461280375 801234567
461280537 801234567
461280753 801234567
461283057 801234567
461283570 801234567
461283705 801234567
461285073 801234567
461285307 801234567
461285730 801234567
461287035 801234567
461287350 801234567
461287503 801234567
461302578 801234567
461302785 801234567
461302857 801234567
461305287 801234567
461305728 801234567
461305872 801234567
461307258 801234567
461307582 801234567
461307825 801234567
461308275 801234567
461308527 801234567
461308752 801234567
461320587 801234567
461320758 801234567
461320875 801234567
461325078 801234567
461325780 801234567
461325807 801234567
461327085 801234567
461327508 801234567
461327850 801234567
461328057 801234567
461328570 801234567
461328705 801234567
461350278 801234567
461350782 801234567
461350827 801234567
461352087 801234567
461352708 801234567
461352870 801234567
461357028 801234567
461357280 801234567
461357802 801234567
461358072 801234567
461358207 801234567
461358720 801234567
461370285 801234567
461370528 801234567
461370852 801234567
461372058 801234567
461372580 801234567
461372805 801234567
461375082 801234567
461375208 801234567
461375820 801234567
461378025 801234567
461378250 801234567
461378502 801234567
461380257 801234567
461380572 801234567
461380725 801234567
461382075 801234567
461382507 801234567
461382750 801234567
461385027 801234567
461385270 801234567
461385702 801234567
461387052 801234567
461387205 801234567
461387520 801234567
461502387 801234567
461502738 801234567
461502873 801234567
461503278 801234567
461503782 801234567
461503827 801234567
461507283 801234567
461507328 801234567
461507832 801234567
461508237 801234567
461508372 801234567
461508723 801234567
461520378 801234567
461520783 801234567
461520837 801234567
461523087 801234567
461523708 801234567
461523870 801234567
461527038 801234567
461527380 801234567
461527803 801234567
461528073 801234567
461528307 801234567
461528730 801234567
461530287 801234567
461530728 801234567
461530872 801234567
461532078 801234567
461532780 801234567
461532807 801234567
461537082 801234567
461537208 801234567
