625803471 801234567
625803714 801234567
625804173 801234567
625804317 801234567
625804731 801234567
625807134 801234567
625807341 801234567
625807413 801234567
625810347 801234567
625810473 801234567
625810734 801234567
625813074 801234567
625813407 801234567
625813740 801234567
625814037 801234567
625814370 801234567
625814703 801234567
625817043 801234567
625817304 801234567
625817430 801234567
625830174 801234567
625830417 801234567
625830741 801234567
625831047 801234567
625831470 801234567
625831704 801234567
625834071 801234567
625834107 801234567
625834710 801234567
625837014 801234567
625837140 801234567
625837401 801234567
625840137 801234567
625840371 801234567
625840713 801234567
625841073 801234567
625841307 801234567
625841730 801234567
625843017 801234567
625843170 801234567
625843701 801234567
625847031 801234567
625847103 801234567
625847310 801234567
625870143 801234567
625870314 801234567
625870431 801234567
625871034 801234567
625871340 801234567
625871403 801234567
625873041 801234567
625873104 801234567
625873410 801234567
625874013 801234567
625874130 801234567
625874301 801234567
627013485 801234567
627013548 801234567
627013854 801234567
627014358 801234567
627014583 801234567
627014835 801234567
627015384 801234567
627015438 801234567
627015843 801234567
627018345 801234567
627018453 801234567
627018534 801234567
627031458 801234567
627031584 801234567
627031845 801234567
627034185 801234567
627034518 801234567
627034851 801234567
627035148 801234567
627035481 801234567
627035814 801234567
627038154 801234567
627038415 801234567
627038541 801234567
627041385 801234567
627041538 801234567
627041853 801234567
627043158 801234567
627043581 801234567
627043815 801234567
627045183 801234567
627045318 801234567
627045831 801234567
627048135 801234567
627048351 801234567
627048513 801234567
627051348 801234567
627051483 801234567
627051834 801234567
627053184 801234567
627053418 801234567
627053841 801234567
627054138 801234567
627054381 801234567
627054813 801234567
627058143 801234567
627058314 801234567
627058431 801234567
627081354 801234567
627081435 801234567
627081543 801234567
627083145 801234567
627083451 801234567
627083514 801234567
627084153 801234567
627084315 801234567
627084531 801234567
627085134 801234567
627085341 801234567
627085413 801234567
627103458 801234567
627103584 801234567
627103845 801234567
627104385 801234567
627104538 801234567
627104853 801234567
627105348 801234567
627105483 801234567
627105834 801234567
627108354 801234567
627108435 801234567
627108543 801234567
627130485 801234567
627130548 801234567
627130854 801234567
627134058 801234567
627134580 801234567
627134805 801234567
627135084 801234567
627135408 801234567
627135840 801234567
627138045 801234567
627138450 801234567
627138504 801234567
627140358 801234567
627140583 801234567
627140835 801234567
627143085 801234567
627143508 801234567
627143850 801234567
627145038 801234567
627145380 801234567
627145803 801234567
627148053 801234567
627148305 801234567
627148530 801234567
627150384 801234567
627150438 801234567
627150843 801234567
627153048 801234567
627153480 801234567
627153804 801234567
627154083 801234567
627154308 801234567
627154830 801234567
627158034 801234567
627158340 801234567
627158403 801234567
627180345 801234567
627180453 801234567
627180534 801234567
627183054 801234567
627183405 801234567
627183540 801234567
627184035 801234567
627184350 801234567
627184503 801234567
627185043 801234567
627185304 801234567
627185430 801234567
627301485 801234567
627301548 801234567
627301854 801234567
627304158 801234567
627304581 801234567
627304815 801234567
627305184 801234567
627305418 801234567
627305841 801234567
627308145 801234567
627308451 801234567
627308514 801234567
627310458 801234567
627310584 801234567
627310845 801234567
627314085 801234567
627314508 801234567
627314850 801234567
627315048 801234567
627315480 801234567
627315804 801234567
627318054 801234567
627318405 801234567
627318540 801234567
627340185 801234567
627340518 801234567
627340851 801234567
627341058 801234567
627341580 801234567
627341805 801234567
627345081 801234567
627345108 801234567
627345810 801234567
627348015 801234567
627348150 801234567
627348501 801234567
627350148 801234567
627350481 801234567
627350814 801234567
627351084 801234567
627351408 801234567
627351840 801234567
627354018 801234567
627354180 801234567
627354801 801234567
627358041 801234567
627358104 801234567
627358410 801234567
627380154 801234567
627380415 801234567
627380541 801234567
627381045 801234567
627381450 801234567
627381504 801234567
627384051 801234567
627384105 801234567
627384510 801234567
627385014 801234567
627385140 801234567
627385401 801234567
627401358 801234567
627401583 801234567
627401835 801234567
627403185 801234567
627403518 801234567
627403851 801234567
627405138 801234567
627405381 801234567
627405813 801234567
627408153 801234567
627408315 801234567
627408531 801234567
627410385 801234567
627410538 801234567
627410853 801234567
627413058 801234567
627413580 801234567
627413805 801234567
627415083 801234567
627415308 801234567
627415830 801234567
627418035 801234567
627418350 801234567
627418503 801234567
627430158 801234567
627430581 801234567
627430815 801234567
627431085 801234567
627431508 801234567
627431850 801234567
627435018 801234567
627435180 801234567
627435801 801234567
627438051 801234567
627438105 801234567
627438510 801234567
627450183 801234567
627450318 801234567
627450831 801234567
627451038 801234567
627451380 801234567
627451803 801234567
627453081 801234567
627453108 801234567
627453810 801234567
627458013 801234567
627458130 801234567
627458301 801234567
627480135 801234567
627480351 801234567
627480513 801234567
627481053 801234567
627481305 801234567
627481530 801234567
627483015 801234567
627483150 801234567
627483501 801234567
627485031 801234567
627485103 801234567
627485310 801234567
627501384 801234567
627501438 801234567
627501843 801234567
627503148 801234567
627503481 801234567
627503814 801234567
627504183 801234567
627504318 801234567
627504831 801234567
627508134 801234567
627508341 801234567
627508413 801234567
627510348 801234567
627510483 801234567
627510834 801234567
627513084 801234567
627513408 801234567
627513840 801234567
627514038 801234567
627514380 801234567
627514803 801234567
627518043 801234567
627518304 801234567
627518430 801234567
627530184 801234567
627530418 801234567
627530841 801234567
627531048 801234567
627531480 801234567
627531804 801234567
627534081 801234567
627534108 801234567
627534810 801234567
627538014 801234567
627538140 801234567
627538401 801234567
627540138 801234567
627540381 801234567
627540813 801234567
627541083 801234567
627541308 801234567
627541830 801234567
627543018 801234567
627543180 801234567
627543801 801234567
627548031 801234567
627548103 801234567
627548310 801234567
627580143 801234567
627580314 801234567
627580431 801234567
627581034 801234567
627581340 801234567
627581403 801234567
627583041 801234567
627583104 801234567
627583410 801234567
627584013 801234567
627584130 801234567
627584301 801234567
627801345 801234567
627801453 801234567
627801534 801234567
627803154 801234567
627803415 801234567
627803541 801234567
627804135 801234567
627804351 801234567
627804513 801234567
627805143 801234567
627805314 801234567
627805431 801234567
627810354 801234567
627810435 801234567
627810543 801234567
627813045 801234567
627813450 801234567
627813504 801234567
627814053 801234567
627814305 801234567
627814530 801234567
627815034 801234567
627815340 801234567
627815403 801234567
627830145 801234567
627830451 801234567
627830514 801234567
627831054 801234567
627831405 801234567
627831540 801234567
627834015 801234567
627834150 801234567
627834501 801234567
627835041 801234567
627835104 801234567
627835410 801234567
627840153 801234567
627840315 801234567
627840531 801234567
627841035 801234567
627841350 801234567
627841503 801234567
627843051 801234567
627843105 801234567
627843510 801234567
627845013 801234567
627845130 801234567
627845301 801234567
627850134 801234567
627850341 801234567
627850413 801234567
627851043 801234567
627851304 801234567
627851430 801234567
627853014 801234567
627853140 801234567
627853401 801234567
627854031 801234567
627854103 801234567
627854310 801234567
628013457 801234567
628013574 801234567
628013745 801234567
628014375 801234567
628014537 801234567
628014753 801234567
628015347 801234567
628015473 801234567
628015734 801234567
628017354 801234567
628017435 801234567
628017543 801234567
628031475 801234567
628031547 801234567
628031754 801234567
628034157 801234567
628034571 801234567
628034715 801234567
628035174 801234567
628035417 801234567
628035741 801234567
628037145 801234567
628037451 801234567
628037514 801234567
628041357 801234567
628041573 801234567
628041735 801234567
628043175 801234567
628043517 801234567
628043751 801234567
628045137 801234567
628045371 801234567
628045713 801234567
628047153 801234567
628047315 801234567
628047531 801234567
628051374 801234567
628051437 801234567
628051743 801234567
628053147 801234567
628053471 801234567
628053714 801234567
628054173 801234567
628054317 801234567
628054731 801234567
628057134 801234567
628057341 801234567
628057413 801234567
628071345 801234567
628071453 801234567
628071534 801234567
628073154 801234567
628073415 801234567
628073541 801234567
628074135 801234567
628074351 801234567
628074513 801234567
628075143 801234567
628075314 801234567
628075431 801234567
628103475 801234567
628103547 801234567
628103754 801234567
628104357 801234567
628104573 801234567
628104735 801234567
628105374 801234567
628105437 801234567
628105743 801234567
628107345 801234567
628107453 801234567
628107534 801234567
628130457 801234567
628130574 801234567
628130745 801234567
628134075 801234567
628134507 801234567
628134750 801234567
628135047 801234567
628135470 801234567
628135704 801234567
628137054 801234567
628137405 801234567
