318542760 801234567
318546027 801234567
318546270 801234567
318546702 801234567
318547062 801234567
318547206 801234567
318547620 801234567
318560274 801234567
318560427 801234567
318560742 801234567
318562047 801234567
318562470 801234567
318562704 801234567
318564072 801234567
318564207 801234567
318564720 801234567
318567024 801234567
318567240 801234567
318567402 801234567
318570246 801234567
318570462 801234567
318570624 801234567
318572064 801234567
318572406 801234567
318572640 801234567
318574026 801234567
318574260 801234567
318574602 801234567
318576042 801234567
318576204 801234567
318576420 801234567
318602475 801234567
318602547 801234567
318602754 801234567
318604257 801234567
318604572 801234567
318604725 801234567
318605274 801234567
318605427 801234567
318605742 801234567
318607245 801234567
318607452 801234567
318607524 801234567
318620457 801234567
318620574 801234567
318620745 801234567
318624075 801234567
318624507 801234567
318624750 801234567
318625047 801234567
318625470 801234567
318625704 801234567
318627054 801234567
318627405 801234567
318627540 801234567
318640275 801234567
318640527 801234567
318640752 801234567
318642057 801234567
318642570 801234567
318642705 801234567
318645072 801234567
318645207 801234567
318645720 801234567
318647025 801234567
318647250 801234567
318647502 801234567
318650247 801234567
318650472 801234567
318650724 801234567
318652074 801234567
318652407 801234567
318652740 801234567
318654027 801234567
318654270 801234567
318654702 801234567
318657042 801234567
318657204 801234567
318657420 801234567
318670254 801234567
318670425 801234567
318670542 801234567
318672045 801234567
318672450 801234567
318672504 801234567
318674052 801234567
318674205 801234567
318674520 801234567
318675024 801234567
318675240 801234567
318675402 801234567
318702456 801234567
318702564 801234567
318702645 801234567
318704265 801234567
318704526 801234567
318704652 801234567
318705246 801234567
318705462 801234567
318705624 801234567
318706254 801234567
318706425 801234567
318706542 801234567
318720465 801234567
318720546 801234567
318720654 801234567
318724056 801234567
318724560 801234567
318724605 801234567
318725064 801234567
318725406 801234567
318725640 801234567
318726045 801234567
318726450 801234567
318726504 801234567
318740256 801234567
318740562 801234567
318740625 801234567
318742065 801234567
318742506 801234567
318742650 801234567
318745026 801234567
318745260 801234567
318745602 801234567
318746052 801234567
318746205 801234567
318746520 801234567
318750264 801234567
318750426 801234567
318750642 801234567
318752046 801234567
318752460 801234567
318752604 801234567
318754062 801234567
318754206 801234567
318754620 801234567
318756024 801234567
318756240 801234567
318756402 801234567
318760245 801234567
318760452 801234567
318760524 801234567
318762054 801234567
318762405 801234567
318762540 801234567
318764025 801234567
318764250 801234567
318764502 801234567
318765042 801234567
318765204 801234567
318765420 801234567
320145678 801234567
320145786 801234567
320145867 801234567
320146587 801234567
320146758 801234567
320146875 801234567
320147568 801234567
320147685 801234567
320147856 801234567
320148576 801234567
320148657 801234567
320148765 801234567
320154687 801234567
320154768 801234567
320154876 801234567
320156478 801234567
320156784 801234567
320156847 801234567
320157486 801234567
320157648 801234567
320157864 801234567
320158467 801234567
320158674 801234567
320158746 801234567
320164578 801234567
320164785 801234567
320164857 801234567
320165487 801234567
320165748 801234567
320165874 801234567
320167458 801234567
320167584 801234567
320167845 801234567
320168475 801234567
320168547 801234567
320168754 801234567
320174586 801234567
320174658 801234567
320174865 801234567
320175468 801234567
320175684 801234567
320175846 801234567
320176485 801234567
320176548 801234567
320176854 801234567
320178456 801234567
320178564 801234567
320178645 801234567
320184567 801234567
320184675 801234567
320184756 801234567
320185476 801234567
320185647 801234567
320185764 801234567
320186457 801234567
320186574 801234567
320186745 801234567
320187465 801234567
320187546 801234567
320187654 801234567
320415687 801234567
320415768 801234567
320415876 801234567
320416578 801234567
320416785 801234567
320416857 801234567
320417586 801234567
320417658 801234567
320417865 801234567
320418567 801234567
320418675 801234567
320418756 801234567
320451678 801234567
320451786 801234567
320451867 801234567
320456187 801234567
320456718 801234567
320456871 801234567
320457168 801234567
320457681 801234567
320457816 801234567
320458176 801234567
320458617 801234567
320458761 801234567
320461587 801234567
320461758 801234567
320461875 801234567
320465178 801234567
320465781 801234567
320465817 801234567
320467185 801234567
320467518 801234567
320467851 801234567
320468157 801234567
320468571 801234567
320468715 801234567
320471568 801234567
320471685 801234567
320471856 801234567
320475186 801234567
320475618 801234567
320475861 801234567
320476158 801234567
320476581 801234567
320476815 801234567
320478165 801234567
320478516 801234567
320478651 801234567
320481576 801234567
320481657 801234567
320481765 801234567
320485167 801234567
320485671 801234567
320485716 801234567
320486175 801234567
320486517 801234567
320486751 801234567
320487156 801234567
320487561 801234567
320487615 801234567
320514678 801234567
320514786 801234567
320514867 801234567
320516487 801234567
320516748 801234567
320516874 801234567
320517468 801234567
320517684 801234567
320517846 801234567
320518476 801234567
320518647 801234567
320518764 801234567
320541687 801234567
320541768 801234567
320541876 801234567
320546178 801234567
320546781 801234567
320546817 801234567
320547186 801234567
320547618 801234567
320547861 801234567
320548167 801234567
320548671 801234567
320548716 801234567
320561478 801234567
320561784 801234567
320561847 801234567
320564187 801234567
320564718 801234567
320564871 801234567
320567148 801234567
320567481 801234567
320567814 801234567
320568174 801234567
320568417 801234567
320568741 801234567
320571486 801234567
320571648 801234567
320571864 801234567
320574168 801234567
320574681 801234567
320574816 801234567
320576184 801234567
320576418 801234567
320576841 801234567
320578146 801234567
320578461 801234567
320578614 801234567
320581467 801234567
320581674 801234567
320581746 801234567
320584176 801234567
320584617 801234567
320584761 801234567
320586147 801234567
320586471 801234567
320586714 801234567
320587164 801234567
320587416 801234567
320587641 801234567
320614587 801234567
320614758 801234567
320614875 801234567
320615478 801234567
320615784 801234567
320615847 801234567
320617485 801234567
320617548 801234567
320617854 801234567
320618457 801234567
320618574 801234567
320618745 801234567
320641578 801234567
320641785 801234567
320641857 801234567
320645187 801234567
320645718 801234567
320645871 801234567
320647158 801234567
320647581 801234567
320647815 801234567
320648175 801234567
320648517 801234567
320648751 801234567
320651487 801234567
320651748 801234567
320651874 801234567
320654178 801234567
320654781 801234567
320654817 801234567
320657184 801234567
320657418 801234567
320657841 801234567
320658147 801234567
320658471 801234567
320658714 801234567
320671458 801234567
320671584 801234567
320671845 801234567
320674185 801234567
320674518 801234567
320674851 801234567
320675148 801234567
320675481 801234567
320675814 801234567
320678154 801234567
320678415 801234567
320678541 801234567
320681475 801234567
320681547 801234567
320681754 801234567
320684157 801234567
320684571 801234567
320684715 801234567
320685174 801234567
320685417 801234567
320685741 801234567
320687145 801234567
320687451 801234567
320687514 801234567
320714568 801234567
320714685 801234567
320714856 801234567
320715486 801234567
320715648 801234567
320715864 801234567
320716458 801234567
320716584 801234567
320716845 801234567
320718465 801234567
320718546 801234567
320718654 801234567
320741586 801234567
320741658 801234567
320741865 801234567
320745168 801234567
320745681 801234567
320745816 801234567
320746185 801234567
320746518 801234567
320746851 801234567
320748156 801234567
320748561 801234567
320748615 801234567
320751468 801234567
320751684 801234567
320751846 801234567
320754186 801234567
320754618 801234567
320754861 801234567
320756148 801234567
320756481 801234567
320756814 801234567
320758164 801234567
320758416 801234567
320758641 801234567
320761485 801234567
320761548 801234567
320761854 801234567
320764158 801234567
320764581 801234567
320764815 801234567
320765184 801234567
320765418 801234567
320765841 801234567
320768145 801234567
320768451 801234567
320768514 801234567
320781456 801234567
320781564 801234567
320781645 801234567
320784165 801234567
320784516 801234567
320784651 801234567
320785146 801234567
320785461 801234567
320785614 801234567
320786154 801234567
320786415 801234567
320786541 801234567
320814576 801234567
320814657 801234567
320814765 801234567
320815467 801234567
320815674 801234567
320815746 801234567
320816475 801234567
320816547 801234567
320816754 801234567
320817456 801234567
320817564 801234567
320817645 801234567
320841567 801234567
320841675 801234567
320841756 801234567
320845176 801234567
320845617 801234567
320845761 801234567
320846157 801234567
320846571 801234567
320846715 801234567
320847165 801234567
320847516 801234567
320847651 801234567
320851476 801234567
320851647 801234567
320851764 801234567
320854167 801234567
320854671 801234567
320854716 801234567
320856174 801234567
320856417 801234567
320856741 801234567
320857146 801234567
320857461 801234567
320857614 801234567
320861457 801234567
320861574 801234567
320861745 801234567
320864175 801234567
320864517 801234567
320864751 801234567
320865147 801234567
320865471 801234567
320865714 801234567
320867154 801234567
320867415 801234567
320867541 801234567
