154287063 801234567
154287306 801234567
154287630 801234567
154302687 801234567
154302768 801234567
154302876 801234567
154306278 801234567
154306782 801234567
154306827 801234567
154307286 801234567
154307628 801234567
154307862 801234567
154308267 801234567
154308672 801234567
154308726 801234567
154320678 801234567
154320786 801234567
154320867 801234567
154326087 801234567
154326708 801234567
154326870 801234567
154327068 801234567
154327680 801234567
154327806 801234567
154328076 801234567
154328607 801234567
154328760 801234567
154360287 801234567
154360728 801234567
154360872 801234567
154362078 801234567
154362780 801234567
154362807 801234567
154367082 801234567
154367208 801234567
154367820 801234567
154368027 801234567
154368270 801234567
154368702 801234567
154370268 801234567
154370682 801234567
154370826 801234567
154372086 801234567
154372608 801234567
154372860 801234567
154376028 801234567
154376280 801234567
154376802 801234567
154378062 801234567
154378206 801234567
154378620 801234567
154380276 801234567
154380627 801234567
154380762 801234567
154382067 801234567
154382670 801234567
154382706 801234567
154386072 801234567
154386207 801234567
154386720 801234567
154387026 801234567
154387260 801234567
154387602 801234567
154602378 801234567
154602783 801234567
154602837 801234567
154603287 801234567
154603728 801234567
154603872 801234567
154607238 801234567
154607382 801234567
154607823 801234567
154608273 801234567
154608327 801234567
154608732 801234567
154620387 801234567
154620738 801234567
154620873 801234567
154623078 801234567
154623780 801234567
154623807 801234567
154627083 801234567
154627308 801234567
154627830 801234567
154628037 801234567
154628370 801234567
154628703 801234567
154630278 801234567
154630782 801234567
154630827 801234567
154632087 801234567
154632708 801234567
154632870 801234567
154637028 801234567
154637280 801234567
154637802 801234567
154638072 801234567
154638207 801234567
154638720 801234567
154670283 801234567
154670328 801234567
154670832 801234567
154672038 801234567
154672380 801234567
154672803 801234567
154673082 801234567
154673208 801234567
154673820 801234567
154678023 801234567
154678230 801234567
154678302 801234567
154680237 801234567
154680372 801234567
154680723 801234567
154682073 801234567
154682307 801234567
154682730 801234567
154683027 801234567
154683270 801234567
154683702 801234567
154687032 801234567
154687203 801234567
154687320 801234567
154702386 801234567
154702638 801234567
154702863 801234567
154703268 801234567
154703682 801234567
154703826 801234567
154706283 801234567
154706328 801234567
154706832 801234567
154708236 801234567
154708362 801234567
154708623 801234567
154720368 801234567
154720683 801234567
154720836 801234567
154723086 801234567
154723608 801234567
154723860 801234567
154726038 801234567
154726380 801234567
154726803 801234567
154728063 801234567
154728306 801234567
154728630 801234567
154730286 801234567
154730628 801234567
154730862 801234567
154732068 801234567
154732680 801234567
154732806 801234567
154736082 801234567
154736208 801234567
154736820 801234567
154738026 801234567
154738260 801234567
154738602 801234567
154760238 801234567
154760382 801234567
154760823 801234567
154762083 801234567
154762308 801234567
154762830 801234567
154763028 801234567
154763280 801234567
154763802 801234567
154768032 801234567
154768203 801234567
154768320 801234567
154780263 801234567
154780326 801234567
154780632 801234567
154782036 801234567
154782360 801234567
154782603 801234567
154783062 801234567
154783206 801234567
154783620 801234567
154786023 801234567
154786230 801234567
154786302 801234567
154802367 801234567
154802673 801234567
154802736 801234567
154803276 801234567
154803627 801234567
154803762 801234567
154806237 801234567
154806372 801234567
154806723 801234567
154807263 801234567
154807326 801234567
154807632 801234567
154820376 801234567
154820637 801234567
154820763 801234567
154823067 801234567
154823670 801234567
154823706 801234567
154826073 801234567
154826307 801234567
154826730 801234567
154827036 801234567
154827360 801234567
154827603 801234567
154830267 801234567
154830672 801234567
154830726 801234567
154832076 801234567
154832607 801234567
154832760 801234567
154836027 801234567
154836270 801234567
154836702 801234567
154837062 801234567
154837206 801234567
154837620 801234567
154860273 801234567
154860327 801234567
154860732 801234567
154862037 801234567
154862370 801234567
154862703 801234567
154863072 801234567
154863207 801234567
154863720 801234567
154867023 801234567
154867230 801234567
154867302 801234567
154870236 801234567
154870362 801234567
154870623 801234567
154872063 801234567
154872306 801234567
154872630 801234567
154873026 801234567
154873260 801234567
154873602 801234567
154876032 801234567
154876203 801234567
154876320 801234567
156023478 801234567
156023784 801234567
156023847 801234567
156024387 801234567
156024738 801234567
156024873 801234567
156027348 801234567
156027483 801234567
156027834 801234567
156028374 801234567
156028437 801234567
156028743 801234567
156032487 801234567
156032748 801234567
156032874 801234567
156034278 801234567
156034782 801234567
156034827 801234567
156037284 801234567
156037428 801234567
156037842 801234567
156038247 801234567
156038472 801234567
156038724 801234567
156042378 801234567
156042783 801234567
156042837 801234567
156043287 801234567
156043728 801234567
156043872 801234567
156047238 801234567
156047382 801234567
156047823 801234567
156048273 801234567
156048327 801234567
156048732 801234567
156072384 801234567
156072438 801234567
156072843 801234567
156073248 801234567
156073482 801234567
156073824 801234567
156074283 801234567
156074328 801234567
156074832 801234567
156078234 801234567
156078342 801234567
156078423 801234567
156082347 801234567
156082473 801234567
156082734 801234567
156083274 801234567
156083427 801234567
156083742 801234567
156084237 801234567
156084372 801234567
156084723 801234567
156087243 801234567
156087324 801234567
156087432 801234567
156203487 801234567
156203748 801234567
156203874 801234567
156204378 801234567
156204783 801234567
156204837 801234567
156207384 801234567
156207438 801234567
156207843 801234567
156208347 801234567
156208473 801234567
156208734 801234567
156230478 801234567
156230784 801234567
156230847 801234567
156234087 801234567
156234708 801234567
156234870 801234567
156237048 801234567
156237480 801234567
156237804 801234567
156238074 801234567
156238407 801234567
156238740 801234567
156240387 801234567
156240738 801234567
156240873 801234567
156243078 801234567
156243780 801234567
156243807 801234567
156247083 801234567
156247308 801234567
156247830 801234567
156248037 801234567
156248370 801234567
156248703 801234567
156270348 801234567
156270483 801234567
156270834 801234567
156273084 801234567
156273408 801234567
156273840 801234567
156274038 801234567
156274380 801234567
156274803 801234567
156278043 801234567
156278304 801234567
156278430 801234567
156280374 801234567
156280437 801234567
156280743 801234567
156283047 801234567
156283470 801234567
156283704 801234567
156284073 801234567
156284307 801234567
156284730 801234567
156287034 801234567
156287340 801234567
156287403 801234567
156302478 801234567
156302784 801234567
156302847 801234567
156304287 801234567
156304728 801234567
156304872 801234567
156307248 801234567
156307482 801234567
156307824 801234567
156308274 801234567
156308427 801234567
156308742 801234567
156320487 801234567
156320748 801234567
156320874 801234567
156324078 801234567
156324780 801234567
156324807 801234567
156327084 801234567
156327408 801234567
156327840 801234567
156328047 801234567
156328470 801234567
156328704 801234567
156340278 801234567
156340782 801234567
156340827 801234567
156342087 801234567
156342708 801234567
156342870 801234567
156347028 801234567
156347280 801234567
156347802 801234567
156348072 801234567
156348207 801234567
156348720 801234567
156370284 801234567
156370428 801234567
156370842 801234567
156372048 801234567
156372480 801234567
156372804 801234567
156374082 801234567
156374208 801234567
156374820 801234567
156378024 801234567
156378240 801234567
156378402 801234567
156380247 801234567
156380472 801234567
156380724 801234567
156382074 801234567
156382407 801234567
156382740 801234567
156384027 801234567
156384270 801234567
156384702 801234567
156387042 801234567
156387204 801234567
156387420 801234567
156402387 801234567
156402738 801234567
156402873 801234567
156403278 801234567
156403782 801234567
156403827 801234567
156407283 801234567
156407328 801234567
156407832 801234567
156408237 801234567
156408372 801234567
156408723 801234567
156420378 801234567
156420783 801234567
156420837 801234567
156423087 801234567
156423708 801234567
156423870 801234567
156427038 801234567
156427380 801234567
156427803 801234567
156428073 801234567
156428307 801234567
156428730 801234567
156430287 801234567
156430728 801234567
156430872 801234567
156432078 801234567
156432780 801234567
156432807 801234567
156437082 801234567
156437208 801234567
156437820 801234567
156438027 801234567
156438270 801234567
156438702 801234567
156470238 801234567
156470382 801234567
156470823 801234567
156472083 801234567
156472308 801234567
156472830 801234567
156473028 801234567
156473280 801234567
156473802 801234567
156478032 801234567
156478203 801234567
156478320 801234567
156480273 801234567
156480327 801234567
156480732 801234567
156482037 801234567
156482370 801234567
156482703 801234567
156483072 801234567
156483207 801234567
156483720 801234567
156487023 801234567
156487230 801234567
156487302 801234567
156702348 801234567
156702483 801234567
156702834 801234567
156703284 801234567
156703428 801234567
156703842 801234567
156704238 801234567
156704382 801234567
156704823 801234567
156708243 801234567
156708324 801234567
156708432 801234567
156720384 801234567
156720438 801234567
156720843 801234567
156723048 801234567
