102786543 801234567
102834576 801234567
102834657 801234567
102834765 801234567
102835467 801234567
102835674 801234567
102835746 801234567
102836475 801234567
102836547 801234567
102836754 801234567
102837456 801234567
102837564 801234567
102837645 801234567
102843567 801234567
102843675 801234567
102843756 801234567
102845376 801234567
102845637 801234567
102845763 801234567
102846357 801234567
102846573 801234567
102846735 801234567
102847365 801234567
102847536 801234567
102847653 801234567
102853476 801234567
102853647 801234567
102853764 801234567
102854367 801234567
102854673 801234567
102854736 801234567
102856374 801234567
102856437 801234567
102856743 801234567
102857346 801234567
102857463 801234567
102857634 801234567
102863457 801234567
102863574 801234567
102863745 801234567
102864375 801234567
102864537 801234567
102864753 801234567
102865347 801234567
102865473 801234567
102865734 801234567
102867354 801234567
102867435 801234567
102867543 801234567
102873465 801234567
102873546 801234567
102873654 801234567
102874356 801234567
102874563 801234567
102874635 801234567
102875364 801234567
102875436 801234567
102875643 801234567
102876345 801234567
102876453 801234567
102876534 801234567
103245687 801234567
103245768 801234567
103245876 801234567
103246578 801234567
103246785 801234567
103246857 801234567
103247586 801234567
103247658 801234567
103247865 801234567
103248567 801234567
103248675 801234567
103248756 801234567
103254678 801234567
103254786 801234567
103254867 801234567
103256487 801234567
103256748 801234567
103256874 801234567
103257468 801234567
103257684 801234567
103257846 801234567
103258476 801234567
103258647 801234567
103258764 801234567
103264587 801234567
103264758 801234567
103264875 801234567
103265478 801234567
103265784 801234567
103265847 801234567
103267485 801234567
103267548 801234567
103267854 801234567
103268457 801234567
103268574 801234567
103268745 801234567
103274568 801234567
103274685 801234567
103274856 801234567
103275486 801234567
103275648 801234567
103275864 801234567
103276458 801234567
103276584 801234567
103276845 801234567
103278465 801234567
103278546 801234567
103278654 801234567
103284576 801234567
103284657 801234567
103284765 801234567
103285467 801234567
103285674 801234567
103285746 801234567
103286475 801234567
103286547 801234567
103286754 801234567
103287456 801234567
103287564 801234567
103287645 801234567
103425678 801234567
103425786 801234567
103425867 801234567
103426587 801234567
103426758 801234567
103426875 801234567
103427568 801234567
103427685 801234567
103427856 801234567
103428576 801234567
103428657 801234567
103428765 801234567
103452687 801234567
103452768 801234567
103452876 801234567
103456278 801234567
103456782 801234567
103456827 801234567
103457286 801234567
103457628 801234567
103457862 801234567
103458267 801234567
103458672 801234567
103458726 801234567
103462578 801234567
103462785 801234567
103462857 801234567
103465287 801234567
103465728 801234567
103465872 801234567
103467258 801234567
103467582 801234567
103467825 801234567
103468275 801234567
103468527 801234567
103468752 801234567
103472586 801234567
103472658 801234567
103472865 801234567
103475268 801234567
103475682 801234567
103475826 801234567
103476285 801234567
103476528 801234567
103476852 801234567
103478256 801234567
103478562 801234567
103478625 801234567
103482567 801234567
103482675 801234567
103482756 801234567
103485276 801234567
103485627 801234567
103485762 801234567
103486257 801234567
103486572 801234567
103486725 801234567
103487265 801234567
103487526 801234567
103487652 801234567
103524687 801234567
103524768 801234567
103524876 801234567
103526478 801234567
103526784 801234567
103526847 801234567
103527486 801234567
103527648 801234567
103527864 801234567
103528467 801234567
103528674 801234567
103528746 801234567
103542678 801234567
103542786 801234567
103542867 801234567
103546287 801234567
103546728 801234567
103546872 801234567
103547268 801234567
103547682 801234567
103547826 801234567
103548276 801234567
103548627 801234567
103548762 801234567
103562487 801234567
103562748 801234567
103562874 801234567
103564278 801234567
103564782 801234567
103564827 801234567
103567284 801234567
103567428 801234567
103567842 801234567
103568247 801234567
103568472 801234567
103568724 801234567
103572468 801234567
103572684 801234567
103572846 801234567
103574286 801234567
103574628 801234567
103574862 801234567
103576248 801234567
103576482 801234567
103576824 801234567
103578264 801234567
103578426 801234567
103578642 801234567
103582476 801234567
103582647 801234567
103582764 801234567
103584267 801234567
103584672 801234567
103584726 801234567
103586274 801234567
103586427 801234567
103586742 801234567
103587246 801234567
103587462 801234567
103587624 801234567
103624578 801234567
103624785 801234567
103624857 801234567
103625487 801234567
103625748 801234567
103625874 801234567
103627458 801234567
103627584 801234567
103627845 801234567
103628475 801234567
103628547 801234567
103628754 801234567
103642587 801234567
103642758 801234567
103642875 801234567
103645278 801234567
103645782 801234567
103645827 801234567
103647285 801234567
103647528 801234567
103647852 801234567
103648257 801234567
103648572 801234567
103648725 801234567
103652478 801234567
103652784 801234567
103652847 801234567
103654287 801234567
103654728 801234567
103654872 801234567
103657248 801234567
103657482 801234567
103657824 801234567
103658274 801234567
103658427 801234567
103658742 801234567
103672485 801234567
103672548 801234567
103672854 801234567
103674258 801234567
103674582 801234567
103674825 801234567
103675284 801234567
103675428 801234567
103675842 801234567
103678245 801234567
103678452 801234567
103678524 801234567
103682457 801234567
103682574 801234567
103682745 801234567
103684275 801234567
103684527 801234567
103684752 801234567
103685247 801234567
103685472 801234567
103685724 801234567
103687254 801234567
103687425 801234567
103687542 801234567
103724586 801234567
103724658 801234567
103724865 801234567
103725468 801234567
103725684 801234567
103725846 801234567
103726485 801234567
103726548 801234567
103726854 801234567
103728456 801234567
103728564 801234567
103728645 801234567
103742568 801234567
103742685 801234567
103742856 801234567
103745286 801234567
103745628 801234567
103745862 801234567
103746258 801234567
103746582 801234567
103746825 801234567
103748265 801234567
103748526 801234567
103748652 801234567
103752486 801234567
103752648 801234567
103752864 801234567
103754268 801234567
103754682 801234567
103754826 801234567
103756284 801234567
103756428 801234567
103756842 801234567
103758246 801234567
103758462 801234567
103758624 801234567
103762458 801234567
103762584 801234567
103762845 801234567
103764285 801234567
103764528 801234567
103764852 801234567
103765248 801234567
103765482 801234567
103765824 801234567
103768254 801234567
103768425 801234567
103768542 801234567
103782465 801234567
103782546 801234567
103782654 801234567
103784256 801234567
103784562 801234567
103784625 801234567
103785264 801234567
103785426 801234567
103785642 801234567
103786245 801234567
103786452 801234567
103786524 801234567
103824567 801234567
103824675 801234567
103824756 801234567
103825476 801234567
103825647 801234567
103825764 801234567
103826457 801234567
103826574 801234567
103826745 801234567
103827465 801234567
103827546 801234567
103827654 801234567
103842576 801234567
103842657 801234567
103842765 801234567
103845267 801234567
103845672 801234567
103845726 801234567
103846275 801234567
103846527 801234567
103846752 801234567
103847256 801234567
103847562 801234567
103847625 801234567
103852467 801234567
103852674 801234567
103852746 801234567
103854276 801234567
103854627 801234567
103854762 801234567
103856247 801234567
103856472 801234567
103856724 801234567
103857264 801234567
103857426 801234567
103857642 801234567
103862475 801234567
103862547 801234567
103862754 801234567
103864257 801234567
103864572 801234567
103864725 801234567
103865274 801234567
103865427 801234567
103865742 801234567
103867245 801234567
103867452 801234567
103867524 801234567
103872456 801234567
103872564 801234567
103872645 801234567
103874265 801234567
103874526 801234567
103874652 801234567
103875246 801234567
103875462 801234567
103875624 801234567
103876254 801234567
103876425 801234567
103876542 801234567
104235678 801234567
104235786 801234567
104235867 801234567
104236587 801234567
104236758 801234567
104236875 801234567
104237568 801234567
104237685 801234567
104237856 801234567
104238576 801234567
104238657 801234567
104238765 801234567
104253687 801234567
104253768 801234567
104253876 801234567
104256378 801234567
104256783 801234567
104256837 801234567
104257386 801234567
104257638 801234567
104257863 801234567
104258367 801234567
104258673 801234567
104258736 801234567
104263578 801234567
104263785 801234567
104263857 801234567
104265387 801234567
104265738 801234567
104265873 801234567
104267358 801234567
104267583 801234567
104267835 801234567
104268375 801234567
104268537 801234567
104268753 801234567
104273586 801234567
104273658 801234567
104273865 801234567
104275368 801234567
104275683 801234567
104275836 801234567
104276385 801234567
104276538 801234567
104276853 801234567
104278356 801234567
104278563 801234567
104278635 801234567
104283567 801234567
104283675 801234567
104283756 801234567
104285376 801234567
104285637 801234567
104285763 801234567
104286357 801234567
104286573 801234567
104286735 801234567
104287365 801234567
104287536 801234567
104287653 801234567
104325687 801234567
104325768 801234567
104325876 801234567
104326578 801234567
104326785 801234567
104326857 801234567
104327586 801234567
104327658 801234567
104327865 801234567
104328567 801234567
104328675 801234567
104328756 801234567
104352678 801234567
104352786 801234567
104352867 801234567
104356287 801234567
104356728 801234567
104356872 801234567
