237604815 801234567
237605184 801234567
237605418 801234567
237605841 801234567
237608145 801234567
237608451 801234567
237608514 801234567
237610458 801234567
237610584 801234567
237610845 801234567
237614085 801234567
237614508 801234567
237614850 801234567
237615048 801234567
237615480 801234567
237615804 801234567
237618054 801234567
237618405 801234567
237618540 801234567
237640185 801234567
237640518 801234567
237640851 801234567
237641058 801234567
237641580 801234567
237641805 801234567
237645081 801234567
237645108 801234567
237645810 801234567
237648015 801234567
237648150 801234567
237648501 801234567
237650148 801234567
237650481 801234567
237650814 801234567
237651084 801234567
237651408 801234567
237651840 801234567
237654018 801234567
237654180 801234567
237654801 801234567
237658041 801234567
237658104 801234567
237658410 801234567
237680154 801234567
237680415 801234567
237680541 801234567
237681045 801234567
237681450 801234567
237681504 801234567
237684051 801234567
237684105 801234567
237684510 801234567
237685014 801234567
237685140 801234567
237685401 801234567
237801456 801234567
237801564 801234567
237801645 801234567
237804165 801234567
237804516 801234567
237804651 801234567
237805146 801234567
237805461 801234567
237805614 801234567
237806154 801234567
237806415 801234567
237806541 801234567
237810465 801234567
237810546 801234567
237810654 801234567
237814056 801234567
237814560 801234567
237814605 801234567
237815064 801234567
237815406 801234567
237815640 801234567
237816045 801234567
237816450 801234567
237816504 801234567
237840156 801234567
237840561 801234567
237840615 801234567
237841065 801234567
237841506 801234567
237841650 801234567
237845016 801234567
237845160 801234567
237845601 801234567
237846051 801234567
237846105 801234567
237846510 801234567
237850164 801234567
237850416 801234567
237850641 801234567
237851046 801234567
237851460 801234567
237851604 801234567
237854061 801234567
237854106 801234567
237854610 801234567
237856014 801234567
237856140 801234567
237856401 801234567
237860145 801234567
237860451 801234567
237860514 801234567
237861054 801234567
237861405 801234567
237861540 801234567
237864015 801234567
237864150 801234567
237864501 801234567
237865041 801234567
237865104 801234567
237865410 801234567
238014567 801234567
238014675 801234567
238014756 801234567
238015476 801234567
238015647 801234567
238015764 801234567
238016457 801234567
238016574 801234567
238016745 801234567
238017465 801234567
238017546 801234567
238017654 801234567
238041576 801234567
238041657 801234567
238041765 801234567
238045167 801234567
238045671 801234567
238045716 801234567
238046175 801234567
238046517 801234567
238046751 801234567
238047156 801234567
238047561 801234567
238047615 801234567
238051467 801234567
238051674 801234567
238051746 801234567
238054176 801234567
238054617 801234567
238054761 801234567
238056147 801234567
238056471 801234567
238056714 801234567
238057164 801234567
238057416 801234567
238057641 801234567
238061475 801234567
238061547 801234567
238061754 801234567
238064157 801234567
238064571 801234567
238064715 801234567
238065174 801234567
238065417 801234567
238065741 801234567
238067145 801234567
238067451 801234567
238067514 801234567
238071456 801234567
238071564 801234567
238071645 801234567
238074165 801234567
238074516 801234567
238074651 801234567
238075146 801234567
238075461 801234567
238075614 801234567
238076154 801234567
238076415 801234567
238076541 801234567
238104576 801234567
238104657 801234567
238104765 801234567
238105467 801234567
238105674 801234567
238105746 801234567
238106475 801234567
238106547 801234567
238106754 801234567
238107456 801234567
238107564 801234567
238107645 801234567
238140567 801234567
238140675 801234567
238140756 801234567
238145076 801234567
238145607 801234567
238145760 801234567
238146057 801234567
238146570 801234567
238146705 801234567
238147065 801234567
238147506 801234567
238147650 801234567
238150476 801234567
238150647 801234567
238150764 801234567
238154067 801234567
238154670 801234567
238154706 801234567
238156074 801234567
238156407 801234567
238156740 801234567
238157046 801234567
238157460 801234567
238157604 801234567
238160457 801234567
238160574 801234567
238160745 801234567
238164075 801234567
238164507 801234567
238164750 801234567
238165047 801234567
238165470 801234567
238165704 801234567
238167054 801234567
238167405 801234567
238167540 801234567
238170465 801234567
238170546 801234567
238170654 801234567
238174056 801234567
238174560 801234567
238174605 801234567
238175064 801234567
238175406 801234567
238175640 801234567
238176045 801234567
238176450 801234567
238176504 801234567
238401567 801234567
238401675 801234567
238401756 801234567
238405176 801234567
238405617 801234567
238405761 801234567
238406157 801234567
238406571 801234567
238406715 801234567
238407165 801234567
238407516 801234567
238407651 801234567
238410576 801234567
238410657 801234567
238410765 801234567
238415067 801234567
238415670 801234567
238415706 801234567
238416075 801234567
238416507 801234567
238416750 801234567
238417056 801234567
238417560 801234567
238417605 801234567
238450167 801234567
238450671 801234567
238450716 801234567
238451076 801234567
238451607 801234567
238451760 801234567
238456017 801234567
238456170 801234567
238456701 801234567
238457061 801234567
238457106 801234567
238457610 801234567
238460175 801234567
238460517 801234567
238460751 801234567
238461057 801234567
238461570 801234567
238461705 801234567
238465071 801234567
238465107 801234567
238465710 801234567
238467015 801234567
238467150 801234567
238467501 801234567
238470156 801234567
238470561 801234567
238470615 801234567
238471065 801234567
238471506 801234567
238471650 801234567
238475016 801234567
238475160 801234567
238475601 801234567
238476051 801234567
238476105 801234567
238476510 801234567
238501476 801234567
238501647 801234567
238501764 801234567
238504167 801234567
238504671 801234567
238504716 801234567
238506174 801234567
238506417 801234567
238506741 801234567
238507146 801234567
238507461 801234567
238507614 801234567
238510467 801234567
238510674 801234567
238510746 801234567
238514076 801234567
238514607 801234567
238514760 801234567
238516047 801234567
238516470 801234567
238516704 801234567
238517064 801234567
238517406 801234567
238517640 801234567
238540176 801234567
238540617 801234567
238540761 801234567
238541067 801234567
238541670 801234567
238541706 801234567
238546071 801234567
238546107 801234567
238546710 801234567
238547016 801234567
238547160 801234567
238547601 801234567
238560147 801234567
238560471 801234567
238560714 801234567
238561074 801234567
238561407 801234567
238561740 801234567
238564017 801234567
238564170 801234567
238564701 801234567
238567041 801234567
238567104 801234567
238567410 801234567
238570164 801234567
238570416 801234567
238570641 801234567
238571046 801234567
238571460 801234567
238571604 801234567
238574061 801234567
238574106 801234567
238574610 801234567
238576014 801234567
238576140 801234567
238576401 801234567
238601457 801234567
238601574 801234567
238601745 801234567
238604175 801234567
238604517 801234567
238604751 801234567
238605147 801234567
238605471 801234567
238605714 801234567
238607154 801234567
238607415 801234567
238607541 801234567
238610475 801234567
238610547 801234567
238610754 801234567
238614057 801234567
238614570 801234567
238614705 801234567
238615074 801234567
238615407 801234567
238615740 801234567
238617045 801234567
238617450 801234567
238617504 801234567
238640157 801234567
238640571 801234567
238640715 801234567
238641075 801234567
238641507 801234567
238641750 801234567
238645017 801234567
238645170 801234567
238645701 801234567
238647051 801234567
238647105 801234567
238647510 801234567
238650174 801234567
238650417 801234567
238650741 801234567
238651047 801234567
238651470 801234567
238651704 801234567
238654071 801234567
238654107 801234567
238654710 801234567
238657014 801234567
238657140 801234567
238657401 801234567
238670145 801234567
238670451 801234567
238670514 801234567
238671054 801234567
238671405 801234567
238671540 801234567
238674015 801234567
238674150 801234567
238674501 801234567
238675041 801234567
238675104 801234567
238675410 801234567
238701465 801234567
238701546 801234567
238701654 801234567
238704156 801234567
238704561 801234567
238704615 801234567
238705164 801234567
238705416 801234567
238705641 801234567
238706145 801234567
238706451 801234567
238706514 801234567
238710456 801234567
238710564 801234567
238710645 801234567
238714065 801234567
238714506 801234567
238714650 801234567
238715046 801234567
238715460 801234567
238715604 801234567
238716054 801234567
238716405 801234567
238716540 801234567
238740165 801234567
238740516 801234567
238740651 801234567
238741056 801234567
238741560 801234567
238741605 801234567
238745061 801234567
238745106 801234567
238745610 801234567
238746015 801234567
238746150 801234567
238746501 801234567
238750146 801234567
238750461 801234567
238750614 801234567
238751064 801234567
238751406 801234567
238751640 801234567
238754016 801234567
238754160 801234567
238754601 801234567
238756041 801234567
238756104 801234567
238756410 801234567
238760154 801234567
238760415 801234567
238760541 801234567
238761045 801234567
238761450 801234567
238761504 801234567
238764051 801234567
238764105 801234567
238764510 801234567
238765014 801234567
238765140 801234567
238765401 801234567
240135687 801234567
240135768 801234567
240135876 801234567
240136578 801234567
240136785 801234567
240136857 801234567
240137586 801234567
240137658 801234567
240137865 801234567
240138567 801234567
240138675 801234567
240138756 801234567
240153678 801234567
240153786 801234567
240153867 801234567
240156387 801234567
240156738 801234567
240156873 801234567
240157368 801234567
240157683 801234567
240157836 801234567
240158376 801234567
240158637 801234567
240158763 801234567
