427853610 801234567
427856013 801234567
427856130 801234567
427856301 801234567
427860135 801234567
427860351 801234567
427860513 801234567
427861053 801234567
427861305 801234567
427861530 801234567
427863015 801234567
427863150 801234567
427863501 801234567
427865031 801234567
427865103 801234567
427865310 801234567
428013567 801234567
428013675 801234567
428013756 801234567
428015376 801234567
428015637 801234567
428015763 801234567
428016357 801234567
428016573 801234567
428016735 801234567
428017365 801234567
428017536 801234567
428017653 801234567
428031576 801234567
428031657 801234567
428031765 801234567
428035167 801234567
428035671 801234567
428035716 801234567
428036175 801234567
428036517 801234567
428036751 801234567
428037156 801234567
428037561 801234567
428037615 801234567
428051367 801234567
428051673 801234567
428051736 801234567
428053176 801234567
428053617 801234567
428053761 801234567
428056137 801234567
428056371 801234567
428056713 801234567
428057163 801234567
428057316 801234567
428057631 801234567
428061375 801234567
428061537 801234567
428061753 801234567
428063157 801234567
428063571 801234567
428063715 801234567
428065173 801234567
428065317 801234567
428065731 801234567
428067135 801234567
428067351 801234567
428067513 801234567
428071356 801234567
428071563 801234567
428071635 801234567
428073165 801234567
428073516 801234567
428073651 801234567
428075136 801234567
428075361 801234567
428075613 801234567
428076153 801234567
428076315 801234567
428076531 801234567
428103576 801234567
428103657 801234567
428103765 801234567
428105367 801234567
428105673 801234567
428105736 801234567
428106375 801234567
428106537 801234567
428106753 801234567
428107356 801234567
428107563 801234567
428107635 801234567
428130567 801234567
428130675 801234567
428130756 801234567
428135076 801234567
428135607 801234567
428135760 801234567
428136057 801234567
428136570 801234567
428136705 801234567
428137065 801234567
428137506 801234567
428137650 801234567
428150376 801234567
428150637 801234567
428150763 801234567
428153067 801234567
428153670 801234567
428153706 801234567
428156073 801234567
428156307 801234567
428156730 801234567
428157036 801234567
428157360 801234567
428157603 801234567
428160357 801234567
428160573 801234567
428160735 801234567
428163075 801234567
428163507 801234567
428163750 801234567
428165037 801234567
428165370 801234567
428165703 801234567
428167053 801234567
428167305 801234567
428167530 801234567
428170365 801234567
428170536 801234567
428170653 801234567
428173056 801234567
428173560 801234567
428173605 801234567
428175063 801234567
428175306 801234567
428175630 801234567
428176035 801234567
428176350 801234567
428176503 801234567
428301567 801234567
428301675 801234567
428301756 801234567
428305176 801234567
428305617 801234567
428305761 801234567
428306157 801234567
428306571 801234567
428306715 801234567
428307165 801234567
428307516 801234567
428307651 801234567
428310576 801234567
428310657 801234567
428310765 801234567
428315067 801234567
428315670 801234567
428315706 801234567
428316075 801234567
428316507 801234567
428316750 801234567
428317056 801234567
428317560 801234567
428317605 801234567
428350167 801234567
428350671 801234567
428350716 801234567
428351076 801234567
428351607 801234567
428351760 801234567
428356017 801234567
428356170 801234567
428356701 801234567
428357061 801234567
428357106 801234567
428357610 801234567
428360175 801234567
428360517 801234567
428360751 801234567
428361057 801234567
428361570 801234567
428361705 801234567
428365071 801234567
428365107 801234567
428365710 801234567
428367015 801234567
428367150 801234567
428367501 801234567
428370156 801234567
428370561 801234567
428370615 801234567
428371065 801234567
428371506 801234567
428371650 801234567
428375016 801234567
428375160 801234567
428375601 801234567
428376051 801234567
428376105 801234567
428376510 801234567
428501376 801234567
428501637 801234567
428501763 801234567
428503167 801234567
428503671 801234567
428503716 801234567
428506173 801234567
428506317 801234567
428506731 801234567
428507136 801234567
428507361 801234567
428507613 801234567
428510367 801234567
428510673 801234567
428510736 801234567
428513076 801234567
428513607 801234567
428513760 801234567
428516037 801234567
428516370 801234567
428516703 801234567
428517063 801234567
428517306 801234567
428517630 801234567
428530176 801234567
428530617 801234567
428530761 801234567
428531067 801234567
428531670 801234567
428531706 801234567
428536071 801234567
428536107 801234567
428536710 801234567
428537016 801234567
428537160 801234567
428537601 801234567
428560137 801234567
428560371 801234567
428560713 801234567
428561073 801234567
428561307 801234567
428561730 801234567
428563017 801234567
428563170 801234567
428563701 801234567
428567031 801234567
428567103 801234567
428567310 801234567
428570163 801234567
428570316 801234567
428570631 801234567
428571036 801234567
428571360 801234567
428571603 801234567
428573061 801234567
428573106 801234567
428573610 801234567
428576013 801234567
428576130 801234567
428576301 801234567
428601357 801234567
428601573 801234567
428601735 801234567
428603175 801234567
428603517 801234567
428603751 801234567
428605137 801234567
428605371 801234567
428605713 801234567
428607153 801234567
428607315 801234567
428607531 801234567
428610375 801234567
428610537 801234567
428610753 801234567
428613057 801234567
428613570 801234567
428613705 801234567
428615073 801234567
428615307 801234567
428615730 801234567
428617035 801234567
428617350 801234567
428617503 801234567
428630157 801234567
428630571 801234567
428630715 801234567
428631075 801234567
428631507 801234567
428631750 801234567
428635017 801234567
428635170 801234567
428635701 801234567
428637051 801234567
428637105 801234567
428637510 801234567
428650173 801234567
428650317 801234567
428650731 801234567
428651037 801234567
428651370 801234567
428651703 801234567
428653071 801234567
428653107 801234567
428653710 801234567
428657013 801234567
428657130 801234567
428657301 801234567
428670135 801234567
428670351 801234567
428670513 801234567
428671053 801234567
428671305 801234567
428671530 801234567
428673015 801234567
428673150 801234567
428673501 801234567
428675031 801234567
428675103 801234567
428675310 801234567
428701365 801234567
428701536 801234567
428701653 801234567
428703156 801234567
428703561 801234567
428703615 801234567
428705163 801234567
428705316 801234567
428705631 801234567
428706135 801234567
428706351 801234567
428706513 801234567
428710356 801234567
428710563 801234567
428710635 801234567
428713065 801234567
428713506 801234567
428713650 801234567
428715036 801234567
428715360 801234567
428715603 801234567
428716053 801234567
428716305 801234567
428716530 801234567
428730165 801234567
428730516 801234567
428730651 801234567
428731056 801234567
428731560 801234567
428731605 801234567
428735061 801234567
428735106 801234567
428735610 801234567
428736015 801234567
428736150 801234567
428736501 801234567
428750136 801234567
428750361 801234567
428750613 801234567
428751063 801234567
428751306 801234567
428751630 801234567
428753016 801234567
428753160 801234567
428753601 801234567
428756031 801234567
428756103 801234567
428756310 801234567
428760153 801234567
428760315 801234567
428760531 801234567
428761035 801234567
428761350 801234567
428761503 801234567
428763051 801234567
428763105 801234567
428763510 801234567
428765013 801234567
428765130 801234567
428765301 801234567
430125687 801234567
430125768 801234567
430125876 801234567
430126578 801234567
430126785 801234567
430126857 801234567
430127586 801234567
430127658 801234567
430127865 801234567
430128567 801234567
430128675 801234567
430128756 801234567
430152678 801234567
430152786 801234567
430152867 801234567
430156287 801234567
430156728 801234567
430156872 801234567
430157268 801234567
430157682 801234567
430157826 801234567
430158276 801234567
430158627 801234567
430158762 801234567
430162587 801234567
430162758 801234567
430162875 801234567
430165278 801234567
430165782 801234567
430165827 801234567
430167285 801234567
430167528 801234567
430167852 801234567
430168257 801234567
430168572 801234567
430168725 801234567
430172568 801234567
430172685 801234567
430172856 801234567
430175286 801234567
430175628 801234567
430175862 801234567
430176258 801234567
430176582 801234567
430176825 801234567
430178265 801234567
430178526 801234567
430178652 801234567
430182576 801234567
430182657 801234567
430182765 801234567
430185267 801234567
430185672 801234567
430185726 801234567
430186275 801234567
430186527 801234567
430186752 801234567
430187256 801234567
430187562 801234567
430187625 801234567
430215678 801234567
430215786 801234567
430215867 801234567
430216587 801234567
430216758 801234567
430216875 801234567
430217568 801234567
430217685 801234567
430217856 801234567
430218576 801234567
430218657 801234567
430218765 801234567
430251687 801234567
430251768 801234567
430251876 801234567
430256178 801234567
430256781 801234567
430256817 801234567
430257186 801234567
430257618 801234567
430257861 801234567
430258167 801234567
430258671 801234567
430258716 801234567
430261578 801234567
430261785 801234567
430261857 801234567
430265187 801234567
430265718 801234567
430265871 801234567
430267158 801234567
430267581 801234567
430267815 801234567
430268175 801234567
430268517 801234567
430268751 801234567
430271586 801234567
430271658 801234567
430271865 801234567
430275168 801234567
430275681 801234567
430275816 801234567
430276185 801234567
430276518 801234567
430276851 801234567
430278156 801234567
430278561 801234567
430278615 801234567
430281567 801234567
430281675 801234567
430281756 801234567
430285176 801234567
430285617 801234567
430285761 801234567
430286157 801234567
430286571 801234567
430286715 801234567
430287165 801234567
430287516 801234567
430287651 801234567
430512687 801234567
430512768 801234567
430512876 801234567
