648037152 801234567
648037215 801234567
648037521 801234567
648051273 801234567
648051327 801234567
648051732 801234567
648052137 801234567
648052371 801234567
648052713 801234567
648053172 801234567
648053217 801234567
648053721 801234567
648057123 801234567
648057231 801234567
648057312 801234567
648071235 801234567
648071352 801234567
648071523 801234567
648072153 801234567
648072315 801234567
648072531 801234567
648073125 801234567
648073251 801234567
648073512 801234567
648075132 801234567
648075213 801234567
648075321 801234567
648102375 801234567
648102537 801234567
648102753 801234567
648103257 801234567
648103572 801234567
648103725 801234567
648105273 801234567
648105327 801234567
648105732 801234567
648107235 801234567
648107352 801234567
648107523 801234567
648120357 801234567
648120573 801234567
648120735 801234567
648123075 801234567
648123507 801234567
648123750 801234567
648125037 801234567
648125370 801234567
648125703 801234567
648127053 801234567
648127305 801234567
648127530 801234567
648130275 801234567
648130527 801234567
648130752 801234567
648132057 801234567
648132570 801234567
648132705 801234567
648135072 801234567
648135207 801234567
648135720 801234567
648137025 801234567
648137250 801234567
648137502 801234567
648150237 801234567
648150372 801234567
648150723 801234567
648152073 801234567
648152307 801234567
648152730 801234567
648153027 801234567
648153270 801234567
648153702 801234567
648157032 801234567
648157203 801234567
648157320 801234567
648170253 801234567
648170325 801234567
648170532 801234567
648172035 801234567
648172350 801234567
648172503 801234567
648173052 801234567
648173205 801234567
648173520 801234567
648175023 801234567
648175230 801234567
648175302 801234567
648201357 801234567
648201573 801234567
648201735 801234567
648203175 801234567
648203517 801234567
648203751 801234567
648205137 801234567
648205371 801234567
648205713 801234567
648207153 801234567
648207315 801234567
648207531 801234567
648210375 801234567
648210537 801234567
648210753 801234567
648213057 801234567
648213570 801234567
648213705 801234567
648215073 801234567
648215307 801234567
648215730 801234567
648217035 801234567
648217350 801234567
648217503 801234567
648230157 801234567
648230571 801234567
648230715 801234567
648231075 801234567
648231507 801234567
648231750 801234567
648235017 801234567
648235170 801234567
648235701 801234567
648237051 801234567
648237105 801234567
648237510 801234567
648250173 801234567
648250317 801234567
648250731 801234567
648251037 801234567
648251370 801234567
648251703 801234567
648253071 801234567
648253107 801234567
648253710 801234567
648257013 801234567
648257130 801234567
648257301 801234567
648270135 801234567
648270351 801234567
648270513 801234567
648271053 801234567
648271305 801234567
648271530 801234567
648273015 801234567
648273150 801234567
648273501 801234567
648275031 801234567
648275103 801234567
648275310 801234567
648301275 801234567
648301527 801234567
648301752 801234567
648302157 801234567
648302571 801234567
648302715 801234567
648305172 801234567
648305217 801234567
648305721 801234567
648307125 801234567
648307251 801234567
648307512 801234567
648310257 801234567
648310572 801234567
648310725 801234567
648312075 801234567
648312507 801234567
648312750 801234567
648315027 801234567
648315270 801234567
648315702 801234567
648317052 801234567
648317205 801234567
648317520 801234567
648320175 801234567
648320517 801234567
648320751 801234567
648321057 801234567
648321570 801234567
648321705 801234567
648325071 801234567
648325107 801234567
648325710 801234567
648327015 801234567
648327150 801234567
648327501 801234567
648350127 801234567
648350271 801234567
648350712 801234567
648351072 801234567
648351207 801234567
648351720 801234567
648352017 801234567
648352170 801234567
648352701 801234567
648357021 801234567
648357102 801234567
648357210 801234567
648370152 801234567
648370215 801234567
648370521 801234567
648371025 801234567
648371250 801234567
648371502 801234567
648372051 801234567
648372105 801234567
648372510 801234567
648375012 801234567
648375120 801234567
648375201 801234567
648501237 801234567
648501372 801234567
648501723 801234567
648502173 801234567
648502317 801234567
648502731 801234567
648503127 801234567
648503271 801234567
648503712 801234567
648507132 801234567
648507213 801234567
648507321 801234567
648510273 801234567
648510327 801234567
648510732 801234567
648512037 801234567
648512370 801234567
648512703 801234567
648513072 801234567
648513207 801234567
648513720 801234567
648517023 801234567
648517230 801234567
648517302 801234567
648520137 801234567
648520371 801234567
648520713 801234567
648521073 801234567
648521307 801234567
648521730 801234567
648523017 801234567
648523170 801234567
648523701 801234567
648527031 801234567
648527103 801234567
648527310 801234567
648530172 801234567
648530217 801234567
648530721 801234567
648531027 801234567
648531270 801234567
648531702 801234567
648532071 801234567
648532107 801234567
648532710 801234567
648537012 801234567
648537120 801234567
648537201 801234567
648570123 801234567
648570231 801234567
648570312 801234567
648571032 801234567
648571203 801234567
648571320 801234567
648572013 801234567
648572130 801234567
648572301 801234567
648573021 801234567
648573102 801234567
648573210 801234567
648701253 801234567
648701325 801234567
648701532 801234567
648702135 801234567
648702351 801234567
648702513 801234567
648703152 801234567
648703215 801234567
648703521 801234567
648705123 801234567
648705231 801234567
648705312 801234567
648710235 801234567
648710352 801234567
648710523 801234567
648712053 801234567
648712305 801234567
648712530 801234567
648713025 801234567
648713250 801234567
648713502 801234567
648715032 801234567
648715203 801234567
648715320 801234567
648720153 801234567
648720315 801234567
648720531 801234567
648721035 801234567
648721350 801234567
648721503 801234567
648723051 801234567
648723105 801234567
648723510 801234567
648725013 801234567
648725130 801234567
648725301 801234567
648730125 801234567
648730251 801234567
648730512 801234567
648731052 801234567
648731205 801234567
648731520 801234567
648732015 801234567
648732150 801234567
648732501 801234567
648735021 801234567
648735102 801234567
648735210 801234567
648750132 801234567
648750213 801234567
648750321 801234567
648751023 801234567
648751230 801234567
648751302 801234567
648752031 801234567
648752103 801234567
648752310 801234567
648753012 801234567
648753120 801234567
648753201 801234567
650123487 801234567
650123748 801234567
650123874 801234567
650124378 801234567
650124783 801234567
650124837 801234567
650127384 801234567
650127438 801234567
650127843 801234567
650128347 801234567
650128473 801234567
650128734 801234567
650132478 801234567
650132784 801234567
650132847 801234567
650134287 801234567
650134728 801234567
650134872 801234567
650137248 801234567
650137482 801234567
650137824 801234567
650138274 801234567
650138427 801234567
650138742 801234567
650142387 801234567
650142738 801234567
650142873 801234567
650143278 801234567
650143782 801234567
650143827 801234567
650147283 801234567
650147328 801234567
650147832 801234567
650148237 801234567
650148372 801234567
650148723 801234567
650172348 801234567
650172483 801234567
650172834 801234567
650173284 801234567
650173428 801234567
650173842 801234567
650174238 801234567
650174382 801234567
650174823 801234567
650178243 801234567
650178324 801234567
650178432 801234567
650182374 801234567
650182437 801234567
650182743 801234567
650183247 801234567
650183472 801234567
650183724 801234567
650184273 801234567
650184327 801234567
650184732 801234567
650187234 801234567
650187342 801234567
650187423 801234567
650213478 801234567
650213784 801234567
650213847 801234567
650214387 801234567
650214738 801234567
650214873 801234567
650217348 801234567
650217483 801234567
650217834 801234567
650218374 801234567
650218437 801234567
650218743 801234567
650231487 801234567
650231748 801234567
650231874 801234567
650234178 801234567
650234781 801234567
650234817 801234567
650237184 801234567
650237418 801234567
650237841 801234567
650238147 801234567
650238471 801234567
650238714 801234567
650241378 801234567
650241783 801234567
650241837 801234567
650243187 801234567
650243718 801234567
650243871 801234567
650247138 801234567
650247381 801234567
650247813 801234567
650248173 801234567
650248317 801234567
650248731 801234567
650271384 801234567
650271438 801234567
650271843 801234567
650273148 801234567
650273481 801234567
650273814 801234567
650274183 801234567
650274318 801234567
650274831 801234567
650278134 801234567
650278341 801234567
650278413 801234567
650281347 801234567
650281473 801234567
650281734 801234567
650283174 801234567
650283417 801234567
650283741 801234567
650284137 801234567
650284371 801234567
650284713 801234567
650287143 801234567
650287314 801234567
650287431 801234567
650312487 801234567
650312748 801234567
650312874 801234567
650314278 801234567
650314782 801234567
650314827 801234567
650317284 801234567
650317428 801234567
650317842 801234567
650318247 801234567
650318472 801234567
650318724 801234567
650321478 801234567
650321784 801234567
650321847 801234567
650324187 801234567
650324718 801234567
650324871 801234567
650327148 801234567
650327481 801234567
650327814 801234567
650328174 801234567
650328417 801234567
650328741 801234567
650341287 801234567
650341728 801234567
650341872 801234567
650342178 801234567
650342781 801234567
650342817 801234567
650347182 801234567
650347218 801234567
650347821 801234567
650348127 801234567
650348271 801234567
650348712 801234567
650371248 801234567
650371482 801234567
650371824 801234567
650372184 801234567
650372418 801234567
650372841 801234567
650374128 801234567
650374281 801234567
650374812 801234567
650378142 801234567
650378214 801234567
650378421 801234567
650381274 801234567
650381427 801234567
650381742 801234567
650382147 801234567
