481365072 801234567
481365207 801234567
481365720 801234567
481367025 801234567
481367250 801234567
481367502 801234567
481370256 801234567
481370562 801234567
481370625 801234567
481372065 801234567
481372506 801234567
481372650 801234567
481375026 801234567
481375260 801234567
481375602 801234567
481376052 801234567
481376205 801234567
481376520 801234567
481502376 801234567
481502637 801234567
481502763 801234567
481503267 801234567
481503672 801234567
481503726 801234567
481506273 801234567
481506327 801234567
481506732 801234567
481507236 801234567
481507362 801234567
481507623 801234567
481520367 801234567
481520673 801234567
481520736 801234567
481523076 801234567
481523607 801234567
481523760 801234567
481526037 801234567
481526370 801234567
481526703 801234567
481527063 801234567
481527306 801234567
481527630 801234567
481530276 801234567
481530627 801234567
481530762 801234567
481532067 801234567
481532670 801234567
481532706 801234567
481536072 801234567
481536207 801234567
481536720 801234567
481537026 801234567
481537260 801234567
481537602 801234567
481560237 801234567
481560372 801234567
481560723 801234567
481562073 801234567
481562307 801234567
481562730 801234567
481563027 801234567
481563270 801234567
481563702 801234567
481567032 801234567
481567203 801234567
481567320 801234567
481570263 801234567
481570326 801234567
481570632 801234567
481572036 801234567
481572360 801234567
481572603 801234567
481573062 801234567
481573206 801234567
481573620 801234567
481576023 801234567
481576230 801234567
481576302 801234567
481602357 801234567
481602573 801234567
481602735 801234567
481603275 801234567
481603527 801234567
481603752 801234567
481605237 801234567
481605372 801234567
481605723 801234567
481607253 801234567
481607325 801234567
481607532 801234567
481620375 801234567
481620537 801234567
481620753 801234567
481623057 801234567
481623570 801234567
481623705 801234567
481625073 801234567
481625307 801234567
481625730 801234567
481627035 801234567
481627350 801234567
481627503 801234567
481630257 801234567
481630572 801234567
481630725 801234567
481632075 801234567
481632507 801234567
481632750 801234567
481635027 801234567
481635270 801234567
481635702 801234567
481637052 801234567
481637205 801234567
481637520 801234567
481650273 801234567
481650327 801234567
481650732 801234567
481652037 801234567
481652370 801234567
481652703 801234567
481653072 801234567
481653207 801234567
481653720 801234567
481657023 801234567
481657230 801234567
481657302 801234567
481670235 801234567
481670352 801234567
481670523 801234567
481672053 801234567
481672305 801234567
481672530 801234567
481673025 801234567
481673250 801234567
481673502 801234567
481675032 801234567
481675203 801234567
481675320 801234567
481702365 801234567
481702536 801234567
481702653 801234567
481703256 801234567
481703562 801234567
481703625 801234567
481705263 801234567
481705326 801234567
481705632 801234567
481706235 801234567
481706352 801234567
481706523 801234567
481720356 801234567
481720563 801234567
481720635 801234567
481723065 801234567
481723506 801234567
481723650 801234567
481725036 801234567
481725360 801234567
481725603 801234567
481726053 801234567
481726305 801234567
481726530 801234567
481730265 801234567
481730526 801234567
481730652 801234567
481732056 801234567
481732560 801234567
481732605 801234567
481735062 801234567
481735206 801234567
481735620 801234567
481736025 801234567
481736250 801234567
481736502 801234567
481750236 801234567
481750362 801234567
481750623 801234567
481752063 801234567
481752306 801234567
481752630 801234567
481753026 801234567
481753260 801234567
481753602 801234567
481756032 801234567
481756203 801234567
481756320 801234567
481760253 801234567
481760325 801234567
481760532 801234567
481762035 801234567
481762350 801234567
481762503 801234567
481763052 801234567
481763205 801234567
481763520 801234567
481765023 801234567
481765230 801234567
481765302 801234567
482013576 801234567
482013657 801234567
482013765 801234567
482015367 801234567
482015673 801234567
482015736 801234567
482016375 801234567
482016537 801234567
482016753 801234567
482017356 801234567
482017563 801234567
482017635 801234567
482031567 801234567
482031675 801234567
482031756 801234567
482035176 801234567
482035617 801234567
482035761 801234567
482036157 801234567
482036571 801234567
482036715 801234567
482037165 801234567
482037516 801234567
482037651 801234567
482051376 801234567
482051637 801234567
482051763 801234567
482053167 801234567
482053671 801234567
482053716 801234567
482056173 801234567
482056317 801234567
482056731 801234567
482057136 801234567
482057361 801234567
482057613 801234567
482061357 801234567
482061573 801234567
482061735 801234567
482063175 801234567
482063517 801234567
482063751 801234567
482065137 801234567
482065371 801234567
482065713 801234567
482067153 801234567
482067315 801234567
482067531 801234567
482071365 801234567
482071536 801234567
482071653 801234567
482073156 801234567
482073561 801234567
482073615 801234567
482075163 801234567
482075316 801234567
482075631 801234567
482076135 801234567
482076351 801234567
482076513 801234567
482103567 801234567
482103675 801234567
482103756 801234567
482105376 801234567
482105637 801234567
482105763 801234567
482106357 801234567
482106573 801234567
482106735 801234567
482107365 801234567
482107536 801234567
482107653 801234567
482130576 801234567
482130657 801234567
482130765 801234567
482135067 801234567
482135670 801234567
482135706 801234567
482136075 801234567
482136507 801234567
482136750 801234567
482137056 801234567
482137560 801234567
482137605 801234567
482150367 801234567
482150673 801234567
482150736 801234567
482153076 801234567
482153607 801234567
482153760 801234567
482156037 801234567
482156370 801234567
482156703 801234567
482157063 801234567
482157306 801234567
482157630 801234567
482160375 801234567
482160537 801234567
482160753 801234567
482163057 801234567
482163570 801234567
482163705 801234567
482165073 801234567
482165307 801234567
482165730 801234567
482167035 801234567
482167350 801234567
482167503 801234567
482170356 801234567
482170563 801234567
482170635 801234567
482173065 801234567
482173506 801234567
482173650 801234567
482175036 801234567
482175360 801234567
482175603 801234567
482176053 801234567
482176305 801234567
482176530 801234567
482301576 801234567
482301657 801234567
482301765 801234567
482305167 801234567
482305671 801234567
482305716 801234567
482306175 801234567
482306517 801234567
482306751 801234567
482307156 801234567
482307561 801234567
482307615 801234567
482310567 801234567
482310675 801234567
482310756 801234567
482315076 801234567
482315607 801234567
482315760 801234567
482316057 801234567
482316570 801234567
482316705 801234567
482317065 801234567
482317506 801234567
482317650 801234567
482350176 801234567
482350617 801234567
482350761 801234567
482351067 801234567
482351670 801234567
482351706 801234567
482356071 801234567
482356107 801234567
482356710 801234567
482357016 801234567
482357160 801234567
482357601 801234567
482360157 801234567
482360571 801234567
482360715 801234567
482361075 801234567
482361507 801234567
482361750 801234567
482365017 801234567
482365170 801234567
482365701 801234567
482367051 801234567
482367105 801234567
482367510 801234567
482370165 801234567
482370516 801234567
482370651 801234567
482371056 801234567
482371560 801234567
482371605 801234567
482375061 801234567
482375106 801234567
482375610 801234567
482376015 801234567
482376150 801234567
482376501 801234567
482501367 801234567
482501673 801234567
482501736 801234567
482503176 801234567
482503617 801234567
482503761 801234567
482506137 801234567
482506371 801234567
482506713 801234567
482507163 801234567
482507316 801234567
482507631 801234567
482510376 801234567
482510637 801234567
482510763 801234567
482513067 801234567
482513670 801234567
482513706 801234567
482516073 801234567
482516307 801234567
482516730 801234567
482517036 801234567
482517360 801234567
482517603 801234567
482530167 801234567
482530671 801234567
482530716 801234567
482531076 801234567
482531607 801234567
482531760 801234567
482536017 801234567
482536170 801234567
482536701 801234567
482537061 801234567
482537106 801234567
482537610 801234567
482560173 801234567
482560317 801234567
482560731 801234567
482561037 801234567
482561370 801234567
482561703 801234567
482563071 801234567
482563107 801234567
482563710 801234567
482567013 801234567
482567130 801234567
482567301 801234567
482570136 801234567
482570361 801234567
482570613 801234567
482571063 801234567
482571306 801234567
482571630 801234567
482573016 801234567
482573160 801234567
482573601 801234567
482576031 801234567
482576103 801234567
482576310 801234567
482601375 801234567
482601537 801234567
482601753 801234567
482603157 801234567
482603571 801234567
482603715 801234567
482605173 801234567
482605317 801234567
482605731 801234567
482607135 801234567
482607351 801234567
482607513 801234567
482610357 801234567
482610573 801234567
482610735 801234567
482613075 801234567
482613507 801234567
482613750 801234567
482615037 801234567
482615370 801234567
482615703 801234567
482617053 801234567
482617305 801234567
482617530 801234567
482630175 801234567
482630517 801234567
482630751 801234567
482631057 801234567
482631570 801234567
482631705 801234567
482635071 801234567
482635107 801234567
482635710 801234567
482637015 801234567
482637150 801234567
482637501 801234567
482650137 801234567
482650371 801234567
482650713 801234567
482651073 801234567
482651307 801234567
482651730 801234567
482653017 801234567
482653170 801234567
482653701 801234567
482657031 801234567
482657103 801234567
482657310 801234567
482670153 801234567
482670315 801234567
482670531 801234567
482671035 801234567
482671350 801234567
482671503 801234567
482673051 801234567
482673105 801234567
482673510 801234567
482675013 801234567
482675130 801234567
482675301 801234567
482701356 801234567
