641850273 801234567
641850327 801234567
641850732 801234567
641852037 801234567
641852370 801234567
641852703 801234567
641853072 801234567
641853207 801234567
641853720 801234567
641857023 801234567
641857230 801234567
641857302 801234567
641870235 801234567
641870352 801234567
641870523 801234567
641872053 801234567
641872305 801234567
641872530 801234567
641873025 801234567
641873250 801234567
641873502 801234567
641875032 801234567
641875203 801234567
641875320 801234567
642013578 801234567
642013785 801234567
642013857 801234567
642015387 801234567
642015738 801234567
642015873 801234567
642017358 801234567
642017583 801234567
642017835 801234567
642018375 801234567
642018537 801234567
642018753 801234567
642031587 801234567
642031758 801234567
642031875 801234567
642035178 801234567
642035781 801234567
642035817 801234567
642037185 801234567
642037518 801234567
642037851 801234567
642038157 801234567
642038571 801234567
642038715 801234567
642051378 801234567
642051783 801234567
642051837 801234567
642053187 801234567
642053718 801234567
642053871 801234567
642057138 801234567
642057381 801234567
642057813 801234567
642058173 801234567
642058317 801234567
642058731 801234567
642071385 801234567
642071538 801234567
642071853 801234567
642073158 801234567
642073581 801234567
642073815 801234567
642075183 801234567
642075318 801234567
642075831 801234567
642078135 801234567
642078351 801234567
642078513 801234567
642081357 801234567
642081573 801234567
642081735 801234567
642083175 801234567
642083517 801234567
642083751 801234567
642085137 801234567
642085371 801234567
642085713 801234567
642087153 801234567
642087315 801234567
642087531 801234567
642103587 801234567
642103758 801234567
642103875 801234567
642105378 801234567
642105783 801234567
642105837 801234567
642107385 801234567
642107538 801234567
642107853 801234567
642108357 801234567
642108573 801234567
642108735 801234567
642130578 801234567
642130785 801234567
642130857 801234567
642135087 801234567
642135708 801234567
642135870 801234567
642137058 801234567
642137580 801234567
642137805 801234567
642138075 801234567
642138507 801234567
642138750 801234567
642150387 801234567
642150738 801234567
642150873 801234567
642153078 801234567
642153780 801234567
642153807 801234567
642157083 801234567
642157308 801234567
642157830 801234567
642158037 801234567
642158370 801234567
642158703 801234567
642170358 801234567
642170583 801234567
642170835 801234567
642173085 801234567
642173508 801234567
642173850 801234567
642175038 801234567
642175380 801234567
642175803 801234567
642178053 801234567
642178305 801234567
642178530 801234567
642180375 801234567
642180537 801234567
642180753 801234567
642183057 801234567
642183570 801234567
642183705 801234567
642185073 801234567
642185307 801234567
642185730 801234567
642187035 801234567
642187350 801234567
642187503 801234567
642301578 801234567
642301785 801234567
642301857 801234567
642305187 801234567
642305718 801234567
642305871 801234567
642307158 801234567
642307581 801234567
642307815 801234567
642308175 801234567
642308517 801234567
642308751 801234567
642310587 801234567
642310758 801234567
642310875 801234567
642315078 801234567
642315780 801234567
642315807 801234567
642317085 801234567
642317508 801234567
642317850 801234567
642318057 801234567
642318570 801234567
642318705 801234567
642350178 801234567
642350781 801234567
642350817 801234567
642351087 801234567
642351708 801234567
642351870 801234567
642357018 801234567
642357180 801234567
642357801 801234567
642358071 801234567
642358107 801234567
642358710 801234567
642370185 801234567
642370518 801234567
642370851 801234567
642371058 801234567
642371580 801234567
642371805 801234567
642375081 801234567
642375108 801234567
642375810 801234567
642378015 801234567
642378150 801234567
642378501 801234567
642380157 801234567
642380571 801234567
642380715 801234567
642381075 801234567
642381507 801234567
642381750 801234567
642385017 801234567
642385170 801234567
642385701 801234567
642387051 801234567
642387105 801234567
642387510 801234567
642501387 801234567
642501738 801234567
642501873 801234567
642503178 801234567
642503781 801234567
642503817 801234567
642507183 801234567
642507318 801234567
642507831 801234567
642508137 801234567
642508371 801234567
642508713 801234567
642510378 801234567
642510783 801234567
642510837 801234567
642513087 801234567
642513708 801234567
642513870 801234567
642517038 801234567
642517380 801234567
642517803 801234567
642518073 801234567
642518307 801234567
642518730 801234567
642530187 801234567
642530718 801234567
642530871 801234567
642531078 801234567
642531780 801234567
642531807 801234567
642537081 801234567
642537108 801234567
642537810 801234567
642538017 801234567
642538170 801234567
642538701 801234567
642570138 801234567
642570381 801234567
642570813 801234567
642571083 801234567
642571308 801234567
642571830 801234567
642573018 801234567
642573180 801234567
642573801 801234567
642578031 801234567
642578103 801234567
642578310 801234567
642580173 801234567
642580317 801234567
642580731 801234567
642581037 801234567
642581370 801234567
642581703 801234567
642583071 801234567
642583107 801234567
642583710 801234567
642587013 801234567
642587130 801234567
642587301 801234567
642701358 801234567
642701583 801234567
642701835 801234567
642703185 801234567
642703518 801234567
642703851 801234567
642705138 801234567
642705381 801234567
642705813 801234567
642708153 801234567
642708315 801234567
642708531 801234567
642710385 801234567
642710538 801234567
642710853 801234567
642713058 801234567
642713580 801234567
642713805 801234567
642715083 801234567
642715308 801234567
642715830 801234567
642718035 801234567
642718350 801234567
642718503 801234567
642730158 801234567
642730581 801234567
642730815 801234567
642731085 801234567
642731508 801234567
642731850 801234567
642735018 801234567
642735180 801234567
642735801 801234567
642738051 801234567
642738105 801234567
642738510 801234567
642750183 801234567
642750318 801234567
642750831 801234567
642751038 801234567
642751380 801234567
642751803 801234567
642753081 801234567
642753108 801234567
642753810 801234567
642758013 801234567
642758130 801234567
642758301 801234567
642780135 801234567
642780351 801234567
642780513 801234567
642781053 801234567
642781305 801234567
642781530 801234567
642783015 801234567
642783150 801234567
642783501 801234567
642785031 801234567
642785103 801234567
642785310 801234567
642801375 801234567
642801537 801234567
642801753 801234567
642803157 801234567
642803571 801234567
642803715 801234567
642805173 801234567
642805317 801234567
642805731 801234567
642807135 801234567
642807351 801234567
642807513 801234567
642810357 801234567
642810573 801234567
642810735 801234567
642813075 801234567
642813507 801234567
642813750 801234567
642815037 801234567
642815370 801234567
642815703 801234567
642817053 801234567
642817305 801234567
642817530 801234567
642830175 801234567
642830517 801234567
642830751 801234567
642831057 801234567
642831570 801234567
642831705 801234567
642835071 801234567
642835107 801234567
642835710 801234567
642837015 801234567
642837150 801234567
642837501 801234567
642850137 801234567
642850371 801234567
642850713 801234567
642851073 801234567
642851307 801234567
642851730 801234567
642853017 801234567
642853170 801234567
642853701 801234567
642857031 801234567
642857103 801234567
642857310 801234567
642870153 801234567
642870315 801234567
642870531 801234567
642871035 801234567
642871350 801234567
642871503 801234567
642873051 801234567
642873105 801234567
642873510 801234567
642875013 801234567
642875130 801234567
642875301 801234567
643012587 801234567
643012758 801234567
643012875 801234567
643015278 801234567
643015782 801234567
643015827 801234567
643017285 801234567
643017528 801234567
643017852 801234567
643018257 801234567
643018572 801234567
643018725 801234567
643021578 801234567
643021785 801234567
643021857 801234567
643025187 801234567
643025718 801234567
643025871 801234567
643027158 801234567
643027581 801234567
643027815 801234567
643028175 801234567
643028517 801234567
643028751 801234567
643051287 801234567
643051728 801234567
643051872 801234567
643052178 801234567
643052781 801234567
643052817 801234567
643057182 801234567
643057218 801234567
643057821 801234567
643058127 801234567
643058271 801234567
643058712 801234567
643071258 801234567
643071582 801234567
643071825 801234567
643072185 801234567
643072518 801234567
643072851 801234567
643075128 801234567
643075281 801234567
643075812 801234567
643078152 801234567
643078215 801234567
643078521 801234567
643081275 801234567
643081527 801234567
643081752 801234567
643082157 801234567
643082571 801234567
643082715 801234567
643085172 801234567
643085217 801234567
643085721 801234567
643087125 801234567
643087251 801234567
643087512 801234567
643102578 801234567
643102785 801234567
643102857 801234567
643105287 801234567
643105728 801234567
643105872 801234567
643107258 801234567
643107582 801234567
643107825 801234567
643108275 801234567
643108527 801234567
643108752 801234567
643120587 801234567
643120758 801234567
643120875 801234567
643125078 801234567
643125780 801234567
643125807 801234567
643127085 801234567
643127508 801234567
643127850 801234567
643128057 801234567
643128570 801234567
643128705 801234567
643150278 801234567
643150782 801234567
643150827 801234567
643152087 801234567
643152708 801234567
643152870 801234567
643157028 801234567
643157280 801234567
643157802 801234567
643158072 801234567
643158207 801234567
643158720 801234567
643170285 801234567
643170528 801234567
643170852 801234567
643172058 801234567
643172580 801234567
643172805 801234567
643175082 801234567
643175208 801234567
643175820 801234567
643178025 801234567
643178250 801234567
643178502 801234567
643180257 801234567
643180572 801234567
643180725 801234567
643182075 801234567
643182507 801234567
643182750 801234567
643185027 801234567
