802163457 801234567
802163574 801234567
802163745 801234567
802164375 801234567
802164537 801234567
802164753 801234567
802165347 801234567
802165473 801234567
802165734 801234567
802167354 801234567
802167435 801234567
802167543 801234567
802173465 801234567
802173546 801234567
802173654 801234567
802174356 801234567
802174563 801234567
802174635 801234567
802175364 801234567
802175436 801234567
802175643 801234567
802176345 801234567
802176453 801234567
802176534 801234567
802314567 801234567
802314675 801234567
802314756 801234567
802315476 801234567
802315647 801234567
802315764 801234567
802316457 801234567
802316574 801234567
802316745 801234567
802317465 801234567
802317546 801234567
802317654 801234567
802341576 801234567
802341657 801234567
802341765 801234567
802345167 801234567
802345671 801234567
802345716 801234567
802346175 801234567
802346517 801234567
802346751 801234567
802347156 801234567
802347561 801234567
802347615 801234567
802351467 801234567
802351674 801234567
802351746 801234567
802354176 801234567
802354617 801234567
802354761 801234567
802356147 801234567
802356471 801234567
802356714 801234567
802357164 801234567
802357416 801234567
802357641 801234567
802361475 801234567
802361547 801234567
802361754 801234567
802364157 801234567
802364571 801234567
802364715 801234567
802365174 801234567
802365417 801234567
802365741 801234567
802367145 801234567
802367451 801234567
802367514 801234567
802371456 801234567
802371564 801234567
802371645 801234567
802374165 801234567
802374516 801234567
802374651 801234567
802375146 801234567
802375461 801234567
802375614 801234567
802376154 801234567
802376415 801234567
802376541 801234567
802413576 801234567
802413657 801234567
802413765 801234567
802415367 801234567
802415673 801234567
802415736 801234567
802416375 801234567
802416537 801234567
802416753 801234567
802417356 801234567
802417563 801234567
802417635 801234567
802431567 801234567
802431675 801234567
802431756 801234567
802435176 801234567
802435617 801234567
802435761 801234567
802436157 801234567
802436571 801234567
802436715 801234567
802437165 801234567
802437516 801234567
802437651 801234567
802451376 801234567
802451637 801234567
802451763 801234567
802453167 801234567
802453671 801234567
802453716 801234567
802456173 801234567
802456317 801234567
802456731 801234567
802457136 801234567
802457361 801234567
802457613 801234567
802461357 801234567
802461573 801234567
802461735 801234567
802463175 801234567
802463517 801234567
802463751 801234567
802465137 801234567
802465371 801234567
802465713 801234567
802467153 801234567
802467315 801234567
802467531 801234567
802471365 801234567
802471536 801234567
802471653 801234567
802473156 801234567
802473561 801234567
802473615 801234567
802475163 801234567
802475316 801234567
802475631 801234567
802476135 801234567
802476351 801234567
802476513 801234567
802513467 801234567
802513674 801234567
802513746 801234567
802514376 801234567
802514637 801234567
802514763 801234567
802516347 801234567
802516473 801234567
802516734 801234567
802517364 801234567
802517436 801234567
802517643 801234567
802531476 801234567
802531647 801234567
802531764 801234567
802534167 801234567
802534671 801234567
802534716 801234567
802536174 801234567
802536417 801234567
802536741 801234567
802537146 801234567
802537461 801234567
802537614 801234567
802541367 801234567
802541673 801234567
802541736 801234567
802543176 801234567
802543617 801234567
802543761 801234567
802546137 801234567
802546371 801234567
802546713 801234567
802547163 801234567
802547316 801234567
802547631 801234567
802561374 801234567
802561437 801234567
802561743 801234567
802563147 801234567
802563471 801234567
802563714 801234567
802564173 801234567
802564317 801234567
802564731 801234567
802567134 801234567
802567341 801234567
802567413 801234567
802571346 801234567
802571463 801234567
802571634 801234567
802573164 801234567
802573416 801234567
802573641 801234567
802574136 801234567
802574361 801234567
802574613 801234567
802576143 801234567
802576314 801234567
802576431 801234567
802613475 801234567
802613547 801234567
802613754 801234567
802614357 801234567
802614573 801234567
802614735 801234567
802615374 801234567
802615437 801234567
802615743 801234567
802617345 801234567
802617453 801234567
802617534 801234567
802631457 801234567
802631574 801234567
802631745 801234567
802634175 801234567
802634517 801234567
802634751 801234567
802635147 801234567
802635471 801234567
802635714 801234567
802637154 801234567
802637415 801234567
802637541 801234567
802641375 801234567
802641537 801234567
802641753 801234567
802643157 801234567
802643571 801234567
802643715 801234567
802645173 801234567
802645317 801234567
802645731 801234567
802647135 801234567
802647351 801234567
802647513 801234567
802651347 801234567
802651473 801234567
802651734 801234567
802653174 801234567
802653417 801234567
802653741 801234567
802654137 801234567
802654371 801234567
802654713 801234567
802657143 801234567
802657314 801234567
802657431 801234567
802671354 801234567
802671435 801234567
802671543 801234567
802673145 801234567
802673451 801234567
802673514 801234567
802674153 801234567
802674315 801234567
802674531 801234567
802675134 801234567
802675341 801234567
802675413 801234567
802713456 801234567
802713564 801234567
802713645 801234567
802714365 801234567
802714536 801234567
802714653 801234567
802715346 801234567
802715463 801234567
802715634 801234567
802716354 801234567
802716435 801234567
802716543 801234567
802731465 801234567
802731546 801234567
802731654 801234567
802734156 801234567
802734561 801234567
802734615 801234567
802735164 801234567
802735416 801234567
802735641 801234567
802736145 801234567
802736451 801234567
802736514 801234567
802741356 801234567
802741563 801234567
802741635 801234567
802743165 801234567
802743516 801234567
802743651 801234567
802745136 801234567
802745361 801234567
802745613 801234567
802746153 801234567
802746315 801234567
802746531 801234567
802751364 801234567
802751436 801234567
802751643 801234567
802753146 801234567
802753461 801234567
802753614 801234567
802754163 801234567
802754316 801234567
802754631 801234567
802756134 801234567
802756341 801234567
802756413 801234567
802761345 801234567
802761453 801234567
802761534 801234567
802763154 801234567
802763415 801234567
802763541 801234567
802764135 801234567
802764351 801234567
802764513 801234567
802765143 801234567
802765314 801234567
802765431 801234567
803124567 801234567
803124675 801234567
803124756 801234567
803125476 801234567
803125647 801234567
803125764 801234567
803126457 801234567
803126574 801234567
803126745 801234567
803127465 801234567
803127546 801234567
803127654 801234567
803142576 801234567
803142657 801234567
803142765 801234567
803145267 801234567
803145672 801234567
803145726 801234567
803146275 801234567
803146527 801234567
803146752 801234567
803147256 801234567
803147562 801234567
803147625 801234567
803152467 801234567
803152674 801234567
803152746 801234567
803154276 801234567
803154627 801234567
803154762 801234567
803156247 801234567
803156472 801234567
803156724 801234567
803157264 801234567
803157426 801234567
803157642 801234567
803162475 801234567
803162547 801234567
803162754 801234567
803164257 801234567
803164572 801234567
803164725 801234567
803165274 801234567
803165427 801234567
803165742 801234567
803167245 801234567
803167452 801234567
803167524 801234567
803172456 801234567
803172564 801234567
803172645 801234567
803174265 801234567
803174526 801234567
803174652 801234567
803175246 801234567
803175462 801234567
803175624 801234567
803176254 801234567
803176425 801234567
803176542 801234567
803214576 801234567
803214657 801234567
803214765 801234567
803215467 801234567
803215674 801234567
803215746 801234567
803216475 801234567
803216547 801234567
803216754 801234567
803217456 801234567
803217564 801234567
803217645 801234567
803241567 801234567
803241675 801234567
803241756 801234567
803245176 801234567
803245617 801234567
803245761 801234567
803246157 801234567
803246571 801234567
803246715 801234567
803247165 801234567
803247516 801234567
803247651 801234567
803251476 801234567
803251647 801234567
803251764 801234567
803254167 801234567
803254671 801234567
803254716 801234567
803256174 801234567
803256417 801234567
803256741 801234567
803257146 801234567
803257461 801234567
803257614 801234567
803261457 801234567
803261574 801234567
803261745 801234567
803264175 801234567
803264517 801234567
803264751 801234567
803265147 801234567
803265471 801234567
803265714 801234567
803267154 801234567
803267415 801234567
803267541 801234567
803271465 801234567
803271546 801234567
803271654 801234567
803274156 801234567
803274561 801234567
803274615 801234567
803275164 801234567
803275416 801234567
803275641 801234567
803276145 801234567
803276451 801234567
803276514 801234567
803412567 801234567
803412675 801234567
803412756 801234567
803415276 801234567
803415627 801234567
803415762 801234567
803416257 801234567
803416572 801234567
803416725 801234567
803417265 801234567
803417526 801234567
803417652 801234567
803421576 801234567
803421657 801234567
803421765 801234567
803425167 801234567
803425671 801234567
803425716 801234567
803426175 801234567
803426517 801234567
803426751 801234567
803427156 801234567
803427561 801234567
803427615 801234567
803451267 801234567
803451672 801234567
803451726 801234567
803452176 801234567
803452617 801234567
803452761 801234567
803456127 801234567
803456271 801234567
803456712 801234567
803457162 801234567
803457216 801234567
803457621 801234567
803461275 801234567
803461527 801234567
803461752 801234567
803462157 801234567
803462571 801234567
803462715 801234567
803465172 801234567
803465217 801234567
803465721 801234567
803467125 801234567
803467251 801234567
803467512 801234567
803471256 801234567
803471562 801234567
803471625 801234567
803472165 801234567
803472516 801234567
803472651 801234567
803475126 801234567
