175430862 801234567
175432068 801234567
175432680 801234567
175432806 801234567
175436082 801234567
175436208 801234567
175436820 801234567
175438026 801234567
175438260 801234567
175438602 801234567
175460238 801234567
175460382 801234567
175460823 801234567
175462083 801234567
175462308 801234567
175462830 801234567
175463028 801234567
175463280 801234567
175463802 801234567
175468032 801234567
175468203 801234567
175468320 801234567
175480263 801234567
175480326 801234567
175480632 801234567
175482036 801234567
175482360 801234567
175482603 801234567
175483062 801234567
175483206 801234567
175483620 801234567
175486023 801234567
175486230 801234567
175486302 801234567
175602348 801234567
175602483 801234567
175602834 801234567
175603284 801234567
175603428 801234567
175603842 801234567
175604238 801234567
175604382 801234567
175604823 801234567
175608243 801234567
175608324 801234567
175608432 801234567
175620384 801234567
175620438 801234567
175620843 801234567
175623048 801234567
175623480 801234567
175623804 801234567
175624083 801234567
175624308 801234567
175624830 801234567
175628034 801234567
175628340 801234567
175628403 801234567
175630248 801234567
175630482 801234567
175630824 801234567
175632084 801234567
175632408 801234567
175632840 801234567
175634028 801234567
175634280 801234567
175634802 801234567
175638042 801234567
175638204 801234567
175638420 801234567
175640283 801234567
175640328 801234567
175640832 801234567
175642038 801234567
175642380 801234567
175642803 801234567
175643082 801234567
175643208 801234567
175643820 801234567
175648023 801234567
175648230 801234567
175648302 801234567
175680234 801234567
175680342 801234567
175680423 801234567
175682043 801234567
175682304 801234567
175682430 801234567
175683024 801234567
175683240 801234567
175683402 801234567
175684032 801234567
175684203 801234567
175684320 801234567
175802364 801234567
175802436 801234567
175802643 801234567
175803246 801234567
175803462 801234567
175803624 801234567
175804263 801234567
175804326 801234567
175804632 801234567
175806234 801234567
175806342 801234567
175806423 801234567
175820346 801234567
175820463 801234567
175820634 801234567
175823064 801234567
175823406 801234567
175823640 801234567
175824036 801234567
175824360 801234567
175824603 801234567
175826043 801234567
175826304 801234567
175826430 801234567
175830264 801234567
175830426 801234567
175830642 801234567
175832046 801234567
175832460 801234567
175832604 801234567
175834062 801234567
175834206 801234567
175834620 801234567
175836024 801234567
175836240 801234567
175836402 801234567
175840236 801234567
175840362 801234567
175840623 801234567
175842063 801234567
175842306 801234567
175842630 801234567
175843026 801234567
175843260 801234567
175843602 801234567
175846032 801234567
175846203 801234567
175846320 801234567
175860243 801234567
175860324 801234567
175860432 801234567
175862034 801234567
175862340 801234567
175862403 801234567
175863042 801234567
175863204 801234567
175863420 801234567
175864023 801234567
175864230 801234567
175864302 801234567
176023485 801234567
176023548 801234567
176023854 801234567
176024358 801234567
176024583 801234567
176024835 801234567
176025384 801234567
176025438 801234567
176025843 801234567
176028345 801234567
176028453 801234567
176028534 801234567
176032458 801234567
176032584 801234567
176032845 801234567
176034285 801234567
176034528 801234567
176034852 801234567
176035248 801234567
176035482 801234567
176035824 801234567
176038254 801234567
176038425 801234567
176038542 801234567
176042385 801234567
176042538 801234567
176042853 801234567
176043258 801234567
176043582 801234567
176043825 801234567
176045283 801234567
176045328 801234567
176045832 801234567
176048235 801234567
176048352 801234567
176048523 801234567
176052348 801234567
176052483 801234567
176052834 801234567
176053284 801234567
176053428 801234567
176053842 801234567
176054238 801234567
176054382 801234567
176054823 801234567
176058243 801234567
176058324 801234567
176058432 801234567
176082354 801234567
176082435 801234567
176082543 801234567
176083245 801234567
176083452 801234567
176083524 801234567
176084253 801234567
176084325 801234567
176084532 801234567
176085234 801234567
176085342 801234567
176085423 801234567
176203458 801234567
176203584 801234567
176203845 801234567
176204385 801234567
176204538 801234567
176204853 801234567
176205348 801234567
176205483 801234567
176205834 801234567
176208354 801234567
176208435 801234567
176208543 801234567
176230485 801234567
176230548 801234567
176230854 801234567
176234058 801234567
176234580 801234567
176234805 801234567
176235084 801234567
176235408 801234567
176235840 801234567
176238045 801234567
176238450 801234567
176238504 801234567
176240358 801234567
176240583 801234567
176240835 801234567
176243085 801234567
176243508 801234567
176243850 801234567
176245038 801234567
176245380 801234567
176245803 801234567
176248053 801234567
176248305 801234567
176248530 801234567
176250384 801234567
176250438 801234567
176250843 801234567
176253048 801234567
176253480 801234567
176253804 801234567
176254083 801234567
176254308 801234567
176254830 801234567
176258034 801234567
176258340 801234567
176258403 801234567
176280345 801234567
176280453 801234567
176280534 801234567
176283054 801234567
176283405 801234567
176283540 801234567
176284035 801234567
176284350 801234567
176284503 801234567
176285043 801234567
176285304 801234567
176285430 801234567
176302485 801234567
176302548 801234567
176302854 801234567
176304258 801234567
176304582 801234567
176304825 801234567
176305284 801234567
176305428 801234567
176305842 801234567
176308245 801234567
176308452 801234567
176308524 801234567
176320458 801234567
176320584 801234567
176320845 801234567
176324085 801234567
176324508 801234567
176324850 801234567
176325048 801234567
176325480 801234567
176325804 801234567
176328054 801234567
176328405 801234567
176328540 801234567
176340285 801234567
176340528 801234567
176340852 801234567
176342058 801234567
176342580 801234567
176342805 801234567
176345082 801234567
176345208 801234567
176345820 801234567
176348025 801234567
176348250 801234567
176348502 801234567
176350248 801234567
176350482 801234567
176350824 801234567
176352084 801234567
176352408 801234567
176352840 801234567
176354028 801234567
176354280 801234567
176354802 801234567
176358042 801234567
176358204 801234567
176358420 801234567
176380254 801234567
176380425 801234567
176380542 801234567
176382045 801234567
176382450 801234567
176382504 801234567
176384052 801234567
176384205 801234567
176384520 801234567
176385024 801234567
176385240 801234567
176385402 801234567
176402358 801234567
176402583 801234567
176402835 801234567
176403285 801234567
176403528 801234567
176403852 801234567
176405238 801234567
176405382 801234567
176405823 801234567
176408253 801234567
176408325 801234567
176408532 801234567
176420385 801234567
176420538 801234567
176420853 801234567
176423058 801234567
176423580 801234567
176423805 801234567
176425083 801234567
176425308 801234567
176425830 801234567
176428035 801234567
176428350 801234567
176428503 801234567
176430258 801234567
176430582 801234567
176430825 801234567
176432085 801234567
176432508 801234567
176432850 801234567
176435028 801234567
176435280 801234567
176435802 801234567
176438052 801234567
176438205 801234567
176438520 801234567
176450283 801234567
176450328 801234567
176450832 801234567
176452038 801234567
176452380 801234567
176452803 801234567
176453082 801234567
176453208 801234567
176453820 801234567
176458023 801234567
176458230 801234567
176458302 801234567
176480235 801234567
176480352 801234567
176480523 801234567
176482053 801234567
176482305 801234567
176482530 801234567
176483025 801234567
176483250 801234567
176483502 801234567
176485032 801234567
176485203 801234567
176485320 801234567
176502384 801234567
176502438 801234567
176502843 801234567
176503248 801234567
176503482 801234567
176503824 801234567
176504283 801234567
176504328 801234567
176504832 801234567
176508234 801234567
176508342 801234567
176508423 801234567
176520348 801234567
176520483 801234567
176520834 801234567
176523084 801234567
176523408 801234567
176523840 801234567
176524038 801234567
176524380 801234567
176524803 801234567
176528043 801234567
176528304 801234567
176528430 801234567
176530284 801234567
176530428 801234567
176530842 801234567
176532048 801234567
176532480 801234567
176532804 801234567
176534082 801234567
176534208 801234567
176534820 801234567
176538024 801234567
176538240 801234567
176538402 801234567
176540238 801234567
176540382 801234567
176540823 801234567
176542083 801234567
176542308 801234567
176542830 801234567
176543028 801234567
176543280 801234567
176543802 801234567
176548032 801234567
176548203 801234567
176548320 801234567
176580243 801234567
176580324 801234567
176580432 801234567
176582034 801234567
176582340 801234567
176582403 801234567
176583042 801234567
176583204 801234567
176583420 801234567
176584023 801234567
176584230 801234567
176584302 801234567
176802345 801234567
176802453 801234567
176802534 801234567
176803254 801234567
176803425 801234567
176803542 801234567
176804235 801234567
176804352 801234567
176804523 801234567
176805243 801234567
176805324 801234567
176805432 801234567
176820354 801234567
176820435 801234567
176820543 801234567
176823045 801234567
176823450 801234567
176823504 801234567
176824053 801234567
176824305 801234567
176824530 801234567
176825034 801234567
176825340 801234567
176825403 801234567
176830245 801234567
176830452 801234567
176830524 801234567
176832054 801234567
176832405 801234567
176832540 801234567
176834025 801234567
176834250 801234567
176834502 801234567
176835042 801234567
176835204 801234567
176835420 801234567
176840253 801234567
176840325 801234567
176840532 801234567
176842035 801234567
176842350 801234567
176842503 801234567
176843052 801234567
176843205 801234567
176843520 801234567
