817432065 801234567
817432506 801234567
817432650 801234567
817435026 801234567
817435260 801234567
817435602 801234567
817436052 801234567
817436205 801234567
817436520 801234567
817450263 801234567
817450326 801234567
817450632 801234567
817452036 801234567
817452360 801234567
817452603 801234567
817453062 801234567
817453206 801234567
817453620 801234567
817456023 801234567
817456230 801234567
817456302 801234567
817460235 801234567
817460352 801234567
817460523 801234567
817462053 801234567
817462305 801234567
817462530 801234567
817463025 801234567
817463250 801234567
817463502 801234567
817465032 801234567
817465203 801234567
817465320 801234567
817502364 801234567
817502436 801234567
817502643 801234567
817503246 801234567
817503462 801234567
817503624 801234567
817504263 801234567
817504326 801234567
817504632 801234567
817506234 801234567
817506342 801234567
817506423 801234567
817520346 801234567
817520463 801234567
817520634 801234567
817523064 801234567
817523406 801234567
817523640 801234567
817524036 801234567
817524360 801234567
817524603 801234567
817526043 801234567
817526304 801234567
817526430 801234567
817530264 801234567
817530426 801234567
817530642 801234567
817532046 801234567
817532460 801234567
817532604 801234567
817534062 801234567
817534206 801234567
817534620 801234567
817536024 801234567
817536240 801234567
817536402 801234567
817540236 801234567
817540362 801234567
817540623 801234567
817542063 801234567
817542306 801234567
817542630 801234567
817543026 801234567
817543260 801234567
817543602 801234567
817546032 801234567
817546203 801234567
817546320 801234567
817560243 801234567
817560324 801234567
817560432 801234567
817562034 801234567
817562340 801234567
817562403 801234567
817563042 801234567
817563204 801234567
817563420 801234567
817564023 801234567
817564230 801234567
817564302 801234567
817602345 801234567
817602453 801234567
817602534 801234567
817603254 801234567
817603425 801234567
817603542 801234567
817604235 801234567
817604352 801234567
817604523 801234567
817605243 801234567
817605324 801234567
817605432 801234567
817620354 801234567
817620435 801234567
817620543 801234567
817623045 801234567
817623450 801234567
817623504 801234567
817624053 801234567
817624305 801234567
817624530 801234567
817625034 801234567
817625340 801234567
817625403 801234567
817630245 801234567
817630452 801234567
817630524 801234567
817632054 801234567
817632405 801234567
817632540 801234567
817634025 801234567
817634250 801234567
817634502 801234567
817635042 801234567
817635204 801234567
817635420 801234567
817640253 801234567
817640325 801234567
817640532 801234567
817642035 801234567
817642350 801234567
817642503 801234567
817643052 801234567
817643205 801234567
817643520 801234567
817645023 801234567
817645230 801234567
817645302 801234567
817650234 801234567
817650342 801234567
817650423 801234567
817652043 801234567
817652304 801234567
817652430 801234567
817653024 801234567
817653240 801234567
817653402 801234567
817654032 801234567
817654203 801234567
817654320 801234567
820134567 801234567
820134675 801234567
820134756 801234567
820135476 801234567
820135647 801234567
820135764 801234567
820136457 801234567
820136574 801234567
820136745 801234567
820137465 801234567
820137546 801234567
820137654 801234567
820143576 801234567
820143657 801234567
820143765 801234567
820145367 801234567
820145673 801234567
820145736 801234567
820146375 801234567
820146537 801234567
820146753 801234567
820147356 801234567
820147563 801234567
820147635 801234567
820153467 801234567
820153674 801234567
820153746 801234567
820154376 801234567
820154637 801234567
820154763 801234567
820156347 801234567
820156473 801234567
820156734 801234567
820157364 801234567
820157436 801234567
820157643 801234567
820163475 801234567
820163547 801234567
820163754 801234567
820164357 801234567
820164573 801234567
820164735 801234567
820165374 801234567
820165437 801234567
820165743 801234567
820167345 801234567
820167453 801234567
820167534 801234567
820173456 801234567
820173564 801234567
820173645 801234567
820174365 801234567
820174536 801234567
820174653 801234567
820175346 801234567
820175463 801234567
820175634 801234567
820176354 801234567
820176435 801234567
820176543 801234567
820314576 801234567
820314657 801234567
820314765 801234567
820315467 801234567
820315674 801234567
820315746 801234567
820316475 801234567
820316547 801234567
820316754 801234567
820317456 801234567
820317564 801234567
820317645 801234567
820341567 801234567
820341675 801234567
820341756 801234567
820345176 801234567
820345617 801234567
820345761 801234567
820346157 801234567
820346571 801234567
820346715 801234567
820347165 801234567
820347516 801234567
820347651 801234567
820351476 801234567
820351647 801234567
820351764 801234567
820354167 801234567
820354671 801234567
820354716 801234567
820356174 801234567
820356417 801234567
820356741 801234567
820357146 801234567
820357461 801234567
820357614 801234567
820361457 801234567
820361574 801234567
820361745 801234567
820364175 801234567
820364517 801234567
820364751 801234567
820365147 801234567
820365471 801234567
820365714 801234567
820367154 801234567
820367415 801234567
820367541 801234567
820371465 801234567
820371546 801234567
820371654 801234567
820374156 801234567
820374561 801234567
820374615 801234567
820375164 801234567
820375416 801234567
820375641 801234567
820376145 801234567
820376451 801234567
820376514 801234567
820413567 801234567
820413675 801234567
820413756 801234567
820415376 801234567
820415637 801234567
820415763 801234567
820416357 801234567
820416573 801234567
820416735 801234567
820417365 801234567
820417536 801234567
820417653 801234567
820431576 801234567
820431657 801234567
820431765 801234567
820435167 801234567
820435671 801234567
820435716 801234567
820436175 801234567
820436517 801234567
820436751 801234567
820437156 801234567
820437561 801234567
820437615 801234567
820451367 801234567
820451673 801234567
820451736 801234567
820453176 801234567
820453617 801234567
820453761 801234567
820456137 801234567
820456371 801234567
820456713 801234567
820457163 801234567
820457316 801234567
820457631 801234567
820461375 801234567
820461537 801234567
820461753 801234567
820463157 801234567
820463571 801234567
820463715 801234567
820465173 801234567
820465317 801234567
820465731 801234567
820467135 801234567
820467351 801234567
820467513 801234567
820471356 801234567
820471563 801234567
820471635 801234567
820473165 801234567
820473516 801234567
820473651 801234567
820475136 801234567
820475361 801234567
820475613 801234567
820476153 801234567
820476315 801234567
820476531 801234567
820513476 801234567
820513647 801234567
820513764 801234567
820514367 801234567
820514673 801234567
820514736 801234567
820516374 801234567
820516437 801234567
820516743 801234567
820517346 801234567
820517463 801234567
820517634 801234567
820531467 801234567
820531674 801234567
820531746 801234567
820534176 801234567
820534617 801234567
820534761 801234567
820536147 801234567
820536471 801234567
820536714 801234567
820537164 801234567
820537416 801234567
820537641 801234567
820541376 801234567
820541637 801234567
820541763 801234567
820543167 801234567
820543671 801234567
820543716 801234567
820546173 801234567
820546317 801234567
820546731 801234567
820547136 801234567
820547361 801234567
820547613 801234567
820561347 801234567
820561473 801234567
820561734 801234567
820563174 801234567
820563417 801234567
820563741 801234567
820564137 801234567
820564371 801234567
820564713 801234567
820567143 801234567
820567314 801234567
820567431 801234567
820571364 801234567
820571436 801234567
820571643 801234567
820573146 801234567
820573461 801234567
820573614 801234567
820574163 801234567
820574316 801234567
820574631 801234567
820576134 801234567
820576341 801234567
820576413 801234567
820613457 801234567
820613574 801234567
820613745 801234567
820614375 801234567
820614537 801234567
820614753 801234567
820615347 801234567
820615473 801234567
820615734 801234567
820617354 801234567
820617435 801234567
820617543 801234567
820631475 801234567
820631547 801234567
820631754 801234567
820634157 801234567
820634571 801234567
820634715 801234567
820635174 801234567
820635417 801234567
820635741 801234567
820637145 801234567
820637451 801234567
820637514 801234567
820641357 801234567
820641573 801234567
820641735 801234567
820643175 801234567
820643517 801234567
820643751 801234567
820645137 801234567
820645371 801234567
820645713 801234567
820647153 801234567
820647315 801234567
820647531 801234567
820651374 801234567
820651437 801234567
820651743 801234567
820653147 801234567
820653471 801234567
820653714 801234567
820654173 801234567
820654317 801234567
820654731 801234567
820657134 801234567
820657341 801234567
820657413 801234567
820671345 801234567
820671453 801234567
820671534 801234567
820673154 801234567
820673415 801234567
820673541 801234567
820674135 801234567
820674351 801234567
820674513 801234567
820675143 801234567
820675314 801234567
820675431 801234567
820713465 801234567
820713546 801234567
820713654 801234567
820714356 801234567
820714563 801234567
820714635 801234567
820715364 801234567
820715436 801234567
820715643 801234567
820716345 801234567
820716453 801234567
820716534 801234567
820731456 801234567
820731564 801234567
820731645 801234567
820734165 801234567
820734516 801234567
820734651 801234567
820735146 801234567
820735461 801234567
820735614 801234567
820736154 801234567
820736415 801234567
820736541 801234567
820741365 801234567
820741536 801234567
820741653 801234567
820743156 801234567
820743561 801234567
820743615 801234567
820745163 801234567
820745316 801234567
820745631 801234567
820746135 801234567
820746351 801234567
820746513 801234567
820751346 801234567
820751463 801234567
820751634 801234567
820753164 801234567
820753416 801234567
820753641 801234567
820754136 801234567
820754361 801234567
820754613 801234567
820756143 801234567
