673104852 801234567
673105248 801234567
673105482 801234567
673105824 801234567
673108254 801234567
673108425 801234567
673108542 801234567
673120485 801234567
673120548 801234567
673120854 801234567
673124058 801234567
673124580 801234567
673124805 801234567
673125084 801234567
673125408 801234567
673125840 801234567
673128045 801234567
673128450 801234567
673128504 801234567
673140258 801234567
673140582 801234567
673140825 801234567
673142085 801234567
673142508 801234567
673142850 801234567
673145028 801234567
673145280 801234567
673145802 801234567
673148052 801234567
673148205 801234567
673148520 801234567
673150284 801234567
673150428 801234567
673150842 801234567
673152048 801234567
673152480 801234567
673152804 801234567
673154082 801234567
673154208 801234567
673154820 801234567
673158024 801234567
673158240 801234567
673158402 801234567
673180245 801234567
673180452 801234567
673180524 801234567
673182054 801234567
673182405 801234567
673182540 801234567
673184025 801234567
673184250 801234567
673184502 801234567
673185042 801234567
673185204 801234567
673185420 801234567
673201485 801234567
673201548 801234567
673201854 801234567
673204158 801234567
673204581 801234567
673204815 801234567
673205184 801234567
673205418 801234567
673205841 801234567
673208145 801234567
673208451 801234567
673208514 801234567
673210458 801234567
673210584 801234567
673210845 801234567
673214085 801234567
673214508 801234567
673214850 801234567
673215048 801234567
673215480 801234567
673215804 801234567
673218054 801234567
673218405 801234567
673218540 801234567
673240185 801234567
673240518 801234567
673240851 801234567
673241058 801234567
673241580 801234567
673241805 801234567
673245081 801234567
673245108 801234567
673245810 801234567
673248015 801234567
673248150 801234567
673248501 801234567
673250148 801234567
673250481 801234567
673250814 801234567
673251084 801234567
673251408 801234567
673251840 801234567
673254018 801234567
673254180 801234567
673254801 801234567
673258041 801234567
673258104 801234567
673258410 801234567
673280154 801234567
673280415 801234567
673280541 801234567
673281045 801234567
673281450 801234567
673281504 801234567
673284051 801234567
673284105 801234567
673284510 801234567
673285014 801234567
673285140 801234567
673285401 801234567
673401258 801234567
673401582 801234567
673401825 801234567
673402185 801234567
673402518 801234567
673402851 801234567
673405128 801234567
673405281 801234567
673405812 801234567
673408152 801234567
673408215 801234567
673408521 801234567
673410285 801234567
673410528 801234567
673410852 801234567
673412058 801234567
673412580 801234567
673412805 801234567
673415082 801234567
673415208 801234567
673415820 801234567
673418025 801234567
673418250 801234567
673418502 801234567
673420158 801234567
673420581 801234567
673420815 801234567
673421085 801234567
673421508 801234567
673421850 801234567
673425018 801234567
673425180 801234567
673425801 801234567
673428051 801234567
673428105 801234567
673428510 801234567
673450182 801234567
673450218 801234567
673450821 801234567
673451028 801234567
673451280 801234567
673451802 801234567
673452081 801234567
673452108 801234567
673452810 801234567
673458012 801234567
673458120 801234567
673458201 801234567
673480125 801234567
673480251 801234567
673480512 801234567
673481052 801234567
673481205 801234567
673481520 801234567
673482015 801234567
673482150 801234567
673482501 801234567
673485021 801234567
673485102 801234567
673485210 801234567
673501284 801234567
673501428 801234567
673501842 801234567
673502148 801234567
673502481 801234567
673502814 801234567
673504182 801234567
673504218 801234567
673504821 801234567
673508124 801234567
673508241 801234567
673508412 801234567
673510248 801234567
673510482 801234567
673510824 801234567
673512084 801234567
673512408 801234567
673512840 801234567
673514028 801234567
673514280 801234567
673514802 801234567
673518042 801234567
673518204 801234567
673518420 801234567
673520184 801234567
673520418 801234567
673520841 801234567
673521048 801234567
673521480 801234567
673521804 801234567
673524081 801234567
673524108 801234567
673524810 801234567
673528014 801234567
673528140 801234567
673528401 801234567
673540128 801234567
673540281 801234567
673540812 801234567
673541082 801234567
673541208 801234567
673541820 801234567
673542018 801234567
673542180 801234567
673542801 801234567
673548021 801234567
673548102 801234567
673548210 801234567
673580142 801234567
673580214 801234567
673580421 801234567
673581024 801234567
673581240 801234567
673581402 801234567
673582041 801234567
673582104 801234567
673582410 801234567
673584012 801234567
673584120 801234567
673584201 801234567
673801245 801234567
673801452 801234567
673801524 801234567
673802154 801234567
673802415 801234567
673802541 801234567
673804125 801234567
673804251 801234567
673804512 801234567
673805142 801234567
673805214 801234567
673805421 801234567
673810254 801234567
673810425 801234567
673810542 801234567
673812045 801234567
673812450 801234567
673812504 801234567
673814052 801234567
673814205 801234567
673814520 801234567
673815024 801234567
673815240 801234567
673815402 801234567
673820145 801234567
673820451 801234567
673820514 801234567
673821054 801234567
673821405 801234567
673821540 801234567
673824015 801234567
673824150 801234567
673824501 801234567
673825041 801234567
673825104 801234567
673825410 801234567
673840152 801234567
673840215 801234567
673840521 801234567
673841025 801234567
673841250 801234567
673841502 801234567
673842051 801234567
673842105 801234567
673842510 801234567
673845012 801234567
673845120 801234567
673845201 801234567
673850124 801234567
673850241 801234567
673850412 801234567
673851042 801234567
673851204 801234567
673851420 801234567
673852014 801234567
673852140 801234567
673852401 801234567
673854021 801234567
673854102 801234567
673854210 801234567
674012358 801234567
674012583 801234567
674012835 801234567
674013285 801234567
674013528 801234567
674013852 801234567
674015238 801234567
674015382 801234567
674015823 801234567
674018253 801234567
674018325 801234567
674018532 801234567
674021385 801234567
674021538 801234567
674021853 801234567
674023158 801234567
674023581 801234567
674023815 801234567
674025183 801234567
674025318 801234567
674025831 801234567
674028135 801234567
674028351 801234567
674028513 801234567
674031258 801234567
674031582 801234567
674031825 801234567
674032185 801234567
674032518 801234567
674032851 801234567
674035128 801234567
674035281 801234567
674035812 801234567
674038152 801234567
674038215 801234567
674038521 801234567
674051283 801234567
674051328 801234567
674051832 801234567
674052138 801234567
674052381 801234567
674052813 801234567
674053182 801234567
674053218 801234567
674053821 801234567
674058123 801234567
674058231 801234567
674058312 801234567
674081235 801234567
674081352 801234567
674081523 801234567
674082153 801234567
674082315 801234567
674082531 801234567
674083125 801234567
674083251 801234567
674083512 801234567
674085132 801234567
674085213 801234567
674085321 801234567
674102385 801234567
674102538 801234567
674102853 801234567
674103258 801234567
674103582 801234567
674103825 801234567
674105283 801234567
674105328 801234567
674105832 801234567
674108235 801234567
674108352 801234567
674108523 801234567
674120358 801234567
674120583 801234567
674120835 801234567
674123085 801234567
674123508 801234567
674123850 801234567
674125038 801234567
674125380 801234567
674125803 801234567
674128053 801234567
674128305 801234567
674128530 801234567
674130285 801234567
674130528 801234567
674130852 801234567
674132058 801234567
674132580 801234567
674132805 801234567
674135082 801234567
674135208 801234567
674135820 801234567
674138025 801234567
674138250 801234567
674138502 801234567
674150238 801234567
674150382 801234567
674150823 801234567
674152083 801234567
674152308 801234567
674152830 801234567
674153028 801234567
674153280 801234567
674153802 801234567
674158032 801234567
674158203 801234567
674158320 801234567
674180253 801234567
674180325 801234567
674180532 801234567
674182035 801234567
674182350 801234567
674182503 801234567
674183052 801234567
674183205 801234567
674183520 801234567
674185023 801234567
674185230 801234567
674185302 801234567
674201358 801234567
674201583 801234567
674201835 801234567
674203185 801234567
674203518 801234567
674203851 801234567
674205138 801234567
674205381 801234567
674205813 801234567
674208153 801234567
674208315 801234567
674208531 801234567
674210385 801234567
674210538 801234567
674210853 801234567
674213058 801234567
674213580 801234567
674213805 801234567
674215083 801234567
674215308 801234567
674215830 801234567
674218035 801234567
674218350 801234567
674218503 801234567
674230158 801234567
674230581 801234567
674230815 801234567
674231085 801234567
674231508 801234567
674231850 801234567
674235018 801234567
674235180 801234567
674235801 801234567
674238051 801234567
674238105 801234567
674238510 801234567
674250183 801234567
674250318 801234567
674250831 801234567
674251038 801234567
674251380 801234567
674251803 801234567
674253081 801234567
674253108 801234567
674253810 801234567
674258013 801234567
674258130 801234567
674258301 801234567
674280135 801234567
674280351 801234567
674280513 801234567
674281053 801234567
674281305 801234567
674281530 801234567
674283015 801234567
674283150 801234567
674283501 801234567
674285031 801234567
674285103 801234567
674285310 801234567
674301285 801234567
674301528 801234567
674301852 801234567
674302158 801234567
674302581 801234567
674302815 801234567
674305182 801234567
674305218 801234567
674305821 801234567
674308125 801234567
674308251 801234567
674308512 801234567
674310258 801234567
674310582 801234567
674310825 801234567
674312085 801234567
674312508 801234567
674312850 801234567
674315028 801234567
674315280 801234567
674315802 801234567
674318052 801234567
674318205 801234567
674318520 801234567
