521364087 801234567
521364708 801234567
521364870 801234567
521367048 801234567
521367480 801234567
521367804 801234567
521368074 801234567
521368407 801234567
521368740 801234567
521370486 801234567
521370648 801234567
521370864 801234567
521374068 801234567
521374680 801234567
521374806 801234567
521376084 801234567
521376408 801234567
521376840 801234567
521378046 801234567
521378460 801234567
521378604 801234567
521380467 801234567
521380674 801234567
521380746 801234567
521384076 801234567
521384607 801234567
521384760 801234567
521386047 801234567
521386470 801234567
521386704 801234567
521387064 801234567
521387406 801234567
521387640 801234567
521403687 801234567
521403768 801234567
521403876 801234567
521406378 801234567
521406783 801234567
521406837 801234567
521407386 801234567
521407638 801234567
521407863 801234567
521408367 801234567
521408673 801234567
521408736 801234567
521430678 801234567
521430786 801234567
521430867 801234567
521436087 801234567
521436708 801234567
521436870 801234567
521437068 801234567
521437680 801234567
521437806 801234567
521438076 801234567
521438607 801234567
521438760 801234567
521460387 801234567
521460738 801234567
521460873 801234567
521463078 801234567
521463780 801234567
521463807 801234567
521467083 801234567
521467308 801234567
521467830 801234567
521468037 801234567
521468370 801234567
521468703 801234567
521470368 801234567
521470683 801234567
521470836 801234567
521473086 801234567
521473608 801234567
521473860 801234567
521476038 801234567
521476380 801234567
521476803 801234567
521478063 801234567
521478306 801234567
521478630 801234567
521480376 801234567
521480637 801234567
521480763 801234567
521483067 801234567
521483670 801234567
521483706 801234567
521486073 801234567
521486307 801234567
521486730 801234567
521487036 801234567
521487360 801234567
521487603 801234567
521603478 801234567
521603784 801234567
521603847 801234567
521604387 801234567
521604738 801234567
521604873 801234567
521607348 801234567
521607483 801234567
521607834 801234567
521608374 801234567
521608437 801234567
521608743 801234567
521630487 801234567
521630748 801234567
521630874 801234567
521634078 801234567
521634780 801234567
521634807 801234567
521637084 801234567
521637408 801234567
521637840 801234567
521638047 801234567
521638470 801234567
521638704 801234567
521640378 801234567
521640783 801234567
521640837 801234567
521643087 801234567
521643708 801234567
521643870 801234567
521647038 801234567
521647380 801234567
521647803 801234567
521648073 801234567
521648307 801234567
521648730 801234567
521670384 801234567
521670438 801234567
521670843 801234567
521673048 801234567
521673480 801234567
521673804 801234567
521674083 801234567
521674308 801234567
521674830 801234567
521678034 801234567
521678340 801234567
521678403 801234567
521680347 801234567
521680473 801234567
521680734 801234567
521683074 801234567
521683407 801234567
521683740 801234567
521684037 801234567
521684370 801234567
521684703 801234567
521687043 801234567
521687304 801234567
521687430 801234567
521703486 801234567
521703648 801234567
521703864 801234567
521704368 801234567
521704683 801234567
521704836 801234567
521706384 801234567
521706438 801234567
521706843 801234567
521708346 801234567
521708463 801234567
521708634 801234567
521730468 801234567
521730684 801234567
521730846 801234567
521734086 801234567
521734608 801234567
521734860 801234567
521736048 801234567
521736480 801234567
521736804 801234567
521738064 801234567
521738406 801234567
521738640 801234567
521740386 801234567
521740638 801234567
521740863 801234567
521743068 801234567
521743680 801234567
521743806 801234567
521746083 801234567
521746308 801234567
521746830 801234567
521748036 801234567
521748360 801234567
521748603 801234567
521760348 801234567
521760483 801234567
521760834 801234567
521763084 801234567
521763408 801234567
521763840 801234567
521764038 801234567
521764380 801234567
521764803 801234567
521768043 801234567
521768304 801234567
521768430 801234567
521780364 801234567
521780436 801234567
521780643 801234567
521783046 801234567
521783460 801234567
521783604 801234567
521784063 801234567
521784306 801234567
521784630 801234567
521786034 801234567
521786340 801234567
521786403 801234567
521803467 801234567
521803674 801234567
521803746 801234567
521804376 801234567
521804637 801234567
521804763 801234567
521806347 801234567
521806473 801234567
521806734 801234567
521807364 801234567
521807436 801234567
521807643 801234567
521830476 801234567
521830647 801234567
521830764 801234567
521834067 801234567
521834670 801234567
521834706 801234567
521836074 801234567
521836407 801234567
521836740 801234567
521837046 801234567
521837460 801234567
521837604 801234567
521840367 801234567
521840673 801234567
521840736 801234567
521843076 801234567
521843607 801234567
521843760 801234567
521846037 801234567
521846370 801234567
521846703 801234567
521847063 801234567
521847306 801234567
521847630 801234567
521860374 801234567
521860437 801234567
521860743 801234567
521863047 801234567
521863470 801234567
521863704 801234567
521864073 801234567
521864307 801234567
521864730 801234567
521867034 801234567
521867340 801234567
521867403 801234567
521870346 801234567
521870463 801234567
521870634 801234567
521873064 801234567
521873406 801234567
521873640 801234567
521874036 801234567
521874360 801234567
521874603 801234567
521876043 801234567
521876304 801234567
521876430 801234567
523014678 801234567
523014786 801234567
523014867 801234567
523016487 801234567
523016748 801234567
523016874 801234567
523017468 801234567
523017684 801234567
523017846 801234567
523018476 801234567
523018647 801234567
523018764 801234567
523041687 801234567
523041768 801234567
523041876 801234567
523046178 801234567
523046781 801234567
523046817 801234567
523047186 801234567
523047618 801234567
523047861 801234567
523048167 801234567
523048671 801234567
523048716 801234567
523061478 801234567
523061784 801234567
523061847 801234567
523064187 801234567
523064718 801234567
523064871 801234567
523067148 801234567
523067481 801234567
523067814 801234567
523068174 801234567
523068417 801234567
523068741 801234567
523071486 801234567
523071648 801234567
523071864 801234567
523074168 801234567
523074681 801234567
523074816 801234567
523076184 801234567
523076418 801234567
523076841 801234567
523078146 801234567
523078461 801234567
523078614 801234567
523081467 801234567
523081674 801234567
523081746 801234567
523084176 801234567
523084617 801234567
523084761 801234567
523086147 801234567
523086471 801234567
523086714 801234567
523087164 801234567
523087416 801234567
523087641 801234567
523104687 801234567
523104768 801234567
523104876 801234567
523106478 801234567
523106784 801234567
523106847 801234567
523107486 801234567
523107648 801234567
523107864 801234567
523108467 801234567
523108674 801234567
523108746 801234567
523140678 801234567
523140786 801234567
523140867 801234567
523146087 801234567
523146708 801234567
523146870 801234567
523147068 801234567
523147680 801234567
523147806 801234567
523148076 801234567
523148607 801234567
523148760 801234567
523160487 801234567
523160748 801234567
523160874 801234567
523164078 801234567
523164780 801234567
523164807 801234567
523167084 801234567
523167408 801234567
523167840 801234567
523168047 801234567
523168470 801234567
523168704 801234567
523170468 801234567
523170684 801234567
523170846 801234567
523174086 801234567
523174608 801234567
523174860 801234567
523176048 801234567
523176480 801234567
523176804 801234567
523178064 801234567
523178406 801234567
523178640 801234567
523180476 801234567
523180647 801234567
523180764 801234567
523184067 801234567
523184670 801234567
523184706 801234567
523186074 801234567
523186407 801234567
523186740 801234567
523187046 801234567
523187460 801234567
523187604 801234567
523401678 801234567
523401786 801234567
523401867 801234567
523406187 801234567
523406718 801234567
523406871 801234567
523407168 801234567
523407681 801234567
523407816 801234567
523408176 801234567
523408617 801234567
523408761 801234567
523410687 801234567
523410768 801234567
523410876 801234567
523416078 801234567
523416780 801234567
523416807 801234567
523417086 801234567
523417608 801234567
523417860 801234567
523418067 801234567
523418670 801234567
523418706 801234567
523460178 801234567
523460781 801234567
523460817 801234567
523461087 801234567
523461708 801234567
523461870 801234567
523467018 801234567
523467180 801234567
523467801 801234567
523468071 801234567
523468107 801234567
523468710 801234567
523470186 801234567
523470618 801234567
523470861 801234567
523471068 801234567
523471680 801234567
523471806 801234567
523476081 801234567
523476108 801234567
523476810 801234567
523478016 801234567
523478160 801234567
523478601 801234567
523480167 801234567
523480671 801234567
523480716 801234567
523481076 801234567
523481607 801234567
523481760 801234567
523486017 801234567
523486170 801234567
523486701 801234567
523487061 801234567
523487106 801234567
523487610 801234567
523601487 801234567
523601748 801234567
523601874 801234567
523604178 801234567
523604781 801234567
523604817 801234567
523607184 801234567
523607418 801234567
523607841 801234567
523608147 801234567
523608471 801234567
523608714 801234567
523610478 801234567
523610784 801234567
523610847 801234567
523614087 801234567
523614708 801234567
523614870 801234567
523617048 801234567
523617480 801234567
523617804 801234567
523618074 801234567
523618407 801234567
523618740 801234567
523640187 801234567
523640718 801234567
523640871 801234567
523641078 801234567
523641780 801234567
523641807 801234567
523647081 801234567
523647108 801234567
523647810 801234567
523648017 801234567
523648170 801234567
523648701 801234567
523670148 801234567
523670481 801234567
523670814 801234567
523671084 801234567
523671408 801234567
523671840 801234567
523674018 801234567
523674180 801234567
523674801 801234567
523678041 801234567
