247561308 801234567
247561830 801234567
247563018 801234567
247563180 801234567
247563801 801234567
247568031 801234567
247568103 801234567
247568310 801234567
247580163 801234567
247580316 801234567
247580631 801234567
247581036 801234567
247581360 801234567
247581603 801234567
247583061 801234567
247583106 801234567
247583610 801234567
247586013 801234567
247586130 801234567
247586301 801234567
247601358 801234567
247601583 801234567
247601835 801234567
247603185 801234567
247603518 801234567
247603851 801234567
247605138 801234567
247605381 801234567
247605813 801234567
247608153 801234567
247608315 801234567
247608531 801234567
247610385 801234567
247610538 801234567
247610853 801234567
247613058 801234567
247613580 801234567
247613805 801234567
247615083 801234567
247615308 801234567
247615830 801234567
247618035 801234567
247618350 801234567
247618503 801234567
247630158 801234567
247630581 801234567
247630815 801234567
247631085 801234567
247631508 801234567
247631850 801234567
247635018 801234567
247635180 801234567
247635801 801234567
247638051 801234567
247638105 801234567
247638510 801234567
247650183 801234567
247650318 801234567
247650831 801234567
247651038 801234567
247651380 801234567
247651803 801234567
247653081 801234567
247653108 801234567
247653810 801234567
247658013 801234567
247658130 801234567
247658301 801234567
247680135 801234567
247680351 801234567
247680513 801234567
247681053 801234567
247681305 801234567
247681530 801234567
247683015 801234567
247683150 801234567
247683501 801234567
247685031 801234567
247685103 801234567
247685310 801234567
247801365 801234567
247801536 801234567
247801653 801234567
247803156 801234567
247803561 801234567
247803615 801234567
247805163 801234567
247805316 801234567
247805631 801234567
247806135 801234567
247806351 801234567
247806513 801234567
247810356 801234567
247810563 801234567
247810635 801234567
247813065 801234567
247813506 801234567
247813650 801234567
247815036 801234567
247815360 801234567
247815603 801234567
247816053 801234567
247816305 801234567
247816530 801234567
247830165 801234567
247830516 801234567
247830651 801234567
247831056 801234567
247831560 801234567
247831605 801234567
247835061 801234567
247835106 801234567
247835610 801234567
247836015 801234567
247836150 801234567
247836501 801234567
247850136 801234567
247850361 801234567
247850613 801234567
247851063 801234567
247851306 801234567
247851630 801234567
247853016 801234567
247853160 801234567
247853601 801234567
247856031 801234567
247856103 801234567
247856310 801234567
247860153 801234567
247860315 801234567
247860531 801234567
247861035 801234567
247861350 801234567
247861503 801234567
247863051 801234567
247863105 801234567
247863510 801234567
247865013 801234567
247865130 801234567
247865301 801234567
248013576 801234567
248013657 801234567
248013765 801234567
248015367 801234567
248015673 801234567
248015736 801234567
248016375 801234567
248016537 801234567
248016753 801234567
248017356 801234567
248017563 801234567
248017635 801234567
248031567 801234567
248031675 801234567
248031756 801234567
248035176 801234567
248035617 801234567
248035761 801234567
248036157 801234567
248036571 801234567
248036715 801234567
248037165 801234567
248037516 801234567
248037651 801234567
248051376 801234567
248051637 801234567
248051763 801234567
248053167 801234567
248053671 801234567
248053716 801234567
248056173 801234567
248056317 801234567
248056731 801234567
248057136 801234567
248057361 801234567
248057613 801234567
248061357 801234567
248061573 801234567
248061735 801234567
248063175 801234567
248063517 801234567
248063751 801234567
248065137 801234567
248065371 801234567
248065713 801234567
248067153 801234567
248067315 801234567
248067531 801234567
248071365 801234567
248071536 801234567
248071653 801234567
248073156 801234567
248073561 801234567
248073615 801234567
248075163 801234567
248075316 801234567
248075631 801234567
248076135 801234567
248076351 801234567
248076513 801234567
248103567 801234567
248103675 801234567
248103756 801234567
248105376 801234567
248105637 801234567
248105763 801234567
248106357 801234567
248106573 801234567
248106735 801234567
248107365 801234567
248107536 801234567
248107653 801234567
248130576 801234567
248130657 801234567
248130765 801234567
248135067 801234567
248135670 801234567
248135706 801234567
248136075 801234567
248136507 801234567
248136750 801234567
248137056 801234567
248137560 801234567
248137605 801234567
248150367 801234567
248150673 801234567
248150736 801234567
248153076 801234567
248153607 801234567
248153760 801234567
248156037 801234567
248156370 801234567
248156703 801234567
248157063 801234567
248157306 801234567
248157630 801234567
248160375 801234567
248160537 801234567
248160753 801234567
248163057 801234567
248163570 801234567
248163705 801234567
248165073 801234567
248165307 801234567
248165730 801234567
248167035 801234567
248167350 801234567
248167503 801234567
248170356 801234567
248170563 801234567
248170635 801234567
248173065 801234567
248173506 801234567
248173650 801234567
248175036 801234567
248175360 801234567
248175603 801234567
248176053 801234567
248176305 801234567
248176530 801234567
248301576 801234567
248301657 801234567
248301765 801234567
248305167 801234567
248305671 801234567
248305716 801234567
248306175 801234567
248306517 801234567
248306751 801234567
248307156 801234567
248307561 801234567
248307615 801234567
248310567 801234567
248310675 801234567
248310756 801234567
248315076 801234567
248315607 801234567
248315760 801234567
248316057 801234567
248316570 801234567
248316705 801234567
248317065 801234567
248317506 801234567
248317650 801234567
248350176 801234567
248350617 801234567
248350761 801234567
248351067 801234567
248351670 801234567
248351706 801234567
248356071 801234567
248356107 801234567
248356710 801234567
248357016 801234567
248357160 801234567
248357601 801234567
248360157 801234567
248360571 801234567
248360715 801234567
248361075 801234567
248361507 801234567
248361750 801234567
248365017 801234567
248365170 801234567
248365701 801234567
248367051 801234567
248367105 801234567
248367510 801234567
248370165 801234567
248370516 801234567
248370651 801234567
248371056 801234567
248371560 801234567
248371605 801234567
248375061 801234567
248375106 801234567
248375610 801234567
248376015 801234567
248376150 801234567
248376501 801234567
248501367 801234567
248501673 801234567
248501736 801234567
248503176 801234567
248503617 801234567
248503761 801234567
248506137 801234567
248506371 801234567
248506713 801234567
248507163 801234567
248507316 801234567
248507631 801234567
248510376 801234567
248510637 801234567
248510763 801234567
248513067 801234567
248513670 801234567
248513706 801234567
248516073 801234567
248516307 801234567
248516730 801234567
248517036 801234567
248517360 801234567
248517603 801234567
248530167 801234567
248530671 801234567
248530716 801234567
248531076 801234567
248531607 801234567
248531760 801234567
248536017 801234567
248536170 801234567
248536701 801234567
248537061 801234567
248537106 801234567
248537610 801234567
248560173 801234567
248560317 801234567
248560731 801234567
248561037 801234567
248561370 801234567
248561703 801234567
248563071 801234567
248563107 801234567
248563710 801234567
248567013 801234567
248567130 801234567
248567301 801234567
248570136 801234567
248570361 801234567
248570613 801234567
248571063 801234567
248571306 801234567
248571630 801234567
248573016 801234567
248573160 801234567
248573601 801234567
248576031 801234567
248576103 801234567
248576310 801234567
248601375 801234567
248601537 801234567
248601753 801234567
248603157 801234567
248603571 801234567
248603715 801234567
248605173 801234567
248605317 801234567
248605731 801234567
248607135 801234567
248607351 801234567
248607513 801234567
248610357 801234567
248610573 801234567
248610735 801234567
248613075 801234567
248613507 801234567
248613750 801234567
248615037 801234567
248615370 801234567
248615703 801234567
248617053 801234567
248617305 801234567
248617530 801234567
248630175 801234567
248630517 801234567
248630751 801234567
248631057 801234567
248631570 801234567
248631705 801234567
248635071 801234567
248635107 801234567
248635710 801234567
248637015 801234567
248637150 801234567
248637501 801234567
248650137 801234567
248650371 801234567
248650713 801234567
248651073 801234567
248651307 801234567
248651730 801234567
248653017 801234567
248653170 801234567
248653701 801234567
248657031 801234567
248657103 801234567
248657310 801234567
248670153 801234567
248670315 801234567
248670531 801234567
248671035 801234567
248671350 801234567
248671503 801234567
248673051 801234567
248673105 801234567
248673510 801234567
248675013 801234567
248675130 801234567
248675301 801234567
248701356 801234567
248701563 801234567
248701635 801234567
248703165 801234567
248703516 801234567
248703651 801234567
248705136 801234567
248705361 801234567
248705613 801234567
248706153 801234567
248706315 801234567
248706531 801234567
248710365 801234567
248710536 801234567
248710653 801234567
248713056 801234567
248713560 801234567
248713605 801234567
248715063 801234567
248715306 801234567
248715630 801234567
248716035 801234567
248716350 801234567
248716503 801234567
248730156 801234567
248730561 801234567
248730615 801234567
248731065 801234567
248731506 801234567
248731650 801234567
248735016 801234567
248735160 801234567
248735601 801234567
248736051 801234567
248736105 801234567
248736510 801234567
248750163 801234567
248750316 801234567
248750631 801234567
248751036 801234567
248751360 801234567
248751603 801234567
248753061 801234567
248753106 801234567
248753610 801234567
248756013 801234567
248756130 801234567
248756301 801234567
248760135 801234567
248760351 801234567
248760513 801234567
248761053 801234567
248761305 801234567
248761530 801234567
248763015 801234567
248763150 801234567
248763501 801234567
248765031 801234567
248765103 801234567
