078413625 801234567
078415263 801234567
078415326 801234567
078415632 801234567
078416235 801234567
078416352 801234567
078416523 801234567
078421356 801234567
078421563 801234567
078421635 801234567
078423165 801234567
078423516 801234567
078423651 801234567
078425136 801234567
078425361 801234567
078425613 801234567
078426153 801234567
078426315 801234567
078426531 801234567
078431265 801234567
078431526 801234567
078431652 801234567
078432156 801234567
078432561 801234567
078432615 801234567
078435162 801234567
078435216 801234567
078435621 801234567
078436125 801234567
078436251 801234567
078436512 801234567
078451236 801234567
078451362 801234567
078451623 801234567
078452163 801234567
078452316 801234567
078452631 801234567
078453126 801234567
078453261 801234567
078453612 801234567
078456132 801234567
078456213 801234567
078456321 801234567
078461253 801234567
078461325 801234567
078461532 801234567
078462135 801234567
078462351 801234567
078462513 801234567
078463152 801234567
078463215 801234567
078463521 801234567
078465123 801234567
078465231 801234567
078465312 801234567
078512346 801234567
078512463 801234567
078512634 801234567
078513264 801234567
078513426 801234567
078513642 801234567
078514236 801234567
078514362 801234567
078514623 801234567
078516243 801234567
078516324 801234567
078516432 801234567
078521364 801234567
078521436 801234567
078521643 801234567
078523146 801234567
078523461 801234567
078523614 801234567
078524163 801234567
078524316 801234567
078524631 801234567
078526134 801234567
078526341 801234567
078526413 801234567
078531246 801234567
078531462 801234567
078531624 801234567
078532164 801234567
078532416 801234567
078532641 801234567
078534126 801234567
078534261 801234567
078534612 801234567
078536142 801234567
078536214 801234567
078536421 801234567
078541263 801234567
078541326 801234567
078541632 801234567
078542136 801234567
078542361 801234567
078542613 801234567
078543162 801234567
078543216 801234567
078543621 801234567
078546123 801234567
078546231 801234567
078546312 801234567
078561234 801234567
078561342 801234567
078561423 801234567
078562143 801234567
078562314 801234567
078562431 801234567
078563124 801234567
078563241 801234567
078563412 801234567
078564132 801234567
078564213 801234567
078564321 801234567
078612354 801234567
078612435 801234567
078612543 801234567
078613245 801234567
078613452 801234567
078613524 801234567
078614253 801234567
078614325 801234567
078614532 801234567
078615234 801234567
078615342 801234567
078615423 801234567
078621345 801234567
078621453 801234567
078621534 801234567
078623154 801234567
078623415 801234567
078623541 801234567
078624135 801234567
078624351 801234567
078624513 801234567
078625143 801234567
078625314 801234567
078625431 801234567
078631254 801234567
078631425 801234567
078631542 801234567
078632145 801234567
078632451 801234567
078632514 801234567
078634152 801234567
078634215 801234567
078634521 801234567
078635124 801234567
078635241 801234567
078635412 801234567
078641235 801234567
078641352 801234567
078641523 801234567
078642153 801234567
078642315 801234567
078642531 801234567
078643125 801234567
078643251 801234567
078643512 801234567
078645132 801234567
078645213 801234567
078645321 801234567
078651243 801234567
078651324 801234567
078651432 801234567
078652134 801234567
078652341 801234567
078652413 801234567
078653142 801234567
078653214 801234567
078653421 801234567
078654123 801234567
078654231 801234567
078654312 801234567
081234576 801234567
081234657 801234567
081234765 801234567
081235467 801234567
081235674 801234567
081235746 801234567
081236475 801234567
081236547 801234567
081236754 801234567
081237456 801234567
081237564 801234567
081237645 801234567
081243567 801234567
081243675 801234567
081243756 801234567
081245376 801234567
081245637 801234567
081245763 801234567
081246357 801234567
081246573 801234567
081246735 801234567
081247365 801234567
081247536 801234567
081247653 801234567
081253476 801234567
081253647 801234567
081253764 801234567
081254367 801234567
081254673 801234567
081254736 801234567
081256374 801234567
081256437 801234567
081256743 801234567
081257346 801234567
081257463 801234567
081257634 801234567
081263457 801234567
081263574 801234567
081263745 801234567
081264375 801234567
081264537 801234567
081264753 801234567
081265347 801234567
081265473 801234567
081265734 801234567
081267354 801234567
081267435 801234567
081267543 801234567
081273465 801234567
081273546 801234567
081273654 801234567
081274356 801234567
081274563 801234567
081274635 801234567
081275364 801234567
081275436 801234567
081275643 801234567
081276345 801234567
081276453 801234567
081276534 801234567
081324567 801234567
081324675 801234567
081324756 801234567
081325476 801234567
081325647 801234567
081325764 801234567
081326457 801234567
081326574 801234567
081326745 801234567
081327465 801234567
081327546 801234567
081327654 801234567
081342576 801234567
081342657 801234567
081342765 801234567
081345267 801234567
081345672 801234567
081345726 801234567
081346275 801234567
081346527 801234567
081346752 801234567
081347256 801234567
081347562 801234567
081347625 801234567
081352467 801234567
081352674 801234567
081352746 801234567
081354276 801234567
081354627 801234567
081354762 801234567
081356247 801234567
081356472 801234567
081356724 801234567
081357264 801234567
081357426 801234567
081357642 801234567
081362475 801234567
081362547 801234567
081362754 801234567
081364257 801234567
081364572 801234567
081364725 801234567
081365274 801234567
081365427 801234567
081365742 801234567
081367245 801234567
081367452 801234567
081367524 801234567
081372456 801234567
081372564 801234567
081372645 801234567
081374265 801234567
081374526 801234567
081374652 801234567
081375246 801234567
081375462 801234567
081375624 801234567
081376254 801234567
081376425 801234567
081376542 801234567
081423576 801234567
081423657 801234567
081423765 801234567
081425367 801234567
081425673 801234567
081425736 801234567
081426375 801234567
081426537 801234567
081426753 801234567
081427356 801234567
081427563 801234567
081427635 801234567
081432567 801234567
081432675 801234567
081432756 801234567
081435276 801234567
081435627 801234567
081435762 801234567
081436257 801234567
081436572 801234567
081436725 801234567
081437265 801234567
081437526 801234567
081437652 801234567
081452376 801234567
081452637 801234567
081452763 801234567
081453267 801234567
081453672 801234567
081453726 801234567
081456273 801234567
081456327 801234567
081456732 801234567
081457236 801234567
081457362 801234567
081457623 801234567
081462357 801234567
081462573 801234567
081462735 801234567
081463275 801234567
081463527 801234567
081463752 801234567
081465237 801234567
081465372 801234567
081465723 801234567
081467253 801234567
081467325 801234567
081467532 801234567
081472365 801234567
081472536 801234567
081472653 801234567
081473256 801234567
081473562 801234567
081473625 801234567
081475263 801234567
081475326 801234567
081475632 801234567
081476235 801234567
081476352 801234567
081476523 801234567
081523467 801234567
081523674 801234567
081523746 801234567
081524376 801234567
081524637 801234567
081524763 801234567
081526347 801234567
081526473 801234567
081526734 801234567
081527364 801234567
081527436 801234567
081527643 801234567
081532476 801234567
081532647 801234567
081532764 801234567
081534267 801234567
081534672 801234567
081534726 801234567
081536274 801234567
081536427 801234567
081536742 801234567
081537246 801234567
081537462 801234567
081537624 801234567
081542367 801234567
081542673 801234567
081542736 801234567
081543276 801234567
081543627 801234567
081543762 801234567
081546237 801234567
081546372 801234567
081546723 801234567
081547263 801234567
081547326 801234567
081547632 801234567
081562374 801234567
081562437 801234567
081562743 801234567
081563247 801234567
081563472 801234567
081563724 801234567
081564273 801234567
081564327 801234567
081564732 801234567
081567234 801234567
081567342 801234567
081567423 801234567
081572346 801234567
081572463 801234567
081572634 801234567
081573264 801234567
081573426 801234567
081573642 801234567
081574236 801234567
081574362 801234567
081574623 801234567
081576243 801234567
081576324 801234567
081576432 801234567
081623475 801234567
081623547 801234567
081623754 801234567
081624357 801234567
081624573 801234567
081624735 801234567
081625374 801234567
081625437 801234567
081625743 801234567
081627345 801234567
081627453 801234567
081627534 801234567
081632457 801234567
081632574 801234567
081632745 801234567
081634275 801234567
081634527 801234567
081634752 801234567
081635247 801234567
081635472 801234567
081635724 801234567
081637254 801234567
081637425 801234567
081637542 801234567
081642375 801234567
081642537 801234567
081642753 801234567
081643257 801234567
081643572 801234567
081643725 801234567
081645273 801234567
081645327 801234567
081645732 801234567
081647235 801234567
081647352 801234567
081647523 801234567
081652347 801234567
081652473 801234567
081652734 801234567
081653274 801234567
081653427 801234567
081653742 801234567
081654237 801234567
081654372 801234567
081654723 801234567
081657243 801234567
081657324 801234567
081657432 801234567
081672354 801234567
081672435 801234567
081672543 801234567
081673245 801234567
081673452 801234567
081673524 801234567
081674253 801234567
081674325 801234567
081674532 801234567
081675234 801234567
081675342 801234567
081675423 801234567
081723456 801234567
081723564 801234567
081723645 801234567
081724365 801234567
081724536 801234567
081724653 801234567
081725346 801234567
081725463 801234567
081725634 801234567
081726354 801234567
081726435 801234567
081726543 801234567
081732465 801234567
081732546 801234567
081732654 801234567
081734256 801234567
081734562 801234567
081734625 801234567
081735264 801234567
081735426 801234567
081735642 801234567
081736245 801234567
081736452 801234567
081736524 801234567
