457682031 801234567
457682103 801234567
457682310 801234567
457683012 801234567
457683120 801234567
457683201 801234567
457801236 801234567
457801362 801234567
457801623 801234567
457802163 801234567
457802316 801234567
457802631 801234567
457803126 801234567
457803261 801234567
457803612 801234567
457806132 801234567
457806213 801234567
457806321 801234567
457810263 801234567
457810326 801234567
457810632 801234567
457812036 801234567
457812360 801234567
457812603 801234567
457813062 801234567
457813206 801234567
457813620 801234567
457816023 801234567
457816230 801234567
457816302 801234567
457820136 801234567
457820361 801234567
457820613 801234567
457821063 801234567
457821306 801234567
457821630 801234567
457823016 801234567
457823160 801234567
457823601 801234567
457826031 801234567
457826103 801234567
457826310 801234567
457830162 801234567
457830216 801234567
457830621 801234567
457831026 801234567
457831260 801234567
457831602 801234567
457832061 801234567
457832106 801234567
457832610 801234567
457836012 801234567
457836120 801234567
457836201 801234567
457860123 801234567
457860231 801234567
457860312 801234567
457861032 801234567
457861203 801234567
457861320 801234567
457862013 801234567
457862130 801234567
457862301 801234567
457863021 801234567
457863102 801234567
457863210 801234567
458012367 801234567
458012673 801234567
458012736 801234567
458013276 801234567
458013627 801234567
458013762 801234567
458016237 801234567
458016372 801234567
458016723 801234567
458017263 801234567
458017326 801234567
458017632 801234567
458021376 801234567
458021637 801234567
458021763 801234567
458023167 801234567
458023671 801234567
458023716 801234567
458026173 801234567
458026317 801234567
458026731 801234567
458027136 801234567
458027361 801234567
458027613 801234567
458031267 801234567
458031672 801234567
458031726 801234567
458032176 801234567
458032617 801234567
458032761 801234567
458036127 801234567
458036271 801234567
458036712 801234567
458037162 801234567
458037216 801234567
458037621 801234567
458061273 801234567
458061327 801234567
458061732 801234567
458062137 801234567
458062371 801234567
458062713 801234567
458063172 801234567
458063217 801234567
458063721 801234567
458067123 801234567
458067231 801234567
458067312 801234567
458071236 801234567
458071362 801234567
458071623 801234567
458072163 801234567
458072316 801234567
458072631 801234567
458073126 801234567
458073261 801234567
458073612 801234567
458076132 801234567
458076213 801234567
458076321 801234567
458102376 801234567
458102637 801234567
458102763 801234567
458103267 801234567
458103672 801234567
458103726 801234567
458106273 801234567
458106327 801234567
458106732 801234567
458107236 801234567
458107362 801234567
458107623 801234567
458120367 801234567
458120673 801234567
458120736 801234567
458123076 801234567
458123607 801234567
458123760 801234567
458126037 801234567
458126370 801234567
458126703 801234567
458127063 801234567
458127306 801234567
458127630 801234567
458130276 801234567
458130627 801234567
458130762 801234567
458132067 801234567
458132670 801234567
458132706 801234567
458136072 801234567
458136207 801234567
458136720 801234567
458137026 801234567
458137260 801234567
458137602 801234567
458160237 801234567
458160372 801234567
458160723 801234567
458162073 801234567
458162307 801234567
458162730 801234567
458163027 801234567
458163270 801234567
458163702 801234567
458167032 801234567
458167203 801234567
458167320 801234567
458170263 801234567
458170326 801234567
458170632 801234567
458172036 801234567
458172360 801234567
458172603 801234567
458173062 801234567
458173206 801234567
458173620 801234567
458176023 801234567
458176230 801234567
458176302 801234567
458201367 801234567
458201673 801234567
458201736 801234567
458203176 801234567
458203617 801234567
458203761 801234567
458206137 801234567
458206371 801234567
458206713 801234567
458207163 801234567
458207316 801234567
458207631 801234567
458210376 801234567
458210637 801234567
458210763 801234567
458213067 801234567
458213670 801234567
458213706 801234567
458216073 801234567
458216307 801234567
458216730 801234567
458217036 801234567
458217360 801234567
458217603 801234567
458230167 801234567
458230671 801234567
458230716 801234567
458231076 801234567
458231607 801234567
458231760 801234567
458236017 801234567
458236170 801234567
458236701 801234567
458237061 801234567
458237106 801234567
458237610 801234567
458260173 801234567
458260317 801234567
458260731 801234567
458261037 801234567
458261370 801234567
458261703 801234567
458263071 801234567
458263107 801234567
458263710 801234567
458267013 801234567
458267130 801234567
458267301 801234567
458270136 801234567
458270361 801234567
458270613 801234567
458271063 801234567
458271306 801234567
458271630 801234567
458273016 801234567
458273160 801234567
458273601 801234567
458276031 801234567
458276103 801234567
458276310 801234567
458301276 801234567
458301627 801234567
458301762 801234567
458302167 801234567
458302671 801234567
458302716 801234567
458306172 801234567
458306217 801234567
458306721 801234567
458307126 801234567
458307261 801234567
458307612 801234567
458310267 801234567
458310672 801234567
458310726 801234567
458312076 801234567
458312607 801234567
458312760 801234567
458316027 801234567
458316270 801234567
458316702 801234567
458317062 801234567
458317206 801234567
458317620 801234567
458320176 801234567
458320617 801234567
458320761 801234567
458321067 801234567
458321670 801234567
458321706 801234567
458326071 801234567
458326107 801234567
458326710 801234567
458327016 801234567
458327160 801234567
458327601 801234567
458360127 801234567
458360271 801234567
458360712 801234567
458361072 801234567
458361207 801234567
458361720 801234567
458362017 801234567
458362170 801234567
458362701 801234567
458367021 801234567
458367102 801234567
458367210 801234567
458370162 801234567
458370216 801234567
458370621 801234567
458371026 801234567
458371260 801234567
458371602 801234567
458372061 801234567
458372106 801234567
458372610 801234567
458376012 801234567
458376120 801234567
458376201 801234567
458601237 801234567
458601372 801234567
458601723 801234567
458602173 801234567
458602317 801234567
458602731 801234567
458603127 801234567
458603271 801234567
458603712 801234567
458607132 801234567
458607213 801234567
458607321 801234567
458610273 801234567
458610327 801234567
458610732 801234567
458612037 801234567
458612370 801234567
458612703 801234567
458613072 801234567
458613207 801234567
458613720 801234567
458617023 801234567
458617230 801234567
458617302 801234567
458620137 801234567
458620371 801234567
458620713 801234567
458621073 801234567
458621307 801234567
458621730 801234567
458623017 801234567
458623170 801234567
458623701 801234567
458627031 801234567
458627103 801234567
458627310 801234567
458630172 801234567
458630217 801234567
458630721 801234567
458631027 801234567
458631270 801234567
458631702 801234567
458632071 801234567
458632107 801234567
458632710 801234567
458637012 801234567
458637120 801234567
458637201 801234567
458670123 801234567
458670231 801234567
458670312 801234567
458671032 801234567
458671203 801234567
458671320 801234567
458672013 801234567
458672130 801234567
458672301 801234567
458673021 801234567
458673102 801234567
458673210 801234567
458701263 801234567
458701326 801234567
458701632 801234567
458702136 801234567
458702361 801234567
458702613 801234567
458703162 801234567
458703216 801234567
458703621 801234567
458706123 801234567
458706231 801234567
458706312 801234567
458710236 801234567
458710362 801234567
458710623 801234567
458712063 801234567
458712306 801234567
458712630 801234567
458713026 801234567
458713260 801234567
458713602 801234567
458716032 801234567
458716203 801234567
458716320 801234567
458720163 801234567
458720316 801234567
458720631 801234567
458721036 801234567
458721360 801234567
458721603 801234567
458723061 801234567
458723106 801234567
458723610 801234567
458726013 801234567
458726130 801234567
458726301 801234567
458730126 801234567
458730261 801234567
458730612 801234567
458731062 801234567
458731206 801234567
458731620 801234567
458732016 801234567
458732160 801234567
458732601 801234567
458736021 801234567
458736102 801234567
458736210 801234567
458760132 801234567
458760213 801234567
458760321 801234567
458761023 801234567
458761230 801234567
458761302 801234567
458762031 801234567
458762103 801234567
458762310 801234567
458763012 801234567
458763120 801234567
458763201 801234567
460123587 801234567
460123758 801234567
460123875 801234567
460125378 801234567
460125783 801234567
460125837 801234567
460127385 801234567
460127538 801234567
460127853 801234567
460128357 801234567
460128573 801234567
460128735 801234567
460132578 801234567
460132785 801234567
460132857 801234567
460135287 801234567
460135728 801234567
460135872 801234567
460137258 801234567
460137582 801234567
460137825 801234567
460138275 801234567
460138527 801234567
460138752 801234567
460152387 801234567
460152738 801234567
460152873 801234567
460153278 801234567
460153782 801234567
460153827 801234567
460157283 801234567
460157328 801234567
460157832 801234567
460158237 801234567
460158372 801234567
460158723 801234567
460172358 801234567
460172583 801234567
460172835 801234567
460173285 801234567
460173528 801234567
460173852 801234567
460175238 801234567
460175382 801234567
460175823 801234567
460178253 801234567
460178325 801234567
460178532 801234567
460182375 801234567
460182537 801234567
460182753 801234567
460183257 801234567
460183572 801234567
460183725 801234567
460185273 801234567
460185327 801234567
460185732 801234567
460187235 801234567
460187352 801234567
460187523 801234567
460213578 801234567
460213785 801234567
460213857 801234567
460215387 801234567
460215738 801234567
460215873 801234567
460217358 801234567
460217583 801234567
460217835 801234567
460218375 801234567
460218537 801234567
460218753 801234567
460231587 801234567
