472830651 801234567
472831056 801234567
472831560 801234567
472831605 801234567
472835061 801234567
472835106 801234567
472835610 801234567
472836015 801234567
472836150 801234567
472836501 801234567
472850136 801234567
472850361 801234567
472850613 801234567
472851063 801234567
472851306 801234567
472851630 801234567
472853016 801234567
472853160 801234567
472853601 801234567
472856031 801234567
472856103 801234567
472856310 801234567
472860153 801234567
472860315 801234567
472860531 801234567
472861035 801234567
472861350 801234567
472861503 801234567
472863051 801234567
472863105 801234567
472863510 801234567
472865013 801234567
472865130 801234567
472865301 801234567
473012586 801234567
473012658 801234567
473012865 801234567
473015268 801234567
473015682 801234567
473015826 801234567
473016285 801234567
473016528 801234567
473016852 801234567
473018256 801234567
473018562 801234567
473018625 801234567
473021568 801234567
473021685 801234567
473021856 801234567
473025186 801234567
473025618 801234567
473025861 801234567
473026158 801234567
473026581 801234567
473026815 801234567
473028165 801234567
473028516 801234567
473028651 801234567
473051286 801234567
473051628 801234567
473051862 801234567
473052168 801234567
473052681 801234567
473052816 801234567
473056182 801234567
473056218 801234567
473056821 801234567
473058126 801234567
473058261 801234567
473058612 801234567
473061258 801234567
473061582 801234567
473061825 801234567
473062185 801234567
473062518 801234567
473062851 801234567
473065128 801234567
473065281 801234567
473065812 801234567
473068152 801234567
473068215 801234567
473068521 801234567
473081265 801234567
473081526 801234567
473081652 801234567
473082156 801234567
473082561 801234567
473082615 801234567
473085162 801234567
473085216 801234567
473085621 801234567
473086125 801234567
473086251 801234567
473086512 801234567
473102568 801234567
473102685 801234567
473102856 801234567
473105286 801234567
473105628 801234567
473105862 801234567
473106258 801234567
473106582 801234567
473106825 801234567
473108265 801234567
473108526 801234567
473108652 801234567
473120586 801234567
473120658 801234567
473120865 801234567
473125068 801234567
473125680 801234567
473125806 801234567
473126085 801234567
473126508 801234567
473126850 801234567
473128056 801234567
473128560 801234567
473128605 801234567
473150268 801234567
473150682 801234567
473150826 801234567
473152086 801234567
473152608 801234567
473152860 801234567
473156028 801234567
473156280 801234567
473156802 801234567
473158062 801234567
473158206 801234567
473158620 801234567
473160285 801234567
473160528 801234567
473160852 801234567
473162058 801234567
473162580 801234567
473162805 801234567
473165082 801234567
473165208 801234567
473165820 801234567
473168025 801234567
473168250 801234567
473168502 801234567
473180256 801234567
473180562 801234567
473180625 801234567
473182065 801234567
473182506 801234567
473182650 801234567
473185026 801234567
473185260 801234567
473185602 801234567
473186052 801234567
473186205 801234567
473186520 801234567
473201586 801234567
473201658 801234567
473201865 801234567
473205168 801234567
473205681 801234567
473205816 801234567
473206185 801234567
473206518 801234567
473206851 801234567
473208156 801234567
473208561 801234567
473208615 801234567
473210568 801234567
473210685 801234567
473210856 801234567
473215086 801234567
473215608 801234567
473215860 801234567
473216058 801234567
473216580 801234567
473216805 801234567
473218065 801234567
473218506 801234567
473218650 801234567
473250186 801234567
473250618 801234567
473250861 801234567
473251068 801234567
473251680 801234567
473251806 801234567
473256081 801234567
473256108 801234567
473256810 801234567
473258016 801234567
473258160 801234567
473258601 801234567
473260158 801234567
473260581 801234567
473260815 801234567
473261085 801234567
473261508 801234567
473261850 801234567
473265018 801234567
473265180 801234567
473265801 801234567
473268051 801234567
473268105 801234567
473268510 801234567
473280165 801234567
473280516 801234567
473280651 801234567
473281056 801234567
473281560 801234567
473281605 801234567
473285061 801234567
473285106 801234567
473285610 801234567
473286015 801234567
473286150 801234567
473286501 801234567
473501268 801234567
473501682 801234567
473501826 801234567
473502186 801234567
473502618 801234567
473502861 801234567
473506128 801234567
473506281 801234567
473506812 801234567
473508162 801234567
473508216 801234567
473508621 801234567
473510286 801234567
473510628 801234567
473510862 801234567
473512068 801234567
473512680 801234567
473512806 801234567
473516082 801234567
473516208 801234567
473516820 801234567
473518026 801234567
473518260 801234567
473518602 801234567
473520168 801234567
473520681 801234567
473520816 801234567
473521086 801234567
473521608 801234567
473521860 801234567
473526018 801234567
473526180 801234567
473526801 801234567
473528061 801234567
473528106 801234567
473528610 801234567
473560182 801234567
473560218 801234567
473560821 801234567
473561028 801234567
473561280 801234567
473561802 801234567
473562081 801234567
473562108 801234567
473562810 801234567
473568012 801234567
473568120 801234567
473568201 801234567
473580126 801234567
473580261 801234567
473580612 801234567
473581062 801234567
473581206 801234567
473581620 801234567
473582016 801234567
473582160 801234567
473582601 801234567
473586021 801234567
473586102 801234567
473586210 801234567
473601285 801234567
473601528 801234567
473601852 801234567
473602158 801234567
473602581 801234567
473602815 801234567
473605182 801234567
473605218 801234567
473605821 801234567
473608125 801234567
473608251 801234567
473608512 801234567
473610258 801234567
473610582 801234567
473610825 801234567
473612085 801234567
473612508 801234567
473612850 801234567
473615028 801234567
473615280 801234567
473615802 801234567
473618052 801234567
473618205 801234567
473618520 801234567
473620185 801234567
473620518 801234567
473620851 801234567
473621058 801234567
473621580 801234567
473621805 801234567
473625081 801234567
473625108 801234567
473625810 801234567
473628015 801234567
473628150 801234567
473628501 801234567
473650128 801234567
473650281 801234567
473650812 801234567
473651082 801234567
473651208 801234567
473651820 801234567
473652018 801234567
473652180 801234567
473652801 801234567
473658021 801234567
473658102 801234567
473658210 801234567
473680152 801234567
473680215 801234567
473680521 801234567
473681025 801234567
473681250 801234567
473681502 801234567
473682051 801234567
473682105 801234567
473682510 801234567
473685012 801234567
473685120 801234567
473685201 801234567
473801256 801234567
473801562 801234567
473801625 801234567
473802165 801234567
473802516 801234567
473802651 801234567
473805126 801234567
473805261 801234567
473805612 801234567
473806152 801234567
473806215 801234567
473806521 801234567
473810265 801234567
473810526 801234567
473810652 801234567
473812056 801234567
473812560 801234567
473812605 801234567
473815062 801234567
473815206 801234567
473815620 801234567
473816025 801234567
473816250 801234567
473816502 801234567
473820156 801234567
473820561 801234567
473820615 801234567
473821065 801234567
473821506 801234567
473821650 801234567
473825016 801234567
473825160 801234567
473825601 801234567
473826051 801234567
473826105 801234567
473826510 801234567
473850162 801234567
473850216 801234567
473850621 801234567
473851026 801234567
473851260 801234567
473851602 801234567
473852061 801234567
473852106 801234567
473852610 801234567
473856012 801234567
473856120 801234567
473856201 801234567
473860125 801234567
473860251 801234567
473860512 801234567
473861052 801234567
473861205 801234567
473861520 801234567
473862015 801234567
473862150 801234567
473862501 801234567
473865021 801234567
473865102 801234567
473865210 801234567
475012368 801234567
475012683 801234567
475012836 801234567
475013286 801234567
475013628 801234567
475013862 801234567
475016238 801234567
475016382 801234567
475016823 801234567
475018263 801234567
475018326 801234567
475018632 801234567
475021386 801234567
475021638 801234567
475021863 801234567
475023168 801234567
475023681 801234567
475023816 801234567
475026183 801234567
475026318 801234567
475026831 801234567
475028136 801234567
475028361 801234567
475028613 801234567
475031268 801234567
475031682 801234567
475031826 801234567
475032186 801234567
475032618 801234567
475032861 801234567
475036128 801234567
475036281 801234567
475036812 801234567
475038162 801234567
475038216 801234567
475038621 801234567
475061283 801234567
475061328 801234567
475061832 801234567
475062138 801234567
475062381 801234567
475062813 801234567
475063182 801234567
475063218 801234567
475063821 801234567
475068123 801234567
475068231 801234567
475068312 801234567
475081236 801234567
475081362 801234567
475081623 801234567
475082163 801234567
475082316 801234567
475082631 801234567
475083126 801234567
475083261 801234567
475083612 801234567
475086132 801234567
475086213 801234567
475086321 801234567
475102386 801234567
475102638 801234567
475102863 801234567
475103268 801234567
475103682 801234567
475103826 801234567
475106283 801234567
475106328 801234567
475106832 801234567
475108236 801234567
475108362 801234567
475108623 801234567
475120368 801234567
475120683 801234567
475120836 801234567
475123086 801234567
475123608 801234567
475123860 801234567
475126038 801234567
475126380 801234567
475126803 801234567
475128063 801234567
475128306 801234567
475128630 801234567
475130286 801234567
475130628 801234567
475130862 801234567
475132068 801234567
475132680 801234567
475132806 801234567
475136082 801234567
475136208 801234567
475136820 801234567
475138026 801234567
475138260 801234567
475138602 801234567
475160238 801234567
475160382 801234567
475160823 801234567
475162083 801234567
475162308 801234567
475162830 801234567
475163028 801234567
475163280 801234567
475163802 801234567
