752608341 801234567
752608413 801234567
752610348 801234567
752610483 801234567
752610834 801234567
752613084 801234567
752613408 801234567
752613840 801234567
752614038 801234567
752614380 801234567
752614803 801234567
752618043 801234567
752618304 801234567
752618430 801234567
752630184 801234567
752630418 801234567
752630841 801234567
752631048 801234567
752631480 801234567
752631804 801234567
752634081 801234567
752634108 801234567
752634810 801234567
752638014 801234567
752638140 801234567
752638401 801234567
752640138 801234567
752640381 801234567
752640813 801234567
752641083 801234567
752641308 801234567
752641830 801234567
752643018 801234567
752643180 801234567
752643801 801234567
752648031 801234567
752648103 801234567
752648310 801234567
752680143 801234567
752680314 801234567
752680431 801234567
752681034 801234567
752681340 801234567
752681403 801234567
752683041 801234567
752683104 801234567
752683410 801234567
752684013 801234567
752684130 801234567
752684301 801234567
752801346 801234567
752801463 801234567
752801634 801234567
752803164 801234567
752803416 801234567
752803641 801234567
752804136 801234567
752804361 801234567
752804613 801234567
752806143 801234567
752806314 801234567
752806431 801234567
752810364 801234567
752810436 801234567
752810643 801234567
752813046 801234567
752813460 801234567
752813604 801234567
752814063 801234567
752814306 801234567
752814630 801234567
752816034 801234567
752816340 801234567
752816403 801234567
752830146 801234567
752830461 801234567
752830614 801234567
752831064 801234567
752831406 801234567
752831640 801234567
752834016 801234567
752834160 801234567
752834601 801234567
752836041 801234567
752836104 801234567
752836410 801234567
752840163 801234567
752840316 801234567
752840631 801234567
752841036 801234567
752841360 801234567
752841603 801234567
752843061 801234567
752843106 801234567
752843610 801234567
752846013 801234567
752846130 801234567
752846301 801234567
752860134 801234567
752860341 801234567
752860413 801234567
752861043 801234567
752861304 801234567
752861430 801234567
752863014 801234567
752863140 801234567
752863401 801234567
752864031 801234567
752864103 801234567
752864310 801234567
753012468 801234567
753012684 801234567
753012846 801234567
753014286 801234567
753014628 801234567
753014862 801234567
753016248 801234567
753016482 801234567
753016824 801234567
753018264 801234567
753018426 801234567
753018642 801234567
753021486 801234567
753021648 801234567
753021864 801234567
753024168 801234567
753024681 801234567
753024816 801234567
753026184 801234567
753026418 801234567
753026841 801234567
753028146 801234567
753028461 801234567
753028614 801234567
753041268 801234567
753041682 801234567
753041826 801234567
753042186 801234567
753042618 801234567
753042861 801234567
753046128 801234567
753046281 801234567
753046812 801234567
753048162 801234567
753048216 801234567
753048621 801234567
753061284 801234567
753061428 801234567
753061842 801234567
753062148 801234567
753062481 801234567
753062814 801234567
753064182 801234567
753064218 801234567
753064821 801234567
753068124 801234567
753068241 801234567
753068412 801234567
753081246 801234567
753081462 801234567
753081624 801234567
753082164 801234567
753082416 801234567
753082641 801234567
753084126 801234567
753084261 801234567
753084612 801234567
753086142 801234567
753086214 801234567
753086421 801234567
753102486 801234567
753102648 801234567
753102864 801234567
753104268 801234567
753104682 801234567
753104826 801234567
753106284 801234567
753106428 801234567
753106842 801234567
753108246 801234567
753108462 801234567
753108624 801234567
753120468 801234567
753120684 801234567
753120846 801234567
753124086 801234567
753124608 801234567
753124860 801234567
753126048 801234567
753126480 801234567
753126804 801234567
753128064 801234567
753128406 801234567
753128640 801234567
753140286 801234567
753140628 801234567
753140862 801234567
753142068 801234567
753142680 801234567
753142806 801234567
753146082 801234567
753146208 801234567
753146820 801234567
753148026 801234567
753148260 801234567
753148602 801234567
753160248 801234567
753160482 801234567
753160824 801234567
753162084 801234567
753162408 801234567
753162840 801234567
753164028 801234567
753164280 801234567
753164802 801234567
753168042 801234567
753168204 801234567
753168420 801234567
753180264 801234567
753180426 801234567
753180642 801234567
753182046 801234567
753182460 801234567
753182604 801234567
753184062 801234567
753184206 801234567
753184620 801234567
753186024 801234567
753186240 801234567
753186402 801234567
753201468 801234567
753201684 801234567
753201846 801234567
753204186 801234567
753204618 801234567
753204861 801234567
753206148 801234567
753206481 801234567
753206814 801234567
753208164 801234567
753208416 801234567
753208641 801234567
753210486 801234567
753210648 801234567
753210864 801234567
753214068 801234567
753214680 801234567
753214806 801234567
753216084 801234567
753216408 801234567
753216840 801234567
753218046 801234567
753218460 801234567
753218604 801234567
753240168 801234567
753240681 801234567
753240816 801234567
753241086 801234567
753241608 801234567
753241860 801234567
753246018 801234567
753246180 801234567
753246801 801234567
753248061 801234567
753248106 801234567
753248610 801234567
753260184 801234567
753260418 801234567
753260841 801234567
753261048 801234567
753261480 801234567
753261804 801234567
753264081 801234567
753264108 801234567
753264810 801234567
753268014 801234567
753268140 801234567
753268401 801234567
753280146 801234567
753280461 801234567
753280614 801234567
753281064 801234567
753281406 801234567
753281640 801234567
753284016 801234567
753284160 801234567
753284601 801234567
753286041 801234567
753286104 801234567
753286410 801234567
753401286 801234567
753401628 801234567
753401862 801234567
753402168 801234567
753402681 801234567
753402816 801234567
753406182 801234567
753406218 801234567
753406821 801234567
753408126 801234567
753408261 801234567
753408612 801234567
753410268 801234567
753410682 801234567
753410826 801234567
753412086 801234567
753412608 801234567
753412860 801234567
753416028 801234567
753416280 801234567
753416802 801234567
753418062 801234567
753418206 801234567
753418620 801234567
753420186 801234567
753420618 801234567
753420861 801234567
753421068 801234567
753421680 801234567
753421806 801234567
753426081 801234567
753426108 801234567
753426810 801234567
753428016 801234567
753428160 801234567
753428601 801234567
753460128 801234567
753460281 801234567
753460812 801234567
753461082 801234567
753461208 801234567
753461820 801234567
753462018 801234567
753462180 801234567
753462801 801234567
753468021 801234567
753468102 801234567
753468210 801234567
753480162 801234567
753480216 801234567
753480621 801234567
753481026 801234567
753481260 801234567
753481602 801234567
753482061 801234567
753482106 801234567
753482610 801234567
753486012 801234567
753486120 801234567
753486201 801234567
753601248 801234567
753601482 801234567
753601824 801234567
753602184 801234567
753602418 801234567
753602841 801234567
753604128 801234567
753604281 801234567
753604812 801234567
753608142 801234567
753608214 801234567
753608421 801234567
753610284 801234567
753610428 801234567
753610842 801234567
753612048 801234567
753612480 801234567
753612804 801234567
753614082 801234567
753614208 801234567
753614820 801234567
753618024 801234567
753618240 801234567
753618402 801234567
753620148 801234567
753620481 801234567
753620814 801234567
753621084 801234567
753621408 801234567
753621840 801234567
753624018 801234567
753624180 801234567
753624801 801234567
753628041 801234567
753628104 801234567
753628410 801234567
753640182 801234567
753640218 801234567
753640821 801234567
753641028 801234567
753641280 801234567
753641802 801234567
753642081 801234567
753642108 801234567
753642810 801234567
753648012 801234567
753648120 801234567
753648201 801234567
753680124 801234567
753680241 801234567
753680412 801234567
753681042 801234567
753681204 801234567
753681420 801234567
753682014 801234567
753682140 801234567
753682401 801234567
753684021 801234567
753684102 801234567
753684210 801234567
753801264 801234567
753801426 801234567
753801642 801234567
753802146 801234567
753802461 801234567
753802614 801234567
753804162 801234567
753804216 801234567
753804621 801234567
753806124 801234567
753806241 801234567
753806412 801234567
753810246 801234567
753810462 801234567
753810624 801234567
753812064 801234567
753812406 801234567
753812640 801234567
753814026 801234567
753814260 801234567
753814602 801234567
753816042 801234567
753816204 801234567
753816420 801234567
753820164 801234567
753820416 801234567
753820641 801234567
753821046 801234567
753821460 801234567
753821604 801234567
753824061 801234567
753824106 801234567
753824610 801234567
753826014 801234567
753826140 801234567
753826401 801234567
753840126 801234567
753840261 801234567
753840612 801234567
753841062 801234567
753841206 801234567
753841620 801234567
753842016 801234567
753842160 801234567
753842601 801234567
753846021 801234567
753846102 801234567
753846210 801234567
753860142 801234567
753860214 801234567
753860421 801234567
753861024 801234567
753861240 801234567
753861402 801234567
753862041 801234567
753862104 801234567
753862410 801234567
753864012 801234567
753864120 801234567
753864201 801234567
754012386 801234567
754012638 801234567
754012863 801234567
754013268 801234567
754013682 801234567
754013826 801234567
754016283 801234567
754016328 801234567
754016832 801234567
754018236 801234567
754018362 801234567
754018623 801234567
754021368 801234567
754021683 801234567
754021836 801234567
754023186 801234567
754023618 801234567
754023861 801234567
754026138 801234567
754026381 801234567
754026813 801234567
754028163 801234567
754028316 801234567
754028631 801234567
754031286 801234567
754031628 801234567
754031862 801234567
754032168 801234567
754032681 801234567
