721506348 801234567
721506483 801234567
721506834 801234567
721508364 801234567
721508436 801234567
721508643 801234567
721530486 801234567
721530648 801234567
721530864 801234567
721534068 801234567
721534680 801234567
721534806 801234567
721536084 801234567
721536408 801234567
721536840 801234567
721538046 801234567
721538460 801234567
721538604 801234567
721540368 801234567
721540683 801234567
721540836 801234567
721543086 801234567
721543608 801234567
721543860 801234567
721546038 801234567
721546380 801234567
721546803 801234567
721548063 801234567
721548306 801234567
721548630 801234567
721560384 801234567
721560438 801234567
721560843 801234567
721563048 801234567
721563480 801234567
721563804 801234567
721564083 801234567
721564308 801234567
721564830 801234567
721568034 801234567
721568340 801234567
721568403 801234567
721580346 801234567
721580463 801234567
721580634 801234567
721583064 801234567
721583406 801234567
721583640 801234567
721584036 801234567
721584360 801234567
721584603 801234567
721586043 801234567
721586304 801234567
721586430 801234567
721603485 801234567
721603548 801234567
721603854 801234567
721604358 801234567
721604583 801234567
721604835 801234567
721605384 801234567
721605438 801234567
721605843 801234567
721608345 801234567
721608453 801234567
721608534 801234567
721630458 801234567
721630584 801234567
721630845 801234567
721634085 801234567
721634508 801234567
721634850 801234567
721635048 801234567
721635480 801234567
721635804 801234567
721638054 801234567
721638405 801234567
721638540 801234567
721640385 801234567
721640538 801234567
721640853 801234567
721643058 801234567
721643580 801234567
721643805 801234567
721645083 801234567
721645308 801234567
721645830 801234567
721648035 801234567
721648350 801234567
721648503 801234567
721650348 801234567
721650483 801234567
721650834 801234567
721653084 801234567
721653408 801234567
721653840 801234567
721654038 801234567
721654380 801234567
721654803 801234567
721658043 801234567
721658304 801234567
721658430 801234567
721680354 801234567
721680435 801234567
721680543 801234567
721683045 801234567
721683450 801234567
721683504 801234567
721684053 801234567
721684305 801234567
721684530 801234567
721685034 801234567
721685340 801234567
721685403 801234567
721803456 801234567
721803564 801234567
721803645 801234567
721804365 801234567
721804536 801234567
721804653 801234567
721805346 801234567
721805463 801234567
721805634 801234567
721806354 801234567
721806435 801234567
721806543 801234567
721830465 801234567
721830546 801234567
721830654 801234567
721834056 801234567
721834560 801234567
721834605 801234567
721835064 801234567
721835406 801234567
721835640 801234567
721836045 801234567
721836450 801234567
721836504 801234567
721840356 801234567
721840563 801234567
721840635 801234567
721843065 801234567
721843506 801234567
721843650 801234567
721845036 801234567
721845360 801234567
721845603 801234567
721846053 801234567
721846305 801234567
721846530 801234567
721850364 801234567
721850436 801234567
721850643 801234567
721853046 801234567
721853460 801234567
721853604 801234567
721854063 801234567
721854306 801234567
721854630 801234567
721856034 801234567
721856340 801234567
721856403 801234567
721860345 801234567
721860453 801234567
721860534 801234567
721863054 801234567
721863405 801234567
721863540 801234567
721864035 801234567
721864350 801234567
721864503 801234567
721865043 801234567
721865304 801234567
721865430 801234567
723014568 801234567
723014685 801234567
723014856 801234567
723015486 801234567
723015648 801234567
723015864 801234567
723016458 801234567
723016584 801234567
723016845 801234567
723018465 801234567
723018546 801234567
723018654 801234567
723041586 801234567
723041658 801234567
723041865 801234567
723045168 801234567
723045681 801234567
723045816 801234567
723046185 801234567
723046518 801234567
723046851 801234567
723048156 801234567
723048561 801234567
723048615 801234567
723051468 801234567
723051684 801234567
723051846 801234567
723054186 801234567
723054618 801234567
723054861 801234567
723056148 801234567
723056481 801234567
723056814 801234567
723058164 801234567
723058416 801234567
723058641 801234567
723061485 801234567
723061548 801234567
723061854 801234567
723064158 801234567
723064581 801234567
723064815 801234567
723065184 801234567
723065418 801234567
723065841 801234567
723068145 801234567
723068451 801234567
723068514 801234567
723081456 801234567
723081564 801234567
723081645 801234567
723084165 801234567
723084516 801234567
723084651 801234567
723085146 801234567
723085461 801234567
723085614 801234567
723086154 801234567
723086415 801234567
723086541 801234567
723104586 801234567
723104658 801234567
723104865 801234567
723105468 801234567
723105684 801234567
723105846 801234567
723106485 801234567
723106548 801234567
723106854 801234567
723108456 801234567
723108564 801234567
723108645 801234567
723140568 801234567
723140685 801234567
723140856 801234567
723145086 801234567
723145608 801234567
723145860 801234567
723146058 801234567
723146580 801234567
723146805 801234567
723148065 801234567
723148506 801234567
723148650 801234567
723150486 801234567
723150648 801234567
723150864 801234567
723154068 801234567
723154680 801234567
723154806 801234567
723156084 801234567
723156408 801234567
723156840 801234567
723158046 801234567
723158460 801234567
723158604 801234567
723160458 801234567
723160584 801234567
723160845 801234567
723164085 801234567
723164508 801234567
723164850 801234567
723165048 801234567
723165480 801234567
723165804 801234567
723168054 801234567
723168405 801234567
723168540 801234567
723180465 801234567
723180546 801234567
723180654 801234567
723184056 801234567
723184560 801234567
723184605 801234567
723185064 801234567
723185406 801234567
723185640 801234567
723186045 801234567
723186450 801234567
723186504 801234567
723401568 801234567
723401685 801234567
723401856 801234567
723405186 801234567
723405618 801234567
723405861 801234567
723406158 801234567
723406581 801234567
723406815 801234567
723408165 801234567
723408516 801234567
723408651 801234567
723410586 801234567
723410658 801234567
723410865 801234567
723415068 801234567
723415680 801234567
723415806 801234567
723416085 801234567
723416508 801234567
723416850 801234567
723418056 801234567
723418560 801234567
723418605 801234567
723450168 801234567
723450681 801234567
723450816 801234567
723451086 801234567
723451608 801234567
723451860 801234567
723456018 801234567
723456180 801234567
723456801 801234567
723458061 801234567
723458106 801234567
723458610 801234567
723460185 801234567
723460518 801234567
723460851 801234567
723461058 801234567
723461580 801234567
723461805 801234567
723465081 801234567
723465108 801234567
723465810 801234567
723468015 801234567
723468150 801234567
723468501 801234567
723480156 801234567
723480561 801234567
723480615 801234567
723481065 801234567
723481506 801234567
723481650 801234567
723485016 801234567
723485160 801234567
723485601 801234567
723486051 801234567
723486105 801234567
723486510 801234567
723501486 801234567
723501648 801234567
723501864 801234567
723504168 801234567
723504681 801234567
723504816 801234567
723506184 801234567
723506418 801234567
723506841 801234567
723508146 801234567
723508461 801234567
723508614 801234567
723510468 801234567
723510684 801234567
723510846 801234567
723514086 801234567
723514608 801234567
723514860 801234567
723516048 801234567
723516480 801234567
723516804 801234567
723518064 801234567
723518406 801234567
723518640 801234567
723540186 801234567
723540618 801234567
723540861 801234567
723541068 801234567
723541680 801234567
723541806 801234567
723546081 801234567
723546108 801234567
723546810 801234567
723548016 801234567
723548160 801234567
723548601 801234567
723560148 801234567
723560481 801234567
723560814 801234567
723561084 801234567
723561408 801234567
723561840 801234567
723564018 801234567
723564180 801234567
723564801 801234567
723568041 801234567
723568104 801234567
723568410 801234567
723580164 801234567
723580416 801234567
723580641 801234567
723581046 801234567
723581460 801234567
723581604 801234567
723584061 801234567
723584106 801234567
723584610 801234567
723586014 801234567
723586140 801234567
723586401 801234567
723601458 801234567
723601584 801234567
723601845 801234567
723604185 801234567
723604518 801234567
723604851 801234567
723605148 801234567
723605481 801234567
723605814 801234567
723608154 801234567
723608415 801234567
723608541 801234567
723610485 801234567
723610548 801234567
723610854 801234567
723614058 801234567
723614580 801234567
723614805 801234567
723615084 801234567
723615408 801234567
723615840 801234567
723618045 801234567
723618450 801234567
723618504 801234567
723640158 801234567
723640581 801234567
723640815 801234567
723641085 801234567
723641508 801234567
723641850 801234567
723645018 801234567
723645180 801234567
723645801 801234567
723648051 801234567
723648105 801234567
723648510 801234567
723650184 801234567
723650418 801234567
723650841 801234567
723651048 801234567
723651480 801234567
723651804 801234567
723654081 801234567
723654108 801234567
723654810 801234567
723658014 801234567
723658140 801234567
723658401 801234567
723680145 801234567
723680451 801234567
723680514 801234567
723681054 801234567
723681405 801234567
723681540 801234567
723684015 801234567
723684150 801234567
723684501 801234567
723685041 801234567
723685104 801234567
723685410 801234567
723801465 801234567
723801546 801234567
723801654 801234567
723804156 801234567
723804561 801234567
723804615 801234567
723805164 801234567
723805416 801234567
723805641 801234567
723806145 801234567
723806451 801234567
723806514 801234567
723810456 801234567
723810564 801234567
723810645 801234567
723814065 801234567
723814506 801234567
723814650 801234567
723815046 801234567
723815460 801234567
723815604 801234567
723816054 801234567
723816405 801234567
723816540 801234567
723840165 801234567
