385641207 801234567
385641720 801234567
385642017 801234567
385642170 801234567
385642701 801234567
385647021 801234567
385647102 801234567
385647210 801234567
385670142 801234567
385670214 801234567
385670421 801234567
385671024 801234567
385671240 801234567
385671402 801234567
385672041 801234567
385672104 801234567
385672410 801234567
385674012 801234567
385674120 801234567
385674201 801234567
385701246 801234567
385701462 801234567
385701624 801234567
385702164 801234567
385702416 801234567
385702641 801234567
385704126 801234567
385704261 801234567
385704612 801234567
385706142 801234567
385706214 801234567
385706421 801234567
385710264 801234567
385710426 801234567
385710642 801234567
385712046 801234567
385712460 801234567
385712604 801234567
385714062 801234567
385714206 801234567
385714620 801234567
385716024 801234567
385716240 801234567
385716402 801234567
385720146 801234567
385720461 801234567
385720614 801234567
385721064 801234567
385721406 801234567
385721640 801234567
385724016 801234567
385724160 801234567
385724601 801234567
385726041 801234567
385726104 801234567
385726410 801234567
385740162 801234567
385740216 801234567
385740621 801234567
385741026 801234567
385741260 801234567
385741602 801234567
385742061 801234567
385742106 801234567
385742610 801234567
385746012 801234567
385746120 801234567
385746201 801234567
385760124 801234567
385760241 801234567
385760412 801234567
385761042 801234567
385761204 801234567
385761420 801234567
385762014 801234567
385762140 801234567
385762401 801234567
385764021 801234567
385764102 801234567
385764210 801234567
386012457 801234567
386012574 801234567
386012745 801234567
386014275 801234567
386014527 801234567
386014752 801234567
386015247 801234567
386015472 801234567
386015724 801234567
386017254 801234567
386017425 801234567
386017542 801234567
386021475 801234567
386021547 801234567
386021754 801234567
386024157 801234567
386024571 801234567
386024715 801234567
386025174 801234567
386025417 801234567
386025741 801234567
386027145 801234567
386027451 801234567
386027514 801234567
386041257 801234567
386041572 801234567
386041725 801234567
386042175 801234567
386042517 801234567
386042751 801234567
386045127 801234567
386045271 801234567
386045712 801234567
386047152 801234567
386047215 801234567
386047521 801234567
386051274 801234567
386051427 801234567
386051742 801234567
386052147 801234567
386052471 801234567
386052714 801234567
386054172 801234567
386054217 801234567
386054721 801234567
386057124 801234567
386057241 801234567
386057412 801234567
386071245 801234567
386071452 801234567
386071524 801234567
386072154 801234567
386072415 801234567
386072541 801234567
386074125 801234567
386074251 801234567
386074512 801234567
386075142 801234567
386075214 801234567
386075421 801234567
386102475 801234567
386102547 801234567
386102754 801234567
386104257 801234567
386104572 801234567
386104725 801234567
386105274 801234567
386105427 801234567
386105742 801234567
386107245 801234567
386107452 801234567
386107524 801234567
386120457 801234567
386120574 801234567
386120745 801234567
386124075 801234567
386124507 801234567
386124750 801234567
386125047 801234567
386125470 801234567
386125704 801234567
386127054 801234567
386127405 801234567
386127540 801234567
386140275 801234567
386140527 801234567
386140752 801234567
386142057 801234567
386142570 801234567
386142705 801234567
386145072 801234567
386145207 801234567
386145720 801234567
386147025 801234567
386147250 801234567
386147502 801234567
386150247 801234567
386150472 801234567
386150724 801234567
386152074 801234567
386152407 801234567
386152740 801234567
386154027 801234567
386154270 801234567
386154702 801234567
386157042 801234567
386157204 801234567
386157420 801234567
386170254 801234567
386170425 801234567
386170542 801234567
386172045 801234567
386172450 801234567
386172504 801234567
386174052 801234567
386174205 801234567
386174520 801234567
386175024 801234567
386175240 801234567
386175402 801234567
386201457 801234567
386201574 801234567
386201745 801234567
386204175 801234567
386204517 801234567
386204751 801234567
386205147 801234567
386205471 801234567
386205714 801234567
386207154 801234567
386207415 801234567
386207541 801234567
386210475 801234567
386210547 801234567
386210754 801234567
386214057 801234567
386214570 801234567
386214705 801234567
386215074 801234567
386215407 801234567
386215740 801234567
386217045 801234567
386217450 801234567
386217504 801234567
386240157 801234567
386240571 801234567
386240715 801234567
386241075 801234567
386241507 801234567
386241750 801234567
386245017 801234567
386245170 801234567
386245701 801234567
386247051 801234567
386247105 801234567
386247510 801234567
386250174 801234567
386250417 801234567
386250741 801234567
386251047 801234567
386251470 801234567
386251704 801234567
386254071 801234567
386254107 801234567
386254710 801234567
386257014 801234567
386257140 801234567
386257401 801234567
386270145 801234567
386270451 801234567
386270514 801234567
386271054 801234567
386271405 801234567
386271540 801234567
386274015 801234567
386274150 801234567
386274501 801234567
386275041 801234567
386275104 801234567
386275410 801234567
386401275 801234567
386401527 801234567
386401752 801234567
386402157 801234567
386402571 801234567
386402715 801234567
386405172 801234567
386405217 801234567
386405721 801234567
386407125 801234567
386407251 801234567
386407512 801234567
386410257 801234567
386410572 801234567
386410725 801234567
386412075 801234567
386412507 801234567
386412750 801234567
386415027 801234567
386415270 801234567
386415702 801234567
386417052 801234567
386417205 801234567
386417520 801234567
386420175 801234567
386420517 801234567
386420751 801234567
386421057 801234567
386421570 801234567
386421705 801234567
386425071 801234567
386425107 801234567
386425710 801234567
386427015 801234567
386427150 801234567
386427501 801234567
386450127 801234567
386450271 801234567
386450712 801234567
386451072 801234567
386451207 801234567
386451720 801234567
386452017 801234567
386452170 801234567
386452701 801234567
386457021 801234567
386457102 801234567
386457210 801234567
386470152 801234567
386470215 801234567
386470521 801234567
386471025 801234567
386471250 801234567
386471502 801234567
386472051 801234567
386472105 801234567
386472510 801234567
386475012 801234567
386475120 801234567
386475201 801234567
386501247 801234567
386501472 801234567
386501724 801234567
386502174 801234567
386502417 801234567
386502741 801234567
386504127 801234567
386504271 801234567
386504712 801234567
386507142 801234567
386507214 801234567
386507421 801234567
386510274 801234567
386510427 801234567
386510742 801234567
386512047 801234567
386512470 801234567
386512704 801234567
386514072 801234567
386514207 801234567
386514720 801234567
386517024 801234567
386517240 801234567
386517402 801234567
386520147 801234567
386520471 801234567
386520714 801234567
386521074 801234567
386521407 801234567
386521740 801234567
386524017 801234567
386524170 801234567
386524701 801234567
386527041 801234567
386527104 801234567
386527410 801234567
386540172 801234567
386540217 801234567
386540721 801234567
386541027 801234567
386541270 801234567
386541702 801234567
386542071 801234567
386542107 801234567
386542710 801234567
386547012 801234567
386547120 801234567
386547201 801234567
386570124 801234567
386570241 801234567
386570412 801234567
386571042 801234567
386571204 801234567
386571420 801234567
386572014 801234567
386572140 801234567
386572401 801234567
386574021 801234567
386574102 801234567
386574210 801234567
386701254 801234567
386701425 801234567
386701542 801234567
386702145 801234567
386702451 801234567
386702514 801234567
386704152 801234567
386704215 801234567
386704521 801234567
386705124 801234567
386705241 801234567
386705412 801234567
386710245 801234567
386710452 801234567
386710524 801234567
386712054 801234567
386712405 801234567
386712540 801234567
386714025 801234567
386714250 801234567
386714502 801234567
386715042 801234567
386715204 801234567
386715420 801234567
386720154 801234567
386720415 801234567
386720541 801234567
386721045 801234567
386721450 801234567
386721504 801234567
386724051 801234567
386724105 801234567
386724510 801234567
386725014 801234567
386725140 801234567
386725401 801234567
386740125 801234567
386740251 801234567
386740512 801234567
386741052 801234567
386741205 801234567
386741520 801234567
386742015 801234567
386742150 801234567
386742501 801234567
386745021 801234567
386745102 801234567
386745210 801234567
386750142 801234567
386750214 801234567
386750421 801234567
386751024 801234567
386751240 801234567
386751402 801234567
386752041 801234567
386752104 801234567
386752410 801234567
386754012 801234567
386754120 801234567
386754201 801234567
387012465 801234567
387012546 801234567
387012654 801234567
387014256 801234567
387014562 801234567
387014625 801234567
387015264 801234567
387015426 801234567
387015642 801234567
387016245 801234567
387016452 801234567
387016524 801234567
387021456 801234567
387021564 801234567
387021645 801234567
387024165 801234567
387024516 801234567
387024651 801234567
387025146 801234567
387025461 801234567
387025614 801234567
387026154 801234567
387026415 801234567
387026541 801234567
387041265 801234567
387041526 801234567
387041652 801234567
387042156 801234567
387042561 801234567
387042615 801234567
387045162 801234567
387045216 801234567
387045621 801234567
387046125 801234567
387046251 801234567
387046512 801234567
387051246 801234567
387051462 801234567
387051624 801234567
387052164 801234567
387052416 801234567
387052641 801234567
387054126 801234567
387054261 801234567
387054612 801234567
387056142 801234567
387056214 801234567
387056421 801234567
387061254 801234567
387061425 801234567
387061542 801234567
387062145 801234567
387062451 801234567
387062514 801234567
387064152 801234567
387064215 801234567
387064521 801234567
387065124 801234567
387065241 801234567
