453026718 801234567
453026871 801234567
453027168 801234567
453027681 801234567
453027816 801234567
453028176 801234567
453028617 801234567
453028761 801234567
453061287 801234567
453061728 801234567
453061872 801234567
453062178 801234567
453062781 801234567
453062817 801234567
453067182 801234567
453067218 801234567
453067821 801234567
453068127 801234567
453068271 801234567
453068712 801234567
453071268 801234567
453071682 801234567
453071826 801234567
453072186 801234567
453072618 801234567
453072861 801234567
453076128 801234567
453076281 801234567
453076812 801234567
453078162 801234567
453078216 801234567
453078621 801234567
453081276 801234567
453081627 801234567
453081762 801234567
453082167 801234567
453082671 801234567
453082716 801234567
453086172 801234567
453086217 801234567
453086721 801234567
453087126 801234567
453087261 801234567
453087612 801234567
453102678 801234567
453102786 801234567
453102867 801234567
453106287 801234567
453106728 801234567
453106872 801234567
453107268 801234567
453107682 801234567
453107826 801234567
453108276 801234567
453108627 801234567
453108762 801234567
453120687 801234567
453120768 801234567
453120876 801234567
453126078 801234567
453126780 801234567
453126807 801234567
453127086 801234567
453127608 801234567
453127860 801234567
453128067 801234567
453128670 801234567
453128706 801234567
453160278 801234567
453160782 801234567
453160827 801234567
453162087 801234567
453162708 801234567
453162870 801234567
453167028 801234567
453167280 801234567
453167802 801234567
453168072 801234567
453168207 801234567
453168720 801234567
453170286 801234567
453170628 801234567
453170862 801234567
453172068 801234567
453172680 801234567
453172806 801234567
453176082 801234567
453176208 801234567
453176820 801234567
453178026 801234567
453178260 801234567
453178602 801234567
453180267 801234567
453180672 801234567
453180726 801234567
453182076 801234567
453182607 801234567
453182760 801234567
453186027 801234567
453186270 801234567
453186702 801234567
453187062 801234567
453187206 801234567
453187620 801234567
453201687 801234567
453201768 801234567
453201876 801234567
453206178 801234567
453206781 801234567
453206817 801234567
453207186 801234567
453207618 801234567
453207861 801234567
453208167 801234567
453208671 801234567
453208716 801234567
453210678 801234567
453210786 801234567
453210867 801234567
453216087 801234567
453216708 801234567
453216870 801234567
453217068 801234567
453217680 801234567
453217806 801234567
453218076 801234567
453218607 801234567
453218760 801234567
453260187 801234567
453260718 801234567
453260871 801234567
453261078 801234567
453261780 801234567
453261807 801234567
453267081 801234567
453267108 801234567
453267810 801234567
453268017 801234567
453268170 801234567
453268701 801234567
453270168 801234567
453270681 801234567
453270816 801234567
453271086 801234567
453271608 801234567
453271860 801234567
453276018 801234567
453276180 801234567
453276801 801234567
453278061 801234567
453278106 801234567
453278610 801234567
453280176 801234567
453280617 801234567
453280761 801234567
453281067 801234567
453281670 801234567
453281706 801234567
453286071 801234567
453286107 801234567
453286710 801234567
453287016 801234567
453287160 801234567
453287601 801234567
453601278 801234567
453601782 801234567
453601827 801234567
453602187 801234567
453602718 801234567
453602871 801234567
453607128 801234567
453607281 801234567
453607812 801234567
453608172 801234567
453608217 801234567
453608721 801234567
453610287 801234567
453610728 801234567
453610872 801234567
453612078 801234567
453612780 801234567
453612807 801234567
453617082 801234567
453617208 801234567
453617820 801234567
453618027 801234567
453618270 801234567
453618702 801234567
453620178 801234567
453620781 801234567
453620817 801234567
453621087 801234567
453621708 801234567
453621870 801234567
453627018 801234567
453627180 801234567
453627801 801234567
453628071 801234567
453628107 801234567
453628710 801234567
453670182 801234567
453670218 801234567
453670821 801234567
453671028 801234567
453671280 801234567
453671802 801234567
453672081 801234567
453672108 801234567
453672810 801234567
453678012 801234567
453678120 801234567
453678201 801234567
453680127 801234567
453680271 801234567
453680712 801234567
453681072 801234567
453681207 801234567
453681720 801234567
453682017 801234567
453682170 801234567
453682701 801234567
453687021 801234567
453687102 801234567
453687210 801234567
453701286 801234567
453701628 801234567
453701862 801234567
453702168 801234567
453702681 801234567
453702816 801234567
453706182 801234567
453706218 801234567
453706821 801234567
453708126 801234567
453708261 801234567
453708612 801234567
453710268 801234567
453710682 801234567
453710826 801234567
453712086 801234567
453712608 801234567
453712860 801234567
453716028 801234567
453716280 801234567
453716802 801234567
453718062 801234567
453718206 801234567
453718620 801234567
453720186 801234567
453720618 801234567
453720861 801234567
453721068 801234567
453721680 801234567
453721806 801234567
453726081 801234567
453726108 801234567
453726810 801234567
453728016 801234567
453728160 801234567
453728601 801234567
453760128 801234567
453760281 801234567
453760812 801234567
453761082 801234567
453761208 801234567
453761820 801234567
453762018 801234567
453762180 801234567
453762801 801234567
453768021 801234567
453768102 801234567
453768210 801234567
453780162 801234567
453780216 801234567
453780621 801234567
453781026 801234567
453781260 801234567
453781602 801234567
453782061 801234567
453782106 801234567
453782610 801234567
453786012 801234567
453786120 801234567
453786201 801234567
453801267 801234567
453801672 801234567
453801726 801234567
453802176 801234567
453802617 801234567
453802761 801234567
453806127 801234567
453806271 801234567
453806712 801234567
453807162 801234567
453807216 801234567
453807621 801234567
453810276 801234567
453810627 801234567
453810762 801234567
453812067 801234567
453812670 801234567
453812706 801234567
453816072 801234567
453816207 801234567
453816720 801234567
453817026 801234567
453817260 801234567
453817602 801234567
453820167 801234567
453820671 801234567
453820716 801234567
453821076 801234567
453821607 801234567
453821760 801234567
453826017 801234567
453826170 801234567
453826701 801234567
453827061 801234567
453827106 801234567
453827610 801234567
453860172 801234567
453860217 801234567
453860721 801234567
453861027 801234567
453861270 801234567
453861702 801234567
453862071 801234567
453862107 801234567
453862710 801234567
453867012 801234567
453867120 801234567
453867201 801234567
453870126 801234567
453870261 801234567
453870612 801234567
453871062 801234567
453871206 801234567
453871620 801234567
453872016 801234567
453872160 801234567
453872601 801234567
453876021 801234567
453876102 801234567
453876210 801234567
456012378 801234567
456012783 801234567
456012837 801234567
456013287 801234567
456013728 801234567
456013872 801234567
456017238 801234567
456017382 801234567
456017823 801234567
456018273 801234567
456018327 801234567
456018732 801234567
456021387 801234567
456021738 801234567
456021873 801234567
456023178 801234567
456023781 801234567
456023817 801234567
456027183 801234567
456027318 801234567
456027831 801234567
456028137 801234567
456028371 801234567
456028713 801234567
456031278 801234567
456031782 801234567
456031827 801234567
456032187 801234567
456032718 801234567
456032871 801234567
456037128 801234567
456037281 801234567
456037812 801234567
456038172 801234567
456038217 801234567
456038721 801234567
456071283 801234567
456071328 801234567
456071832 801234567
456072138 801234567
456072381 801234567
456072813 801234567
456073182 801234567
456073218 801234567
456073821 801234567
456078123 801234567
456078231 801234567
456078312 801234567
456081237 801234567
456081372 801234567
456081723 801234567
456082173 801234567
456082317 801234567
456082731 801234567
456083127 801234567
456083271 801234567
456083712 801234567
456087132 801234567
456087213 801234567
456087321 801234567
456102387 801234567
456102738 801234567
456102873 801234567
456103278 801234567
456103782 801234567
456103827 801234567
456107283 801234567
456107328 801234567
456107832 801234567
456108237 801234567
456108372 801234567
456108723 801234567
456120378 801234567
456120783 801234567
456120837 801234567
456123087 801234567
456123708 801234567
456123870 801234567
456127038 801234567
456127380 801234567
456127803 801234567
456128073 801234567
456128307 801234567
456128730 801234567
456130287 801234567
456130728 801234567
456130872 801234567
456132078 801234567
456132780 801234567
456132807 801234567
456137082 801234567
456137208 801234567
456137820 801234567
456138027 801234567
456138270 801234567
456138702 801234567
456170238 801234567
456170382 801234567
456170823 801234567
456172083 801234567
456172308 801234567
456172830 801234567
456173028 801234567
456173280 801234567
456173802 801234567
456178032 801234567
456178203 801234567
456178320 801234567
456180273 801234567
456180327 801234567
456180732 801234567
456182037 801234567
456182370 801234567
456182703 801234567
456183072 801234567
456183207 801234567
456183720 801234567
456187023 801234567
456187230 801234567
456187302 801234567
456201378 801234567
456201783 801234567
456201837 801234567
456203187 801234567
456203718 801234567
456203871 801234567
456207138 801234567
456207381 801234567
456207813 801234567
456208173 801234567
456208317 801234567
456208731 801234567
456210387 801234567
456210738 801234567
456210873 801234567
456213078 801234567
456213780 801234567
456213807 801234567
456217083 801234567
456217308 801234567
456217830 801234567
456218037 801234567
456218370 801234567
456218703 801234567
456230178 801234567
456230781 801234567
456230817 801234567
456231087 801234567
456231708 801234567
456231870 801234567
456237018 801234567
456237180 801234567
456237801 801234567
456238071 801234567
456238107 801234567
