205146873 801234567
205147368 801234567
205147683 801234567
205147836 801234567
205148376 801234567
205148637 801234567
205148763 801234567
205163487 801234567
205163748 801234567
205163874 801234567
205164378 801234567
205164783 801234567
205164837 801234567
205167384 801234567
205167438 801234567
205167843 801234567
205168347 801234567
205168473 801234567
205168734 801234567
205173468 801234567
205173684 801234567
205173846 801234567
205174386 801234567
205174638 801234567
205174863 801234567
205176348 801234567
205176483 801234567
205176834 801234567
205178364 801234567
205178436 801234567
205178643 801234567
205183476 801234567
205183647 801234567
205183764 801234567
205184367 801234567
205184673 801234567
205184736 801234567
205186374 801234567
205186437 801234567
205186743 801234567
205187346 801234567
205187463 801234567
205187634 801234567
205314678 801234567
205314786 801234567
205314867 801234567
205316487 801234567
205316748 801234567
205316874 801234567
205317468 801234567
205317684 801234567
205317846 801234567
205318476 801234567
205318647 801234567
205318764 801234567
205341687 801234567
205341768 801234567
205341876 801234567
205346178 801234567
205346781 801234567
205346817 801234567
205347186 801234567
205347618 801234567
205347861 801234567
205348167 801234567
205348671 801234567
205348716 801234567
205361478 801234567
205361784 801234567
205361847 801234567
205364187 801234567
205364718 801234567
205364871 801234567
205367148 801234567
205367481 801234567
205367814 801234567
205368174 801234567
205368417 801234567
205368741 801234567
205371486 801234567
205371648 801234567
205371864 801234567
205374168 801234567
205374681 801234567
205374816 801234567
205376184 801234567
205376418 801234567
205376841 801234567
205378146 801234567
205378461 801234567
205378614 801234567
205381467 801234567
205381674 801234567
205381746 801234567
205384176 801234567
205384617 801234567
205384761 801234567
205386147 801234567
205386471 801234567
205386714 801234567
205387164 801234567
205387416 801234567
205387641 801234567
205413687 801234567
205413768 801234567
205413876 801234567
205416378 801234567
205416783 801234567
205416837 801234567
205417386 801234567
205417638 801234567
205417863 801234567
205418367 801234567
205418673 801234567
205418736 801234567
205431678 801234567
205431786 801234567
205431867 801234567
205436187 801234567
205436718 801234567
205436871 801234567
205437168 801234567
205437681 801234567
205437816 801234567
205438176 801234567
205438617 801234567
205438761 801234567
205461387 801234567
205461738 801234567
205461873 801234567
205463178 801234567
205463781 801234567
205463817 801234567
205467183 801234567
205467318 801234567
205467831 801234567
205468137 801234567
205468371 801234567
205468713 801234567
205471368 801234567
205471683 801234567
205471836 801234567
205473186 801234567
205473618 801234567
205473861 801234567
205476138 801234567
205476381 801234567
205476813 801234567
205478163 801234567
205478316 801234567
205478631 801234567
205481376 801234567
205481637 801234567
205481763 801234567
205483167 801234567
205483671 801234567
205483716 801234567
205486173 801234567
205486317 801234567
205486731 801234567
205487136 801234567
205487361 801234567
205487613 801234567
205613478 801234567
205613784 801234567
205613847 801234567
205614387 801234567
205614738 801234567
205614873 801234567
205617348 801234567
205617483 801234567
205617834 801234567
205618374 801234567
205618437 801234567
205618743 801234567
205631487 801234567
205631748 801234567
205631874 801234567
205634178 801234567
205634781 801234567
205634817 801234567
205637184 801234567
205637418 801234567
205637841 801234567
205638147 801234567
205638471 801234567
205638714 801234567
205641378 801234567
205641783 801234567
205641837 801234567
205643187 801234567
205643718 801234567
205643871 801234567
205647138 801234567
205647381 801234567
205647813 801234567
205648173 801234567
205648317 801234567
205648731 801234567
205671384 801234567
205671438 801234567
205671843 801234567
205673148 801234567
205673481 801234567
205673814 801234567
205674183 801234567
205674318 801234567
205674831 801234567
205678134 801234567
205678341 801234567
205678413 801234567
205681347 801234567
205681473 801234567
205681734 801234567
205683174 801234567
205683417 801234567
205683741 801234567
205684137 801234567
205684371 801234567
205684713 801234567
205687143 801234567
205687314 801234567
205687431 801234567
205713486 801234567
205713648 801234567
205713864 801234567
205714368 801234567
205714683 801234567
205714836 801234567
205716384 801234567
205716438 801234567
205716843 801234567
205718346 801234567
205718463 801234567
205718634 801234567
205731468 801234567
205731684 801234567
205731846 801234567
205734186 801234567
205734618 801234567
205734861 801234567
205736148 801234567
205736481 801234567
205736814 801234567
205738164 801234567
205738416 801234567
205738641 801234567
205741386 801234567
205741638 801234567
205741863 801234567
205743168 801234567
205743681 801234567
205743816 801234567
205746183 801234567
205746318 801234567
205746831 801234567
205748136 801234567
205748361 801234567
205748613 801234567
205761348 801234567
205761483 801234567
205761834 801234567
205763184 801234567
205763418 801234567
205763841 801234567
205764138 801234567
205764381 801234567
205764813 801234567
205768143 801234567
205768314 801234567
205768431 801234567
205781364 801234567
205781436 801234567
205781643 801234567
205783146 801234567
205783461 801234567
205783614 801234567
205784163 801234567
205784316 801234567
205784631 801234567
205786134 801234567
205786341 801234567
205786413 801234567
205813467 801234567
205813674 801234567
205813746 801234567
205814376 801234567
205814637 801234567
205814763 801234567
205816347 801234567
205816473 801234567
205816734 801234567
205817364 801234567
205817436 801234567
205817643 801234567
205831476 801234567
205831647 801234567
205831764 801234567
205834167 801234567
205834671 801234567
205834716 801234567
205836174 801234567
205836417 801234567
205836741 801234567
205837146 801234567
205837461 801234567
205837614 801234567
205841367 801234567
205841673 801234567
205841736 801234567
205843176 801234567
205843617 801234567
205843761 801234567
205846137 801234567
205846371 801234567
205846713 801234567
205847163 801234567
205847316 801234567
205847631 801234567
205861374 801234567
205861437 801234567
205861743 801234567
205863147 801234567
205863471 801234567
205863714 801234567
205864173 801234567
205864317 801234567
205864731 801234567
205867134 801234567
205867341 801234567
205867413 801234567
205871346 801234567
205871463 801234567
205871634 801234567
205873164 801234567
205873416 801234567
205873641 801234567
205874136 801234567
205874361 801234567
205874613 801234567
205876143 801234567
205876314 801234567
205876431 801234567
206134578 801234567
206134785 801234567
206134857 801234567
206135487 801234567
206135748 801234567
206135874 801234567
206137458 801234567
206137584 801234567
206137845 801234567
206138475 801234567
206138547 801234567
206138754 801234567
206143587 801234567
206143758 801234567
206143875 801234567
206145378 801234567
206145783 801234567
206145837 801234567
206147385 801234567
206147538 801234567
206147853 801234567
206148357 801234567
206148573 801234567
206148735 801234567
206153478 801234567
206153784 801234567
206153847 801234567
206154387 801234567
206154738 801234567
206154873 801234567
206157348 801234567
206157483 801234567
206157834 801234567
206158374 801234567
206158437 801234567
206158743 801234567
206173485 801234567
206173548 801234567
206173854 801234567
206174358 801234567
206174583 801234567
206174835 801234567
206175384 801234567
206175438 801234567
206175843 801234567
206178345 801234567
206178453 801234567
206178534 801234567
206183457 801234567
206183574 801234567
206183745 801234567
206184375 801234567
206184537 801234567
206184753 801234567
206185347 801234567
206185473 801234567
206185734 801234567
206187354 801234567
206187435 801234567
206187543 801234567
206314587 801234567
206314758 801234567
206314875 801234567
206315478 801234567
206315784 801234567
206315847 801234567
206317485 801234567
206317548 801234567
206317854 801234567
206318457 801234567
206318574 801234567
206318745 801234567
206341578 801234567
206341785 801234567
206341857 801234567
206345187 801234567
206345718 801234567
206345871 801234567
206347158 801234567
206347581 801234567
206347815 801234567
206348175 801234567
206348517 801234567
206348751 801234567
206351487 801234567
206351748 801234567
206351874 801234567
206354178 801234567
206354781 801234567
206354817 801234567
206357184 801234567
206357418 801234567
206357841 801234567
206358147 801234567
206358471 801234567
206358714 801234567
206371458 801234567
206371584 801234567
206371845 801234567
206374185 801234567
206374518 801234567
206374851 801234567
206375148 801234567
206375481 801234567
206375814 801234567
206378154 801234567
206378415 801234567
206378541 801234567
206381475 801234567
206381547 801234567
206381754 801234567
206384157 801234567
206384571 801234567
206384715 801234567
206385174 801234567
206385417 801234567
206385741 801234567
206387145 801234567
206387451 801234567
206387514 801234567
206413578 801234567
206413785 801234567
206413857 801234567
206415387 801234567
206415738 801234567
206415873 801234567
206417358 801234567
206417583 801234567
206417835 801234567
206418375 801234567
206418537 801234567
206418753 801234567
206431587 801234567
206431758 801234567
206431875 801234567
206435178 801234567
206435781 801234567
206435817 801234567
206437185 801234567
206437518 801234567
206437851 801234567
206438157 801234567
206438571 801234567
206438715 801234567
206451378 801234567
206451783 801234567
206451837 801234567
206453187 801234567
206453718 801234567
206453871 801234567
206457138 801234567
206457381 801234567
206457813 801234567
206458173 801234567
206458317 801234567
206458731 801234567
