083265417 801234567
083265741 801234567
083267145 801234567
083267451 801234567
083267514 801234567
083271456 801234567
083271564 801234567
083271645 801234567
083274165 801234567
083274516 801234567
083274651 801234567
083275146 801234567
083275461 801234567
083275614 801234567
083276154 801234567
083276415 801234567
083276541 801234567
083412576 801234567
083412657 801234567
083412765 801234567
083415267 801234567
083415672 801234567
083415726 801234567
083416275 801234567
083416527 801234567
083416752 801234567
083417256 801234567
083417562 801234567
083417625 801234567
083421567 801234567
083421675 801234567
083421756 801234567
083425176 801234567
083425617 801234567
083425761 801234567
083426157 801234567
083426571 801234567
083426715 801234567
083427165 801234567
083427516 801234567
083427651 801234567
083451276 801234567
083451627 801234567
083451762 801234567
083452167 801234567
083452671 801234567
083452716 801234567
083456172 801234567
083456217 801234567
083456721 801234567
083457126 801234567
083457261 801234567
083457612 801234567
083461257 801234567
083461572 801234567
083461725 801234567
083462175 801234567
083462517 801234567
083462751 801234567
083465127 801234567
083465271 801234567
083465712 801234567
083467152 801234567
083467215 801234567
083467521 801234567
083471265 801234567
083471526 801234567
083471652 801234567
083472156 801234567
083472561 801234567
083472615 801234567
083475162 801234567
083475216 801234567
083475621 801234567
083476125 801234567
083476251 801234567
083476512 801234567
083512467 801234567
083512674 801234567
083512746 801234567
083514276 801234567
083514627 801234567
083514762 801234567
083516247 801234567
083516472 801234567
083516724 801234567
083517264 801234567
083517426 801234567
083517642 801234567
083521476 801234567
083521647 801234567
083521764 801234567
083524167 801234567
083524671 801234567
083524716 801234567
083526174 801234567
083526417 801234567
083526741 801234567
083527146 801234567
083527461 801234567
083527614 801234567
083541267 801234567
083541672 801234567
083541726 801234567
083542176 801234567
083542617 801234567
083542761 801234567
083546127 801234567
083546271 801234567
083546712 801234567
083547162 801234567
083547216 801234567
083547621 801234567
083561274 801234567
083561427 801234567
083561742 801234567
083562147 801234567
083562471 801234567
083562714 801234567
083564172 801234567
083564217 801234567
083564721 801234567
083567124 801234567
083567241 801234567
083567412 801234567
083571246 801234567
083571462 801234567
083571624 801234567
083572164 801234567
083572416 801234567
083572641 801234567
083574126 801234567
083574261 801234567
083574612 801234567
083576142 801234567
083576214 801234567
083576421 801234567
083612475 801234567
083612547 801234567
083612754 801234567
083614257 801234567
083614572 801234567
083614725 801234567
083615274 801234567
083615427 801234567
083615742 801234567
083617245 801234567
083617452 801234567
083617524 801234567
083621457 801234567
083621574 801234567
083621745 801234567
083624175 801234567
083624517 801234567
083624751 801234567
083625147 801234567
083625471 801234567
083625714 801234567
083627154 801234567
083627415 801234567
083627541 801234567
083641275 801234567
083641527 801234567
083641752 801234567
083642157 801234567
083642571 801234567
083642715 801234567
083645172 801234567
083645217 801234567
083645721 801234567
083647125 801234567
083647251 801234567
083647512 801234567
083651247 801234567
083651472 801234567
083651724 801234567
083652174 801234567
083652417 801234567
083652741 801234567
083654127 801234567
083654271 801234567
083654712 801234567
083657142 801234567
083657214 801234567
083657421 801234567
083671254 801234567
083671425 801234567
083671542 801234567
083672145 801234567
083672451 801234567
083672514 801234567
083674152 801234567
083674215 801234567
083674521 801234567
083675124 801234567
083675241 801234567
083675412 801234567
083712456 801234567
083712564 801234567
083712645 801234567
083714265 801234567
083714526 801234567
083714652 801234567
083715246 801234567
083715462 801234567
083715624 801234567
083716254 801234567
083716425 801234567
083716542 801234567
083721465 801234567
083721546 801234567
083721654 801234567
083724156 801234567
083724561 801234567
083724615 801234567
083725164 801234567
083725416 801234567
083725641 801234567
083726145 801234567
083726451 801234567
083726514 801234567
083741256 801234567
083741562 801234567
083741625 801234567
083742165 801234567
083742516 801234567
083742651 801234567
083745126 801234567
083745261 801234567
083745612 801234567
083746152 801234567
083746215 801234567
083746521 801234567
083751264 801234567
083751426 801234567
083751642 801234567
083752146 801234567
083752461 801234567
083752614 801234567
083754162 801234567
083754216 801234567
083754621 801234567
083756124 801234567
083756241 801234567
083756412 801234567
083761245 801234567
083761452 801234567
083761524 801234567
083762154 801234567
083762415 801234567
083762541 801234567
083764125 801234567
083764251 801234567
083764512 801234567
083765142 801234567
083765214 801234567
083765421 801234567
084123567 801234567
084123675 801234567
084123756 801234567
084125376 801234567
084125637 801234567
084125763 801234567
084126357 801234567
084126573 801234567
084126735 801234567
084127365 801234567
084127536 801234567
084127653 801234567
084132576 801234567
084132657 801234567
084132765 801234567
084135267 801234567
084135672 801234567
084135726 801234567
084136275 801234567
084136527 801234567
084136752 801234567
084137256 801234567
084137562 801234567
084137625 801234567
084152367 801234567
084152673 801234567
084152736 801234567
084153276 801234567
084153627 801234567
084153762 801234567
084156237 801234567
084156372 801234567
084156723 801234567
084157263 801234567
084157326 801234567
084157632 801234567
084162375 801234567
084162537 801234567
084162753 801234567
084163257 801234567
084163572 801234567
084163725 801234567
084165273 801234567
084165327 801234567
084165732 801234567
084167235 801234567
084167352 801234567
084167523 801234567
084172356 801234567
084172563 801234567
084172635 801234567
084173265 801234567
084173526 801234567
084173652 801234567
084175236 801234567
084175362 801234567
084175623 801234567
084176253 801234567
084176325 801234567
084176532 801234567
084213576 801234567
084213657 801234567
084213765 801234567
084215367 801234567
084215673 801234567
084215736 801234567
084216375 801234567
084216537 801234567
084216753 801234567
084217356 801234567
084217563 801234567
084217635 801234567
084231567 801234567
084231675 801234567
084231756 801234567
084235176 801234567
084235617 801234567
084235761 801234567
084236157 801234567
084236571 801234567
084236715 801234567
084237165 801234567
084237516 801234567
084237651 801234567
084251376 801234567
084251637 801234567
084251763 801234567
084253167 801234567
084253671 801234567
084253716 801234567
084256173 801234567
084256317 801234567
084256731 801234567
084257136 801234567
084257361 801234567
084257613 801234567
084261357 801234567
084261573 801234567
084261735 801234567
084263175 801234567
084263517 801234567
084263751 801234567
084265137 801234567
084265371 801234567
084265713 801234567
084267153 801234567
084267315 801234567
084267531 801234567
084271365 801234567
084271536 801234567
084271653 801234567
084273156 801234567
084273561 801234567
084273615 801234567
084275163 801234567
084275316 801234567
084275631 801234567
084276135 801234567
084276351 801234567
084276513 801234567
084312567 801234567
084312675 801234567
084312756 801234567
084315276 801234567
084315627 801234567
084315762 801234567
084316257 801234567
084316572 801234567
084316725 801234567
084317265 801234567
084317526 801234567
084317652 801234567
084321576 801234567
084321657 801234567
084321765 801234567
084325167 801234567
084325671 801234567
084325716 801234567
084326175 801234567
084326517 801234567
084326751 801234567
084327156 801234567
084327561 801234567
084327615 801234567
084351267 801234567
084351672 801234567
084351726 801234567
084352176 801234567
084352617 801234567
084352761 801234567
084356127 801234567
084356271 801234567
084356712 801234567
084357162 801234567
084357216 801234567
084357621 801234567
084361275 801234567
084361527 801234567
084361752 801234567
084362157 801234567
084362571 801234567
084362715 801234567
084365172 801234567
084365217 801234567
084365721 801234567
084367125 801234567
084367251 801234567
084367512 801234567
084371256 801234567
084371562 801234567
084371625 801234567
084372165 801234567
084372516 801234567
084372651 801234567
084375126 801234567
084375261 801234567
084375612 801234567
084376152 801234567
084376215 801234567
084376521 801234567
084512376 801234567
084512637 801234567
084512763 801234567
084513267 801234567
084513672 801234567
084513726 801234567
084516273 801234567
084516327 801234567
084516732 801234567
084517236 801234567
084517362 801234567
084517623 801234567
084521367 801234567
084521673 801234567
084521736 801234567
084523176 801234567
084523617 801234567
084523761 801234567
084526137 801234567
084526371 801234567
084526713 801234567
084527163 801234567
084527316 801234567
084527631 801234567
084531276 801234567
084531627 801234567
084531762 801234567
084532167 801234567
084532671 801234567
084532716 801234567
084536172 801234567
084536217 801234567
084536721 801234567
084537126 801234567
084537261 801234567
084537612 801234567
084561237 801234567
084561372 801234567
084561723 801234567
084562173 801234567
084562317 801234567
084562731 801234567
084563127 801234567
084563271 801234567
084563712 801234567
084567132 801234567
084567213 801234567
084567321 801234567
084571263 801234567
084571326 801234567
084571632 801234567
084572136 801234567
084572361 801234567
084572613 801234567
084573162 801234567
084573216 801234567
084573621 801234567
084576123 801234567
084576231 801234567
084576312 801234567
084612357 801234567
084612573 801234567
