603245718 801234567
603245871 801234567
603247158 801234567
603247581 801234567
603247815 801234567
603248175 801234567
603248517 801234567
603248751 801234567
603251487 801234567
603251748 801234567
603251874 801234567
603254178 801234567
603254781 801234567
603254817 801234567
603257184 801234567
603257418 801234567
603257841 801234567
603258147 801234567
603258471 801234567
603258714 801234567
603271458 801234567
603271584 801234567
603271845 801234567
603274185 801234567
603274518 801234567
603274851 801234567
603275148 801234567
603275481 801234567
603275814 801234567
603278154 801234567
603278415 801234567
603278541 801234567
603281475 801234567
603281547 801234567
603281754 801234567
603284157 801234567
603284571 801234567
603284715 801234567
603285174 801234567
603285417 801234567
603285741 801234567
603287145 801234567
603287451 801234567
603287514 801234567
603412578 801234567
603412785 801234567
603412857 801234567
603415287 801234567
603415728 801234567
603415872 801234567
603417258 801234567
603417582 801234567
603417825 801234567
603418275 801234567
603418527 801234567
603418752 801234567
603421587 801234567
603421758 801234567
603421875 801234567
603425178 801234567
603425781 801234567
603425817 801234567
603427185 801234567
603427518 801234567
603427851 801234567
603428157 801234567
603428571 801234567
603428715 801234567
603451278 801234567
603451782 801234567
603451827 801234567
603452187 801234567
603452718 801234567
603452871 801234567
603457128 801234567
603457281 801234567
603457812 801234567
603458172 801234567
603458217 801234567
603458721 801234567
603471285 801234567
603471528 801234567
603471852 801234567
603472158 801234567
603472581 801234567
603472815 801234567
603475182 801234567
603475218 801234567
603475821 801234567
603478125 801234567
603478251 801234567
603478512 801234567
603481257 801234567
603481572 801234567
603481725 801234567
603482175 801234567
603482517 801234567
603482751 801234567
603485127 801234567
603485271 801234567
603485712 801234567
603487152 801234567
603487215 801234567
603487521 801234567
603512487 801234567
603512748 801234567
603512874 801234567
603514278 801234567
603514782 801234567
603514827 801234567
603517284 801234567
603517428 801234567
603517842 801234567
603518247 801234567
603518472 801234567
603518724 801234567
603521478 801234567
603521784 801234567
603521847 801234567
603524187 801234567
603524718 801234567
603524871 801234567
603527148 801234567
603527481 801234567
603527814 801234567
603528174 801234567
603528417 801234567
603528741 801234567
603541287 801234567
603541728 801234567
603541872 801234567
603542178 801234567
603542781 801234567
603542817 801234567
603547182 801234567
603547218 801234567
603547821 801234567
603548127 801234567
603548271 801234567
603548712 801234567
603571248 801234567
603571482 801234567
603571824 801234567
603572184 801234567
603572418 801234567
603572841 801234567
603574128 801234567
603574281 801234567
603574812 801234567
603578142 801234567
603578214 801234567
603578421 801234567
603581274 801234567
603581427 801234567
603581742 801234567
603582147 801234567
603582471 801234567
603582714 801234567
603584172 801234567
603584217 801234567
603584721 801234567
603587124 801234567
603587241 801234567
603587412 801234567
603712458 801234567
603712584 801234567
603712845 801234567
603714285 801234567
603714528 801234567
603714852 801234567
603715248 801234567
603715482 801234567
603715824 801234567
603718254 801234567
603718425 801234567
603718542 801234567
603721485 801234567
603721548 801234567
603721854 801234567
603724158 801234567
603724581 801234567
603724815 801234567
603725184 801234567
603725418 801234567
603725841 801234567
603728145 801234567
603728451 801234567
603728514 801234567
603741258 801234567
603741582 801234567
603741825 801234567
603742185 801234567
603742518 801234567
603742851 801234567
603745128 801234567
603745281 801234567
603745812 801234567
603748152 801234567
603748215 801234567
603748521 801234567
603751284 801234567
603751428 801234567
603751842 801234567
603752148 801234567
603752481 801234567
603752814 801234567
603754182 801234567
603754218 801234567
603754821 801234567
603758124 801234567
603758241 801234567
603758412 801234567
603781245 801234567
603781452 801234567
603781524 801234567
603782154 801234567
603782415 801234567
603782541 801234567
603784125 801234567
603784251 801234567
603784512 801234567
603785142 801234567
603785214 801234567
603785421 801234567
603812475 801234567
603812547 801234567
603812754 801234567
603814257 801234567
603814572 801234567
603814725 801234567
603815274 801234567
603815427 801234567
603815742 801234567
603817245 801234567
603817452 801234567
603817524 801234567
603821457 801234567
603821574 801234567
603821745 801234567
603824175 801234567
603824517 801234567
603824751 801234567
603825147 801234567
603825471 801234567
603825714 801234567
603827154 801234567
603827415 801234567
603827541 801234567
603841275 801234567
603841527 801234567
603841752 801234567
603842157 801234567
603842571 801234567
603842715 801234567
603845172 801234567
603845217 801234567
603845721 801234567
603847125 801234567
603847251 801234567
603847512 801234567
603851247 801234567
603851472 801234567
603851724 801234567
603852174 801234567
603852417 801234567
603852741 801234567
603854127 801234567
603854271 801234567
603854712 801234567
603857142 801234567
603857214 801234567
603857421 801234567
603871254 801234567
603871425 801234567
603871542 801234567
603872145 801234567
603872451 801234567
603872514 801234567
603874152 801234567
603874215 801234567
603874521 801234567
603875124 801234567
603875241 801234567
603875412 801234567
604123587 801234567
604123758 801234567
604123875 801234567
604125378 801234567
604125783 801234567
604125837 801234567
604127385 801234567
604127538 801234567
604127853 801234567
604128357 801234567
604128573 801234567
604128735 801234567
604132578 801234567
604132785 801234567
604132857 801234567
604135287 801234567
604135728 801234567
604135872 801234567
604137258 801234567
604137582 801234567
604137825 801234567
604138275 801234567
604138527 801234567
604138752 801234567
604152387 801234567
604152738 801234567
604152873 801234567
604153278 801234567
604153782 801234567
604153827 801234567
604157283 801234567
604157328 801234567
604157832 801234567
604158237 801234567
604158372 801234567
604158723 801234567
604172358 801234567
604172583 801234567
604172835 801234567
604173285 801234567
604173528 801234567
604173852 801234567
604175238 801234567
604175382 801234567
604175823 801234567
604178253 801234567
604178325 801234567
604178532 801234567
604182375 801234567
604182537 801234567
604182753 801234567
604183257 801234567
604183572 801234567
604183725 801234567
604185273 801234567
604185327 801234567
604185732 801234567
604187235 801234567
604187352 801234567
604187523 801234567
604213578 801234567
604213785 801234567
604213857 801234567
604215387 801234567
604215738 801234567
604215873 801234567
604217358 801234567
604217583 801234567
604217835 801234567
604218375 801234567
604218537 801234567
604218753 801234567
604231587 801234567
604231758 801234567
604231875 801234567
604235178 801234567
604235781 801234567
604235817 801234567
604237185 801234567
604237518 801234567
604237851 801234567
604238157 801234567
604238571 801234567
604238715 801234567
604251378 801234567
604251783 801234567
604251837 801234567
604253187 801234567
604253718 801234567
604253871 801234567
604257138 801234567
604257381 801234567
604257813 801234567
604258173 801234567
604258317 801234567
604258731 801234567
604271385 801234567
604271538 801234567
604271853 801234567
604273158 801234567
604273581 801234567
604273815 801234567
604275183 801234567
604275318 801234567
604275831 801234567
604278135 801234567
604278351 801234567
604278513 801234567
604281357 801234567
604281573 801234567
604281735 801234567
604283175 801234567
604283517 801234567
604283751 801234567
604285137 801234567
604285371 801234567
604285713 801234567
604287153 801234567
604287315 801234567
604287531 801234567
604312587 801234567
604312758 801234567
604312875 801234567
604315278 801234567
604315782 801234567
604315827 801234567
604317285 801234567
604317528 801234567
604317852 801234567
604318257 801234567
604318572 801234567
604318725 801234567
604321578 801234567
604321785 801234567
604321857 801234567
604325187 801234567
604325718 801234567
604325871 801234567
604327158 801234567
604327581 801234567
604327815 801234567
604328175 801234567
604328517 801234567
604328751 801234567
604351287 801234567
604351728 801234567
604351872 801234567
604352178 801234567
604352781 801234567
604352817 801234567
604357182 801234567
604357218 801234567
604357821 801234567
604358127 801234567
604358271 801234567
604358712 801234567
604371258 801234567
604371582 801234567
604371825 801234567
604372185 801234567
604372518 801234567
604372851 801234567
604375128 801234567
604375281 801234567
604375812 801234567
604378152 801234567
604378215 801234567
604378521 801234567
604381275 801234567
604381527 801234567
604381752 801234567
604382157 801234567
604382571 801234567
604382715 801234567
604385172 801234567
604385217 801234567
604385721 801234567
604387125 801234567
604387251 801234567
604387512 801234567
604512378 801234567
604512783 801234567
604512837 801234567
604513287 801234567
604513728 801234567
604513872 801234567
604517238 801234567
604517382 801234567
604517823 801234567
604518273 801234567
604518327 801234567
604518732 801234567
604521387 801234567
604521738 801234567
604521873 801234567
604523178 801234567
604523781 801234567
604523817 801234567
604527183 801234567
604527318 801234567
604527831 801234567
604528137 801234567
604528371 801234567
604528713 801234567
604531278 801234567
604531782 801234567
604531827 801234567
604532187 801234567
604532718 801234567
604532871 801234567
604537128 801234567
604537281 801234567
604537812 801234567
604538172 801234567
604538217 801234567
