136805274 801234567
136805427 801234567
136805742 801234567
136807245 801234567
136807452 801234567
136807524 801234567
136820457 801234567
136820574 801234567
136820745 801234567
136824075 801234567
136824507 801234567
136824750 801234567
136825047 801234567
136825470 801234567
136825704 801234567
136827054 801234567
136827405 801234567
136827540 801234567
136840275 801234567
136840527 801234567
136840752 801234567
136842057 801234567
136842570 801234567
136842705 801234567
136845072 801234567
136845207 801234567
136845720 801234567
136847025 801234567
136847250 801234567
136847502 801234567
136850247 801234567
136850472 801234567
136850724 801234567
136852074 801234567
136852407 801234567
136852740 801234567
136854027 801234567
136854270 801234567
136854702 801234567
136857042 801234567
136857204 801234567
136857420 801234567
136870254 801234567
136870425 801234567
136870542 801234567
136872045 801234567
136872450 801234567
136872504 801234567
136874052 801234567
136874205 801234567
136874520 801234567
136875024 801234567
136875240 801234567
136875402 801234567
137024586 801234567
137024658 801234567
137024865 801234567
137025468 801234567
137025684 801234567
137025846 801234567
137026485 801234567
137026548 801234567
137026854 801234567
137028456 801234567
137028564 801234567
137028645 801234567
137042568 801234567
137042685 801234567
137042856 801234567
137045286 801234567
137045628 801234567
137045862 801234567
137046258 801234567
137046582 801234567
137046825 801234567
137048265 801234567
137048526 801234567
137048652 801234567
137052486 801234567
137052648 801234567
137052864 801234567
137054268 801234567
137054682 801234567
137054826 801234567
137056284 801234567
137056428 801234567
137056842 801234567
137058246 801234567
137058462 801234567
137058624 801234567
137062458 801234567
137062584 801234567
137062845 801234567
137064285 801234567
137064528 801234567
137064852 801234567
137065248 801234567
137065482 801234567
137065824 801234567
137068254 801234567
137068425 801234567
137068542 801234567
137082465 801234567
137082546 801234567
137082654 801234567
137084256 801234567
137084562 801234567
137084625 801234567
137085264 801234567
137085426 801234567
137085642 801234567
137086245 801234567
137086452 801234567
137086524 801234567
137204568 801234567
137204685 801234567
137204856 801234567
137205486 801234567
137205648 801234567
137205864 801234567
137206458 801234567
137206584 801234567
137206845 801234567
137208465 801234567
137208546 801234567
137208654 801234567
137240586 801234567
137240658 801234567
137240865 801234567
137245068 801234567
137245680 801234567
137245806 801234567
137246085 801234567
137246508 801234567
137246850 801234567
137248056 801234567
137248560 801234567
137248605 801234567
137250468 801234567
137250684 801234567
137250846 801234567
137254086 801234567
137254608 801234567
137254860 801234567
137256048 801234567
137256480 801234567
137256804 801234567
137258064 801234567
137258406 801234567
137258640 801234567
137260485 801234567
137260548 801234567
137260854 801234567
137264058 801234567
137264580 801234567
137264805 801234567
137265084 801234567
137265408 801234567
137265840 801234567
137268045 801234567
137268450 801234567
137268504 801234567
137280456 801234567
137280564 801234567
137280645 801234567
137284065 801234567
137284506 801234567
137284650 801234567
137285046 801234567
137285460 801234567
137285604 801234567
137286054 801234567
137286405 801234567
137286540 801234567
137402586 801234567
137402658 801234567
137402865 801234567
137405268 801234567
137405682 801234567
137405826 801234567
137406285 801234567
137406528 801234567
137406852 801234567
137408256 801234567
137408562 801234567
137408625 801234567
137420568 801234567
137420685 801234567
137420856 801234567
137425086 801234567
137425608 801234567
137425860 801234567
137426058 801234567
137426580 801234567
137426805 801234567
137428065 801234567
137428506 801234567
137428650 801234567
137450286 801234567
137450628 801234567
137450862 801234567
137452068 801234567
137452680 801234567
137452806 801234567
137456082 801234567
137456208 801234567
137456820 801234567
137458026 801234567
137458260 801234567
137458602 801234567
137460258 801234567
137460582 801234567
137460825 801234567
137462085 801234567
137462508 801234567
137462850 801234567
137465028 801234567
137465280 801234567
137465802 801234567
137468052 801234567
137468205 801234567
137468520 801234567
137480265 801234567
137480526 801234567
137480652 801234567
137482056 801234567
137482560 801234567
137482605 801234567
137485062 801234567
137485206 801234567
137485620 801234567
137486025 801234567
137486250 801234567
137486502 801234567
137502468 801234567
137502684 801234567
137502846 801234567
137504286 801234567
137504628 801234567
137504862 801234567
137506248 801234567
137506482 801234567
137506824 801234567
137508264 801234567
137508426 801234567
137508642 801234567
137520486 801234567
137520648 801234567
137520864 801234567
137524068 801234567
137524680 801234567
137524806 801234567
137526084 801234567
137526408 801234567
137526840 801234567
137528046 801234567
137528460 801234567
137528604 801234567
137540268 801234567
137540682 801234567
137540826 801234567
137542086 801234567
137542608 801234567
137542860 801234567
137546028 801234567
137546280 801234567
137546802 801234567
137548062 801234567
137548206 801234567
137548620 801234567
137560284 801234567
137560428 801234567
137560842 801234567
137562048 801234567
137562480 801234567
137562804 801234567
137564082 801234567
137564208 801234567
137564820 801234567
137568024 801234567
137568240 801234567
137568402 801234567
137580246 801234567
137580462 801234567
137580624 801234567
137582064 801234567
137582406 801234567
137582640 801234567
137584026 801234567
137584260 801234567
137584602 801234567
137586042 801234567
137586204 801234567
137586420 801234567
137602485 801234567
137602548 801234567
137602854 801234567
137604258 801234567
137604582 801234567
137604825 801234567
137605284 801234567
137605428 801234567
137605842 801234567
137608245 801234567
137608452 801234567
137608524 801234567
137620458 801234567
137620584 801234567
137620845 801234567
137624085 801234567
137624508 801234567
137624850 801234567
137625048 801234567
137625480 801234567
137625804 801234567
137628054 801234567
137628405 801234567
137628540 801234567
137640285 801234567
137640528 801234567
137640852 801234567
137642058 801234567
137642580 801234567
137642805 801234567
137645082 801234567
137645208 801234567
137645820 801234567
137648025 801234567
137648250 801234567
137648502 801234567
137650248 801234567
137650482 801234567
137650824 801234567
137652084 801234567
137652408 801234567
137652840 801234567
137654028 801234567
137654280 801234567
137654802 801234567
137658042 801234567
137658204 801234567
137658420 801234567
137680254 801234567
137680425 801234567
137680542 801234567
137682045 801234567
137682450 801234567
137682504 801234567
137684052 801234567
137684205 801234567
137684520 801234567
137685024 801234567
137685240 801234567
137685402 801234567
137802456 801234567
137802564 801234567
137802645 801234567
137804265 801234567
137804526 801234567
137804652 801234567
137805246 801234567
137805462 801234567
137805624 801234567
137806254 801234567
137806425 801234567
137806542 801234567
137820465 801234567
137820546 801234567
137820654 801234567
137824056 801234567
137824560 801234567
137824605 801234567
137825064 801234567
137825406 801234567
137825640 801234567
137826045 801234567
137826450 801234567
137826504 801234567
137840256 801234567
137840562 801234567
137840625 801234567
137842065 801234567
137842506 801234567
137842650 801234567
137845026 801234567
137845260 801234567
137845602 801234567
137846052 801234567
137846205 801234567
137846520 801234567
137850264 801234567
137850426 801234567
137850642 801234567
137852046 801234567
137852460 801234567
137852604 801234567
137854062 801234567
137854206 801234567
137854620 801234567
137856024 801234567
137856240 801234567
137856402 801234567
137860245 801234567
137860452 801234567
137860524 801234567
137862054 801234567
137862405 801234567
137862540 801234567
137864025 801234567
137864250 801234567
137864502 801234567
137865042 801234567
137865204 801234567
137865420 801234567
138024567 801234567
138024675 801234567
138024756 801234567
138025476 801234567
138025647 801234567
138025764 801234567
138026457 801234567
138026574 801234567
138026745 801234567
138027465 801234567
138027546 801234567
138027654 801234567
138042576 801234567
138042657 801234567
138042765 801234567
138045267 801234567
138045672 801234567
138045726 801234567
138046275 801234567
138046527 801234567
138046752 801234567
138047256 801234567
138047562 801234567
138047625 801234567
138052467 801234567
138052674 801234567
138052746 801234567
138054276 801234567
138054627 801234567
138054762 801234567
138056247 801234567
138056472 801234567
138056724 801234567
138057264 801234567
138057426 801234567
138057642 801234567
138062475 801234567
138062547 801234567
138062754 801234567
138064257 801234567
138064572 801234567
138064725 801234567
138065274 801234567
138065427 801234567
138065742 801234567
138067245 801234567
138067452 801234567
138067524 801234567
138072456 801234567
138072564 801234567
138072645 801234567
138074265 801234567
138074526 801234567
138074652 801234567
138075246 801234567
138075462 801234567
138075624 801234567
138076254 801234567
138076425 801234567
138076542 801234567
138204576 801234567
138204657 801234567
138204765 801234567
138205467 801234567
138205674 801234567
138205746 801234567
138206475 801234567
138206547 801234567
138206754 801234567
138207456 801234567
138207564 801234567
138207645 801234567
138240567 801234567
138240675 801234567
138240756 801234567
138245076 801234567
138245607 801234567
138245760 801234567
138246057 801234567
138246570 801234567
138246705 801234567
138247065 801234567
138247506 801234567
138247650 801234567
138250476 801234567
