037451862 801234567
037452168 801234567
037452681 801234567
037452816 801234567
037456182 801234567
037456218 801234567
037456821 801234567
037458126 801234567
037458261 801234567
037458612 801234567
037461258 801234567
037461582 801234567
037461825 801234567
037462185 801234567
037462518 801234567
037462851 801234567
037465128 801234567
037465281 801234567
037465812 801234567
037468152 801234567
037468215 801234567
037468521 801234567
037481265 801234567
037481526 801234567
037481652 801234567
037482156 801234567
037482561 801234567
037482615 801234567
037485162 801234567
037485216 801234567
037485621 801234567
037486125 801234567
037486251 801234567
037486512 801234567
037512468 801234567
037512684 801234567
037512846 801234567
037514286 801234567
037514628 801234567
037514862 801234567
037516248 801234567
037516482 801234567
037516824 801234567
037518264 801234567
037518426 801234567
037518642 801234567
037521486 801234567
037521648 801234567
037521864 801234567
037524168 801234567
037524681 801234567
037524816 801234567
037526184 801234567
037526418 801234567
037526841 801234567
037528146 801234567
037528461 801234567
037528614 801234567
037541268 801234567
037541682 801234567
037541826 801234567
037542186 801234567
037542618 801234567
037542861 801234567
037546128 801234567
037546281 801234567
037546812 801234567
037548162 801234567
037548216 801234567
037548621 801234567
037561284 801234567
037561428 801234567
037561842 801234567
037562148 801234567
037562481 801234567
037562814 801234567
037564182 801234567
037564218 801234567
037564821 801234567
037568124 801234567
037568241 801234567
037568412 801234567
037581246 801234567
037581462 801234567
037581624 801234567
037582164 801234567
037582416 801234567
037582641 801234567
037584126 801234567
037584261 801234567
037584612 801234567
037586142 801234567
037586214 801234567
037586421 801234567
037612485 801234567
037612548 801234567
037612854 801234567
037614258 801234567
037614582 801234567
037614825 801234567
037615284 801234567
037615428 801234567
037615842 801234567
037618245 801234567
037618452 801234567
037618524 801234567
037621458 801234567
037621584 801234567
037621845 801234567
037624185 801234567
037624518 801234567
037624851 801234567
037625148 801234567
037625481 801234567
037625814 801234567
037628154 801234567
037628415 801234567
037628541 801234567
037641285 801234567
037641528 801234567
037641852 801234567
037642158 801234567
037642581 801234567
037642815 801234567
037645182 801234567
037645218 801234567
037645821 801234567
037648125 801234567
037648251 801234567
037648512 801234567
037651248 801234567
037651482 801234567
037651824 801234567
037652184 801234567
037652418 801234567
037652841 801234567
037654128 801234567
037654281 801234567
037654812 801234567
037658142 801234567
037658214 801234567
037658421 801234567
037681254 801234567
037681425 801234567
037681542 801234567
037682145 801234567
037682451 801234567
037682514 801234567
037684152 801234567
037684215 801234567
037684521 801234567
037685124 801234567
037685241 801234567
037685412 801234567
037812456 801234567
037812564 801234567
037812645 801234567
037814265 801234567
037814526 801234567
037814652 801234567
037815246 801234567
037815462 801234567
037815624 801234567
037816254 801234567
037816425 801234567
037816542 801234567
037821465 801234567
037821546 801234567
037821654 801234567
037824156 801234567
037824561 801234567
037824615 801234567
037825164 801234567
037825416 801234567
037825641 801234567
037826145 801234567
037826451 801234567
037826514 801234567
037841256 801234567
037841562 801234567
037841625 801234567
037842165 801234567
037842516 801234567
037842651 801234567
037845126 801234567
037845261 801234567
037845612 801234567
037846152 801234567
037846215 801234567
037846521 801234567
037851264 801234567
037851426 801234567
037851642 801234567
037852146 801234567
037852461 801234567
037852614 801234567
037854162 801234567
037854216 801234567
037854621 801234567
037856124 801234567
037856241 801234567
037856412 801234567
037861245 801234567
037861452 801234567
037861524 801234567
037862154 801234567
037862415 801234567
037862541 801234567
037864125 801234567
037864251 801234567
037864512 801234567
037865142 801234567
037865214 801234567
037865421 801234567
038124567 801234567
038124675 801234567
038124756 801234567
038125476 801234567
038125647 801234567
038125764 801234567
038126457 801234567
038126574 801234567
038126745 801234567
038127465 801234567
038127546 801234567
038127654 801234567
038142576 801234567
038142657 801234567
038142765 801234567
038145267 801234567
038145672 801234567
038145726 801234567
038146275 801234567
038146527 801234567
038146752 801234567
038147256 801234567
038147562 801234567
038147625 801234567
038152467 801234567
038152674 801234567
038152746 801234567
038154276 801234567
038154627 801234567
038154762 801234567
038156247 801234567
038156472 801234567
038156724 801234567
038157264 801234567
038157426 801234567
038157642 801234567
038162475 801234567
038162547 801234567
038162754 801234567
038164257 801234567
038164572 801234567
038164725 801234567
038165274 801234567
038165427 801234567
038165742 801234567
038167245 801234567
038167452 801234567
038167524 801234567
038172456 801234567
038172564 801234567
038172645 801234567
038174265 801234567
038174526 801234567
038174652 801234567
038175246 801234567
038175462 801234567
038175624 801234567
038176254 801234567
038176425 801234567
038176542 801234567
038214576 801234567
038214657 801234567
038214765 801234567
038215467 801234567
038215674 801234567
038215746 801234567
038216475 801234567
038216547 801234567
038216754 801234567
038217456 801234567
038217564 801234567
038217645 801234567
038241567 801234567
038241675 801234567
038241756 801234567
038245176 801234567
038245617 801234567
038245761 801234567
038246157 801234567
038246571 801234567
038246715 801234567
038247165 801234567
038247516 801234567
038247651 801234567
038251476 801234567
038251647 801234567
038251764 801234567
038254167 801234567
038254671 801234567
038254716 801234567
038256174 801234567
038256417 801234567
038256741 801234567
038257146 801234567
038257461 801234567
038257614 801234567
038261457 801234567
038261574 801234567
038261745 801234567
038264175 801234567
038264517 801234567
038264751 801234567
038265147 801234567
038265471 801234567
038265714 801234567
038267154 801234567
038267415 801234567
038267541 801234567
038271465 801234567
038271546 801234567
038271654 801234567
038274156 801234567
038274561 801234567
038274615 801234567
038275164 801234567
038275416 801234567
038275641 801234567
038276145 801234567
038276451 801234567
038276514 801234567
038412567 801234567
038412675 801234567
038412756 801234567
038415276 801234567
038415627 801234567
038415762 801234567
038416257 801234567
038416572 801234567
038416725 801234567
038417265 801234567
038417526 801234567
038417652 801234567
038421576 801234567
038421657 801234567
038421765 801234567
038425167 801234567
038425671 801234567
038425716 801234567
038426175 801234567
038426517 801234567
038426751 801234567
038427156 801234567
038427561 801234567
038427615 801234567
038451267 801234567
038451672 801234567
038451726 801234567
038452176 801234567
038452617 801234567
038452761 801234567
038456127 801234567
038456271 801234567
038456712 801234567
038457162 801234567
038457216 801234567
038457621 801234567
038461275 801234567
038461527 801234567
038461752 801234567
038462157 801234567
038462571 801234567
038462715 801234567
038465172 801234567
038465217 801234567
038465721 801234567
038467125 801234567
038467251 801234567
038467512 801234567
038471256 801234567
038471562 801234567
038471625 801234567
038472165 801234567
038472516 801234567
038472651 801234567
038475126 801234567
038475261 801234567
038475612 801234567
038476152 801234567
038476215 801234567
038476521 801234567
038512476 801234567
038512647 801234567
038512764 801234567
038514267 801234567
038514672 801234567
038514726 801234567
038516274 801234567
038516427 801234567
038516742 801234567
038517246 801234567
038517462 801234567
038517624 801234567
038521467 801234567
038521674 801234567
038521746 801234567
038524176 801234567
038524617 801234567
038524761 801234567
038526147 801234567
038526471 801234567
038526714 801234567
038527164 801234567
038527416 801234567
038527641 801234567
038541276 801234567
038541627 801234567
038541762 801234567
038542167 801234567
038542671 801234567
038542716 801234567
038546172 801234567
038546217 801234567
038546721 801234567
038547126 801234567
038547261 801234567
038547612 801234567
038561247 801234567
038561472 801234567
038561724 801234567
038562174 801234567
038562417 801234567
038562741 801234567
038564127 801234567
038564271 801234567
038564712 801234567
038567142 801234567
038567214 801234567
038567421 801234567
038571264 801234567
038571426 801234567
038571642 801234567
038572146 801234567
038572461 801234567
038572614 801234567
038574162 801234567
038574216 801234567
038574621 801234567
038576124 801234567
038576241 801234567
038576412 801234567
038612457 801234567
038612574 801234567
038612745 801234567
038614275 801234567
038614527 801234567
038614752 801234567
038615247 801234567
038615472 801234567
038615724 801234567
038617254 801234567
038617425 801234567
038617542 801234567
038621475 801234567
038621547 801234567
038621754 801234567
038624157 801234567
038624571 801234567
038624715 801234567
038625174 801234567
038625417 801234567
038625741 801234567
038627145 801234567
038627451 801234567
038627514 801234567
038641257 801234567
038641572 801234567
038641725 801234567
038642175 801234567
038642517 801234567
038642751 801234567
038645127 801234567
038645271 801234567
038645712 801234567
038647152 801234567
038647215 801234567
038647521 801234567
038651274 801234567
038651427 801234567
038651742 801234567
038652147 801234567
038652471 801234567
038652714 801234567
038654172 801234567
038654217 801234567
038654721 801234567
