470182356 801234567
470182563 801234567
470182635 801234567
470183265 801234567
470183526 801234567
470183652 801234567
470185236 801234567
470185362 801234567
470185623 801234567
470186253 801234567
470186325 801234567
470186532 801234567
470213586 801234567
470213658 801234567
470213865 801234567
470215368 801234567
470215683 801234567
470215836 801234567
470216385 801234567
470216538 801234567
470216853 801234567
470218356 801234567
470218563 801234567
470218635 801234567
470231568 801234567
470231685 801234567
470231856 801234567
470235186 801234567
470235618 801234567
470235861 801234567
470236158 801234567
470236581 801234567
470236815 801234567
470238165 801234567
470238516 801234567
470238651 801234567
470251386 801234567
470251638 801234567
470251863 801234567
470253168 801234567
470253681 801234567
470253816 801234567
470256183 801234567
470256318 801234567
470256831 801234567
470258136 801234567
470258361 801234567
470258613 801234567
470261358 801234567
470261583 801234567
470261835 801234567
470263185 801234567
470263518 801234567
470263851 801234567
470265138 801234567
470265381 801234567
470265813 801234567
470268153 801234567
470268315 801234567
470268531 801234567
470281365 801234567
470281536 801234567
470281653 801234567
470283156 801234567
470283561 801234567
470283615 801234567
470285163 801234567
470285316 801234567
470285631 801234567
470286135 801234567
470286351 801234567
470286513 801234567
470312568 801234567
470312685 801234567
470312856 801234567
470315286 801234567
470315628 801234567
470315862 801234567
470316258 801234567
470316582 801234567
470316825 801234567
470318265 801234567
470318526 801234567
470318652 801234567
470321586 801234567
470321658 801234567
470321865 801234567
470325168 801234567
470325681 801234567
470325816 801234567
470326185 801234567
470326518 801234567
470326851 801234567
470328156 801234567
470328561 801234567
470328615 801234567
470351268 801234567
470351682 801234567
470351826 801234567
470352186 801234567
470352618 801234567
470352861 801234567
470356128 801234567
470356281 801234567
470356812 801234567
470358162 801234567
470358216 801234567
470358621 801234567
470361285 801234567
470361528 801234567
470361852 801234567
470362158 801234567
470362581 801234567
470362815 801234567
470365182 801234567
470365218 801234567
470365821 801234567
470368125 801234567
470368251 801234567
470368512 801234567
470381256 801234567
470381562 801234567
470381625 801234567
470382165 801234567
470382516 801234567
470382651 801234567
470385126 801234567
470385261 801234567
470385612 801234567
470386152 801234567
470386215 801234567
470386521 801234567
470512386 801234567
470512638 801234567
470512863 801234567
470513268 801234567
470513682 801234567
470513826 801234567
470516283 801234567
470516328 801234567
470516832 801234567
470518236 801234567
470518362 801234567
470518623 801234567
470521368 801234567
470521683 801234567
470521836 801234567
470523186 801234567
470523618 801234567
470523861 801234567
470526138 801234567
470526381 801234567
470526813 801234567
470528163 801234567
470528316 801234567
470528631 801234567
470531286 801234567
470531628 801234567
470531862 801234567
470532168 801234567
470532681 801234567
470532816 801234567
470536182 801234567
470536218 801234567
470536821 801234567
470538126 801234567
470538261 801234567
470538612 801234567
470561238 801234567
470561382 801234567
470561823 801234567
470562183 801234567
470562318 801234567
470562831 801234567
470563128 801234567
470563281 801234567
470563812 801234567
470568132 801234567
470568213 801234567
470568321 801234567
470581263 801234567
470581326 801234567
470581632 801234567
470582136 801234567
470582361 801234567
470582613 801234567
470583162 801234567
470583216 801234567
470583621 801234567
470586123 801234567
470586231 801234567
470586312 801234567
470612358 801234567
470612583 801234567
470612835 801234567
470613285 801234567
470613528 801234567
470613852 801234567
470615238 801234567
470615382 801234567
470615823 801234567
470618253 801234567
470618325 801234567
470618532 801234567
470621385 801234567
470621538 801234567
470621853 801234567
470623158 801234567
470623581 801234567
470623815 801234567
470625183 801234567
470625318 801234567
470625831 801234567
470628135 801234567
470628351 801234567
470628513 801234567
470631258 801234567
470631582 801234567
470631825 801234567
470632185 801234567
470632518 801234567
470632851 801234567
470635128 801234567
470635281 801234567
470635812 801234567
470638152 801234567
470638215 801234567
470638521 801234567
470651283 801234567
470651328 801234567
470651832 801234567
470652138 801234567
470652381 801234567
470652813 801234567
470653182 801234567
470653218 801234567
470653821 801234567
470658123 801234567
470658231 801234567
470658312 801234567
470681235 801234567
470681352 801234567
470681523 801234567
470682153 801234567
470682315 801234567
470682531 801234567
470683125 801234567
470683251 801234567
470683512 801234567
470685132 801234567
470685213 801234567
470685321 801234567
470812365 801234567
470812536 801234567
470812653 801234567
470813256 801234567
470813562 801234567
470813625 801234567
470815263 801234567
470815326 801234567
470815632 801234567
470816235 801234567
470816352 801234567
470816523 801234567
470821356 801234567
470821563 801234567
470821635 801234567
470823165 801234567
470823516 801234567
470823651 801234567
470825136 801234567
470825361 801234567
470825613 801234567
470826153 801234567
470826315 801234567
470826531 801234567
470831265 801234567
470831526 801234567
470831652 801234567
470832156 801234567
470832561 801234567
470832615 801234567
470835162 801234567
470835216 801234567
470835621 801234567
470836125 801234567
470836251 801234567
470836512 801234567
470851236 801234567
470851362 801234567
470851623 801234567
470852163 801234567
470852316 801234567
470852631 801234567
470853126 801234567
470853261 801234567
470853612 801234567
470856132 801234567
470856213 801234567
470856321 801234567
470861253 801234567
470861325 801234567
470861532 801234567
470862135 801234567
470862351 801234567
470862513 801234567
470863152 801234567
470863215 801234567
470863521 801234567
470865123 801234567
470865231 801234567
470865312 801234567
471023586 801234567
471023658 801234567
471023865 801234567
471025368 801234567
471025683 801234567
471025836 801234567
471026385 801234567
471026538 801234567
471026853 801234567
471028356 801234567
471028563 801234567
471028635 801234567
471032568 801234567
471032685 801234567
471032856 801234567
471035286 801234567
471035628 801234567
471035862 801234567
471036258 801234567
471036582 801234567
471036825 801234567
471038265 801234567
471038526 801234567
471038652 801234567
471052386 801234567
471052638 801234567
471052863 801234567
471053268 801234567
471053682 801234567
471053826 801234567
471056283 801234567
471056328 801234567
471056832 801234567
471058236 801234567
471058362 801234567
471058623 801234567
471062358 801234567
471062583 801234567
471062835 801234567
471063285 801234567
471063528 801234567
471063852 801234567
471065238 801234567
471065382 801234567
471065823 801234567
471068253 801234567
471068325 801234567
471068532 801234567
471082365 801234567
471082536 801234567
471082653 801234567
471083256 801234567
471083562 801234567
471083625 801234567
471085263 801234567
471085326 801234567
471085632 801234567
471086235 801234567
471086352 801234567
471086523 801234567
471203568 801234567
471203685 801234567
471203856 801234567
471205386 801234567
471205638 801234567
471205863 801234567
471206358 801234567
471206583 801234567
471206835 801234567
471208365 801234567
471208536 801234567
471208653 801234567
471230586 801234567
471230658 801234567
471230865 801234567
471235068 801234567
471235680 801234567
471235806 801234567
471236085 801234567
471236508 801234567
471236850 801234567
471238056 801234567
471238560 801234567
471238605 801234567
471250368 801234567
471250683 801234567
471250836 801234567
471253086 801234567
471253608 801234567
471253860 801234567
471256038 801234567
471256380 801234567
471256803 801234567
471258063 801234567
471258306 801234567
471258630 801234567
471260385 801234567
471260538 801234567
471260853 801234567
471263058 801234567
471263580 801234567
471263805 801234567
471265083 801234567
471265308 801234567
471265830 801234567
471268035 801234567
471268350 801234567
471268503 801234567
471280356 801234567
471280563 801234567
471280635 801234567
471283065 801234567
471283506 801234567
471283650 801234567
471285036 801234567
471285360 801234567
471285603 801234567
471286053 801234567
471286305 801234567
471286530 801234567
471302586 801234567
471302658 801234567
471302865 801234567
471305268 801234567
471305682 801234567
471305826 801234567
471306285 801234567
471306528 801234567
471306852 801234567
471308256 801234567
471308562 801234567
471308625 801234567
471320568 801234567
471320685 801234567
471320856 801234567
471325086 801234567
471325608 801234567
471325860 801234567
471326058 801234567
471326580 801234567
471326805 801234567
471328065 801234567
471328506 801234567
471328650 801234567
471350286 801234567
471350628 801234567
471350862 801234567
471352068 801234567
471352680 801234567
471352806 801234567
471356082 801234567
471356208 801234567
471356820 801234567
471358026 801234567
471358260 801234567
471358602 801234567
471360258 801234567
471360582 801234567
471360825 801234567
471362085 801234567
471362508 801234567
471362850 801234567
471365028 801234567
471365280 801234567
471365802 801234567
471368052 801234567
471368205 801234567
471368520 801234567
471380265 801234567
471380526 801234567
471380652 801234567
471382056 801234567
471382560 801234567
471382605 801234567
471385062 801234567
471385206 801234567
471385620 801234567
471386025 801234567
471386250 801234567
471386502 801234567
471502368 801234567
471502683 801234567
471502836 801234567
471503286 801234567
471503628 801234567
471503862 801234567
471506238 801234567
