807462351 801234567
807462513 801234567
807463152 801234567
807463215 801234567
807463521 801234567
807465123 801234567
807465231 801234567
807465312 801234567
807512346 801234567
807512463 801234567
807512634 801234567
807513264 801234567
807513426 801234567
807513642 801234567
807514236 801234567
807514362 801234567
807514623 801234567
807516243 801234567
807516324 801234567
807516432 801234567
807521364 801234567
807521436 801234567
807521643 801234567
807523146 801234567
807523461 801234567
807523614 801234567
807524163 801234567
807524316 801234567
807524631 801234567
807526134 801234567
807526341 801234567
807526413 801234567
807531246 801234567
807531462 801234567
807531624 801234567
807532164 801234567
807532416 801234567
807532641 801234567
807534126 801234567
807534261 801234567
807534612 801234567
807536142 801234567
807536214 801234567
807536421 801234567
807541263 801234567
807541326 801234567
807541632 801234567
807542136 801234567
807542361 801234567
807542613 801234567
807543162 801234567
807543216 801234567
807543621 801234567
807546123 801234567
807546231 801234567
807546312 801234567
807561234 801234567
807561342 801234567
807561423 801234567
807562143 801234567
807562314 801234567
807562431 801234567
807563124 801234567
807563241 801234567
807563412 801234567
807564132 801234567
807564213 801234567
807564321 801234567
807612354 801234567
807612435 801234567
807612543 801234567
807613245 801234567
807613452 801234567
807613524 801234567
807614253 801234567
807614325 801234567
807614532 801234567
807615234 801234567
807615342 801234567
807615423 801234567
807621345 801234567
807621453 801234567
807621534 801234567
807623154 801234567
807623415 801234567
807623541 801234567
807624135 801234567
807624351 801234567
807624513 801234567
807625143 801234567
807625314 801234567
807625431 801234567
807631254 801234567
807631425 801234567
807631542 801234567
807632145 801234567
807632451 801234567
807632514 801234567
807634152 801234567
807634215 801234567
807634521 801234567
807635124 801234567
807635241 801234567
807635412 801234567
807641235 801234567
807641352 801234567
807641523 801234567
807642153 801234567
807642315 801234567
807642531 801234567
807643125 801234567
807643251 801234567
807643512 801234567
807645132 801234567
807645213 801234567
807645321 801234567
807651243 801234567
807651324 801234567
807651432 801234567
807652134 801234567
807652341 801234567
807652413 801234567
807653142 801234567
807653214 801234567
807653421 801234567
807654123 801234567
807654231 801234567
807654312 801234567
810234576 801234567
810234657 801234567
810234765 801234567
810235467 801234567
810235674 801234567
810235746 801234567
810236475 801234567
810236547 801234567
810236754 801234567
810237456 801234567
810237564 801234567
810237645 801234567
810243567 801234567
810243675 801234567
810243756 801234567
810245376 801234567
810245637 801234567
810245763 801234567
810246357 801234567
810246573 801234567
810246735 801234567
810247365 801234567
810247536 801234567
810247653 801234567
810253476 801234567
810253647 801234567
810253764 801234567
810254367 801234567
810254673 801234567
810254736 801234567
810256374 801234567
810256437 801234567
810256743 801234567
810257346 801234567
810257463 801234567
810257634 801234567
810263457 801234567
810263574 801234567
810263745 801234567
810264375 801234567
810264537 801234567
810264753 801234567
810265347 801234567
810265473 801234567
810265734 801234567
810267354 801234567
810267435 801234567
810267543 801234567
810273465 801234567
810273546 801234567
810273654 801234567
810274356 801234567
810274563 801234567
810274635 801234567
810275364 801234567
810275436 801234567
810275643 801234567
810276345 801234567
810276453 801234567
810276534 801234567
810324567 801234567
810324675 801234567
810324756 801234567
810325476 801234567
810325647 801234567
810325764 801234567
810326457 801234567
810326574 801234567
810326745 801234567
810327465 801234567
810327546 801234567
810327654 801234567
810342576 801234567
810342657 801234567
810342765 801234567
810345267 801234567
810345672 801234567
810345726 801234567
810346275 801234567
810346527 801234567
810346752 801234567
810347256 801234567
810347562 801234567
810347625 801234567
810352467 801234567
810352674 801234567
810352746 801234567
810354276 801234567
810354627 801234567
810354762 801234567
810356247 801234567
810356472 801234567
810356724 801234567
810357264 801234567
810357426 801234567
810357642 801234567
810362475 801234567
810362547 801234567
810362754 801234567
810364257 801234567
810364572 801234567
810364725 801234567
810365274 801234567
810365427 801234567
810365742 801234567
810367245 801234567
810367452 801234567
810367524 801234567
810372456 801234567
810372564 801234567
810372645 801234567
810374265 801234567
810374526 801234567
810374652 801234567
810375246 801234567
810375462 801234567
810375624 801234567
810376254 801234567
810376425 801234567
810376542 801234567
810423576 801234567
810423657 801234567
810423765 801234567
810425367 801234567
810425673 801234567
810425736 801234567
810426375 801234567
810426537 801234567
810426753 801234567
810427356 801234567
810427563 801234567
810427635 801234567
810432567 801234567
810432675 801234567
810432756 801234567
810435276 801234567
810435627 801234567
810435762 801234567
810436257 801234567
810436572 801234567
810436725 801234567
810437265 801234567
810437526 801234567
810437652 801234567
810452376 801234567
810452637 801234567
810452763 801234567
810453267 801234567
810453672 801234567
810453726 801234567
810456273 801234567
810456327 801234567
810456732 801234567
810457236 801234567
810457362 801234567
810457623 801234567
810462357 801234567
810462573 801234567
810462735 801234567
810463275 801234567
810463527 801234567
810463752 801234567
810465237 801234567
810465372 801234567
810465723 801234567
810467253 801234567
810467325 801234567
810467532 801234567
810472365 801234567
810472536 801234567
810472653 801234567
810473256 801234567
810473562 801234567
810473625 801234567
810475263 801234567
810475326 801234567
810475632 801234567
810476235 801234567
810476352 801234567
810476523 801234567
810523467 801234567
810523674 801234567
810523746 801234567
810524376 801234567
810524637 801234567
810524763 801234567
810526347 801234567
810526473 801234567
810526734 801234567
810527364 801234567
810527436 801234567
810527643 801234567
810532476 801234567
810532647 801234567
810532764 801234567
810534267 801234567
810534672 801234567
810534726 801234567
810536274 801234567
810536427 801234567
810536742 801234567
810537246 801234567
810537462 801234567
810537624 801234567
810542367 801234567
810542673 801234567
810542736 801234567
810543276 801234567
810543627 801234567
810543762 801234567
810546237 801234567
810546372 801234567
810546723 801234567
810547263 801234567
810547326 801234567
810547632 801234567
810562374 801234567
810562437 801234567
810562743 801234567
810563247 801234567
810563472 801234567
810563724 801234567
810564273 801234567
810564327 801234567
810564732 801234567
810567234 801234567
810567342 801234567
810567423 801234567
810572346 801234567
810572463 801234567
810572634 801234567
810573264 801234567
810573426 801234567
810573642 801234567
810574236 801234567
810574362 801234567
810574623 801234567
810576243 801234567
810576324 801234567
810576432 801234567
810623475 801234567
810623547 801234567
810623754 801234567
810624357 801234567
810624573 801234567
810624735 801234567
810625374 801234567
810625437 801234567
810625743 801234567
810627345 801234567
810627453 801234567
810627534 801234567
810632457 801234567
810632574 801234567
810632745 801234567
810634275 801234567
810634527 801234567
810634752 801234567
810635247 801234567
810635472 801234567
810635724 801234567
810637254 801234567
810637425 801234567
810637542 801234567
810642375 801234567
810642537 801234567
810642753 801234567
810643257 801234567
810643572 801234567
810643725 801234567
810645273 801234567
810645327 801234567
810645732 801234567
810647235 801234567
810647352 801234567
810647523 801234567
810652347 801234567
810652473 801234567
810652734 801234567
810653274 801234567
810653427 801234567
810653742 801234567
810654237 801234567
810654372 801234567
810654723 801234567
810657243 801234567
810657324 801234567
810657432 801234567
810672354 801234567
810672435 801234567
810672543 801234567
810673245 801234567
810673452 801234567
810673524 801234567
810674253 801234567
810674325 801234567
810674532 801234567
810675234 801234567
810675342 801234567
810675423 801234567
810723456 801234567
810723564 801234567
810723645 801234567
810724365 801234567
810724536 801234567
810724653 801234567
810725346 801234567
810725463 801234567
810725634 801234567
810726354 801234567
810726435 801234567
810726543 801234567
810732465 801234567
810732546 801234567
810732654 801234567
810734256 801234567
810734562 801234567
810734625 801234567
810735264 801234567
810735426 801234567
810735642 801234567
810736245 801234567
810736452 801234567
810736524 801234567
810742356 801234567
810742563 801234567
810742635 801234567
810743265 801234567
810743526 801234567
810743652 801234567
810745236 801234567
810745362 801234567
810745623 801234567
810746253 801234567
810746325 801234567
810746532 801234567
810752364 801234567
810752436 801234567
810752643 801234567
810753246 801234567
810753462 801234567
810753624 801234567
810754263 801234567
810754326 801234567
810754632 801234567
810756234 801234567
810756342 801234567
810756423 801234567
810762345 801234567
810762453 801234567
810762534 801234567
810763254 801234567
810763425 801234567
810763542 801234567
810764235 801234567
810764352 801234567
810764523 801234567
810765243 801234567
810765324 801234567
810765432 801234567
812034567 801234567
812034675 801234567
812034756 801234567
812035476 801234567
812035647 801234567
812035764 801234567
812036457 801234567
812036574 801234567
812036745 801234567
812037465 801234567
812037546 801234567
