360748125 801234567
360748251 801234567
360748512 801234567
360751248 801234567
360751482 801234567
360751824 801234567
360752184 801234567
360752418 801234567
360752841 801234567
360754128 801234567
360754281 801234567
360754812 801234567
360758142 801234567
360758214 801234567
360758421 801234567
360781254 801234567
360781425 801234567
360781542 801234567
360782145 801234567
360782451 801234567
360782514 801234567
360784152 801234567
360784215 801234567
360784521 801234567
360785124 801234567
360785241 801234567
360785412 801234567
360812457 801234567
360812574 801234567
360812745 801234567
360814275 801234567
360814527 801234567
360814752 801234567
360815247 801234567
360815472 801234567
360815724 801234567
360817254 801234567
360817425 801234567
360817542 801234567
360821475 801234567
360821547 801234567
360821754 801234567
360824157 801234567
360824571 801234567
360824715 801234567
360825174 801234567
360825417 801234567
360825741 801234567
360827145 801234567
360827451 801234567
360827514 801234567
360841257 801234567
360841572 801234567
360841725 801234567
360842175 801234567
360842517 801234567
360842751 801234567
360845127 801234567
360845271 801234567
360845712 801234567
360847152 801234567
360847215 801234567
360847521 801234567
360851274 801234567
360851427 801234567
360851742 801234567
360852147 801234567
360852471 801234567
360852714 801234567
360854172 801234567
360854217 801234567
360854721 801234567
360857124 801234567
360857241 801234567
360857412 801234567
360871245 801234567
360871452 801234567
360871524 801234567
360872154 801234567
360872415 801234567
360872541 801234567
360874125 801234567
360874251 801234567
360874512 801234567
360875142 801234567
360875214 801234567
360875421 801234567
361024578 801234567
361024785 801234567
361024857 801234567
361025487 801234567
361025748 801234567
361025874 801234567
361027458 801234567
361027584 801234567
361027845 801234567
361028475 801234567
361028547 801234567
361028754 801234567
361042587 801234567
361042758 801234567
361042875 801234567
361045278 801234567
361045782 801234567
361045827 801234567
361047285 801234567
361047528 801234567
361047852 801234567
361048257 801234567
361048572 801234567
361048725 801234567
361052478 801234567
361052784 801234567
361052847 801234567
361054287 801234567
361054728 801234567
361054872 801234567
361057248 801234567
361057482 801234567
361057824 801234567
361058274 801234567
361058427 801234567
361058742 801234567
361072485 801234567
361072548 801234567
361072854 801234567
361074258 801234567
361074582 801234567
361074825 801234567
361075284 801234567
361075428 801234567
361075842 801234567
361078245 801234567
361078452 801234567
361078524 801234567
361082457 801234567
361082574 801234567
361082745 801234567
361084275 801234567
361084527 801234567
361084752 801234567
361085247 801234567
361085472 801234567
361085724 801234567
361087254 801234567
361087425 801234567
361087542 801234567
361204587 801234567
361204758 801234567
361204875 801234567
361205478 801234567
361205784 801234567
361205847 801234567
361207485 801234567
361207548 801234567
361207854 801234567
361208457 801234567
361208574 801234567
361208745 801234567
361240578 801234567
361240785 801234567
361240857 801234567
361245087 801234567
361245708 801234567
361245870 801234567
361247058 801234567
361247580 801234567
361247805 801234567
361248075 801234567
361248507 801234567
361248750 801234567
361250487 801234567
361250748 801234567
361250874 801234567
361254078 801234567
361254780 801234567
361254807 801234567
361257084 801234567
361257408 801234567
361257840 801234567
361258047 801234567
361258470 801234567
361258704 801234567
361270458 801234567
361270584 801234567
361270845 801234567
361274085 801234567
361274508 801234567
361274850 801234567
361275048 801234567
361275480 801234567
361275804 801234567
361278054 801234567
361278405 801234567
361278540 801234567
361280475 801234567
361280547 801234567
361280754 801234567
361284057 801234567
361284570 801234567
361284705 801234567
361285074 801234567
361285407 801234567
361285740 801234567
361287045 801234567
361287450 801234567
361287504 801234567
361402578 801234567
361402785 801234567
361402857 801234567
361405287 801234567
361405728 801234567
361405872 801234567
361407258 801234567
361407582 801234567
361407825 801234567
361408275 801234567
361408527 801234567
361408752 801234567
361420587 801234567
361420758 801234567
361420875 801234567
361425078 801234567
361425780 801234567
361425807 801234567
361427085 801234567
361427508 801234567
361427850 801234567
361428057 801234567
361428570 801234567
361428705 801234567
361450278 801234567
361450782 801234567
361450827 801234567
361452087 801234567
361452708 801234567
361452870 801234567
361457028 801234567
361457280 801234567
361457802 801234567
361458072 801234567
361458207 801234567
361458720 801234567
361470285 801234567
361470528 801234567
361470852 801234567
361472058 801234567
361472580 801234567
361472805 801234567
361475082 801234567
361475208 801234567
361475820 801234567
361478025 801234567
361478250 801234567
361478502 801234567
361480257 801234567
361480572 801234567
361480725 801234567
361482075 801234567
361482507 801234567
361482750 801234567
361485027 801234567
361485270 801234567
361485702 801234567
361487052 801234567
361487205 801234567
361487520 801234567
361502487 801234567
361502748 801234567
361502874 801234567
361504278 801234567
361504782 801234567
361504827 801234567
361507284 801234567
361507428 801234567
361507842 801234567
361508247 801234567
361508472 801234567
361508724 801234567
361520478 801234567
361520784 801234567
361520847 801234567
361524087 801234567
361524708 801234567
361524870 801234567
361527048 801234567
361527480 801234567
361527804 801234567
361528074 801234567
361528407 801234567
361528740 801234567
361540287 801234567
361540728 801234567
361540872 801234567
361542078 801234567
361542780 801234567
361542807 801234567
361547082 801234567
361547208 801234567
361547820 801234567
361548027 801234567
361548270 801234567
361548702 801234567
361570248 801234567
361570482 801234567
361570824 801234567
361572084 801234567
361572408 801234567
361572840 801234567
361574028 801234567
361574280 801234567
361574802 801234567
361578042 801234567
361578204 801234567
361578420 801234567
361580274 801234567
361580427 801234567
361580742 801234567
361582047 801234567
361582470 801234567
361582704 801234567
361584072 801234567
361584207 801234567
361584720 801234567
361587024 801234567
361587240 801234567
361587402 801234567
361702458 801234567
361702584 801234567
361702845 801234567
361704285 801234567
361704528 801234567
361704852 801234567
361705248 801234567
361705482 801234567
361705824 801234567
361708254 801234567
361708425 801234567
361708542 801234567
361720485 801234567
361720548 801234567
361720854 801234567
361724058 801234567
361724580 801234567
361724805 801234567
361725084 801234567
361725408 801234567
361725840 801234567
361728045 801234567
361728450 801234567
361728504 801234567
361740258 801234567
361740582 801234567
361740825 801234567
361742085 801234567
361742508 801234567
361742850 801234567
361745028 801234567
361745280 801234567
361745802 801234567
361748052 801234567
361748205 801234567
361748520 801234567
361750284 801234567
361750428 801234567
361750842 801234567
361752048 801234567
361752480 801234567
361752804 801234567
361754082 801234567
361754208 801234567
361754820 801234567
361758024 801234567
361758240 801234567
361758402 801234567
361780245 801234567
361780452 801234567
361780524 801234567
361782054 801234567
361782405 801234567
361782540 801234567
361784025 801234567
361784250 801234567
361784502 801234567
361785042 801234567
361785204 801234567
361785420 801234567
361802475 801234567
361802547 801234567
361802754 801234567
361804257 801234567
361804572 801234567
361804725 801234567
361805274 801234567
361805427 801234567
361805742 801234567
361807245 801234567
361807452 801234567
361807524 801234567
361820457 801234567
361820574 801234567
361820745 801234567
361824075 801234567
361824507 801234567
361824750 801234567
361825047 801234567
361825470 801234567
361825704 801234567
361827054 801234567
361827405 801234567
361827540 801234567
361840275 801234567
361840527 801234567
361840752 801234567
361842057 801234567
361842570 801234567
361842705 801234567
361845072 801234567
361845207 801234567
361845720 801234567
361847025 801234567
361847250 801234567
361847502 801234567
361850247 801234567
361850472 801234567
361850724 801234567
361852074 801234567
361852407 801234567
361852740 801234567
361854027 801234567
361854270 801234567
361854702 801234567
361857042 801234567
361857204 801234567
361857420 801234567
361870254 801234567
361870425 801234567
361870542 801234567
361872045 801234567
361872450 801234567
361872504 801234567
361874052 801234567
361874205 801234567
361874520 801234567
361875024 801234567
361875240 801234567
361875402 801234567
362014587 801234567
362014758 801234567
362014875 801234567
362015478 801234567
362015784 801234567
362015847 801234567
362017485 801234567
362017548 801234567
362017854 801234567
362018457 801234567
362018574 801234567
362018745 801234567
362041578 801234567
362041785 801234567
362041857 801234567
362045187 801234567
362045718 801234567
362045871 801234567
362047158 801234567
362047581 801234567
362047815 801234567
362048175 801234567
362048517 801234567
362048751 801234567
362051487 801234567
362051748 801234567
362051874 801234567
362054178 801234567
362054781 801234567
362054817 801234567
362057184 801234567
362057418 801234567
362057841 801234567
362058147 801234567
362058471 801234567
362058714 801234567
362071458 801234567
362071584 801234567
362071845 801234567
362074185 801234567
362074518 801234567
362074851 801234567
362075148 801234567
362075481 801234567
362075814 801234567
362078154 801234567
362078415 801234567
362078541 801234567
362081475 801234567
362081547 801234567
362081754 801234567
362084157 801234567
