864702135 801234567
864702351 801234567
864702513 801234567
864703152 801234567
864703215 801234567
864703521 801234567
864705123 801234567
864705231 801234567
864705312 801234567
864710235 801234567
864710352 801234567
864710523 801234567
864712053 801234567
864712305 801234567
864712530 801234567
864713025 801234567
864713250 801234567
864713502 801234567
864715032 801234567
864715203 801234567
864715320 801234567
864720153 801234567
864720315 801234567
864720531 801234567
864721035 801234567
864721350 801234567
864721503 801234567
864723051 801234567
864723105 801234567
864723510 801234567
864725013 801234567
864725130 801234567
864725301 801234567
864730125 801234567
864730251 801234567
864730512 801234567
864731052 801234567
864731205 801234567
864731520 801234567
864732015 801234567
864732150 801234567
864732501 801234567
864735021 801234567
864735102 801234567
864735210 801234567
864750132 801234567
864750213 801234567
864750321 801234567
864751023 801234567
864751230 801234567
864751302 801234567
864752031 801234567
864752103 801234567
864752310 801234567
864753012 801234567
864753120 801234567
864753201 801234567
865012374 801234567
865012437 801234567
865012743 801234567
865013247 801234567
865013472 801234567
865013724 801234567
865014273 801234567
865014327 801234567
865014732 801234567
865017234 801234567
865017342 801234567
865017423 801234567
865021347 801234567
865021473 801234567
865021734 801234567
865023174 801234567
865023417 801234567
865023741 801234567
865024137 801234567
865024371 801234567
865024713 801234567
865027143 801234567
865027314 801234567
865027431 801234567
865031274 801234567
865031427 801234567
865031742 801234567
865032147 801234567
865032471 801234567
865032714 801234567
865034172 801234567
865034217 801234567
865034721 801234567
865037124 801234567
865037241 801234567
865037412 801234567
865041237 801234567
865041372 801234567
865041723 801234567
865042173 801234567
865042317 801234567
865042731 801234567
865043127 801234567
865043271 801234567
865043712 801234567
865047132 801234567
865047213 801234567
865047321 801234567
865071243 801234567
865071324 801234567
865071432 801234567
865072134 801234567
865072341 801234567
865072413 801234567
865073142 801234567
865073214 801234567
865073421 801234567
865074123 801234567
865074231 801234567
865074312 801234567
865102347 801234567
865102473 801234567
865102734 801234567
865103274 801234567
865103427 801234567
865103742 801234567
865104237 801234567
865104372 801234567
865104723 801234567
865107243 801234567
865107324 801234567
865107432 801234567
865120374 801234567
865120437 801234567
865120743 801234567
865123047 801234567
865123470 801234567
865123704 801234567
865124073 801234567
865124307 801234567
865124730 801234567
865127034 801234567
865127340 801234567
865127403 801234567
865130247 801234567
865130472 801234567
865130724 801234567
865132074 801234567
865132407 801234567
865132740 801234567
865134027 801234567
865134270 801234567
865134702 801234567
865137042 801234567
865137204 801234567
865137420 801234567
865140273 801234567
865140327 801234567
865140732 801234567
865142037 801234567
865142370 801234567
865142703 801234567
865143072 801234567
865143207 801234567
865143720 801234567
865147023 801234567
865147230 801234567
865147302 801234567
865170234 801234567
865170342 801234567
865170423 801234567
865172043 801234567
865172304 801234567
865172430 801234567
865173024 801234567
865173240 801234567
865173402 801234567
865174032 801234567
865174203 801234567
865174320 801234567
865201374 801234567
865201437 801234567
865201743 801234567
865203147 801234567
865203471 801234567
865203714 801234567
865204173 801234567
865204317 801234567
865204731 801234567
865207134 801234567
865207341 801234567
865207413 801234567
865210347 801234567
865210473 801234567
865210734 801234567
865213074 801234567
865213407 801234567
865213740 801234567
865214037 801234567
865214370 801234567
865214703 801234567
865217043 801234567
865217304 801234567
865217430 801234567
865230174 801234567
865230417 801234567
865230741 801234567
865231047 801234567
865231470 801234567
865231704 801234567
865234071 801234567
865234107 801234567
865234710 801234567
865237014 801234567
865237140 801234567
865237401 801234567
865240137 801234567
865240371 801234567
865240713 801234567
865241073 801234567
865241307 801234567
865241730 801234567
865243017 801234567
865243170 801234567
865243701 801234567
865247031 801234567
865247103 801234567
865247310 801234567
865270143 801234567
865270314 801234567
865270431 801234567
865271034 801234567
865271340 801234567
865271403 801234567
865273041 801234567
865273104 801234567
865273410 801234567
865274013 801234567
865274130 801234567
865274301 801234567
865301247 801234567
865301472 801234567
865301724 801234567
865302174 801234567
865302417 801234567
865302741 801234567
865304127 801234567
865304271 801234567
865304712 801234567
865307142 801234567
865307214 801234567
865307421 801234567
865310274 801234567
865310427 801234567
865310742 801234567
865312047 801234567
865312470 801234567
865312704 801234567
865314072 801234567
865314207 801234567
865314720 801234567
865317024 801234567
865317240 801234567
865317402 801234567
865320147 801234567
865320471 801234567
865320714 801234567
865321074 801234567
865321407 801234567
865321740 801234567
865324017 801234567
865324170 801234567
865324701 801234567
865327041 801234567
865327104 801234567
865327410 801234567
865340172 801234567
865340217 801234567
865340721 801234567
865341027 801234567
865341270 801234567
865341702 801234567
865342071 801234567
865342107 801234567
865342710 801234567
865347012 801234567
865347120 801234567
865347201 801234567
865370124 801234567
865370241 801234567
865370412 801234567
865371042 801234567
865371204 801234567
865371420 801234567
865372014 801234567
865372140 801234567
865372401 801234567
865374021 801234567
865374102 801234567
865374210 801234567
865401273 801234567
865401327 801234567
865401732 801234567
865402137 801234567
865402371 801234567
865402713 801234567
865403172 801234567
865403217 801234567
865403721 801234567
865407123 801234567
865407231 801234567
865407312 801234567
865410237 801234567
865410372 801234567
865410723 801234567
865412073 801234567
865412307 801234567
865412730 801234567
865413027 801234567
865413270 801234567
865413702 801234567
865417032 801234567
865417203 801234567
865417320 801234567
865420173 801234567
865420317 801234567
865420731 801234567
865421037 801234567
865421370 801234567
865421703 801234567
865423071 801234567
865423107 801234567
865423710 801234567
865427013 801234567
865427130 801234567
865427301 801234567
865430127 801234567
865430271 801234567
865430712 801234567
865431072 801234567
865431207 801234567
865431720 801234567
865432017 801234567
865432170 801234567
865432701 801234567
865437021 801234567
865437102 801234567
865437210 801234567
865470132 801234567
865470213 801234567
865470321 801234567
865471023 801234567
865471230 801234567
865471302 801234567
865472031 801234567
865472103 801234567
865472310 801234567
865473012 801234567
865473120 801234567
865473201 801234567
865701234 801234567
865701342 801234567
865701423 801234567
865702143 801234567
865702314 801234567
865702431 801234567
865703124 801234567
865703241 801234567
865703412 801234567
865704132 801234567
865704213 801234567
865704321 801234567
865710243 801234567
865710324 801234567
865710432 801234567
865712034 801234567
865712340 801234567
865712403 801234567
865713042 801234567
865713204 801234567
865713420 801234567
865714023 801234567
865714230 801234567
865714302 801234567
865720134 801234567
865720341 801234567
865720413 801234567
865721043 801234567
865721304 801234567
865721430 801234567
865723014 801234567
865723140 801234567
865723401 801234567
865724031 801234567
865724103 801234567
865724310 801234567
865730142 801234567
865730214 801234567
865730421 801234567
865731024 801234567
865731240 801234567
865731402 801234567
865732041 801234567
865732104 801234567
865732410 801234567
865734012 801234567
865734120 801234567
865734201 801234567
865740123 801234567
865740231 801234567
865740312 801234567
865741032 801234567
865741203 801234567
865741320 801234567
865742013 801234567
865742130 801234567
865742301 801234567
865743021 801234567
865743102 801234567
865743210 801234567
867012345 801234567
867012453 801234567
867012534 801234567
867013254 801234567
867013425 801234567
867013542 801234567
867014235 801234567
867014352 801234567
867014523 801234567
867015243 801234567
867015324 801234567
867015432 801234567
867021354 801234567
867021435 801234567
867021543 801234567
867023145 801234567
867023451 801234567
867023514 801234567
867024153 801234567
867024315 801234567
867024531 801234567
867025134 801234567
867025341 801234567
867025413 801234567
867031245 801234567
867031452 801234567
867031524 801234567
867032154 801234567
867032415 801234567
867032541 801234567
867034125 801234567
867034251 801234567
867034512 801234567
867035142 801234567
867035214 801234567
867035421 801234567
867041253 801234567
867041325 801234567
867041532 801234567
867042135 801234567
867042351 801234567
867042513 801234567
867043152 801234567
867043215 801234567
867043521 801234567
867045123 801234567
867045231 801234567
867045312 801234567
867051234 801234567
867051342 801234567
867051423 801234567
867052143 801234567
867052314 801234567
867052431 801234567
867053124 801234567
867053241 801234567
867053412 801234567
867054132 801234567
867054213 801234567
867054321 801234567
867102354 801234567
867102435 801234567
867102543 801234567
867103245 801234567
867103452 801234567
867103524 801234567
867104253 801234567
867104325 801234567
867104532 801234567
867105234 801234567
867105342 801234567
867105423 801234567
867120345 801234567
867120453 801234567
867120534 801234567
867123054 801234567
867123405 801234567
867123540 801234567
867124035 801234567
867124350 801234567
867124503 801234567
867125043 801234567
