032465871 801234567
032467158 801234567
032467581 801234567
032467815 801234567
032468175 801234567
032468517 801234567
032468751 801234567
032471586 801234567
032471658 801234567
032471865 801234567
032475168 801234567
032475681 801234567
032475816 801234567
032476185 801234567
032476518 801234567
032476851 801234567
032478156 801234567
032478561 801234567
032478615 801234567
032481567 801234567
032481675 801234567
032481756 801234567
032485176 801234567
032485617 801234567
032485761 801234567
032486157 801234567
032486571 801234567
032486715 801234567
032487165 801234567
032487516 801234567
032487651 801234567
032514687 801234567
032514768 801234567
032514876 801234567
032516478 801234567
032516784 801234567
032516847 801234567
032517486 801234567
032517648 801234567
032517864 801234567
032518467 801234567
032518674 801234567
032518746 801234567
032541678 801234567
032541786 801234567
032541867 801234567
032546187 801234567
032546718 801234567
032546871 801234567
032547168 801234567
032547681 801234567
032547816 801234567
032548176 801234567
032548617 801234567
032548761 801234567
032561487 801234567
032561748 801234567
032561874 801234567
032564178 801234567
032564781 801234567
032564817 801234567
032567184 801234567
032567418 801234567
032567841 801234567
032568147 801234567
032568471 801234567
032568714 801234567
032571468 801234567
032571684 801234567
032571846 801234567
032574186 801234567
032574618 801234567
032574861 801234567
032576148 801234567
032576481 801234567
032576814 801234567
032578164 801234567
032578416 801234567
032578641 801234567
032581476 801234567
032581647 801234567
032581764 801234567
032584167 801234567
032584671 801234567
032584716 801234567
032586174 801234567
032586417 801234567
032586741 801234567
032587146 801234567
032587461 801234567
032587614 801234567
032614578 801234567
032614785 801234567
032614857 801234567
032615487 801234567
032615748 801234567
032615874 801234567
032617458 801234567
032617584 801234567
032617845 801234567
032618475 801234567
032618547 801234567
032618754 801234567
032641587 801234567
032641758 801234567
032641875 801234567
032645178 801234567
032645781 801234567
032645817 801234567
032647185 801234567
032647518 801234567
032647851 801234567
032648157 801234567
032648571 801234567
032648715 801234567
032651478 801234567
032651784 801234567
032651847 801234567
032654187 801234567
032654718 801234567
032654871 801234567
032657148 801234567
032657481 801234567
032657814 801234567
032658174 801234567
032658417 801234567
032658741 801234567
032671485 801234567
032671548 801234567
032671854 801234567
032674158 801234567
032674581 801234567
032674815 801234567
032675184 801234567
032675418 801234567
032675841 801234567
032678145 801234567
032678451 801234567
032678514 801234567
032681457 801234567
032681574 801234567
032681745 801234567
032684175 801234567
032684517 801234567
032684751 801234567
032685147 801234567
032685471 801234567
032685714 801234567
032687154 801234567
032687415 801234567
032687541 801234567
032714586 801234567
032714658 801234567
032714865 801234567
032715468 801234567
032715684 801234567
032715846 801234567
032716485 801234567
032716548 801234567
032716854 801234567
032718456 801234567
032718564 801234567
032718645 801234567
032741568 801234567
032741685 801234567
032741856 801234567
032745186 801234567
032745618 801234567
032745861 801234567
032746158 801234567
032746581 801234567
032746815 801234567
032748165 801234567
032748516 801234567
032748651 801234567
032751486 801234567
032751648 801234567
032751864 801234567
032754168 801234567
032754681 801234567
032754816 801234567
032756184 801234567
032756418 801234567
032756841 801234567
032758146 801234567
032758461 801234567
032758614 801234567
032761458 801234567
032761584 801234567
032761845 801234567
032764185 801234567
032764518 801234567
032764851 801234567
032765148 801234567
032765481 801234567
032765814 801234567
032768154 801234567
032768415 801234567
032768541 801234567
032781465 801234567
032781546 801234567
032781654 801234567
032784156 801234567
032784561 801234567
032784615 801234567
032785164 801234567
032785416 801234567
032785641 801234567
032786145 801234567
032786451 801234567
032786514 801234567
032814567 801234567
032814675 801234567
032814756 801234567
032815476 801234567
032815647 801234567
032815764 801234567
032816457 801234567
032816574 801234567
032816745 801234567
032817465 801234567
032817546 801234567
032817654 801234567
032841576 801234567
032841657 801234567
032841765 801234567
032845167 801234567
032845671 801234567
032845716 801234567
032846175 801234567
032846517 801234567
032846751 801234567
032847156 801234567
032847561 801234567
032847615 801234567
032851467 801234567
032851674 801234567
032851746 801234567
032854176 801234567
032854617 801234567
032854761 801234567
032856147 801234567
032856471 801234567
032856714 801234567
032857164 801234567
032857416 801234567
032857641 801234567
032861475 801234567
032861547 801234567
032861754 801234567
032864157 801234567
032864571 801234567
032864715 801234567
032865174 801234567
032865417 801234567
032865741 801234567
032867145 801234567
032867451 801234567
032867514 801234567
032871456 801234567
032871564 801234567
032871645 801234567
032874165 801234567
032874516 801234567
032874651 801234567
032875146 801234567
032875461 801234567
032875614 801234567
032876154 801234567
032876415 801234567
032876541 801234567
034125678 801234567
034125786 801234567
034125867 801234567
034126587 801234567
034126758 801234567
034126875 801234567
034127568 801234567
034127685 801234567
034127856 801234567
034128576 801234567
034128657 801234567
034128765 801234567
034152687 801234567
034152768 801234567
034152876 801234567
034156278 801234567
034156782 801234567
034156827 801234567
034157286 801234567
034157628 801234567
034157862 801234567
034158267 801234567
034158672 801234567
034158726 801234567
034162578 801234567
034162785 801234567
034162857 801234567
034165287 801234567
034165728 801234567
034165872 801234567
034167258 801234567
034167582 801234567
034167825 801234567
034168275 801234567
034168527 801234567
034168752 801234567
034172586 801234567
034172658 801234567
034172865 801234567
034175268 801234567
034175682 801234567
034175826 801234567
034176285 801234567
034176528 801234567
034176852 801234567
034178256 801234567
034178562 801234567
034178625 801234567
034182567 801234567
034182675 801234567
034182756 801234567
034185276 801234567
034185627 801234567
034185762 801234567
034186257 801234567
034186572 801234567
034186725 801234567
034187265 801234567
034187526 801234567
034187652 801234567
034215687 801234567
034215768 801234567
034215876 801234567
034216578 801234567
034216785 801234567
034216857 801234567
034217586 801234567
034217658 801234567
034217865 801234567
034218567 801234567
034218675 801234567
034218756 801234567
034251678 801234567
034251786 801234567
034251867 801234567
034256187 801234567
034256718 801234567
034256871 801234567
034257168 801234567
034257681 801234567
034257816 801234567
034258176 801234567
034258617 801234567
034258761 801234567
034261587 801234567
034261758 801234567
034261875 801234567
034265178 801234567
034265781 801234567
034265817 801234567
034267185 801234567
034267518 801234567
034267851 801234567
034268157 801234567
034268571 801234567
034268715 801234567
034271568 801234567
034271685 801234567
034271856 801234567
034275186 801234567
034275618 801234567
034275861 801234567
034276158 801234567
034276581 801234567
034276815 801234567
034278165 801234567
034278516 801234567
034278651 801234567
034281576 801234567
034281657 801234567
034281765 801234567
034285167 801234567
034285671 801234567
034285716 801234567
034286175 801234567
034286517 801234567
034286751 801234567
034287156 801234567
034287561 801234567
034287615 801234567
034512678 801234567
034512786 801234567
034512867 801234567
034516287 801234567
034516728 801234567
034516872 801234567
034517268 801234567
034517682 801234567
034517826 801234567
034518276 801234567
034518627 801234567
034518762 801234567
034521687 801234567
034521768 801234567
034521876 801234567
034526178 801234567
034526781 801234567
034526817 801234567
034527186 801234567
034527618 801234567
034527861 801234567
034528167 801234567
034528671 801234567
034528716 801234567
034561278 801234567
034561782 801234567
034561827 801234567
034562187 801234567
034562718 801234567
034562871 801234567
034567128 801234567
034567281 801234567
034567812 801234567
034568172 801234567
034568217 801234567
034568721 801234567
034571286 801234567
034571628 801234567
034571862 801234567
034572168 801234567
034572681 801234567
034572816 801234567
034576182 801234567
034576218 801234567
034576821 801234567
034578126 801234567
034578261 801234567
034578612 801234567
034581267 801234567
034581672 801234567
034581726 801234567
034582176 801234567
034582617 801234567
034582761 801234567
034586127 801234567
034586271 801234567
034586712 801234567
034587162 801234567
034587216 801234567
034587621 801234567
034612587 801234567
034612758 801234567
034612875 801234567
034615278 801234567
034615782 801234567
034615827 801234567
034617285 801234567
034617528 801234567
034617852 801234567
034618257 801234567
034618572 801234567
034618725 801234567
034621578 801234567
034621785 801234567
034621857 801234567
034625187 801234567
034625718 801234567
034625871 801234567
034627158 801234567
034627581 801234567
034627815 801234567
034628175 801234567
034628517 801234567
034628751 801234567
034651287 801234567
034651728 801234567
034651872 801234567
034652178 801234567
034652781 801234567
034652817 801234567
034657182 801234567
034657218 801234567
034657821 801234567
034658127 801234567
034658271 801234567
034658712 801234567
034671258 801234567
034671582 801234567
034671825 801234567
034672185 801234567
034672518 801234567
034672851 801234567
034675128 801234567
034675281 801234567
034675812 801234567
034678152 801234567
034678215 801234567
034678521 801234567
