785164230 801234567
785164302 801234567
785201346 801234567
785201463 801234567
785201634 801234567
785203164 801234567
785203416 801234567
785203641 801234567
785204136 801234567
785204361 801234567
785204613 801234567
785206143 801234567
785206314 801234567
785206431 801234567
785210364 801234567
785210436 801234567
785210643 801234567
785213046 801234567
785213460 801234567
785213604 801234567
785214063 801234567
785214306 801234567
785214630 801234567
785216034 801234567
785216340 801234567
785216403 801234567
785230146 801234567
785230461 801234567
785230614 801234567
785231064 801234567
785231406 801234567
785231640 801234567
785234016 801234567
785234160 801234567
785234601 801234567
785236041 801234567
785236104 801234567
785236410 801234567
785240163 801234567
785240316 801234567
785240631 801234567
785241036 801234567
785241360 801234567
785241603 801234567
785243061 801234567
785243106 801234567
785243610 801234567
785246013 801234567
785246130 801234567
785246301 801234567
785260134 801234567
785260341 801234567
785260413 801234567
785261043 801234567
785261304 801234567
785261430 801234567
785263014 801234567
785263140 801234567
785263401 801234567
785264031 801234567
785264103 801234567
785264310 801234567
785301264 801234567
785301426 801234567
785301642 801234567
785302146 801234567
785302461 801234567
785302614 801234567
785304162 801234567
785304216 801234567
785304621 801234567
785306124 801234567
785306241 801234567
785306412 801234567
785310246 801234567
785310462 801234567
785310624 801234567
785312064 801234567
785312406 801234567
785312640 801234567
785314026 801234567
785314260 801234567
785314602 801234567
785316042 801234567
785316204 801234567
785316420 801234567
785320164 801234567
785320416 801234567
785320641 801234567
785321046 801234567
785321460 801234567
785321604 801234567
785324061 801234567
785324106 801234567
785324610 801234567
785326014 801234567
785326140 801234567
785326401 801234567
785340126 801234567
785340261 801234567
785340612 801234567
785341062 801234567
785341206 801234567
785341620 801234567
785342016 801234567
785342160 801234567
785342601 801234567
785346021 801234567
785346102 801234567
785346210 801234567
785360142 801234567
785360214 801234567
785360421 801234567
785361024 801234567
785361240 801234567
785361402 801234567
785362041 801234567
785362104 801234567
785362410 801234567
785364012 801234567
785364120 801234567
785364201 801234567
785401236 801234567
785401362 801234567
785401623 801234567
785402163 801234567
785402316 801234567
785402631 801234567
785403126 801234567
785403261 801234567
785403612 801234567
785406132 801234567
785406213 801234567
785406321 801234567
785410263 801234567
785410326 801234567
785410632 801234567
785412036 801234567
785412360 801234567
785412603 801234567
785413062 801234567
785413206 801234567
785413620 801234567
785416023 801234567
785416230 801234567
785416302 801234567
785420136 801234567
785420361 801234567
785420613 801234567
785421063 801234567
785421306 801234567
785421630 801234567
785423016 801234567
785423160 801234567
785423601 801234567
785426031 801234567
785426103 801234567
785426310 801234567
785430162 801234567
785430216 801234567
785430621 801234567
785431026 801234567
785431260 801234567
785431602 801234567
785432061 801234567
785432106 801234567
785432610 801234567
785436012 801234567
785436120 801234567
785436201 801234567
785460123 801234567
785460231 801234567
785460312 801234567
785461032 801234567
785461203 801234567
785461320 801234567
785462013 801234567
785462130 801234567
785462301 801234567
785463021 801234567
785463102 801234567
785463210 801234567
785601243 801234567
785601324 801234567
785601432 801234567
785602134 801234567
785602341 801234567
785602413 801234567
785603142 801234567
785603214 801234567
785603421 801234567
785604123 801234567
785604231 801234567
785604312 801234567
785610234 801234567
785610342 801234567
785610423 801234567
785612043 801234567
785612304 801234567
785612430 801234567
785613024 801234567
785613240 801234567
785613402 801234567
785614032 801234567
785614203 801234567
785614320 801234567
785620143 801234567
785620314 801234567
785620431 801234567
785621034 801234567
785621340 801234567
785621403 801234567
785623041 801234567
785623104 801234567
785623410 801234567
785624013 801234567
785624130 801234567
785624301 801234567
785630124 801234567
785630241 801234567
785630412 801234567
785631042 801234567
785631204 801234567
785631420 801234567
785632014 801234567
785632140 801234567
785632401 801234567
785634021 801234567
785634102 801234567
785634210 801234567
785640132 801234567
785640213 801234567
785640321 801234567
785641023 801234567
785641230 801234567
785641302 801234567
785642031 801234567
785642103 801234567
785642310 801234567
785643012 801234567
785643120 801234567
785643201 801234567
786012354 801234567
786012435 801234567
786012543 801234567
786013245 801234567
786013452 801234567
786013524 801234567
786014253 801234567
786014325 801234567
786014532 801234567
786015234 801234567
786015342 801234567
786015423 801234567
786021345 801234567
786021453 801234567
786021534 801234567
786023154 801234567
786023415 801234567
786023541 801234567
786024135 801234567
786024351 801234567
786024513 801234567
786025143 801234567
786025314 801234567
786025431 801234567
786031254 801234567
786031425 801234567
786031542 801234567
786032145 801234567
786032451 801234567
786032514 801234567
786034152 801234567
786034215 801234567
786034521 801234567
786035124 801234567
786035241 801234567
786035412 801234567
786041235 801234567
786041352 801234567
786041523 801234567
786042153 801234567
786042315 801234567
786042531 801234567
786043125 801234567
786043251 801234567
786043512 801234567
786045132 801234567
786045213 801234567
786045321 801234567
786051243 801234567
786051324 801234567
786051432 801234567
786052134 801234567
786052341 801234567
786052413 801234567
786053142 801234567
786053214 801234567
786053421 801234567
786054123 801234567
786054231 801234567
786054312 801234567
786102345 801234567
786102453 801234567
786102534 801234567
786103254 801234567
786103425 801234567
786103542 801234567
786104235 801234567
786104352 801234567
786104523 801234567
786105243 801234567
786105324 801234567
786105432 801234567
786120354 801234567
786120435 801234567
786120543 801234567
786123045 801234567
786123450 801234567
786123504 801234567
786124053 801234567
786124305 801234567
786124530 801234567
786125034 801234567
786125340 801234567
786125403 801234567
786130245 801234567
786130452 801234567
786130524 801234567
786132054 801234567
786132405 801234567
786132540 801234567
786134025 801234567
786134250 801234567
786134502 801234567
786135042 801234567
786135204 801234567
786135420 801234567
786140253 801234567
786140325 801234567
786140532 801234567
786142035 801234567
786142350 801234567
786142503 801234567
786143052 801234567
786143205 801234567
786143520 801234567
786145023 801234567
786145230 801234567
786145302 801234567
786150234 801234567
786150342 801234567
786150423 801234567
786152043 801234567
786152304 801234567
786152430 801234567
786153024 801234567
786153240 801234567
786153402 801234567
786154032 801234567
786154203 801234567
786154320 801234567
786201354 801234567
786201435 801234567
786201543 801234567
786203145 801234567
786203451 801234567
786203514 801234567
786204153 801234567
786204315 801234567
786204531 801234567
786205134 801234567
786205341 801234567
786205413 801234567
786210345 801234567
786210453 801234567
786210534 801234567
786213054 801234567
786213405 801234567
786213540 801234567
786214035 801234567
786214350 801234567
786214503 801234567
786215043 801234567
786215304 801234567
786215430 801234567
786230154 801234567
786230415 801234567
786230541 801234567
786231045 801234567
786231450 801234567
786231504 801234567
786234051 801234567
786234105 801234567
786234510 801234567
786235014 801234567
786235140 801234567
786235401 801234567
786240135 801234567
786240351 801234567
786240513 801234567
786241053 801234567
786241305 801234567
786241530 801234567
786243015 801234567
786243150 801234567
786243501 801234567
786245031 801234567
786245103 801234567
786245310 801234567
786250143 801234567
786250314 801234567
786250431 801234567
786251034 801234567
786251340 801234567
786251403 801234567
786253041 801234567
786253104 801234567
786253410 801234567
786254013 801234567
786254130 801234567
786254301 801234567
786301245 801234567
786301452 801234567
786301524 801234567
786302154 801234567
786302415 801234567
786302541 801234567
786304125 801234567
786304251 801234567
786304512 801234567
786305142 801234567
786305214 801234567
786305421 801234567
786310254 801234567
786310425 801234567
786310542 801234567
786312045 801234567
786312450 801234567
786312504 801234567
786314052 801234567
786314205 801234567
786314520 801234567
786315024 801234567
786315240 801234567
786315402 801234567
786320145 801234567
786320451 801234567
786320514 801234567
786321054 801234567
786321405 801234567
786321540 801234567
786324015 801234567
786324150 801234567
786324501 801234567
786325041 801234567
786325104 801234567
786325410 801234567
786340152 801234567
786340215 801234567
786340521 801234567
786341025 801234567
786341250 801234567
786341502 801234567
786342051 801234567
786342105 801234567
786342510 801234567
786345012 801234567
786345120 801234567
786345201 801234567
786350124 801234567
786350241 801234567
786350412 801234567
786351042 801234567
786351204 801234567
786351420 801234567
786352014 801234567
786352140 801234567
786352401 801234567
786354021 801234567
786354102 801234567
786354210 801234567
786401253 801234567
786401325 801234567
786401532 801234567
786402135 801234567
786402351 801234567
786402513 801234567
786403152 801234567
786403215 801234567
786403521 801234567
786405123 801234567
786405231 801234567
786405312 801234567
786410235 801234567
786410352 801234567
786410523 801234567
786412053 801234567
786412305 801234567
