748623510 801234567
748625013 801234567
748625130 801234567
748625301 801234567
748630125 801234567
748630251 801234567
748630512 801234567
748631052 801234567
748631205 801234567
748631520 801234567
748632015 801234567
748632150 801234567
748632501 801234567
748635021 801234567
748635102 801234567
748635210 801234567
748650132 801234567
748650213 801234567
748650321 801234567
748651023 801234567
748651230 801234567
748651302 801234567
748652031 801234567
748652103 801234567
748652310 801234567
748653012 801234567
748653120 801234567
748653201 801234567
750123486 801234567
750123648 801234567
750123864 801234567
750124368 801234567
750124683 801234567
750124836 801234567
750126384 801234567
750126438 801234567
750126843 801234567
750128346 801234567
750128463 801234567
750128634 801234567
750132468 801234567
750132684 801234567
750132846 801234567
750134286 801234567
750134628 801234567
750134862 801234567
750136248 801234567
750136482 801234567
750136824 801234567
750138264 801234567
750138426 801234567
750138642 801234567
750142386 801234567
750142638 801234567
750142863 801234567
750143268 801234567
750143682 801234567
750143826 801234567
750146283 801234567
750146328 801234567
750146832 801234567
750148236 801234567
750148362 801234567
750148623 801234567
750162348 801234567
750162483 801234567
750162834 801234567
750163284 801234567
750163428 801234567
750163842 801234567
750164238 801234567
750164382 801234567
750164823 801234567
750168243 801234567
750168324 801234567
750168432 801234567
750182364 801234567
750182436 801234567
750182643 801234567
750183246 801234567
750183462 801234567
750183624 801234567
750184263 801234567
750184326 801234567
750184632 801234567
750186234 801234567
750186342 801234567
750186423 801234567
750213468 801234567
750213684 801234567
750213846 801234567
750214386 801234567
750214638 801234567
750214863 801234567
750216348 801234567
750216483 801234567
750216834 801234567
750218364 801234567
750218436 801234567
750218643 801234567
750231486 801234567
750231648 801234567
750231864 801234567
750234168 801234567
750234681 801234567
750234816 801234567
750236184 801234567
750236418 801234567
750236841 801234567
750238146 801234567
750238461 801234567
750238614 801234567
750241368 801234567
750241683 801234567
750241836 801234567
750243186 801234567
750243618 801234567
750243861 801234567
750246138 801234567
750246381 801234567
750246813 801234567
750248163 801234567
750248316 801234567
750248631 801234567
750261384 801234567
750261438 801234567
750261843 801234567
750263148 801234567
750263481 801234567
750263814 801234567
750264183 801234567
750264318 801234567
750264831 801234567
750268134 801234567
750268341 801234567
750268413 801234567
750281346 801234567
750281463 801234567
750281634 801234567
750283164 801234567
750283416 801234567
750283641 801234567
750284136 801234567
750284361 801234567
750284613 801234567
750286143 801234567
750286314 801234567
750286431 801234567
750312486 801234567
750312648 801234567
750312864 801234567
750314268 801234567
750314682 801234567
750314826 801234567
750316284 801234567
750316428 801234567
750316842 801234567
750318246 801234567
750318462 801234567
750318624 801234567
750321468 801234567
750321684 801234567
750321846 801234567
750324186 801234567
750324618 801234567
750324861 801234567
750326148 801234567
750326481 801234567
750326814 801234567
750328164 801234567
750328416 801234567
750328641 801234567
750341286 801234567
750341628 801234567
750341862 801234567
750342168 801234567
750342681 801234567
750342816 801234567
750346182 801234567
750346218 801234567
750346821 801234567
750348126 801234567
750348261 801234567
750348612 801234567
750361248 801234567
750361482 801234567
750361824 801234567
750362184 801234567
750362418 801234567
750362841 801234567
750364128 801234567
750364281 801234567
750364812 801234567
750368142 801234567
750368214 801234567
750368421 801234567
750381264 801234567
750381426 801234567
750381642 801234567
750382146 801234567
750382461 801234567
750382614 801234567
750384162 801234567
750384216 801234567
750384621 801234567
750386124 801234567
750386241 801234567
750386412 801234567
750412368 801234567
750412683 801234567
750412836 801234567
750413286 801234567
750413628 801234567
750413862 801234567
750416238 801234567
750416382 801234567
750416823 801234567
750418263 801234567
750418326 801234567
750418632 801234567
750421386 801234567
750421638 801234567
750421863 801234567
750423168 801234567
750423681 801234567
750423816 801234567
750426183 801234567
750426318 801234567
750426831 801234567
750428136 801234567
750428361 801234567
750428613 801234567
750431268 801234567
750431682 801234567
750431826 801234567
750432186 801234567
750432618 801234567
750432861 801234567
750436128 801234567
750436281 801234567
750436812 801234567
750438162 801234567
750438216 801234567
750438621 801234567
750461283 801234567
750461328 801234567
750461832 801234567
750462138 801234567
750462381 801234567
750462813 801234567
750463182 801234567
750463218 801234567
750463821 801234567
750468123 801234567
750468231 801234567
750468312 801234567
750481236 801234567
750481362 801234567
750481623 801234567
750482163 801234567
750482316 801234567
750482631 801234567
750483126 801234567
750483261 801234567
750483612 801234567
750486132 801234567
750486213 801234567
750486321 801234567
750612384 801234567
750612438 801234567
750612843 801234567
750613248 801234567
750613482 801234567
750613824 801234567
750614283 801234567
750614328 801234567
750614832 801234567
750618234 801234567
750618342 801234567
750618423 801234567
750621348 801234567
750621483 801234567
750621834 801234567
750623184 801234567
750623418 801234567
750623841 801234567
750624138 801234567
750624381 801234567
750624813 801234567
750628143 801234567
750628314 801234567
750628431 801234567
750631284 801234567
750631428 801234567
750631842 801234567
750632148 801234567
750632481 801234567
750632814 801234567
750634182 801234567
750634218 801234567
750634821 801234567
750638124 801234567
750638241 801234567
750638412 801234567
750641238 801234567
750641382 801234567
750641823 801234567
750642183 801234567
750642318 801234567
750642831 801234567
750643128 801234567
750643281 801234567
750643812 801234567
750648132 801234567
750648213 801234567
750648321 801234567
750681243 801234567
750681324 801234567
750681432 801234567
750682134 801234567
750682341 801234567
750682413 801234567
750683142 801234567
750683214 801234567
750683421 801234567
750684123 801234567
750684231 801234567
750684312 801234567
750812346 801234567
750812463 801234567
750812634 801234567
750813264 801234567
750813426 801234567
750813642 801234567
750814236 801234567
750814362 801234567
750814623 801234567
750816243 801234567
750816324 801234567
750816432 801234567
750821364 801234567
750821436 801234567
750821643 801234567
750823146 801234567
750823461 801234567
750823614 801234567
750824163 801234567
750824316 801234567
750824631 801234567
750826134 801234567
750826341 801234567
750826413 801234567
750831246 801234567
750831462 801234567
750831624 801234567
750832164 801234567
750832416 801234567
750832641 801234567
750834126 801234567
750834261 801234567
750834612 801234567
750836142 801234567
750836214 801234567
750836421 801234567
750841263 801234567
750841326 801234567
750841632 801234567
750842136 801234567
750842361 801234567
750842613 801234567
750843162 801234567
750843216 801234567
750843621 801234567
750846123 801234567
750846231 801234567
750846312 801234567
750861234 801234567
750861342 801234567
750861423 801234567
750862143 801234567
750862314 801234567
750862431 801234567
750863124 801234567
750863241 801234567
750863412 801234567
750864132 801234567
750864213 801234567
750864321 801234567
751023468 801234567
751023684 801234567
751023846 801234567
751024386 801234567
751024638 801234567
751024863 801234567
751026348 801234567
751026483 801234567
751026834 801234567
751028364 801234567
751028436 801234567
751028643 801234567
751032486 801234567
751032648 801234567
751032864 801234567
751034268 801234567
751034682 801234567
751034826 801234567
751036284 801234567
751036428 801234567
751036842 801234567
751038246 801234567
751038462 801234567
751038624 801234567
751042368 801234567
751042683 801234567
751042836 801234567
751043286 801234567
751043628 801234567
751043862 801234567
751046238 801234567
751046382 801234567
751046823 801234567
751048263 801234567
751048326 801234567
751048632 801234567
751062384 801234567
751062438 801234567
751062843 801234567
751063248 801234567
751063482 801234567
751063824 801234567
751064283 801234567
751064328 801234567
751064832 801234567
751068234 801234567
751068342 801234567
751068423 801234567
751082346 801234567
751082463 801234567
751082634 801234567
751083264 801234567
751083426 801234567
751083642 801234567
751084236 801234567
751084362 801234567
751084623 801234567
751086243 801234567
751086324 801234567
751086432 801234567
751203486 801234567
751203648 801234567
751203864 801234567
751204368 801234567
751204683 801234567
751204836 801234567
751206384 801234567
751206438 801234567
751206843 801234567
751208346 801234567
751208463 801234567
751208634 801234567
751230468 801234567
751230684 801234567
751230846 801234567
751234086 801234567
751234608 801234567
751234860 801234567
751236048 801234567
751236480 801234567
751236804 801234567
751238064 801234567
751238406 801234567
751238640 801234567
751240386 801234567
751240638 801234567
751240863 801234567
751243068 801234567
751243680 801234567
751243806 801234567
751246083 801234567
751246308 801234567
751246830 801234567
751248036 801234567
751248360 801234567
751248603 801234567
751260348 801234567
751260483 801234567
751260834 801234567
751263084 801234567
751263408 801234567
751263840 801234567
751264038 801234567
751264380 801234567
751264803 801234567
751268043 801234567
751268304 801234567
751268430 801234567
751280364 801234567
751280436 801234567
751280643 801234567
