350786214 801234567
350786421 801234567
350812476 801234567
350812647 801234567
350812764 801234567
350814267 801234567
350814672 801234567
350814726 801234567
350816274 801234567
350816427 801234567
350816742 801234567
350817246 801234567
350817462 801234567
350817624 801234567
350821467 801234567
350821674 801234567
350821746 801234567
350824176 801234567
350824617 801234567
350824761 801234567
350826147 801234567
350826471 801234567
350826714 801234567
350827164 801234567
350827416 801234567
350827641 801234567
350841276 801234567
350841627 801234567
350841762 801234567
350842167 801234567
350842671 801234567
350842716 801234567
350846172 801234567
350846217 801234567
350846721 801234567
350847126 801234567
350847261 801234567
350847612 801234567
350861247 801234567
350861472 801234567
350861724 801234567
350862174 801234567
350862417 801234567
350862741 801234567
350864127 801234567
350864271 801234567
350864712 801234567
350867142 801234567
350867214 801234567
350867421 801234567
350871264 801234567
350871426 801234567
350871642 801234567
350872146 801234567
350872461 801234567
350872614 801234567
350874162 801234567
350874216 801234567
350874621 801234567
350876124 801234567
350876241 801234567
350876412 801234567
351024687 801234567
351024768 801234567
351024876 801234567
351026478 801234567
351026784 801234567
351026847 801234567
351027486 801234567
351027648 801234567
351027864 801234567
351028467 801234567
351028674 801234567
351028746 801234567
351042678 801234567
351042786 801234567
351042867 801234567
351046287 801234567
351046728 801234567
351046872 801234567
351047268 801234567
351047682 801234567
351047826 801234567
351048276 801234567
351048627 801234567
351048762 801234567
351062487 801234567
351062748 801234567
351062874 801234567
351064278 801234567
351064782 801234567
351064827 801234567
351067284 801234567
351067428 801234567
351067842 801234567
351068247 801234567
351068472 801234567
351068724 801234567
351072468 801234567
351072684 801234567
351072846 801234567
351074286 801234567
351074628 801234567
351074862 801234567
351076248 801234567
351076482 801234567
351076824 801234567
351078264 801234567
351078426 801234567
351078642 801234567
351082476 801234567
351082647 801234567
351082764 801234567
351084267 801234567
351084672 801234567
351084726 801234567
351086274 801234567
351086427 801234567
351086742 801234567
351087246 801234567
351087462 801234567
351087624 801234567
351204678 801234567
351204786 801234567
351204867 801234567
351206487 801234567
351206748 801234567
351206874 801234567
351207468 801234567
351207684 801234567
351207846 801234567
351208476 801234567
351208647 801234567
351208764 801234567
351240687 801234567
351240768 801234567
351240876 801234567
351246078 801234567
351246780 801234567
351246807 801234567
351247086 801234567
351247608 801234567
351247860 801234567
351248067 801234567
351248670 801234567
351248706 801234567
351260478 801234567
351260784 801234567
351260847 801234567
351264087 801234567
351264708 801234567
351264870 801234567
351267048 801234567
351267480 801234567
351267804 801234567
351268074 801234567
351268407 801234567
351268740 801234567
351270486 801234567
351270648 801234567
351270864 801234567
351274068 801234567
351274680 801234567
351274806 801234567
351276084 801234567
351276408 801234567
351276840 801234567
351278046 801234567
351278460 801234567
351278604 801234567
351280467 801234567
351280674 801234567
351280746 801234567
351284076 801234567
351284607 801234567
351284760 801234567
351286047 801234567
351286470 801234567
351286704 801234567
351287064 801234567
351287406 801234567
351287640 801234567
351402687 801234567
351402768 801234567
351402876 801234567
351406278 801234567
351406782 801234567
351406827 801234567
351407286 801234567
351407628 801234567
351407862 801234567
351408267 801234567
351408672 801234567
351408726 801234567
351420678 801234567
351420786 801234567
351420867 801234567
351426087 801234567
351426708 801234567
351426870 801234567
351427068 801234567
351427680 801234567
351427806 801234567
351428076 801234567
351428607 801234567
351428760 801234567
351460287 801234567
351460728 801234567
351460872 801234567
351462078 801234567
351462780 801234567
351462807 801234567
351467082 801234567
351467208 801234567
351467820 801234567
351468027 801234567
351468270 801234567
351468702 801234567
351470268 801234567
351470682 801234567
351470826 801234567
351472086 801234567
351472608 801234567
351472860 801234567
351476028 801234567
351476280 801234567
351476802 801234567
351478062 801234567
351478206 801234567
351478620 801234567
351480276 801234567
351480627 801234567
351480762 801234567
351482067 801234567
351482670 801234567
351482706 801234567
351486072 801234567
351486207 801234567
351486720 801234567
351487026 801234567
351487260 801234567
351487602 801234567
351602478 801234567
351602784 801234567
351602847 801234567
351604287 801234567
351604728 801234567
351604872 801234567
351607248 801234567
351607482 801234567
351607824 801234567
351608274 801234567
351608427 801234567
351608742 801234567
351620487 801234567
351620748 801234567
351620874 801234567
351624078 801234567
351624780 801234567
351624807 801234567
351627084 801234567
351627408 801234567
351627840 801234567
351628047 801234567
351628470 801234567
351628704 801234567
351640278 801234567
351640782 801234567
351640827 801234567
351642087 801234567
351642708 801234567
351642870 801234567
351647028 801234567
351647280 801234567
351647802 801234567
351648072 801234567
351648207 801234567
351648720 801234567
351670284 801234567
351670428 801234567
351670842 801234567
351672048 801234567
351672480 801234567
351672804 801234567
351674082 801234567
351674208 801234567
351674820 801234567
351678024 801234567
351678240 801234567
351678402 801234567
351680247 801234567
351680472 801234567
351680724 801234567
351682074 801234567
351682407 801234567
351682740 801234567
351684027 801234567
351684270 801234567
351684702 801234567
351687042 801234567
351687204 801234567
351687420 801234567
351702486 801234567
351702648 801234567
351702864 801234567
351704268 801234567
351704682 801234567
351704826 801234567
351706284 801234567
351706428 801234567
351706842 801234567
351708246 801234567
351708462 801234567
351708624 801234567
351720468 801234567
351720684 801234567
351720846 801234567
351724086 801234567
351724608 801234567
351724860 801234567
351726048 801234567
351726480 801234567
351726804 801234567
351728064 801234567
351728406 801234567
351728640 801234567
351740286 801234567
351740628 801234567
351740862 801234567
351742068 801234567
351742680 801234567
351742806 801234567
351746082 801234567
351746208 801234567
351746820 801234567
351748026 801234567
351748260 801234567
351748602 801234567
351760248 801234567
351760482 801234567
351760824 801234567
351762084 801234567
351762408 801234567
351762840 801234567
351764028 801234567
351764280 801234567
351764802 801234567
351768042 801234567
351768204 801234567
351768420 801234567
351780264 801234567
351780426 801234567
351780642 801234567
351782046 801234567
351782460 801234567
351782604 801234567
351784062 801234567
351784206 801234567
351784620 801234567
351786024 801234567
351786240 801234567
351786402 801234567
351802467 801234567
351802674 801234567
351802746 801234567
351804276 801234567
351804627 801234567
351804762 801234567
351806247 801234567
351806472 801234567
351806724 801234567
351807264 801234567
351807426 801234567
351807642 801234567
351820476 801234567
351820647 801234567
351820764 801234567
351824067 801234567
351824670 801234567
351824706 801234567
351826074 801234567
351826407 801234567
351826740 801234567
351827046 801234567
351827460 801234567
351827604 801234567
351840267 801234567
351840672 801234567
351840726 801234567
351842076 801234567
351842607 801234567
351842760 801234567
351846027 801234567
351846270 801234567
351846702 801234567
351847062 801234567
351847206 801234567
351847620 801234567
351860274 801234567
351860427 801234567
351860742 801234567
351862047 801234567
351862470 801234567
351862704 801234567
351864072 801234567
351864207 801234567
351864720 801234567
351867024 801234567
351867240 801234567
351867402 801234567
351870246 801234567
351870462 801234567
351870624 801234567
351872064 801234567
351872406 801234567
351872640 801234567
351874026 801234567
351874260 801234567
351874602 801234567
351876042 801234567
351876204 801234567
351876420 801234567
352014678 801234567
352014786 801234567
352014867 801234567
352016487 801234567
352016748 801234567
352016874 801234567
352017468 801234567
352017684 801234567
352017846 801234567
352018476 801234567
352018647 801234567
352018764 801234567
352041687 801234567
352041768 801234567
352041876 801234567
352046178 801234567
352046781 801234567
352046817 801234567
352047186 801234567
352047618 801234567
352047861 801234567
352048167 801234567
352048671 801234567
352048716 801234567
352061478 801234567
352061784 801234567
352061847 801234567
352064187 801234567
352064718 801234567
352064871 801234567
352067148 801234567
352067481 801234567
352067814 801234567
352068174 801234567
352068417 801234567
352068741 801234567
352071486 801234567
352071648 801234567
352071864 801234567
352074168 801234567
352074681 801234567
352074816 801234567
352076184 801234567
352076418 801234567
352076841 801234567
352078146 801234567
352078461 801234567
352078614 801234567
352081467 801234567
352081674 801234567
352081746 801234567
352084176 801234567
352084617 801234567
352084761 801234567
352086147 801234567
352086471 801234567
352086714 801234567
352087164 801234567
352087416 801234567
352087641 801234567
352104687 801234567
352104768 801234567
352104876 801234567
352106478 801234567
352106784 801234567
352106847 801234567
352107486 801234567
352107648 801234567
352107864 801234567
352108467 801234567
352108674 801234567
352108746 801234567
352140678 801234567
352140786 801234567
352140867 801234567
352146087 801234567
352146708 801234567
