283517460 801234567
283517604 801234567
283540167 801234567
283540671 801234567
283540716 801234567
283541076 801234567
283541607 801234567
283541760 801234567
283546017 801234567
283546170 801234567
283546701 801234567
283547061 801234567
283547106 801234567
283547610 801234567
283560174 801234567
283560417 801234567
283560741 801234567
283561047 801234567
283561470 801234567
283561704 801234567
283564071 801234567
283564107 801234567
283564710 801234567
283567014 801234567
283567140 801234567
283567401 801234567
283570146 801234567
283570461 801234567
283570614 801234567
283571064 801234567
283571406 801234567
283571640 801234567
283574016 801234567
283574160 801234567
283574601 801234567
283576041 801234567
283576104 801234567
283576410 801234567
283601475 801234567
283601547 801234567
283601754 801234567
283604157 801234567
283604571 801234567
283604715 801234567
283605174 801234567
283605417 801234567
283605741 801234567
283607145 801234567
283607451 801234567
283607514 801234567
283610457 801234567
283610574 801234567
283610745 801234567
283614075 801234567
283614507 801234567
283614750 801234567
283615047 801234567
283615470 801234567
283615704 801234567
283617054 801234567
283617405 801234567
283617540 801234567
283640175 801234567
283640517 801234567
283640751 801234567
283641057 801234567
283641570 801234567
283641705 801234567
283645071 801234567
283645107 801234567
283645710 801234567
283647015 801234567
283647150 801234567
283647501 801234567
283650147 801234567
283650471 801234567
283650714 801234567
283651074 801234567
283651407 801234567
283651740 801234567
283654017 801234567
283654170 801234567
283654701 801234567
283657041 801234567
283657104 801234567
283657410 801234567
283670154 801234567
283670415 801234567
283670541 801234567
283671045 801234567
283671450 801234567
283671504 801234567
283674051 801234567
283674105 801234567
283674510 801234567
283675014 801234567
283675140 801234567
283675401 801234567
283701456 801234567
283701564 801234567
283701645 801234567
283704165 801234567
283704516 801234567
283704651 801234567
283705146 801234567
283705461 801234567
283705614 801234567
283706154 801234567
283706415 801234567
283706541 801234567
283710465 801234567
283710546 801234567
283710654 801234567
283714056 801234567
283714560 801234567
283714605 801234567
283715064 801234567
283715406 801234567
283715640 801234567
283716045 801234567
283716450 801234567
283716504 801234567
283740156 801234567
283740561 801234567
283740615 801234567
283741065 801234567
283741506 801234567
283741650 801234567
283745016 801234567
283745160 801234567
283745601 801234567
283746051 801234567
283746105 801234567
283746510 801234567
283750164 801234567
283750416 801234567
283750641 801234567
283751046 801234567
283751460 801234567
283751604 801234567
283754061 801234567
283754106 801234567
283754610 801234567
283756014 801234567
283756140 801234567
283756401 801234567
283760145 801234567
283760451 801234567
283760514 801234567
283761054 801234567
283761405 801234567
283761540 801234567
283764015 801234567
283764150 801234567
283764501 801234567
283765041 801234567
283765104 801234567
283765410 801234567
284013567 801234567
284013675 801234567
284013756 801234567
284015376 801234567
284015637 801234567
284015763 801234567
284016357 801234567
284016573 801234567
284016735 801234567
284017365 801234567
284017536 801234567
284017653 801234567
284031576 801234567
284031657 801234567
284031765 801234567
284035167 801234567
284035671 801234567
284035716 801234567
284036175 801234567
284036517 801234567
284036751 801234567
284037156 801234567
284037561 801234567
284037615 801234567
284051367 801234567
284051673 801234567
284051736 801234567
284053176 801234567
284053617 801234567
284053761 801234567
284056137 801234567
284056371 801234567
284056713 801234567
284057163 801234567
284057316 801234567
284057631 801234567
284061375 801234567
284061537 801234567
284061753 801234567
284063157 801234567
284063571 801234567
284063715 801234567
284065173 801234567
284065317 801234567
284065731 801234567
284067135 801234567
284067351 801234567
284067513 801234567
284071356 801234567
284071563 801234567
284071635 801234567
284073165 801234567
284073516 801234567
284073651 801234567
284075136 801234567
284075361 801234567
284075613 801234567
284076153 801234567
284076315 801234567
284076531 801234567
284103576 801234567
284103657 801234567
284103765 801234567
284105367 801234567
284105673 801234567
284105736 801234567
284106375 801234567
284106537 801234567
284106753 801234567
284107356 801234567
284107563 801234567
284107635 801234567
284130567 801234567
284130675 801234567
284130756 801234567
284135076 801234567
284135607 801234567
284135760 801234567
284136057 801234567
284136570 801234567
284136705 801234567
284137065 801234567
284137506 801234567
284137650 801234567
284150376 801234567
284150637 801234567
284150763 801234567
284153067 801234567
284153670 801234567
284153706 801234567
284156073 801234567
284156307 801234567
284156730 801234567
284157036 801234567
284157360 801234567
284157603 801234567
284160357 801234567
284160573 801234567
284160735 801234567
284163075 801234567
284163507 801234567
284163750 801234567
284165037 801234567
284165370 801234567
284165703 801234567
284167053 801234567
284167305 801234567
284167530 801234567
284170365 801234567
284170536 801234567
284170653 801234567
284173056 801234567
284173560 801234567
284173605 801234567
284175063 801234567
284175306 801234567
284175630 801234567
284176035 801234567
284176350 801234567
284176503 801234567
284301567 801234567
284301675 801234567
284301756 801234567
284305176 801234567
284305617 801234567
284305761 801234567
284306157 801234567
284306571 801234567
284306715 801234567
284307165 801234567
284307516 801234567
284307651 801234567
284310576 801234567
284310657 801234567
284310765 801234567
284315067 801234567
284315670 801234567
284315706 801234567
284316075 801234567
284316507 801234567
284316750 801234567
284317056 801234567
284317560 801234567
284317605 801234567
284350167 801234567
284350671 801234567
284350716 801234567
284351076 801234567
284351607 801234567
284351760 801234567
284356017 801234567
284356170 801234567
284356701 801234567
284357061 801234567
284357106 801234567
284357610 801234567
284360175 801234567
284360517 801234567
284360751 801234567
284361057 801234567
284361570 801234567
284361705 801234567
284365071 801234567
284365107 801234567
284365710 801234567
284367015 801234567
284367150 801234567
284367501 801234567
284370156 801234567
284370561 801234567
284370615 801234567
284371065 801234567
284371506 801234567
284371650 801234567
284375016 801234567
284375160 801234567
284375601 801234567
284376051 801234567
284376105 801234567
284376510 801234567
284501376 801234567
284501637 801234567
284501763 801234567
284503167 801234567
284503671 801234567
284503716 801234567
284506173 801234567
284506317 801234567
284506731 801234567
284507136 801234567
284507361 801234567
284507613 801234567
284510367 801234567
284510673 801234567
284510736 801234567
284513076 801234567
284513607 801234567
284513760 801234567
284516037 801234567
284516370 801234567
284516703 801234567
284517063 801234567
284517306 801234567
284517630 801234567
284530176 801234567
284530617 801234567
284530761 801234567
284531067 801234567
284531670 801234567
284531706 801234567
284536071 801234567
284536107 801234567
284536710 801234567
284537016 801234567
284537160 801234567
284537601 801234567
284560137 801234567
284560371 801234567
284560713 801234567
284561073 801234567
284561307 801234567
284561730 801234567
284563017 801234567
284563170 801234567
284563701 801234567
284567031 801234567
284567103 801234567
284567310 801234567
284570163 801234567
284570316 801234567
284570631 801234567
284571036 801234567
284571360 801234567
284571603 801234567
284573061 801234567
284573106 801234567
284573610 801234567
284576013 801234567
284576130 801234567
284576301 801234567
284601357 801234567
284601573 801234567
284601735 801234567
284603175 801234567
284603517 801234567
284603751 801234567
284605137 801234567
284605371 801234567
284605713 801234567
284607153 801234567
284607315 801234567
284607531 801234567
284610375 801234567
284610537 801234567
284610753 801234567
284613057 801234567
284613570 801234567
284613705 801234567
284615073 801234567
284615307 801234567
284615730 801234567
284617035 801234567
284617350 801234567
284617503 801234567
284630157 801234567
284630571 801234567
284630715 801234567
284631075 801234567
284631507 801234567
284631750 801234567
284635017 801234567
284635170 801234567
284635701 801234567
284637051 801234567
284637105 801234567
284637510 801234567
284650173 801234567
284650317 801234567
284650731 801234567
284651037 801234567
284651370 801234567
284651703 801234567
284653071 801234567
284653107 801234567
284653710 801234567
284657013 801234567
284657130 801234567
284657301 801234567
284670135 801234567
284670351 801234567
284670513 801234567
284671053 801234567
284671305 801234567
284671530 801234567
284673015 801234567
284673150 801234567
284673501 801234567
284675031 801234567
284675103 801234567
284675310 801234567
284701365 801234567
284701536 801234567
284701653 801234567
284703156 801234567
284703561 801234567
284703615 801234567
284705163 801234567
284705316 801234567
284705631 801234567
284706135 801234567
284706351 801234567
284706513 801234567
284710356 801234567
284710563 801234567
284710635 801234567
284713065 801234567
284713506 801234567
284713650 801234567
284715036 801234567
284715360 801234567
284715603 801234567
284716053 801234567
284716305 801234567
284716530 801234567
284730165 801234567
284730516 801234567
284730651 801234567
284731056 801234567
284731560 801234567
284731605 801234567
284735061 801234567
284735106 801234567
284735610 801234567
284736015 801234567
284736150 801234567
284736501 801234567
284750136 801234567
284750361 801234567
284750613 801234567
284751063 801234567
284751306 801234567
