017534682 801234567
017534826 801234567
017536284 801234567
017536428 801234567
017536842 801234567
017538246 801234567
017538462 801234567
017538624 801234567
017542368 801234567
017542683 801234567
017542836 801234567
017543286 801234567
017543628 801234567
017543862 801234567
017546238 801234567
017546382 801234567
017546823 801234567
017548263 801234567
017548326 801234567
017548632 801234567
017562384 801234567
017562438 801234567
017562843 801234567
017563248 801234567
017563482 801234567
017563824 801234567
017564283 801234567
017564328 801234567
017564832 801234567
017568234 801234567
017568342 801234567
017568423 801234567
017582346 801234567
017582463 801234567
017582634 801234567
017583264 801234567
017583426 801234567
017583642 801234567
017584236 801234567
017584362 801234567
017584623 801234567
017586243 801234567
017586324 801234567
017586432 801234567
017623485 801234567
017623548 801234567
017623854 801234567
017624358 801234567
017624583 801234567
017624835 801234567
017625384 801234567
017625438 801234567
017625843 801234567
017628345 801234567
017628453 801234567
017628534 801234567
017632458 801234567
017632584 801234567
017632845 801234567
017634285 801234567
017634528 801234567
017634852 801234567
017635248 801234567
017635482 801234567
017635824 801234567
017638254 801234567
017638425 801234567
017638542 801234567
017642385 801234567
017642538 801234567
017642853 801234567
017643258 801234567
017643582 801234567
017643825 801234567
017645283 801234567
017645328 801234567
017645832 801234567
017648235 801234567
017648352 801234567
017648523 801234567
017652348 801234567
017652483 801234567
017652834 801234567
017653284 801234567
017653428 801234567
017653842 801234567
017654238 801234567
017654382 801234567
017654823 801234567
017658243 801234567
017658324 801234567
017658432 801234567
017682354 801234567
017682435 801234567
017682543 801234567
017683245 801234567
017683452 801234567
017683524 801234567
017684253 801234567
017684325 801234567
017684532 801234567
017685234 801234567
017685342 801234567
017685423 801234567
017823456 801234567
017823564 801234567
017823645 801234567
017824365 801234567
017824536 801234567
017824653 801234567
017825346 801234567
017825463 801234567
017825634 801234567
017826354 801234567
017826435 801234567
017826543 801234567
017832465 801234567
017832546 801234567
017832654 801234567
017834256 801234567
017834562 801234567
017834625 801234567
017835264 801234567
017835426 801234567
017835642 801234567
017836245 801234567
017836452 801234567
017836524 801234567
017842356 801234567
017842563 801234567
017842635 801234567
017843265 801234567
017843526 801234567
017843652 801234567
017845236 801234567
017845362 801234567
017845623 801234567
017846253 801234567
017846325 801234567
017846532 801234567
017852364 801234567
017852436 801234567
017852643 801234567
017853246 801234567
017853462 801234567
017853624 801234567
017854263 801234567
017854326 801234567
017854632 801234567
017856234 801234567
017856342 801234567
017856423 801234567
017862345 801234567
017862453 801234567
017862534 801234567
017863254 801234567
017863425 801234567
017863542 801234567
017864235 801234567
017864352 801234567
017864523 801234567
017865243 801234567
017865324 801234567
017865432 801234567
018234567 801234567
018234675 801234567
018234756 801234567
018235476 801234567
018235647 801234567
018235764 801234567
018236457 801234567
018236574 801234567
018236745 801234567
018237465 801234567
018237546 801234567
018237654 801234567
018243576 801234567
018243657 801234567
018243765 801234567
018245367 801234567
018245673 801234567
018245736 801234567
018246375 801234567
018246537 801234567
018246753 801234567
018247356 801234567
018247563 801234567
018247635 801234567
018253467 801234567
018253674 801234567
018253746 801234567
018254376 801234567
018254637 801234567
018254763 801234567
018256347 801234567
018256473 801234567
018256734 801234567
018257364 801234567
018257436 801234567
018257643 801234567
018263475 801234567
018263547 801234567
018263754 801234567
018264357 801234567
018264573 801234567
018264735 801234567
018265374 801234567
018265437 801234567
018265743 801234567
018267345 801234567
018267453 801234567
018267534 801234567
018273456 801234567
018273564 801234567
018273645 801234567
018274365 801234567
018274536 801234567
018274653 801234567
018275346 801234567
018275463 801234567
018275634 801234567
018276354 801234567
018276435 801234567
018276543 801234567
018324576 801234567
018324657 801234567
018324765 801234567
018325467 801234567
018325674 801234567
018325746 801234567
018326475 801234567
018326547 801234567
018326754 801234567
018327456 801234567
018327564 801234567
018327645 801234567
018342567 801234567
018342675 801234567
018342756 801234567
018345276 801234567
018345627 801234567
018345762 801234567
018346257 801234567
018346572 801234567
018346725 801234567
018347265 801234567
018347526 801234567
018347652 801234567
018352476 801234567
018352647 801234567
018352764 801234567
018354267 801234567
018354672 801234567
018354726 801234567
018356274 801234567
018356427 801234567
018356742 801234567
018357246 801234567
018357462 801234567
018357624 801234567
018362457 801234567
018362574 801234567
018362745 801234567
018364275 801234567
018364527 801234567
018364752 801234567
018365247 801234567
018365472 801234567
018365724 801234567
018367254 801234567
018367425 801234567
018367542 801234567
018372465 801234567
018372546 801234567
018372654 801234567
018374256 801234567
018374562 801234567
018374625 801234567
018375264 801234567
018375426 801234567
018375642 801234567
018376245 801234567
018376452 801234567
018376524 801234567
018423567 801234567
018423675 801234567
018423756 801234567
018425376 801234567
018425637 801234567
018425763 801234567
018426357 801234567
018426573 801234567
018426735 801234567
018427365 801234567
018427536 801234567
018427653 801234567
018432576 801234567
018432657 801234567
018432765 801234567
018435267 801234567
018435672 801234567
018435726 801234567
018436275 801234567
018436527 801234567
018436752 801234567
018437256 801234567
018437562 801234567
018437625 801234567
018452367 801234567
018452673 801234567
018452736 801234567
018453276 801234567
018453627 801234567
018453762 801234567
018456237 801234567
018456372 801234567
018456723 801234567
018457263 801234567
018457326 801234567
018457632 801234567
018462375 801234567
018462537 801234567
018462753 801234567
018463257 801234567
018463572 801234567
018463725 801234567
018465273 801234567
018465327 801234567
018465732 801234567
018467235 801234567
018467352 801234567
018467523 801234567
018472356 801234567
018472563 801234567
018472635 801234567
018473265 801234567
018473526 801234567
018473652 801234567
018475236 801234567
018475362 801234567
018475623 801234567
018476253 801234567
018476325 801234567
018476532 801234567
018523476 801234567
018523647 801234567
018523764 801234567
018524367 801234567
018524673 801234567
018524736 801234567
018526374 801234567
018526437 801234567
018526743 801234567
018527346 801234567
018527463 801234567
018527634 801234567
018532467 801234567
018532674 801234567
018532746 801234567
018534276 801234567
018534627 801234567
018534762 801234567
018536247 801234567
018536472 801234567
018536724 801234567
018537264 801234567
018537426 801234567
018537642 801234567
018542376 801234567
018542637 801234567
018542763 801234567
018543267 801234567
018543672 801234567
018543726 801234567
018546273 801234567
018546327 801234567
018546732 801234567
018547236 801234567
018547362 801234567
018547623 801234567
018562347 801234567
018562473 801234567
018562734 801234567
018563274 801234567
018563427 801234567
018563742 801234567
018564237 801234567
018564372 801234567
018564723 801234567
018567243 801234567
018567324 801234567
018567432 801234567
018572364 801234567
018572436 801234567
018572643 801234567
018573246 801234567
018573462 801234567
018573624 801234567
018574263 801234567
018574326 801234567
018574632 801234567
018576234 801234567
018576342 801234567
018576423 801234567
018623457 801234567
018623574 801234567
018623745 801234567
018624375 801234567
018624537 801234567
018624753 801234567
018625347 801234567
018625473 801234567
018625734 801234567
018627354 801234567
018627435 801234567
018627543 801234567
018632475 801234567
018632547 801234567
018632754 801234567
018634257 801234567
018634572 801234567
018634725 801234567
018635274 801234567
018635427 801234567
018635742 801234567
018637245 801234567
018637452 801234567
018637524 801234567
018642357 801234567
018642573 801234567
018642735 801234567
018643275 801234567
018643527 801234567
018643752 801234567
018645237 801234567
018645372 801234567
018645723 801234567
018647253 801234567
018647325 801234567
018647532 801234567
018652374 801234567
018652437 801234567
018652743 801234567
018653247 801234567
018653472 801234567
018653724 801234567
018654273 801234567
018654327 801234567
018654732 801234567
018657234 801234567
018657342 801234567
018657423 801234567
018672345 801234567
018672453 801234567
018672534 801234567
018673254 801234567
018673425 801234567
018673542 801234567
018674235 801234567
018674352 801234567
018674523 801234567
018675243 801234567
018675324 801234567
018675432 801234567
018723465 801234567
018723546 801234567
018723654 801234567
018724356 801234567
018724563 801234567
018724635 801234567
018725364 801234567
018725436 801234567
018725643 801234567
018726345 801234567
018726453 801234567
018726534 801234567
018732456 801234567
018732564 801234567
018732645 801234567
018734265 801234567
018734526 801234567
018734652 801234567
018735246 801234567
018735462 801234567
018735624 801234567
018736254 801234567
018736425 801234567
018736542 801234567
018742365 801234567
018742536 801234567
018742653 801234567
018743256 801234567
018743562 801234567
018743625 801234567
018745263 801234567
018745326 801234567
018745632 801234567
018746235 801234567
018746352 801234567
