517380462 801234567
517380624 801234567
517382064 801234567
517382406 801234567
517382640 801234567
517384026 801234567
517384260 801234567
517384602 801234567
517386042 801234567
517386204 801234567
517386420 801234567
517402386 801234567
517402638 801234567
517402863 801234567
517403268 801234567
517403682 801234567
517403826 801234567
517406283 801234567
517406328 801234567
517406832 801234567
517408236 801234567
517408362 801234567
517408623 801234567
517420368 801234567
517420683 801234567
517420836 801234567
517423086 801234567
517423608 801234567
517423860 801234567
517426038 801234567
517426380 801234567
517426803 801234567
517428063 801234567
517428306 801234567
517428630 801234567
517430286 801234567
517430628 801234567
517430862 801234567
517432068 801234567
517432680 801234567
517432806 801234567
517436082 801234567
517436208 801234567
517436820 801234567
517438026 801234567
517438260 801234567
517438602 801234567
517460238 801234567
517460382 801234567
517460823 801234567
517462083 801234567
517462308 801234567
517462830 801234567
517463028 801234567
517463280 801234567
517463802 801234567
517468032 801234567
517468203 801234567
517468320 801234567
517480263 801234567
517480326 801234567
517480632 801234567
517482036 801234567
517482360 801234567
517482603 801234567
517483062 801234567
517483206 801234567
517483620 801234567
517486023 801234567
517486230 801234567
517486302 801234567
517602348 801234567
517602483 801234567
517602834 801234567
517603284 801234567
517603428 801234567
517603842 801234567
517604238 801234567
517604382 801234567
517604823 801234567
517608243 801234567
517608324 801234567
517608432 801234567
517620384 801234567
517620438 801234567
517620843 801234567
517623048 801234567
517623480 801234567
517623804 801234567
517624083 801234567
517624308 801234567
517624830 801234567
517628034 801234567
517628340 801234567
517628403 801234567
517630248 801234567
517630482 801234567
517630824 801234567
517632084 801234567
517632408 801234567
517632840 801234567
517634028 801234567
517634280 801234567
517634802 801234567
517638042 801234567
517638204 801234567
517638420 801234567
517640283 801234567
517640328 801234567
517640832 801234567
517642038 801234567
517642380 801234567
517642803 801234567
517643082 801234567
517643208 801234567
517643820 801234567
517648023 801234567
517648230 801234567
517648302 801234567
517680234 801234567
517680342 801234567
517680423 801234567
517682043 801234567
517682304 801234567
517682430 801234567
517683024 801234567
517683240 801234567
517683402 801234567
517684032 801234567
517684203 801234567
517684320 801234567
517802364 801234567
517802436 801234567
517802643 801234567
517803246 801234567
517803462 801234567
517803624 801234567
517804263 801234567
517804326 801234567
517804632 801234567
517806234 801234567
517806342 801234567
517806423 801234567
517820346 801234567
517820463 801234567
517820634 801234567
517823064 801234567
517823406 801234567
517823640 801234567
517824036 801234567
517824360 801234567
517824603 801234567
517826043 801234567
517826304 801234567
517826430 801234567
517830264 801234567
517830426 801234567
517830642 801234567
517832046 801234567
517832460 801234567
517832604 801234567
517834062 801234567
517834206 801234567
517834620 801234567
517836024 801234567
517836240 801234567
517836402 801234567
517840236 801234567
517840362 801234567
517840623 801234567
517842063 801234567
517842306 801234567
517842630 801234567
517843026 801234567
517843260 801234567
517843602 801234567
517846032 801234567
517846203 801234567
517846320 801234567
517860243 801234567
517860324 801234567
517860432 801234567
517862034 801234567
517862340 801234567
517862403 801234567
517863042 801234567
517863204 801234567
517863420 801234567
517864023 801234567
517864230 801234567
517864302 801234567
518023476 801234567
518023647 801234567
518023764 801234567
518024367 801234567
518024673 801234567
518024736 801234567
518026374 801234567
518026437 801234567
518026743 801234567
518027346 801234567
518027463 801234567
518027634 801234567
518032467 801234567
518032674 801234567
518032746 801234567
518034276 801234567
518034627 801234567
518034762 801234567
518036247 801234567
518036472 801234567
518036724 801234567
518037264 801234567
518037426 801234567
518037642 801234567
518042376 801234567
518042637 801234567
518042763 801234567
518043267 801234567
518043672 801234567
518043726 801234567
518046273 801234567
518046327 801234567
518046732 801234567
518047236 801234567
518047362 801234567
518047623 801234567
518062347 801234567
518062473 801234567
518062734 801234567
518063274 801234567
518063427 801234567
518063742 801234567
518064237 801234567
518064372 801234567
518064723 801234567
518067243 801234567
518067324 801234567
518067432 801234567
518072364 801234567
518072436 801234567
518072643 801234567
518073246 801234567
518073462 801234567
518073624 801234567
518074263 801234567
518074326 801234567
518074632 801234567
518076234 801234567
518076342 801234567
518076423 801234567
518203467 801234567
518203674 801234567
518203746 801234567
518204376 801234567
518204637 801234567
518204763 801234567
518206347 801234567
518206473 801234567
518206734 801234567
518207364 801234567
518207436 801234567
518207643 801234567
518230476 801234567
518230647 801234567
518230764 801234567
518234067 801234567
518234670 801234567
518234706 801234567
518236074 801234567
518236407 801234567
518236740 801234567
518237046 801234567
518237460 801234567
518237604 801234567
518240367 801234567
518240673 801234567
518240736 801234567
518243076 801234567
518243607 801234567
518243760 801234567
518246037 801234567
518246370 801234567
518246703 801234567
518247063 801234567
518247306 801234567
518247630 801234567
518260374 801234567
518260437 801234567
518260743 801234567
518263047 801234567
518263470 801234567
518263704 801234567
518264073 801234567
518264307 801234567
518264730 801234567
518267034 801234567
518267340 801234567
518267403 801234567
518270346 801234567
518270463 801234567
518270634 801234567
518273064 801234567
518273406 801234567
518273640 801234567
518274036 801234567
518274360 801234567
518274603 801234567
518276043 801234567
518276304 801234567
518276430 801234567
518302476 801234567
518302647 801234567
518302764 801234567
518304267 801234567
518304672 801234567
518304726 801234567
518306274 801234567
518306427 801234567
518306742 801234567
518307246 801234567
518307462 801234567
518307624 801234567
518320467 801234567
518320674 801234567
518320746 801234567
518324076 801234567
518324607 801234567
518324760 801234567
518326047 801234567
518326470 801234567
518326704 801234567
518327064 801234567
518327406 801234567
518327640 801234567
518340276 801234567
518340627 801234567
518340762 801234567
518342067 801234567
518342670 801234567
518342706 801234567
518346072 801234567
518346207 801234567
518346720 801234567
518347026 801234567
518347260 801234567
518347602 801234567
518360247 801234567
518360472 801234567
518360724 801234567
518362074 801234567
518362407 801234567
518362740 801234567
518364027 801234567
518364270 801234567
518364702 801234567
518367042 801234567
518367204 801234567
518367420 801234567
518370264 801234567
518370426 801234567
518370642 801234567
518372046 801234567
518372460 801234567
518372604 801234567
518374062 801234567
518374206 801234567
518374620 801234567
518376024 801234567
518376240 801234567
518376402 801234567
518402367 801234567
518402673 801234567
518402736 801234567
518403276 801234567
518403627 801234567
518403762 801234567
518406237 801234567
518406372 801234567
518406723 801234567
518407263 801234567
518407326 801234567
518407632 801234567
518420376 801234567
518420637 801234567
518420763 801234567
518423067 801234567
518423670 801234567
518423706 801234567
518426073 801234567
518426307 801234567
518426730 801234567
518427036 801234567
518427360 801234567
518427603 801234567
518430267 801234567
518430672 801234567
518430726 801234567
518432076 801234567
518432607 801234567
518432760 801234567
518436027 801234567
518436270 801234567
518436702 801234567
518437062 801234567
518437206 801234567
518437620 801234567
518460273 801234567
518460327 801234567
518460732 801234567
518462037 801234567
518462370 801234567
518462703 801234567
518463072 801234567
518463207 801234567
518463720 801234567
518467023 801234567
518467230 801234567
518467302 801234567
518470236 801234567
518470362 801234567
518470623 801234567
518472063 801234567
518472306 801234567
518472630 801234567
518473026 801234567
518473260 801234567
518473602 801234567
518476032 801234567
518476203 801234567
518476320 801234567
518602374 801234567
518602437 801234567
518602743 801234567
518603247 801234567
518603472 801234567
518603724 801234567
518604273 801234567
518604327 801234567
518604732 801234567
518607234 801234567
518607342 801234567
518607423 801234567
518620347 801234567
518620473 801234567
518620734 801234567
518623074 801234567
518623407 801234567
518623740 801234567
518624037 801234567
518624370 801234567
518624703 801234567
518627043 801234567
518627304 801234567
518627430 801234567
518630274 801234567
518630427 801234567
518630742 801234567
518632047 801234567
518632470 801234567
518632704 801234567
518634072 801234567
518634207 801234567
518634720 801234567
518637024 801234567
518637240 801234567
518637402 801234567
518640237 801234567
518640372 801234567
518640723 801234567
518642073 801234567
518642307 801234567
518642730 801234567
518643027 801234567
518643270 801234567
518643702 801234567
518647032 801234567
518647203 801234567
518647320 801234567
518670243 801234567
518670324 801234567
518670432 801234567
518672034 801234567
518672340 801234567
518672403 801234567
518673042 801234567
518673204 801234567
518673420 801234567
518674023 801234567
518674230 801234567
518674302 801234567
518702346 801234567
518702463 801234567
518702634 801234567
518703264 801234567
518703426 801234567
518703642 801234567
518704236 801234567
518704362 801234567
