312054768 801234567
312054876 801234567
312056478 801234567
312056784 801234567
312056847 801234567
312057486 801234567
312057648 801234567
312057864 801234567
312058467 801234567
312058674 801234567
312058746 801234567
312064578 801234567
312064785 801234567
312064857 801234567
312065487 801234567
312065748 801234567
312065874 801234567
312067458 801234567
312067584 801234567
312067845 801234567
312068475 801234567
312068547 801234567
312068754 801234567
312074586 801234567
312074658 801234567
312074865 801234567
312075468 801234567
312075684 801234567
312075846 801234567
312076485 801234567
312076548 801234567
312076854 801234567
312078456 801234567
312078564 801234567
312078645 801234567
312084567 801234567
312084675 801234567
312084756 801234567
312085476 801234567
312085647 801234567
312085764 801234567
312086457 801234567
312086574 801234567
312086745 801234567
312087465 801234567
312087546 801234567
312087654 801234567
312405687 801234567
312405768 801234567
312405876 801234567
312406578 801234567
312406785 801234567
312406857 801234567
312407586 801234567
312407658 801234567
312407865 801234567
312408567 801234567
312408675 801234567
312408756 801234567
312450678 801234567
312450786 801234567
312450867 801234567
312456087 801234567
312456708 801234567
312456870 801234567
312457068 801234567
312457680 801234567
312457806 801234567
312458076 801234567
312458607 801234567
312458760 801234567
312460587 801234567
312460758 801234567
312460875 801234567
312465078 801234567
312465780 801234567
312465807 801234567
312467085 801234567
312467508 801234567
312467850 801234567
312468057 801234567
312468570 801234567
312468705 801234567
312470568 801234567
312470685 801234567
312470856 801234567
312475086 801234567
312475608 801234567
312475860 801234567
312476058 801234567
312476580 801234567
312476805 801234567
312478065 801234567
312478506 801234567
312478650 801234567
312480576 801234567
312480657 801234567
312480765 801234567
312485067 801234567
312485670 801234567
312485706 801234567
312486075 801234567
312486507 801234567
312486750 801234567
312487056 801234567
312487560 801234567
312487605 801234567
312504678 801234567
312504786 801234567
312504867 801234567
312506487 801234567
312506748 801234567
312506874 801234567
312507468 801234567
312507684 801234567
312507846 801234567
312508476 801234567
312508647 801234567
312508764 801234567
312540687 801234567
312540768 801234567
312540876 801234567
312546078 801234567
312546780 801234567
312546807 801234567
312547086 801234567
312547608 801234567
312547860 801234567
312548067 801234567
312548670 801234567
312548706 801234567
312560478 801234567
312560784 801234567
312560847 801234567
312564087 801234567
312564708 801234567
312564870 801234567
312567048 801234567
312567480 801234567
312567804 801234567
312568074 801234567
312568407 801234567
312568740 801234567
312570486 801234567
312570648 801234567
312570864 801234567
312574068 801234567
312574680 801234567
312574806 801234567
312576084 801234567
312576408 801234567
312576840 801234567
312578046 801234567
312578460 801234567
312578604 801234567
312580467 801234567
312580674 801234567
312580746 801234567
312584076 801234567
312584607 801234567
312584760 801234567
312586047 801234567
312586470 801234567
312586704 801234567
312587064 801234567
312587406 801234567
312587640 801234567
312604587 801234567
312604758 801234567
312604875 801234567
312605478 801234567
312605784 801234567
312605847 801234567
312607485 801234567
312607548 801234567
312607854 801234567
312608457 801234567
312608574 801234567
312608745 801234567
312640578 801234567
312640785 801234567
312640857 801234567
312645087 801234567
312645708 801234567
312645870 801234567
312647058 801234567
312647580 801234567
312647805 801234567
312648075 801234567
312648507 801234567
312648750 801234567
312650487 801234567
312650748 801234567
312650874 801234567
312654078 801234567
312654780 801234567
312654807 801234567
312657084 801234567
312657408 801234567
312657840 801234567
312658047 801234567
312658470 801234567
312658704 801234567
312670458 801234567
312670584 801234567
312670845 801234567
312674085 801234567
312674508 801234567
312674850 801234567
312675048 801234567
312675480 801234567
312675804 801234567
312678054 801234567
312678405 801234567
312678540 801234567
312680475 801234567
312680547 801234567
312680754 801234567
312684057 801234567
312684570 801234567
312684705 801234567
312685074 801234567
312685407 801234567
312685740 801234567
312687045 801234567
312687450 801234567
312687504 801234567
312704568 801234567
312704685 801234567
312704856 801234567
312705486 801234567
312705648 801234567
312705864 801234567
312706458 801234567
312706584 801234567
312706845 801234567
312708465 801234567
312708546 801234567
312708654 801234567
312740586 801234567
312740658 801234567
312740865 801234567
312745068 801234567
312745680 801234567
312745806 801234567
312746085 801234567
312746508 801234567
312746850 801234567
312748056 801234567
312748560 801234567
312748605 801234567
312750468 801234567
312750684 801234567
312750846 801234567
312754086 801234567
312754608 801234567
312754860 801234567
312756048 801234567
312756480 801234567
312756804 801234567
312758064 801234567
312758406 801234567
312758640 801234567
312760485 801234567
312760548 801234567
312760854 801234567
312764058 801234567
312764580 801234567
312764805 801234567
312765084 801234567
312765408 801234567
312765840 801234567
312768045 801234567
312768450 801234567
312768504 801234567
312780456 801234567
312780564 801234567
312780645 801234567
312784065 801234567
312784506 801234567
312784650 801234567
312785046 801234567
312785460 801234567
312785604 801234567
312786054 801234567
312786405 801234567
312786540 801234567
312804576 801234567
312804657 801234567
312804765 801234567
312805467 801234567
312805674 801234567
312805746 801234567
312806475 801234567
312806547 801234567
312806754 801234567
312807456 801234567
312807564 801234567
312807645 801234567
312840567 801234567
312840675 801234567
312840756 801234567
312845076 801234567
312845607 801234567
312845760 801234567
312846057 801234567
312846570 801234567
312846705 801234567
312847065 801234567
312847506 801234567
312847650 801234567
312850476 801234567
312850647 801234567
312850764 801234567
312854067 801234567
312854670 801234567
312854706 801234567
312856074 801234567
312856407 801234567
312856740 801234567
312857046 801234567
312857460 801234567
312857604 801234567
312860457 801234567
312860574 801234567
312860745 801234567
312864075 801234567
312864507 801234567
312864750 801234567
312865047 801234567
312865470 801234567
312865704 801234567
312867054 801234567
312867405 801234567
312867540 801234567
312870465 801234567
312870546 801234567
312870654 801234567
312874056 801234567
312874560 801234567
312874605 801234567
312875064 801234567
312875406 801234567
312875640 801234567
312876045 801234567
312876450 801234567
312876504 801234567
314025687 801234567
314025768 801234567
314025876 801234567
314026578 801234567
314026785 801234567
314026857 801234567
314027586 801234567
314027658 801234567
314027865 801234567
314028567 801234567
314028675 801234567
314028756 801234567
314052678 801234567
314052786 801234567
314052867 801234567
314056287 801234567
314056728 801234567
314056872 801234567
314057268 801234567
314057682 801234567
314057826 801234567
314058276 801234567
314058627 801234567
314058762 801234567
314062587 801234567
314062758 801234567
314062875 801234567
314065278 801234567
314065782 801234567
314065827 801234567
314067285 801234567
314067528 801234567
314067852 801234567
314068257 801234567
314068572 801234567
314068725 801234567
314072568 801234567
314072685 801234567
314072856 801234567
314075286 801234567
314075628 801234567
314075862 801234567
314076258 801234567
314076582 801234567
314076825 801234567
314078265 801234567
314078526 801234567
314078652 801234567
314082576 801234567
314082657 801234567
314082765 801234567
314085267 801234567
314085672 801234567
314085726 801234567
314086275 801234567
314086527 801234567
314086752 801234567
314087256 801234567
314087562 801234567
314087625 801234567
314205678 801234567
314205786 801234567
314205867 801234567
314206587 801234567
314206758 801234567
314206875 801234567
314207568 801234567
314207685 801234567
314207856 801234567
314208576 801234567
314208657 801234567
314208765 801234567
314250687 801234567
314250768 801234567
314250876 801234567
314256078 801234567
314256780 801234567
314256807 801234567
314257086 801234567
314257608 801234567
314257860 801234567
314258067 801234567
314258670 801234567
314258706 801234567
314260578 801234567
314260785 801234567
314260857 801234567
314265087 801234567
314265708 801234567
314265870 801234567
314267058 801234567
314267580 801234567
314267805 801234567
314268075 801234567
314268507 801234567
314268750 801234567
314270586 801234567
314270658 801234567
314270865 801234567
314275068 801234567
314275680 801234567
314275806 801234567
314276085 801234567
314276508 801234567
314276850 801234567
314278056 801234567
314278560 801234567
314278605 801234567
314280567 801234567
314280675 801234567
314280756 801234567
314285076 801234567
314285607 801234567
314285760 801234567
314286057 801234567
314286570 801234567
314286705 801234567
314287065 801234567
314287506 801234567
314287650 801234567
314502687 801234567
314502768 801234567
314502876 801234567
314506278 801234567
314506782 801234567
314506827 801234567
314507286 801234567
314507628 801234567
314507862 801234567
314508267 801234567
314508672 801234567
314508726 801234567
314520678 801234567
314520786 801234567
314520867 801234567
314526087 801234567
314526708 801234567
314526870 801234567
314527068 801234567
314527680 801234567
314527806 801234567
314528076 801234567
314528607 801234567
314528760 801234567
314560287 801234567
314560728 801234567
314560872 801234567
314562078 801234567
314562780 801234567
314562807 801234567
314567082 801234567
314567208 801234567
