340827615 801234567
340851267 801234567
340851672 801234567
340851726 801234567
340852176 801234567
340852617 801234567
340852761 801234567
340856127 801234567
340856271 801234567
340856712 801234567
340857162 801234567
340857216 801234567
340857621 801234567
340861275 801234567
340861527 801234567
340861752 801234567
340862157 801234567
340862571 801234567
340862715 801234567
340865172 801234567
340865217 801234567
340865721 801234567
340867125 801234567
340867251 801234567
340867512 801234567
340871256 801234567
340871562 801234567
340871625 801234567
340872165 801234567
340872516 801234567
340872651 801234567
340875126 801234567
340875261 801234567
340875612 801234567
340876152 801234567
340876215 801234567
340876521 801234567
341025678 801234567
341025786 801234567
341025867 801234567
341026587 801234567
341026758 801234567
341026875 801234567
341027568 801234567
341027685 801234567
341027856 801234567
341028576 801234567
341028657 801234567
341028765 801234567
341052687 801234567
341052768 801234567
341052876 801234567
341056278 801234567
341056782 801234567
341056827 801234567
341057286 801234567
341057628 801234567
341057862 801234567
341058267 801234567
341058672 801234567
341058726 801234567
341062578 801234567
341062785 801234567
341062857 801234567
341065287 801234567
341065728 801234567
341065872 801234567
341067258 801234567
341067582 801234567
341067825 801234567
341068275 801234567
341068527 801234567
341068752 801234567
341072586 801234567
341072658 801234567
341072865 801234567
341075268 801234567
341075682 801234567
341075826 801234567
341076285 801234567
341076528 801234567
341076852 801234567
341078256 801234567
341078562 801234567
341078625 801234567
341082567 801234567
341082675 801234567
341082756 801234567
341085276 801234567
341085627 801234567
341085762 801234567
341086257 801234567
341086572 801234567
341086725 801234567
341087265 801234567
341087526 801234567
341087652 801234567
341205687 801234567
341205768 801234567
341205876 801234567
341206578 801234567
341206785 801234567
341206857 801234567
341207586 801234567
341207658 801234567
341207865 801234567
341208567 801234567
341208675 801234567
341208756 801234567
341250678 801234567
341250786 801234567
341250867 801234567
341256087 801234567
341256708 801234567
341256870 801234567
341257068 801234567
341257680 801234567
341257806 801234567
341258076 801234567
341258607 801234567
341258760 801234567
341260587 801234567
341260758 801234567
341260875 801234567
341265078 801234567
341265780 801234567
341265807 801234567
341267085 801234567
341267508 801234567
341267850 801234567
341268057 801234567
341268570 801234567
341268705 801234567
341270568 801234567
341270685 801234567
341270856 801234567
341275086 801234567
341275608 801234567
341275860 801234567
341276058 801234567
341276580 801234567
341276805 801234567
341278065 801234567
341278506 801234567
341278650 801234567
341280576 801234567
341280657 801234567
341280765 801234567
341285067 801234567
341285670 801234567
341285706 801234567
341286075 801234567
341286507 801234567
341286750 801234567
341287056 801234567
341287560 801234567
341287605 801234567
341502678 801234567
341502786 801234567
341502867 801234567
341506287 801234567
341506728 801234567
341506872 801234567
341507268 801234567
341507682 801234567
341507826 801234567
341508276 801234567
341508627 801234567
341508762 801234567
341520687 801234567
341520768 801234567
341520876 801234567
341526078 801234567
341526780 801234567
341526807 801234567
341527086 801234567
341527608 801234567
341527860 801234567
341528067 801234567
341528670 801234567
341528706 801234567
341560278 801234567
341560782 801234567
341560827 801234567
341562087 801234567
341562708 801234567
341562870 801234567
341567028 801234567
341567280 801234567
341567802 801234567
341568072 801234567
341568207 801234567
341568720 801234567
341570286 801234567
341570628 801234567
341570862 801234567
341572068 801234567
341572680 801234567
341572806 801234567
341576082 801234567
341576208 801234567
341576820 801234567
341578026 801234567
341578260 801234567
341578602 801234567
341580267 801234567
341580672 801234567
341580726 801234567
341582076 801234567
341582607 801234567
341582760 801234567
341586027 801234567
341586270 801234567
341586702 801234567
341587062 801234567
341587206 801234567
341587620 801234567
341602587 801234567
341602758 801234567
341602875 801234567
341605278 801234567
341605782 801234567
341605827 801234567
341607285 801234567
341607528 801234567
341607852 801234567
341608257 801234567
341608572 801234567
341608725 801234567
341620578 801234567
341620785 801234567
341620857 801234567
341625087 801234567
341625708 801234567
341625870 801234567
341627058 801234567
341627580 801234567
341627805 801234567
341628075 801234567
341628507 801234567
341628750 801234567
341650287 801234567
341650728 801234567
341650872 801234567
341652078 801234567
341652780 801234567
341652807 801234567
341657082 801234567
341657208 801234567
341657820 801234567
341658027 801234567
341658270 801234567
341658702 801234567
341670258 801234567
341670582 801234567
341670825 801234567
341672085 801234567
341672508 801234567
341672850 801234567
341675028 801234567
341675280 801234567
341675802 801234567
341678052 801234567
341678205 801234567
341678520 801234567
341680275 801234567
341680527 801234567
341680752 801234567
341682057 801234567
341682570 801234567
341682705 801234567
341685072 801234567
341685207 801234567
341685720 801234567
341687025 801234567
341687250 801234567
341687502 801234567
341702568 801234567
341702685 801234567
341702856 801234567
341705286 801234567
341705628 801234567
341705862 801234567
341706258 801234567
341706582 801234567
341706825 801234567
341708265 801234567
341708526 801234567
341708652 801234567
341720586 801234567
341720658 801234567
341720865 801234567
341725068 801234567
341725680 801234567
341725806 801234567
341726085 801234567
341726508 801234567
341726850 801234567
341728056 801234567
341728560 801234567
341728605 801234567
341750268 801234567
341750682 801234567
341750826 801234567
341752086 801234567
341752608 801234567
341752860 801234567
341756028 801234567
341756280 801234567
341756802 801234567
341758062 801234567
341758206 801234567
341758620 801234567
341760285 801234567
341760528 801234567
341760852 801234567
341762058 801234567
341762580 801234567
341762805 801234567
341765082 801234567
341765208 801234567
341765820 801234567
341768025 801234567
341768250 801234567
341768502 801234567
341780256 801234567
341780562 801234567
341780625 801234567
341782065 801234567
341782506 801234567
341782650 801234567
341785026 801234567
341785260 801234567
341785602 801234567
341786052 801234567
341786205 801234567
341786520 801234567
341802576 801234567
341802657 801234567
341802765 801234567
341805267 801234567
341805672 801234567
341805726 801234567
341806275 801234567
341806527 801234567
341806752 801234567
341807256 801234567
341807562 801234567
341807625 801234567
341820567 801234567
341820675 801234567
341820756 801234567
341825076 801234567
341825607 801234567
341825760 801234567
341826057 801234567
341826570 801234567
341826705 801234567
341827065 801234567
341827506 801234567
341827650 801234567
341850276 801234567
341850627 801234567
341850762 801234567
341852067 801234567
341852670 801234567
341852706 801234567
341856072 801234567
341856207 801234567
341856720 801234567
341857026 801234567
341857260 801234567
341857602 801234567
341860257 801234567
341860572 801234567
341860725 801234567
341862075 801234567
341862507 801234567
341862750 801234567
341865027 801234567
341865270 801234567
341865702 801234567
341867052 801234567
341867205 801234567
341867520 801234567
341870265 801234567
341870526 801234567
341870652 801234567
341872056 801234567
341872560 801234567
341872605 801234567
341875062 801234567
341875206 801234567
341875620 801234567
341876025 801234567
341876250 801234567
341876502 801234567
342015687 801234567
342015768 801234567
342015876 801234567
342016578 801234567
342016785 801234567
342016857 801234567
342017586 801234567
342017658 801234567
342017865 801234567
342018567 801234567
342018675 801234567
342018756 801234567
342051678 801234567
342051786 801234567
342051867 801234567
342056187 801234567
342056718 801234567
342056871 801234567
342057168 801234567
342057681 801234567
342057816 801234567
342058176 801234567
342058617 801234567
342058761 801234567
342061587 801234567
342061758 801234567
342061875 801234567
342065178 801234567
342065781 801234567
342065817 801234567
342067185 801234567
342067518 801234567
342067851 801234567
342068157 801234567
342068571 801234567
342068715 801234567
342071568 801234567
342071685 801234567
342071856 801234567
342075186 801234567
342075618 801234567
342075861 801234567
342076158 801234567
342076581 801234567
342076815 801234567
342078165 801234567
342078516 801234567
342078651 801234567
342081576 801234567
342081657 801234567
342081765 801234567
342085167 801234567
342085671 801234567
342085716 801234567
342086175 801234567
342086517 801234567
342086751 801234567
342087156 801234567
342087561 801234567
342087615 801234567
342105678 801234567
342105786 801234567
342105867 801234567
342106587 801234567
342106758 801234567
342106875 801234567
342107568 801234567
342107685 801234567
342107856 801234567
342108576 801234567
342108657 801234567
342108765 801234567
342150687 801234567
342150768 801234567
342150876 801234567
342156078 801234567
342156780 801234567
342156807 801234567
342157086 801234567
342157608 801234567
342157860 801234567
342158067 801234567
342158670 801234567
342158706 801234567
342160578 801234567
342160785 801234567
342160857 801234567
342165087 801234567
342165708 801234567
342165870 801234567
342167058 801234567
342167580 801234567
342167805 801234567
342168075 801234567
342168507 801234567
342168750 801234567
342170586 801234567
342170658 801234567
342170865 801234567
342175068 801234567
342175680 801234567
342175806 801234567
