863254701 801234567
863257041 801234567
863257104 801234567
863257410 801234567
863270154 801234567
863270415 801234567
863270541 801234567
863271045 801234567
863271450 801234567
863271504 801234567
863274051 801234567
863274105 801234567
863274510 801234567
863275014 801234567
863275140 801234567
863275401 801234567
863401257 801234567
863401572 801234567
863401725 801234567
863402175 801234567
863402517 801234567
863402751 801234567
863405127 801234567
863405271 801234567
863405712 801234567
863407152 801234567
863407215 801234567
863407521 801234567
863410275 801234567
863410527 801234567
863410752 801234567
863412057 801234567
863412570 801234567
863412705 801234567
863415072 801234567
863415207 801234567
863415720 801234567
863417025 801234567
863417250 801234567
863417502 801234567
863420157 801234567
863420571 801234567
863420715 801234567
863421075 801234567
863421507 801234567
863421750 801234567
863425017 801234567
863425170 801234567
863425701 801234567
863427051 801234567
863427105 801234567
863427510 801234567
863450172 801234567
863450217 801234567
863450721 801234567
863451027 801234567
863451270 801234567
863451702 801234567
863452071 801234567
863452107 801234567
863452710 801234567
863457012 801234567
863457120 801234567
863457201 801234567
863470125 801234567
863470251 801234567
863470512 801234567
863471052 801234567
863471205 801234567
863471520 801234567
863472015 801234567
863472150 801234567
863472501 801234567
863475021 801234567
863475102 801234567
863475210 801234567
863501274 801234567
863501427 801234567
863501742 801234567
863502147 801234567
863502471 801234567
863502714 801234567
863504172 801234567
863504217 801234567
863504721 801234567
863507124 801234567
863507241 801234567
863507412 801234567
863510247 801234567
863510472 801234567
863510724 801234567
863512074 801234567
863512407 801234567
863512740 801234567
863514027 801234567
863514270 801234567
863514702 801234567
863517042 801234567
863517204 801234567
863517420 801234567
863520174 801234567
863520417 801234567
863520741 801234567
863521047 801234567
863521470 801234567
863521704 801234567
863524071 801234567
863524107 801234567
863524710 801234567
863527014 801234567
863527140 801234567
863527401 801234567
863540127 801234567
863540271 801234567
863540712 801234567
863541072 801234567
863541207 801234567
863541720 801234567
863542017 801234567
863542170 801234567
863542701 801234567
863547021 801234567
863547102 801234567
863547210 801234567
863570142 801234567
863570214 801234567
863570421 801234567
863571024 801234567
863571240 801234567
863571402 801234567
863572041 801234567
863572104 801234567
863572410 801234567
863574012 801234567
863574120 801234567
863574201 801234567
863701245 801234567
863701452 801234567
863701524 801234567
863702154 801234567
863702415 801234567
863702541 801234567
863704125 801234567
863704251 801234567
863704512 801234567
863705142 801234567
863705214 801234567
863705421 801234567
863710254 801234567
863710425 801234567
863710542 801234567
863712045 801234567
863712450 801234567
863712504 801234567
863714052 801234567
863714205 801234567
863714520 801234567
863715024 801234567
863715240 801234567
863715402 801234567
863720145 801234567
863720451 801234567
863720514 801234567
863721054 801234567
863721405 801234567
863721540 801234567
863724015 801234567
863724150 801234567
863724501 801234567
863725041 801234567
863725104 801234567
863725410 801234567
863740152 801234567
863740215 801234567
863740521 801234567
863741025 801234567
863741250 801234567
863741502 801234567
863742051 801234567
863742105 801234567
863742510 801234567
863745012 801234567
863745120 801234567
863745201 801234567
863750124 801234567
863750241 801234567
863750412 801234567
863751042 801234567
863751204 801234567
863751420 801234567
863752014 801234567
863752140 801234567
863752401 801234567
863754021 801234567
863754102 801234567
863754210 801234567
864012357 801234567
864012573 801234567
864012735 801234567
864013275 801234567
864013527 801234567
864013752 801234567
864015237 801234567
864015372 801234567
864015723 801234567
864017253 801234567
864017325 801234567
864017532 801234567
864021375 801234567
864021537 801234567
864021753 801234567
864023157 801234567
864023571 801234567
864023715 801234567
864025173 801234567
864025317 801234567
864025731 801234567
864027135 801234567
864027351 801234567
864027513 801234567
864031257 801234567
864031572 801234567
864031725 801234567
864032175 801234567
864032517 801234567
864032751 801234567
864035127 801234567
864035271 801234567
864035712 801234567
864037152 801234567
864037215 801234567
864037521 801234567
864051273 801234567
864051327 801234567
864051732 801234567
864052137 801234567
864052371 801234567
864052713 801234567
864053172 801234567
864053217 801234567
864053721 801234567
864057123 801234567
864057231 801234567
864057312 801234567
864071235 801234567
864071352 801234567
864071523 801234567
864072153 801234567
864072315 801234567
864072531 801234567
864073125 801234567
864073251 801234567
864073512 801234567
864075132 801234567
864075213 801234567
864075321 801234567
864102375 801234567
864102537 801234567
864102753 801234567
864103257 801234567
864103572 801234567
864103725 801234567
864105273 801234567
864105327 801234567
864105732 801234567
864107235 801234567
864107352 801234567
864107523 801234567
864120357 801234567
864120573 801234567
864120735 801234567
864123075 801234567
864123507 801234567
864123750 801234567
864125037 801234567
864125370 801234567
864125703 801234567
864127053 801234567
864127305 801234567
864127530 801234567
864130275 801234567
864130527 801234567
864130752 801234567
864132057 801234567
864132570 801234567
864132705 801234567
864135072 801234567
864135207 801234567
864135720 801234567
864137025 801234567
864137250 801234567
864137502 801234567
864150237 801234567
864150372 801234567
864150723 801234567
864152073 801234567
864152307 801234567
864152730 801234567
864153027 801234567
864153270 801234567
864153702 801234567
864157032 801234567
864157203 801234567
864157320 801234567
864170253 801234567
864170325 801234567
864170532 801234567
864172035 801234567
864172350 801234567
864172503 801234567
864173052 801234567
864173205 801234567
864173520 801234567
864175023 801234567
864175230 801234567
864175302 801234567
864201357 801234567
864201573 801234567
864201735 801234567
864203175 801234567
864203517 801234567
864203751 801234567
864205137 801234567
864205371 801234567
864205713 801234567
864207153 801234567
864207315 801234567
864207531 801234567
864210375 801234567
864210537 801234567
864210753 801234567
864213057 801234567
864213570 801234567
864213705 801234567
864215073 801234567
864215307 801234567
864215730 801234567
864217035 801234567
864217350 801234567
864217503 801234567
864230157 801234567
864230571 801234567
864230715 801234567
864231075 801234567
864231507 801234567
864231750 801234567
864235017 801234567
864235170 801234567
864235701 801234567
864237051 801234567
864237105 801234567
864237510 801234567
864250173 801234567
864250317 801234567
864250731 801234567
864251037 801234567
864251370 801234567
864251703 801234567
864253071 801234567
864253107 801234567
864253710 801234567
864257013 801234567
864257130 801234567
864257301 801234567
864270135 801234567
864270351 801234567
864270513 801234567
864271053 801234567
864271305 801234567
864271530 801234567
864273015 801234567
864273150 801234567
864273501 801234567
864275031 801234567
864275103 801234567
864275310 801234567
864301275 801234567
864301527 801234567
864301752 801234567
864302157 801234567
864302571 801234567
864302715 801234567
864305172 801234567
864305217 801234567
864305721 801234567
864307125 801234567
864307251 801234567
864307512 801234567
864310257 801234567
864310572 801234567
864310725 801234567
864312075 801234567
864312507 801234567
864312750 801234567
864315027 801234567
864315270 801234567
864315702 801234567
864317052 801234567
864317205 801234567
864317520 801234567
864320175 801234567
864320517 801234567
864320751 801234567
864321057 801234567
864321570 801234567
864321705 801234567
864325071 801234567
864325107 801234567
864325710 801234567
864327015 801234567
864327150 801234567
864327501 801234567
864350127 801234567
864350271 801234567
864350712 801234567
864351072 801234567
864351207 801234567
864351720 801234567
864352017 801234567
864352170 801234567
864352701 801234567
864357021 801234567
864357102 801234567
864357210 801234567
864370152 801234567
864370215 801234567
864370521 801234567
864371025 801234567
864371250 801234567
864371502 801234567
864372051 801234567
864372105 801234567
864372510 801234567
864375012 801234567
864375120 801234567
864375201 801234567
864501237 801234567
864501372 801234567
864501723 801234567
864502173 801234567
864502317 801234567
864502731 801234567
864503127 801234567
864503271 801234567
864503712 801234567
864507132 801234567
864507213 801234567
864507321 801234567
864510273 801234567
864510327 801234567
864510732 801234567
864512037 801234567
864512370 801234567
864512703 801234567
864513072 801234567
864513207 801234567
864513720 801234567
864517023 801234567
864517230 801234567
864517302 801234567
864520137 801234567
864520371 801234567
864520713 801234567
864521073 801234567
864521307 801234567
864521730 801234567
864523017 801234567
864523170 801234567
864523701 801234567
864527031 801234567
864527103 801234567
864527310 801234567
864530172 801234567
864530217 801234567
864530721 801234567
864531027 801234567
864531270 801234567
864531702 801234567
864532071 801234567
864532107 801234567
864532710 801234567
864537012 801234567
864537120 801234567
864537201 801234567
864570123 801234567
864570231 801234567
864570312 801234567
864571032 801234567
864571203 801234567
864571320 801234567
864572013 801234567
864572130 801234567
864572301 801234567
864573021 801234567
864573102 801234567
864573210 801234567
864701253 801234567
864701325 801234567
864701532 801234567
