156723480 801234567
156723804 801234567
156724083 801234567
156724308 801234567
156724830 801234567
156728034 801234567
156728340 801234567
156728403 801234567
156730248 801234567
156730482 801234567
156730824 801234567
156732084 801234567
156732408 801234567
156732840 801234567
156734028 801234567
156734280 801234567
156734802 801234567
156738042 801234567
156738204 801234567
156738420 801234567
156740283 801234567
156740328 801234567
156740832 801234567
156742038 801234567
156742380 801234567
156742803 801234567
156743082 801234567
156743208 801234567
156743820 801234567
156748023 801234567
156748230 801234567
156748302 801234567
156780234 801234567
156780342 801234567
156780423 801234567
156782043 801234567
156782304 801234567
156782430 801234567
156783024 801234567
156783240 801234567
156783402 801234567
156784032 801234567
156784203 801234567
156784320 801234567
156802374 801234567
156802437 801234567
156802743 801234567
156803247 801234567
156803472 801234567
156803724 801234567
156804273 801234567
156804327 801234567
156804732 801234567
156807234 801234567
156807342 801234567
156807423 801234567
156820347 801234567
156820473 801234567
156820734 801234567
156823074 801234567
156823407 801234567
156823740 801234567
156824037 801234567
156824370 801234567
156824703 801234567
156827043 801234567
156827304 801234567
156827430 801234567
156830274 801234567
156830427 801234567
156830742 801234567
156832047 801234567
156832470 801234567
156832704 801234567
156834072 801234567
156834207 801234567
156834720 801234567
156837024 801234567
156837240 801234567
156837402 801234567
156840237 801234567
156840372 801234567
156840723 801234567
156842073 801234567
156842307 801234567
156842730 801234567
156843027 801234567
156843270 801234567
156843702 801234567
156847032 801234567
156847203 801234567
156847320 801234567
156870243 801234567
156870324 801234567
156870432 801234567
156872034 801234567
156872340 801234567
156872403 801234567
156873042 801234567
156873204 801234567
156873420 801234567
156874023 801234567
156874230 801234567
156874302 801234567
157023486 801234567
157023648 801234567
157023864 801234567
157024368 801234567
157024683 801234567
157024836 801234567
157026384 801234567
157026438 801234567
157026843 801234567
157028346 801234567
157028463 801234567
157028634 801234567
157032468 801234567
157032684 801234567
157032846 801234567
157034286 801234567
157034628 801234567
157034862 801234567
157036248 801234567
157036482 801234567
157036824 801234567
157038264 801234567
157038426 801234567
157038642 801234567
157042386 801234567
157042638 801234567
157042863 801234567
157043268 801234567
157043682 801234567
157043826 801234567
157046283 801234567
157046328 801234567
157046832 801234567
157048236 801234567
157048362 801234567
157048623 801234567
157062348 801234567
157062483 801234567
157062834 801234567
157063284 801234567
157063428 801234567
157063842 801234567
157064238 801234567
157064382 801234567
157064823 801234567
157068243 801234567
157068324 801234567
157068432 801234567
157082364 801234567
157082436 801234567
157082643 801234567
157083246 801234567
157083462 801234567
157083624 801234567
157084263 801234567
157084326 801234567
157084632 801234567
157086234 801234567
157086342 801234567
157086423 801234567
157203468 801234567
157203684 801234567
157203846 801234567
157204386 801234567
157204638 801234567
157204863 801234567
157206348 801234567
157206483 801234567
157206834 801234567
157208364 801234567
157208436 801234567
157208643 801234567
157230486 801234567
157230648 801234567
157230864 801234567
157234068 801234567
157234680 801234567
157234806 801234567
157236084 801234567
157236408 801234567
157236840 801234567
157238046 801234567
157238460 801234567
157238604 801234567
157240368 801234567
157240683 801234567
157240836 801234567
157243086 801234567
157243608 801234567
157243860 801234567
157246038 801234567
157246380 801234567
157246803 801234567
157248063 801234567
157248306 801234567
157248630 801234567
157260384 801234567
157260438 801234567
157260843 801234567
157263048 801234567
157263480 801234567
157263804 801234567
157264083 801234567
157264308 801234567
157264830 801234567
157268034 801234567
157268340 801234567
157268403 801234567
157280346 801234567
157280463 801234567
157280634 801234567
157283064 801234567
157283406 801234567
157283640 801234567
157284036 801234567
157284360 801234567
157284603 801234567
157286043 801234567
157286304 801234567
157286430 801234567
157302486 801234567
157302648 801234567
157302864 801234567
157304268 801234567
157304682 801234567
157304826 801234567
157306284 801234567
157306428 801234567
157306842 801234567
157308246 801234567
157308462 801234567
157308624 801234567
157320468 801234567
157320684 801234567
157320846 801234567
157324086 801234567
157324608 801234567
157324860 801234567
157326048 801234567
157326480 801234567
157326804 801234567
157328064 801234567
157328406 801234567
157328640 801234567
157340286 801234567
157340628 801234567
157340862 801234567
157342068 801234567
157342680 801234567
157342806 801234567
157346082 801234567
157346208 801234567
157346820 801234567
157348026 801234567
157348260 801234567
157348602 801234567
157360248 801234567
157360482 801234567
157360824 801234567
157362084 801234567
157362408 801234567
157362840 801234567
157364028 801234567
157364280 801234567
157364802 801234567
157368042 801234567
157368204 801234567
157368420 801234567
157380264 801234567
157380426 801234567
157380642 801234567
157382046 801234567
157382460 801234567
157382604 801234567
157384062 801234567
157384206 801234567
157384620 801234567
157386024 801234567
157386240 801234567
157386402 801234567
157402368 801234567
157402683 801234567
157402836 801234567
157403286 801234567
157403628 801234567
157403862 801234567
157406238 801234567
157406382 801234567
157406823 801234567
157408263 801234567
157408326 801234567
157408632 801234567
157420386 801234567
157420638 801234567
157420863 801234567
157423068 801234567
157423680 801234567
157423806 801234567
157426083 801234567
157426308 801234567
157426830 801234567
157428036 801234567
157428360 801234567
157428603 801234567
157430268 801234567
157430682 801234567
157430826 801234567
157432086 801234567
157432608 801234567
157432860 801234567
157436028 801234567
157436280 801234567
157436802 801234567
157438062 801234567
157438206 801234567
157438620 801234567
157460283 801234567
157460328 801234567
157460832 801234567
157462038 801234567
157462380 801234567
157462803 801234567
157463082 801234567
157463208 801234567
157463820 801234567
157468023 801234567
157468230 801234567
157468302 801234567
157480236 801234567
157480362 801234567
157480623 801234567
157482063 801234567
157482306 801234567
157482630 801234567
157483026 801234567
157483260 801234567
157483602 801234567
157486032 801234567
157486203 801234567
157486320 801234567
157602384 801234567
157602438 801234567
157602843 801234567
157603248 801234567
157603482 801234567
157603824 801234567
157604283 801234567
157604328 801234567
157604832 801234567
157608234 801234567
157608342 801234567
157608423 801234567
157620348 801234567
157620483 801234567
157620834 801234567
157623084 801234567
157623408 801234567
157623840 801234567
157624038 801234567
157624380 801234567
157624803 801234567
157628043 801234567
157628304 801234567
157628430 801234567
157630284 801234567
157630428 801234567
157630842 801234567
157632048 801234567
157632480 801234567
157632804 801234567
157634082 801234567
157634208 801234567
157634820 801234567
157638024 801234567
157638240 801234567
157638402 801234567
157640238 801234567
157640382 801234567
157640823 801234567
157642083 801234567
157642308 801234567
157642830 801234567
157643028 801234567
157643280 801234567
157643802 801234567
157648032 801234567
157648203 801234567
157648320 801234567
157680243 801234567
157680324 801234567
157680432 801234567
157682034 801234567
157682340 801234567
157682403 801234567
157683042 801234567
157683204 801234567
157683420 801234567
157684023 801234567
157684230 801234567
157684302 801234567
157802346 801234567
157802463 801234567
157802634 801234567
157803264 801234567
157803426 801234567
157803642 801234567
157804236 801234567
157804362 801234567
157804623 801234567
157806243 801234567
157806324 801234567
157806432 801234567
157820364 801234567
157820436 801234567
157820643 801234567
157823046 801234567
157823460 801234567
157823604 801234567
157824063 801234567
157824306 801234567
157824630 801234567
157826034 801234567
157826340 801234567
157826403 801234567
157830246 801234567
157830462 801234567
157830624 801234567
157832064 801234567
157832406 801234567
157832640 801234567
157834026 801234567
157834260 801234567
157834602 801234567
157836042 801234567
157836204 801234567
157836420 801234567
157840263 801234567
157840326 801234567
157840632 801234567
157842036 801234567
157842360 801234567
157842603 801234567
157843062 801234567
157843206 801234567
157843620 801234567
157846023 801234567
157846230 801234567
157846302 801234567
157860234 801234567
157860342 801234567
157860423 801234567
157862043 801234567
157862304 801234567
157862430 801234567
157863024 801234567
157863240 801234567
157863402 801234567
157864032 801234567
157864203 801234567
157864320 801234567
158023467 801234567
158023674 801234567
158023746 801234567
158024376 801234567
158024637 801234567
158024763 801234567
158026347 801234567
158026473 801234567
158026734 801234567
158027364 801234567
158027436 801234567
158027643 801234567
158032476 801234567
158032647 801234567
158032764 801234567
158034267 801234567
158034672 801234567
158034726 801234567
158036274 801234567
158036427 801234567
158036742 801234567
158037246 801234567
158037462 801234567
158037624 801234567
158042367 801234567
158042673 801234567
158042736 801234567
158043276 801234567
158043627 801234567
158043762 801234567
158046237 801234567
158046372 801234567
158046723 801234567
158047263 801234567
158047326 801234567
