160485273 801234567
160485327 801234567
160485732 801234567
160487235 801234567
160487352 801234567
160487523 801234567
160523478 801234567
160523784 801234567
160523847 801234567
160524387 801234567
160524738 801234567
160524873 801234567
160527348 801234567
160527483 801234567
160527834 801234567
160528374 801234567
160528437 801234567
160528743 801234567
160532487 801234567
160532748 801234567
160532874 801234567
160534278 801234567
160534782 801234567
160534827 801234567
160537284 801234567
160537428 801234567
160537842 801234567
160538247 801234567
160538472 801234567
160538724 801234567
160542378 801234567
160542783 801234567
160542837 801234567
160543287 801234567
160543728 801234567
160543872 801234567
160547238 801234567
160547382 801234567
160547823 801234567
160548273 801234567
160548327 801234567
160548732 801234567
160572384 801234567
160572438 801234567
160572843 801234567
160573248 801234567
160573482 801234567
160573824 801234567
160574283 801234567
160574328 801234567
160574832 801234567
160578234 801234567
160578342 801234567
160578423 801234567
160582347 801234567
160582473 801234567
160582734 801234567
160583274 801234567
160583427 801234567
160583742 801234567
160584237 801234567
160584372 801234567
160584723 801234567
160587243 801234567
160587324 801234567
160587432 801234567
160723485 801234567
160723548 801234567
160723854 801234567
160724358 801234567
160724583 801234567
160724835 801234567
160725384 801234567
160725438 801234567
160725843 801234567
160728345 801234567
160728453 801234567
160728534 801234567
160732458 801234567
160732584 801234567
160732845 801234567
160734285 801234567
160734528 801234567
160734852 801234567
160735248 801234567
160735482 801234567
160735824 801234567
160738254 801234567
160738425 801234567
160738542 801234567
160742385 801234567
160742538 801234567
160742853 801234567
160743258 801234567
160743582 801234567
160743825 801234567
160745283 801234567
160745328 801234567
160745832 801234567
160748235 801234567
160748352 801234567
160748523 801234567
160752348 801234567
160752483 801234567
160752834 801234567
160753284 801234567
160753428 801234567
160753842 801234567
160754238 801234567
160754382 801234567
160754823 801234567
160758243 801234567
160758324 801234567
160758432 801234567
160782354 801234567
160782435 801234567
160782543 801234567
160783245 801234567
160783452 801234567
160783524 801234567
160784253 801234567
160784325 801234567
160784532 801234567
160785234 801234567
160785342 801234567
160785423 801234567
160823457 801234567
160823574 801234567
160823745 801234567
160824375 801234567
160824537 801234567
160824753 801234567
160825347 801234567
160825473 801234567
160825734 801234567
160827354 801234567
160827435 801234567
160827543 801234567
160832475 801234567
160832547 801234567
160832754 801234567
160834257 801234567
160834572 801234567
160834725 801234567
160835274 801234567
160835427 801234567
160835742 801234567
160837245 801234567
160837452 801234567
160837524 801234567
160842357 801234567
160842573 801234567
160842735 801234567
160843275 801234567
160843527 801234567
160843752 801234567
160845237 801234567
160845372 801234567
160845723 801234567
160847253 801234567
160847325 801234567
160847532 801234567
160852374 801234567
160852437 801234567
160852743 801234567
160853247 801234567
160853472 801234567
160853724 801234567
160854273 801234567
160854327 801234567
160854732 801234567
160857234 801234567
160857342 801234567
160857423 801234567
160872345 801234567
160872453 801234567
160872534 801234567
160873254 801234567
160873425 801234567
160873542 801234567
160874235 801234567
160874352 801234567
160874523 801234567
160875243 801234567
160875324 801234567
160875432 801234567
162034578 801234567
162034785 801234567
162034857 801234567
162035487 801234567
162035748 801234567
162035874 801234567
162037458 801234567
162037584 801234567
162037845 801234567
162038475 801234567
162038547 801234567
162038754 801234567
162043587 801234567
162043758 801234567
162043875 801234567
162045378 801234567
162045783 801234567
162045837 801234567
162047385 801234567
162047538 801234567
162047853 801234567
162048357 801234567
162048573 801234567
162048735 801234567
162053478 801234567
162053784 801234567
162053847 801234567
162054387 801234567
162054738 801234567
162054873 801234567
162057348 801234567
162057483 801234567
162057834 801234567
162058374 801234567
162058437 801234567
162058743 801234567
162073485 801234567
162073548 801234567
162073854 801234567
162074358 801234567
162074583 801234567
162074835 801234567
162075384 801234567
162075438 801234567
162075843 801234567
162078345 801234567
162078453 801234567
162078534 801234567
162083457 801234567
162083574 801234567
162083745 801234567
162084375 801234567
162084537 801234567
162084753 801234567
162085347 801234567
162085473 801234567
162085734 801234567
162087354 801234567
162087435 801234567
162087543 801234567
162304587 801234567
162304758 801234567
162304875 801234567
162305478 801234567
162305784 801234567
162305847 801234567
162307485 801234567
162307548 801234567
162307854 801234567
162308457 801234567
162308574 801234567
162308745 801234567
162340578 801234567
162340785 801234567
162340857 801234567
162345087 801234567
162345708 801234567
162345870 801234567
162347058 801234567
162347580 801234567
162347805 801234567
162348075 801234567
162348507 801234567
162348750 801234567
162350487 801234567
162350748 801234567
162350874 801234567
162354078 801234567
162354780 801234567
162354807 801234567
162357084 801234567
162357408 801234567
162357840 801234567
162358047 801234567
162358470 801234567
162358704 801234567
162370458 801234567
162370584 801234567
162370845 801234567
162374085 801234567
162374508 801234567
162374850 801234567
162375048 801234567
162375480 801234567
162375804 801234567
162378054 801234567
162378405 801234567
162378540 801234567
162380475 801234567
162380547 801234567
162380754 801234567
162384057 801234567
162384570 801234567
162384705 801234567
162385074 801234567
162385407 801234567
162385740 801234567
162387045 801234567
162387450 801234567
162387504 801234567
162403578 801234567
162403785 801234567
162403857 801234567
162405387 801234567
162405738 801234567
162405873 801234567
162407358 801234567
162407583 801234567
162407835 801234567
162408375 801234567
162408537 801234567
162408753 801234567
162430587 801234567
162430758 801234567
162430875 801234567
162435078 801234567
162435780 801234567
162435807 801234567
162437085 801234567
162437508 801234567
162437850 801234567
162438057 801234567
162438570 801234567
162438705 801234567
162450378 801234567
162450783 801234567
162450837 801234567
162453087 801234567
162453708 801234567
162453870 801234567
162457038 801234567
162457380 801234567
162457803 801234567
162458073 801234567
162458307 801234567
162458730 801234567
162470385 801234567
162470538 801234567
162470853 801234567
162473058 801234567
162473580 801234567
162473805 801234567
162475083 801234567
162475308 801234567
162475830 801234567
162478035 801234567
162478350 801234567
162478503 801234567
162480357 801234567
162480573 801234567
162480735 801234567
162483075 801234567
162483507 801234567
162483750 801234567
162485037 801234567
162485370 801234567
162485703 801234567
162487053 801234567
162487305 801234567
162487530 801234567
162503487 801234567
162503748 801234567
162503874 801234567
162504378 801234567
162504783 801234567
162504837 801234567
162507384 801234567
162507438 801234567
162507843 801234567
162508347 801234567
162508473 801234567
162508734 801234567
162530478 801234567
162530784 801234567
162530847 801234567
162534087 801234567
162534708 801234567
162534870 801234567
162537048 801234567
162537480 801234567
162537804 801234567
162538074 801234567
162538407 801234567
162538740 801234567
162540387 801234567
162540738 801234567
162540873 801234567
162543078 801234567
162543780 801234567
162543807 801234567
162547083 801234567
162547308 801234567
162547830 801234567
162548037 801234567
162548370 801234567
162548703 801234567
162570348 801234567
162570483 801234567
162570834 801234567
162573084 801234567
162573408 801234567
162573840 801234567
162574038 801234567
162574380 801234567
162574803 801234567
162578043 801234567
162578304 801234567
162578430 801234567
162580374 801234567
162580437 801234567
162580743 801234567
162583047 801234567
162583470 801234567
162583704 801234567
162584073 801234567
162584307 801234567
162584730 801234567
162587034 801234567
162587340 801234567
162587403 801234567
162703458 801234567
162703584 801234567
162703845 801234567
162704385 801234567
162704538 801234567
162704853 801234567
162705348 801234567
162705483 801234567
162705834 801234567
162708354 801234567
162708435 801234567
162708543 801234567
162730485 801234567
162730548 801234567
162730854 801234567
162734058 801234567
162734580 801234567
162734805 801234567
162735084 801234567
162735408 801234567
162735840 801234567
162738045 801234567
162738450 801234567
162738504 801234567
162740358 801234567
162740583 801234567
162740835 801234567
162743085 801234567
162743508 801234567
162743850 801234567
162745038 801234567
162745380 801234567
162745803 801234567
162748053 801234567
162748305 801234567
162748530 801234567
162750384 801234567
162750438 801234567
162750843 801234567
162753048 801234567
162753480 801234567
162753804 801234567
162754083 801234567
162754308 801234567
162754830 801234567
162758034 801234567
162758340 801234567
162758403 801234567
162780345 801234567
162780453 801234567
162780534 801234567
162783054 801234567
162783405 801234567
162783540 801234567
162784035 801234567
162784350 801234567
162784503 801234567
162785043 801234567
162785304 801234567
162785430 801234567
162803475 801234567
162803547 801234567
162803754 801234567
162804357 801234567
162804573 801234567
162804735 801234567
162805374 801234567
162805437 801234567
162805743 801234567
162807345 801234567
162807453 801234567
162807534 801234567
162830457 801234567
