710342586 801234567
710342658 801234567
710342865 801234567
710345268 801234567
710345682 801234567
710345826 801234567
710346285 801234567
710346528 801234567
710346852 801234567
710348256 801234567
710348562 801234567
710348625 801234567
710352468 801234567
710352684 801234567
710352846 801234567
710354286 801234567
710354628 801234567
710354862 801234567
710356248 801234567
710356482 801234567
710356824 801234567
710358264 801234567
710358426 801234567
710358642 801234567
710362485 801234567
710362548 801234567
710362854 801234567
710364258 801234567
710364582 801234567
710364825 801234567
710365284 801234567
710365428 801234567
710365842 801234567
710368245 801234567
710368452 801234567
710368524 801234567
710382456 801234567
710382564 801234567
710382645 801234567
710384265 801234567
710384526 801234567
710384652 801234567
710385246 801234567
710385462 801234567
710385624 801234567
710386254 801234567
710386425 801234567
710386542 801234567
710423586 801234567
710423658 801234567
710423865 801234567
710425368 801234567
710425683 801234567
710425836 801234567
710426385 801234567
710426538 801234567
710426853 801234567
710428356 801234567
710428563 801234567
710428635 801234567
710432568 801234567
710432685 801234567
710432856 801234567
710435286 801234567
710435628 801234567
710435862 801234567
710436258 801234567
710436582 801234567
710436825 801234567
710438265 801234567
710438526 801234567
710438652 801234567
710452386 801234567
710452638 801234567
710452863 801234567
710453268 801234567
710453682 801234567
710453826 801234567
710456283 801234567
710456328 801234567
710456832 801234567
710458236 801234567
710458362 801234567
710458623 801234567
710462358 801234567
710462583 801234567
710462835 801234567
710463285 801234567
710463528 801234567
710463852 801234567
710465238 801234567
710465382 801234567
710465823 801234567
710468253 801234567
710468325 801234567
710468532 801234567
710482365 801234567
710482536 801234567
710482653 801234567
710483256 801234567
710483562 801234567
710483625 801234567
710485263 801234567
710485326 801234567
710485632 801234567
710486235 801234567
710486352 801234567
710486523 801234567
710523468 801234567
710523684 801234567
710523846 801234567
710524386 801234567
710524638 801234567
710524863 801234567
710526348 801234567
710526483 801234567
710526834 801234567
710528364 801234567
710528436 801234567
710528643 801234567
710532486 801234567
710532648 801234567
710532864 801234567
710534268 801234567
710534682 801234567
710534826 801234567
710536284 801234567
710536428 801234567
710536842 801234567
710538246 801234567
710538462 801234567
710538624 801234567
710542368 801234567
710542683 801234567
710542836 801234567
710543286 801234567
710543628 801234567
710543862 801234567
710546238 801234567
710546382 801234567
710546823 801234567
710548263 801234567
710548326 801234567
710548632 801234567
710562384 801234567
710562438 801234567
710562843 801234567
710563248 801234567
710563482 801234567
710563824 801234567
710564283 801234567
710564328 801234567
710564832 801234567
710568234 801234567
710568342 801234567
710568423 801234567
710582346 801234567
710582463 801234567
710582634 801234567
710583264 801234567
710583426 801234567
710583642 801234567
710584236 801234567
710584362 801234567
710584623 801234567
710586243 801234567
710586324 801234567
710586432 801234567
710623485 801234567
710623548 801234567
710623854 801234567
710624358 801234567
710624583 801234567
710624835 801234567
710625384 801234567
710625438 801234567
710625843 801234567
710628345 801234567
710628453 801234567
710628534 801234567
710632458 801234567
710632584 801234567
710632845 801234567
710634285 801234567
710634528 801234567
710634852 801234567
710635248 801234567
710635482 801234567
710635824 801234567
710638254 801234567
710638425 801234567
710638542 801234567
710642385 801234567
710642538 801234567
710642853 801234567
710643258 801234567
710643582 801234567
710643825 801234567
710645283 801234567
710645328 801234567
710645832 801234567
710648235 801234567
710648352 801234567
710648523 801234567
710652348 801234567
710652483 801234567
710652834 801234567
710653284 801234567
710653428 801234567
710653842 801234567
710654238 801234567
710654382 801234567
710654823 801234567
710658243 801234567
710658324 801234567
710658432 801234567
710682354 801234567
710682435 801234567
710682543 801234567
710683245 801234567
710683452 801234567
710683524 801234567
710684253 801234567
710684325 801234567
710684532 801234567
710685234 801234567
710685342 801234567
710685423 801234567
710823456 801234567
710823564 801234567
710823645 801234567
710824365 801234567
710824536 801234567
710824653 801234567
710825346 801234567
710825463 801234567
710825634 801234567
710826354 801234567
710826435 801234567
710826543 801234567
710832465 801234567
710832546 801234567
710832654 801234567
710834256 801234567
710834562 801234567
710834625 801234567
710835264 801234567
710835426 801234567
710835642 801234567
710836245 801234567
710836452 801234567
710836524 801234567
710842356 801234567
710842563 801234567
710842635 801234567
710843265 801234567
710843526 801234567
710843652 801234567
710845236 801234567
710845362 801234567
710845623 801234567
710846253 801234567
710846325 801234567
710846532 801234567
710852364 801234567
710852436 801234567
710852643 801234567
710853246 801234567
710853462 801234567
710853624 801234567
710854263 801234567
710854326 801234567
710854632 801234567
710856234 801234567
710856342 801234567
710856423 801234567
710862345 801234567
710862453 801234567
710862534 801234567
710863254 801234567
710863425 801234567
710863542 801234567
710864235 801234567
710864352 801234567
710864523 801234567
710865243 801234567
710865324 801234567
710865432 801234567
712034568 801234567
712034685 801234567
712034856 801234567
712035486 801234567
712035648 801234567
712035864 801234567
712036458 801234567
712036584 801234567
712036845 801234567
712038465 801234567
712038546 801234567
712038654 801234567
712043586 801234567
712043658 801234567
712043865 801234567
712045368 801234567
712045683 801234567
712045836 801234567
712046385 801234567
712046538 801234567
712046853 801234567
712048356 801234567
712048563 801234567
712048635 801234567
712053468 801234567
712053684 801234567
712053846 801234567
712054386 801234567
712054638 801234567
712054863 801234567
712056348 801234567
712056483 801234567
712056834 801234567
712058364 801234567
712058436 801234567
712058643 801234567
712063485 801234567
712063548 801234567
712063854 801234567
712064358 801234567
712064583 801234567
712064835 801234567
712065384 801234567
712065438 801234567
712065843 801234567
712068345 801234567
712068453 801234567
712068534 801234567
712083456 801234567
712083564 801234567
712083645 801234567
712084365 801234567
712084536 801234567
712084653 801234567
712085346 801234567
712085463 801234567
712085634 801234567
712086354 801234567
712086435 801234567
712086543 801234567
712304586 801234567
712304658 801234567
712304865 801234567
712305468 801234567
712305684 801234567
712305846 801234567
712306485 801234567
712306548 801234567
712306854 801234567
712308456 801234567
712308564 801234567
712308645 801234567
712340568 801234567
712340685 801234567
712340856 801234567
712345086 801234567
712345608 801234567
712345860 801234567
712346058 801234567
712346580 801234567
712346805 801234567
712348065 801234567
712348506 801234567
712348650 801234567
712350486 801234567
712350648 801234567
712350864 801234567
712354068 801234567
712354680 801234567
712354806 801234567
712356084 801234567
712356408 801234567
712356840 801234567
712358046 801234567
712358460 801234567
712358604 801234567
712360458 801234567
712360584 801234567
712360845 801234567
712364085 801234567
712364508 801234567
712364850 801234567
712365048 801234567
712365480 801234567
712365804 801234567
712368054 801234567
712368405 801234567
712368540 801234567
712380465 801234567
712380546 801234567
712380654 801234567
712384056 801234567
712384560 801234567
712384605 801234567
712385064 801234567
712385406 801234567
712385640 801234567
712386045 801234567
712386450 801234567
712386504 801234567
712403568 801234567
712403685 801234567
712403856 801234567
712405386 801234567
712405638 801234567
712405863 801234567
712406358 801234567
712406583 801234567
712406835 801234567
712408365 801234567
712408536 801234567
712408653 801234567
712430586 801234567
712430658 801234567
712430865 801234567
712435068 801234567
712435680 801234567
712435806 801234567
712436085 801234567
712436508 801234567
712436850 801234567
712438056 801234567
712438560 801234567
712438605 801234567
712450368 801234567
712450683 801234567
712450836 801234567
712453086 801234567
712453608 801234567
712453860 801234567
712456038 801234567
712456380 801234567
712456803 801234567
712458063 801234567
712458306 801234567
712458630 801234567
712460385 801234567
712460538 801234567
712460853 801234567
712463058 801234567
712463580 801234567
712463805 801234567
712465083 801234567
712465308 801234567
712465830 801234567
712468035 801234567
712468350 801234567
712468503 801234567
712480356 801234567
712480563 801234567
712480635 801234567
712483065 801234567
712483506 801234567
712483650 801234567
712485036 801234567
712485360 801234567
712485603 801234567
712486053 801234567
712486305 801234567
712486530 801234567
712503486 801234567
712503648 801234567
712503864 801234567
712504368 801234567
712504683 801234567
712504836 801234567
712506384 801234567
712506438 801234567
712506843 801234567
712508346 801234567
712508463 801234567
712508634 801234567
712530468 801234567
712530684 801234567
712530846 801234567
712534086 801234567
712534608 801234567
712534860 801234567
712536048 801234567
712536480 801234567
712536804 801234567
712538064 801234567
712538406 801234567
712538640 801234567
712540386 801234567
712540638 801234567
712540863 801234567
712543068 801234567
712543680 801234567
712543806 801234567
712546083 801234567
