408157326 801234567
408157632 801234567
408162375 801234567
408162537 801234567
408162753 801234567
408163257 801234567
408163572 801234567
408163725 801234567
408165273 801234567
408165327 801234567
408165732 801234567
408167235 801234567
408167352 801234567
408167523 801234567
408172356 801234567
408172563 801234567
408172635 801234567
408173265 801234567
408173526 801234567
408173652 801234567
408175236 801234567
408175362 801234567
408175623 801234567
408176253 801234567
408176325 801234567
408176532 801234567
408213576 801234567
408213657 801234567
408213765 801234567
408215367 801234567
408215673 801234567
408215736 801234567
408216375 801234567
408216537 801234567
408216753 801234567
408217356 801234567
408217563 801234567
408217635 801234567
408231567 801234567
408231675 801234567
408231756 801234567
408235176 801234567
408235617 801234567
408235761 801234567
408236157 801234567
408236571 801234567
408236715 801234567
408237165 801234567
408237516 801234567
408237651 801234567
408251376 801234567
408251637 801234567
408251763 801234567
408253167 801234567
408253671 801234567
408253716 801234567
408256173 801234567
408256317 801234567
408256731 801234567
408257136 801234567
408257361 801234567
408257613 801234567
408261357 801234567
408261573 801234567
408261735 801234567
408263175 801234567
408263517 801234567
408263751 801234567
408265137 801234567
408265371 801234567
408265713 801234567
408267153 801234567
408267315 801234567
408267531 801234567
408271365 801234567
408271536 801234567
408271653 801234567
408273156 801234567
408273561 801234567
408273615 801234567
408275163 801234567
408275316 801234567
408275631 801234567
408276135 801234567
408276351 801234567
408276513 801234567
408312567 801234567
408312675 801234567
408312756 801234567
408315276 801234567
408315627 801234567
408315762 801234567
408316257 801234567
408316572 801234567
408316725 801234567
408317265 801234567
408317526 801234567
408317652 801234567
408321576 801234567
408321657 801234567
408321765 801234567
408325167 801234567
408325671 801234567
408325716 801234567
408326175 801234567
408326517 801234567
408326751 801234567
408327156 801234567
408327561 801234567
408327615 801234567
408351267 801234567
408351672 801234567
408351726 801234567
408352176 801234567
408352617 801234567
408352761 801234567
408356127 801234567
408356271 801234567
408356712 801234567
408357162 801234567
408357216 801234567
408357621 801234567
408361275 801234567
408361527 801234567
408361752 801234567
408362157 801234567
408362571 801234567
408362715 801234567
408365172 801234567
408365217 801234567
408365721 801234567
408367125 801234567
408367251 801234567
408367512 801234567
408371256 801234567
408371562 801234567
408371625 801234567
408372165 801234567
408372516 801234567
408372651 801234567
408375126 801234567
408375261 801234567
408375612 801234567
408376152 801234567
408376215 801234567
408376521 801234567
408512376 801234567
408512637 801234567
408512763 801234567
408513267 801234567
408513672 801234567
408513726 801234567
408516273 801234567
408516327 801234567
408516732 801234567
408517236 801234567
408517362 801234567
408517623 801234567
408521367 801234567
408521673 801234567
408521736 801234567
408523176 801234567
408523617 801234567
408523761 801234567
408526137 801234567
408526371 801234567
408526713 801234567
408527163 801234567
408527316 801234567
408527631 801234567
408531276 801234567
408531627 801234567
408531762 801234567
408532167 801234567
408532671 801234567
408532716 801234567
408536172 801234567
408536217 801234567
408536721 801234567
408537126 801234567
408537261 801234567
408537612 801234567
408561237 801234567
408561372 801234567
408561723 801234567
408562173 801234567
408562317 801234567
408562731 801234567
408563127 801234567
408563271 801234567
408563712 801234567
408567132 801234567
408567213 801234567
408567321 801234567
408571263 801234567
408571326 801234567
408571632 801234567
408572136 801234567
408572361 801234567
408572613 801234567
408573162 801234567
408573216 801234567
408573621 801234567
408576123 801234567
408576231 801234567
408576312 801234567
408612357 801234567
408612573 801234567
408612735 801234567
408613275 801234567
408613527 801234567
408613752 801234567
408615237 801234567
408615372 801234567
408615723 801234567
408617253 801234567
408617325 801234567
408617532 801234567
408621375 801234567
408621537 801234567
408621753 801234567
408623157 801234567
408623571 801234567
408623715 801234567
408625173 801234567
408625317 801234567
408625731 801234567
408627135 801234567
408627351 801234567
408627513 801234567
408631257 801234567
408631572 801234567
408631725 801234567
408632175 801234567
408632517 801234567
408632751 801234567
408635127 801234567
408635271 801234567
408635712 801234567
408637152 801234567
408637215 801234567
408637521 801234567
408651273 801234567
408651327 801234567
408651732 801234567
408652137 801234567
408652371 801234567
408652713 801234567
408653172 801234567
408653217 801234567
408653721 801234567
408657123 801234567
408657231 801234567
408657312 801234567
408671235 801234567
408671352 801234567
408671523 801234567
408672153 801234567
408672315 801234567
408672531 801234567
408673125 801234567
408673251 801234567
408673512 801234567
408675132 801234567
408675213 801234567
408675321 801234567
408712365 801234567
408712536 801234567
408712653 801234567
408713256 801234567
408713562 801234567
408713625 801234567
408715263 801234567
408715326 801234567
408715632 801234567
408716235 801234567
408716352 801234567
408716523 801234567
408721356 801234567
408721563 801234567
408721635 801234567
408723165 801234567
408723516 801234567
408723651 801234567
408725136 801234567
408725361 801234567
408725613 801234567
408726153 801234567
408726315 801234567
408726531 801234567
408731265 801234567
408731526 801234567
408731652 801234567
408732156 801234567
408732561 801234567
408732615 801234567
408735162 801234567
408735216 801234567
408735621 801234567
408736125 801234567
408736251 801234567
408736512 801234567
408751236 801234567
408751362 801234567
408751623 801234567
408752163 801234567
408752316 801234567
408752631 801234567
408753126 801234567
408753261 801234567
408753612 801234567
408756132 801234567
408756213 801234567
408756321 801234567
408761253 801234567
408761325 801234567
408761532 801234567
408762135 801234567
408762351 801234567
408762513 801234567
408763152 801234567
408763215 801234567
408763521 801234567
408765123 801234567
408765231 801234567
408765312 801234567
410235687 801234567
410235768 801234567
410235876 801234567
410236578 801234567
410236785 801234567
410236857 801234567
410237586 801234567
410237658 801234567
410237865 801234567
410238567 801234567
410238675 801234567
410238756 801234567
410253678 801234567
410253786 801234567
410253867 801234567
410256387 801234567
410256738 801234567
410256873 801234567
410257368 801234567
410257683 801234567
410257836 801234567
410258376 801234567
410258637 801234567
410258763 801234567
410263587 801234567
410263758 801234567
410263875 801234567
410265378 801234567
410265783 801234567
410265837 801234567
410267385 801234567
410267538 801234567
410267853 801234567
410268357 801234567
410268573 801234567
410268735 801234567
410273568 801234567
410273685 801234567
410273856 801234567
410275386 801234567
410275638 801234567
410275863 801234567
410276358 801234567
410276583 801234567
410276835 801234567
410278365 801234567
410278536 801234567
410278653 801234567
410283576 801234567
410283657 801234567
410283765 801234567
410285367 801234567
410285673 801234567
410285736 801234567
410286375 801234567
410286537 801234567
410286753 801234567
410287356 801234567
410287563 801234567
410287635 801234567
410325678 801234567
410325786 801234567
410325867 801234567
410326587 801234567
410326758 801234567
410326875 801234567
410327568 801234567
410327685 801234567
410327856 801234567
410328576 801234567
410328657 801234567
410328765 801234567
410352687 801234567
410352768 801234567
410352876 801234567
410356278 801234567
410356782 801234567
410356827 801234567
410357286 801234567
410357628 801234567
410357862 801234567
410358267 801234567
410358672 801234567
410358726 801234567
410362578 801234567
410362785 801234567
410362857 801234567
410365287 801234567
410365728 801234567
410365872 801234567
410367258 801234567
410367582 801234567
410367825 801234567
410368275 801234567
410368527 801234567
410368752 801234567
410372586 801234567
410372658 801234567
410372865 801234567
410375268 801234567
410375682 801234567
410375826 801234567
410376285 801234567
410376528 801234567
410376852 801234567
410378256 801234567
410378562 801234567
410378625 801234567
410382567 801234567
410382675 801234567
410382756 801234567
410385276 801234567
410385627 801234567
410385762 801234567
410386257 801234567
410386572 801234567
410386725 801234567
410387265 801234567
410387526 801234567
410387652 801234567
410523687 801234567
410523768 801234567
410523876 801234567
410526378 801234567
410526783 801234567
410526837 801234567
410527386 801234567
410527638 801234567
410527863 801234567
410528367 801234567
410528673 801234567
410528736 801234567
410532678 801234567
410532786 801234567
410532867 801234567
410536287 801234567
410536728 801234567
410536872 801234567
410537268 801234567
410537682 801234567
410537826 801234567
410538276 801234567
410538627 801234567
410538762 801234567
410562387 801234567
410562738 801234567
410562873 801234567
410563278 801234567
410563782 801234567
410563827 801234567
410567283 801234567
410567328 801234567
410567832 801234567
410568237 801234567
410568372 801234567
410568723 801234567
410572368 801234567
410572683 801234567
410572836 801234567
410573286 801234567
410573628 801234567
410573862 801234567
410576238 801234567
410576382 801234567
410576823 801234567
410578263 801234567
410578326 801234567
410578632 801234567
410582376 801234567
410582637 801234567
410582763 801234567
410583267 801234567
410583672 801234567
