580726341 801234567
580726413 801234567
580731246 801234567
580731462 801234567
580731624 801234567
580732164 801234567
580732416 801234567
580732641 801234567
580734126 801234567
580734261 801234567
580734612 801234567
580736142 801234567
580736214 801234567
580736421 801234567
580741263 801234567
580741326 801234567
580741632 801234567
580742136 801234567
580742361 801234567
580742613 801234567
580743162 801234567
580743216 801234567
580743621 801234567
580746123 801234567
580746231 801234567
580746312 801234567
580761234 801234567
580761342 801234567
580761423 801234567
580762143 801234567
580762314 801234567
580762431 801234567
580763124 801234567
580763241 801234567
580763412 801234567
580764132 801234567
580764213 801234567
580764321 801234567
581023467 801234567
581023674 801234567
581023746 801234567
581024376 801234567
581024637 801234567
581024763 801234567
581026347 801234567
581026473 801234567
581026734 801234567
581027364 801234567
581027436 801234567
581027643 801234567
581032476 801234567
581032647 801234567
581032764 801234567
581034267 801234567
581034672 801234567
581034726 801234567
581036274 801234567
581036427 801234567
581036742 801234567
581037246 801234567
581037462 801234567
581037624 801234567
581042367 801234567
581042673 801234567
581042736 801234567
581043276 801234567
581043627 801234567
581043762 801234567
581046237 801234567
581046372 801234567
581046723 801234567
581047263 801234567
581047326 801234567
581047632 801234567
581062374 801234567
581062437 801234567
581062743 801234567
581063247 801234567
581063472 801234567
581063724 801234567
581064273 801234567
581064327 801234567
581064732 801234567
581067234 801234567
581067342 801234567
581067423 801234567
581072346 801234567
581072463 801234567
581072634 801234567
581073264 801234567
581073426 801234567
581073642 801234567
581074236 801234567
581074362 801234567
581074623 801234567
581076243 801234567
581076324 801234567
581076432 801234567
581203476 801234567
581203647 801234567
581203764 801234567
581204367 801234567
581204673 801234567
581204736 801234567
581206374 801234567
581206437 801234567
581206743 801234567
581207346 801234567
581207463 801234567
581207634 801234567
581230467 801234567
581230674 801234567
581230746 801234567
581234076 801234567
581234607 801234567
581234760 801234567
581236047 801234567
581236470 801234567
581236704 801234567
581237064 801234567
581237406 801234567
581237640 801234567
581240376 801234567
581240637 801234567
581240763 801234567
581243067 801234567
581243670 801234567
581243706 801234567
581246073 801234567
581246307 801234567
581246730 801234567
581247036 801234567
581247360 801234567
581247603 801234567
581260347 801234567
581260473 801234567
581260734 801234567
581263074 801234567
581263407 801234567
581263740 801234567
581264037 801234567
581264370 801234567
581264703 801234567
581267043 801234567
581267304 801234567
581267430 801234567
581270364 801234567
581270436 801234567
581270643 801234567
581273046 801234567
581273460 801234567
581273604 801234567
581274063 801234567
581274306 801234567
581274630 801234567
581276034 801234567
581276340 801234567
581276403 801234567
581302467 801234567
581302674 801234567
581302746 801234567
581304276 801234567
581304627 801234567
581304762 801234567
581306247 801234567
581306472 801234567
581306724 801234567
581307264 801234567
581307426 801234567
581307642 801234567
581320476 801234567
581320647 801234567
581320764 801234567
581324067 801234567
581324670 801234567
581324706 801234567
581326074 801234567
581326407 801234567
581326740 801234567
581327046 801234567
581327460 801234567
581327604 801234567
581340267 801234567
581340672 801234567
581340726 801234567
581342076 801234567
581342607 801234567
581342760 801234567
581346027 801234567
581346270 801234567
581346702 801234567
581347062 801234567
581347206 801234567
581347620 801234567
581360274 801234567
581360427 801234567
581360742 801234567
581362047 801234567
581362470 801234567
581362704 801234567
581364072 801234567
581364207 801234567
581364720 801234567
581367024 801234567
581367240 801234567
581367402 801234567
581370246 801234567
581370462 801234567
581370624 801234567
581372064 801234567
581372406 801234567
581372640 801234567
581374026 801234567
581374260 801234567
581374602 801234567
581376042 801234567
581376204 801234567
581376420 801234567
581402376 801234567
581402637 801234567
581402763 801234567
581403267 801234567
581403672 801234567
581403726 801234567
581406273 801234567
581406327 801234567
581406732 801234567
581407236 801234567
581407362 801234567
581407623 801234567
581420367 801234567
581420673 801234567
581420736 801234567
581423076 801234567
581423607 801234567
581423760 801234567
581426037 801234567
581426370 801234567
581426703 801234567
581427063 801234567
581427306 801234567
581427630 801234567
581430276 801234567
581430627 801234567
581430762 801234567
581432067 801234567
581432670 801234567
581432706 801234567
581436072 801234567
581436207 801234567
581436720 801234567
581437026 801234567
581437260 801234567
581437602 801234567
581460237 801234567
581460372 801234567
581460723 801234567
581462073 801234567
581462307 801234567
581462730 801234567
581463027 801234567
581463270 801234567
581463702 801234567
581467032 801234567
581467203 801234567
581467320 801234567
581470263 801234567
581470326 801234567
581470632 801234567
581472036 801234567
581472360 801234567
581472603 801234567
581473062 801234567
581473206 801234567
581473620 801234567
581476023 801234567
581476230 801234567
581476302 801234567
581602347 801234567
581602473 801234567
581602734 801234567
581603274 801234567
581603427 801234567
581603742 801234567
581604237 801234567
581604372 801234567
581604723 801234567
581607243 801234567
581607324 801234567
581607432 801234567
581620374 801234567
581620437 801234567
581620743 801234567
581623047 801234567
581623470 801234567
581623704 801234567
581624073 801234567
581624307 801234567
581624730 801234567
581627034 801234567
581627340 801234567
581627403 801234567
581630247 801234567
581630472 801234567
581630724 801234567
581632074 801234567
581632407 801234567
581632740 801234567
581634027 801234567
581634270 801234567
581634702 801234567
581637042 801234567
581637204 801234567
581637420 801234567
581640273 801234567
581640327 801234567
581640732 801234567
581642037 801234567
581642370 801234567
581642703 801234567
581643072 801234567
581643207 801234567
581643720 801234567
581647023 801234567
581647230 801234567
581647302 801234567
581670234 801234567
581670342 801234567
581670423 801234567
581672043 801234567
581672304 801234567
581672430 801234567
581673024 801234567
581673240 801234567
581673402 801234567
581674032 801234567
581674203 801234567
581674320 801234567
581702364 801234567
581702436 801234567
581702643 801234567
581703246 801234567
581703462 801234567
581703624 801234567
581704263 801234567
581704326 801234567
581704632 801234567
581706234 801234567
581706342 801234567
581706423 801234567
581720346 801234567
581720463 801234567
581720634 801234567
581723064 801234567
581723406 801234567
581723640 801234567
581724036 801234567
581724360 801234567
581724603 801234567
581726043 801234567
581726304 801234567
581726430 801234567
581730264 801234567
581730426 801234567
581730642 801234567
581732046 801234567
581732460 801234567
581732604 801234567
581734062 801234567
581734206 801234567
581734620 801234567
581736024 801234567
581736240 801234567
581736402 801234567
581740236 801234567
581740362 801234567
581740623 801234567
581742063 801234567
581742306 801234567
581742630 801234567
581743026 801234567
581743260 801234567
581743602 801234567
581746032 801234567
581746203 801234567
581746320 801234567
581760243 801234567
581760324 801234567
581760432 801234567
581762034 801234567
581762340 801234567
581762403 801234567
581763042 801234567
581763204 801234567
581763420 801234567
581764023 801234567
581764230 801234567
581764302 801234567
582013476 801234567
582013647 801234567
582013764 801234567
582014367 801234567
582014673 801234567
582014736 801234567
582016374 801234567
582016437 801234567
582016743 801234567
582017346 801234567
582017463 801234567
582017634 801234567
582031467 801234567
582031674 801234567
582031746 801234567
582034176 801234567
582034617 801234567
582034761 801234567
582036147 801234567
582036471 801234567
582036714 801234567
582037164 801234567
582037416 801234567
582037641 801234567
582041376 801234567
582041637 801234567
582041763 801234567
582043167 801234567
582043671 801234567
582043716 801234567
582046173 801234567
582046317 801234567
582046731 801234567
582047136 801234567
582047361 801234567
582047613 801234567
582061347 801234567
582061473 801234567
582061734 801234567
582063174 801234567
582063417 801234567
582063741 801234567
582064137 801234567
582064371 801234567
582064713 801234567
582067143 801234567
582067314 801234567
582067431 801234567
582071364 801234567
582071436 801234567
582071643 801234567
582073146 801234567
582073461 801234567
582073614 801234567
582074163 801234567
582074316 801234567
582074631 801234567
582076134 801234567
582076341 801234567
582076413 801234567
582103467 801234567
582103674 801234567
582103746 801234567
582104376 801234567
582104637 801234567
582104763 801234567
582106347 801234567
582106473 801234567
582106734 801234567
582107364 801234567
582107436 801234567
582107643 801234567
582130476 801234567
582130647 801234567
582130764 801234567
582134067 801234567
582134670 801234567
582134706 801234567
582136074 801234567
582136407 801234567
582136740 801234567
582137046 801234567
582137460 801234567
582137604 801234567
582140367 801234567
582140673 801234567
582140736 801234567
582143076 801234567
582143607 801234567
582143760 801234567
582146037 801234567
582146370 801234567
582146703 801234567
582147063 801234567
582147306 801234567
582147630 801234567
582160374 801234567
582160437 801234567
582160743 801234567
582163047 801234567
582163470 801234567
