067218534 801234567
067231458 801234567
067231584 801234567
067231845 801234567
067234185 801234567
067234518 801234567
067234851 801234567
067235148 801234567
067235481 801234567
067235814 801234567
067238154 801234567
067238415 801234567
067238541 801234567
067241385 801234567
067241538 801234567
067241853 801234567
067243158 801234567
067243581 801234567
067243815 801234567
067245183 801234567
067245318 801234567
067245831 801234567
067248135 801234567
067248351 801234567
067248513 801234567
067251348 801234567
067251483 801234567
067251834 801234567
067253184 801234567
067253418 801234567
067253841 801234567
067254138 801234567
067254381 801234567
067254813 801234567
067258143 801234567
067258314 801234567
067258431 801234567
067281354 801234567
067281435 801234567
067281543 801234567
067283145 801234567
067283451 801234567
067283514 801234567
067284153 801234567
067284315 801234567
067284531 801234567
067285134 801234567
067285341 801234567
067285413 801234567
067312458 801234567
067312584 801234567
067312845 801234567
067314285 801234567
067314528 801234567
067314852 801234567
067315248 801234567
067315482 801234567
067315824 801234567
067318254 801234567
067318425 801234567
067318542 801234567
067321485 801234567
067321548 801234567
067321854 801234567
067324158 801234567
067324581 801234567
067324815 801234567
067325184 801234567
067325418 801234567
067325841 801234567
067328145 801234567
067328451 801234567
067328514 801234567
067341258 801234567
067341582 801234567
067341825 801234567
067342185 801234567
067342518 801234567
067342851 801234567
067345128 801234567
067345281 801234567
067345812 801234567
067348152 801234567
067348215 801234567
067348521 801234567
067351284 801234567
067351428 801234567
067351842 801234567
067352148 801234567
067352481 801234567
067352814 801234567
067354182 801234567
067354218 801234567
067354821 801234567
067358124 801234567
067358241 801234567
067358412 801234567
067381245 801234567
067381452 801234567
067381524 801234567
067382154 801234567
067382415 801234567
067382541 801234567
067384125 801234567
067384251 801234567
067384512 801234567
067385142 801234567
067385214 801234567
067385421 801234567
067412385 801234567
067412538 801234567
067412853 801234567
067413258 801234567
067413582 801234567
067413825 801234567
067415283 801234567
067415328 801234567
067415832 801234567
067418235 801234567
067418352 801234567
067418523 801234567
067421358 801234567
067421583 801234567
067421835 801234567
067423185 801234567
067423518 801234567
067423851 801234567
067425138 801234567
067425381 801234567
067425813 801234567
067428153 801234567
067428315 801234567
067428531 801234567
067431285 801234567
067431528 801234567
067431852 801234567
067432158 801234567
067432581 801234567
067432815 801234567
067435182 801234567
067435218 801234567
067435821 801234567
067438125 801234567
067438251 801234567
067438512 801234567
067451238 801234567
067451382 801234567
067451823 801234567
067452183 801234567
067452318 801234567
067452831 801234567
067453128 801234567
067453281 801234567
067453812 801234567
067458132 801234567
067458213 801234567
067458321 801234567
067481253 801234567
067481325 801234567
067481532 801234567
067482135 801234567
067482351 801234567
067482513 801234567
067483152 801234567
067483215 801234567
067483521 801234567
067485123 801234567
067485231 801234567
067485312 801234567
067512348 801234567
067512483 801234567
067512834 801234567
067513284 801234567
067513428 801234567
067513842 801234567
067514238 801234567
067514382 801234567
067514823 801234567
067518243 801234567
067518324 801234567
067518432 801234567
067521384 801234567
067521438 801234567
067521843 801234567
067523148 801234567
067523481 801234567
067523814 801234567
067524183 801234567
067524318 801234567
067524831 801234567
067528134 801234567
067528341 801234567
067528413 801234567
067531248 801234567
067531482 801234567
067531824 801234567
067532184 801234567
067532418 801234567
067532841 801234567
067534128 801234567
067534281 801234567
067534812 801234567
067538142 801234567
067538214 801234567
067538421 801234567
067541283 801234567
067541328 801234567
067541832 801234567
067542138 801234567
067542381 801234567
067542813 801234567
067543182 801234567
067543218 801234567
067543821 801234567
067548123 801234567
067548231 801234567
067548312 801234567
067581234 801234567
067581342 801234567
067581423 801234567
067582143 801234567
067582314 801234567
067582431 801234567
067583124 801234567
067583241 801234567
067583412 801234567
067584132 801234567
067584213 801234567
067584321 801234567
067812354 801234567
067812435 801234567
067812543 801234567
067813245 801234567
067813452 801234567
067813524 801234567
067814253 801234567
067814325 801234567
067814532 801234567
067815234 801234567
067815342 801234567
067815423 801234567
067821345 801234567
067821453 801234567
067821534 801234567
067823154 801234567
067823415 801234567
067823541 801234567
067824135 801234567
067824351 801234567
067824513 801234567
067825143 801234567
067825314 801234567
067825431 801234567
067831254 801234567
067831425 801234567
067831542 801234567
067832145 801234567
067832451 801234567
067832514 801234567
067834152 801234567
067834215 801234567
067834521 801234567
067835124 801234567
067835241 801234567
067835412 801234567
067841235 801234567
067841352 801234567
067841523 801234567
067842153 801234567
067842315 801234567
067842531 801234567
067843125 801234567
067843251 801234567
067843512 801234567
067845132 801234567
067845213 801234567
067845321 801234567
067851243 801234567
067851324 801234567
067851432 801234567
067852134 801234567
067852341 801234567
067852413 801234567
067853142 801234567
067853214 801234567
067853421 801234567
067854123 801234567
067854231 801234567
067854312 801234567
068123475 801234567
068123547 801234567
068123754 801234567
068124357 801234567
068124573 801234567
068124735 801234567
068125374 801234567
068125437 801234567
068125743 801234567
068127345 801234567
068127453 801234567
068127534 801234567
068132457 801234567
068132574 801234567
068132745 801234567
068134275 801234567
068134527 801234567
068134752 801234567
068135247 801234567
068135472 801234567
068135724 801234567
068137254 801234567
068137425 801234567
068137542 801234567
068142375 801234567
068142537 801234567
068142753 801234567
068143257 801234567
068143572 801234567
068143725 801234567
068145273 801234567
068145327 801234567
068145732 801234567
068147235 801234567
068147352 801234567
068147523 801234567
068152347 801234567
068152473 801234567
068152734 801234567
068153274 801234567
068153427 801234567
068153742 801234567
068154237 801234567
068154372 801234567
068154723 801234567
068157243 801234567
068157324 801234567
068157432 801234567
068172354 801234567
068172435 801234567
068172543 801234567
068173245 801234567
068173452 801234567
068173524 801234567
068174253 801234567
068174325 801234567
068174532 801234567
068175234 801234567
068175342 801234567
068175423 801234567
068213457 801234567
068213574 801234567
068213745 801234567
068214375 801234567
068214537 801234567
068214753 801234567
068215347 801234567
068215473 801234567
068215734 801234567
068217354 801234567
068217435 801234567
068217543 801234567
068231475 801234567
068231547 801234567
068231754 801234567
068234157 801234567
068234571 801234567
068234715 801234567
068235174 801234567
068235417 801234567
068235741 801234567
068237145 801234567
068237451 801234567
068237514 801234567
068241357 801234567
068241573 801234567
068241735 801234567
068243175 801234567
068243517 801234567
068243751 801234567
068245137 801234567
068245371 801234567
068245713 801234567
068247153 801234567
068247315 801234567
068247531 801234567
068251374 801234567
068251437 801234567
068251743 801234567
068253147 801234567
068253471 801234567
068253714 801234567
068254173 801234567
068254317 801234567
068254731 801234567
068257134 801234567
068257341 801234567
068257413 801234567
068271345 801234567
068271453 801234567
068271534 801234567
068273154 801234567
068273415 801234567
068273541 801234567
068274135 801234567
068274351 801234567
068274513 801234567
068275143 801234567
068275314 801234567
068275431 801234567
068312475 801234567
068312547 801234567
068312754 801234567
068314257 801234567
068314572 801234567
068314725 801234567
068315274 801234567
068315427 801234567
068315742 801234567
068317245 801234567
068317452 801234567
068317524 801234567
068321457 801234567
068321574 801234567
068321745 801234567
068324175 801234567
068324517 801234567
068324751 801234567
068325147 801234567
068325471 801234567
068325714 801234567
068327154 801234567
068327415 801234567
068327541 801234567
068341275 801234567
068341527 801234567
068341752 801234567
068342157 801234567
068342571 801234567
068342715 801234567
068345172 801234567
068345217 801234567
068345721 801234567
068347125 801234567
068347251 801234567
068347512 801234567
068351247 801234567
068351472 801234567
068351724 801234567
068352174 801234567
068352417 801234567
068352741 801234567
068354127 801234567
068354271 801234567
068354712 801234567
068357142 801234567
068357214 801234567
068357421 801234567
068371254 801234567
068371425 801234567
068371542 801234567
068372145 801234567
068372451 801234567
068372514 801234567
068374152 801234567
068374215 801234567
068374521 801234567
068375124 801234567
068375241 801234567
068375412 801234567
068412357 801234567
068412573 801234567
068412735 801234567
068413275 801234567
068413527 801234567
068413752 801234567
068415237 801234567
068415372 801234567
068415723 801234567
068417253 801234567
068417325 801234567
068417532 801234567
068421375 801234567
068421537 801234567
068421753 801234567
068423157 801234567
068423571 801234567
068423715 801234567
068425173 801234567
068425317 801234567
068425731 801234567
068427135 801234567
068427351 801234567
068427513 801234567
068431257 801234567
068431572 801234567
068431725 801234567
068432175 801234567
068432517 801234567
068432751 801234567
