378140265 801234567
378140526 801234567
378140652 801234567
378142056 801234567
378142560 801234567
378142605 801234567
378145062 801234567
378145206 801234567
378145620 801234567
378146025 801234567
378146250 801234567
378146502 801234567
378150246 801234567
378150462 801234567
378150624 801234567
378152064 801234567
378152406 801234567
378152640 801234567
378154026 801234567
378154260 801234567
378154602 801234567
378156042 801234567
378156204 801234567
378156420 801234567
378160254 801234567
378160425 801234567
378160542 801234567
378162045 801234567
378162450 801234567
378162504 801234567
378164052 801234567
378164205 801234567
378164520 801234567
378165024 801234567
378165240 801234567
378165402 801234567
378201456 801234567
378201564 801234567
378201645 801234567
378204165 801234567
378204516 801234567
378204651 801234567
378205146 801234567
378205461 801234567
378205614 801234567
378206154 801234567
378206415 801234567
378206541 801234567
378210465 801234567
378210546 801234567
378210654 801234567
378214056 801234567
378214560 801234567
378214605 801234567
378215064 801234567
378215406 801234567
378215640 801234567
378216045 801234567
378216450 801234567
378216504 801234567
378240156 801234567
378240561 801234567
378240615 801234567
378241065 801234567
378241506 801234567
378241650 801234567
378245016 801234567
378245160 801234567
378245601 801234567
378246051 801234567
378246105 801234567
378246510 801234567
378250164 801234567
378250416 801234567
378250641 801234567
378251046 801234567
378251460 801234567
378251604 801234567
378254061 801234567
378254106 801234567
378254610 801234567
378256014 801234567
378256140 801234567
378256401 801234567
378260145 801234567
378260451 801234567
378260514 801234567
378261054 801234567
378261405 801234567
378261540 801234567
378264015 801234567
378264150 801234567
378264501 801234567
378265041 801234567
378265104 801234567
378265410 801234567
378401265 801234567
378401526 801234567
378401652 801234567
378402156 801234567
378402561 801234567
378402615 801234567
378405162 801234567
378405216 801234567
378405621 801234567
378406125 801234567
378406251 801234567
378406512 801234567
378410256 801234567
378410562 801234567
378410625 801234567
378412065 801234567
378412506 801234567
378412650 801234567
378415026 801234567
378415260 801234567
378415602 801234567
378416052 801234567
378416205 801234567
378416520 801234567
378420165 801234567
378420516 801234567
378420651 801234567
378421056 801234567
378421560 801234567
378421605 801234567
378425061 801234567
378425106 801234567
378425610 801234567
378426015 801234567
378426150 801234567
378426501 801234567
378450126 801234567
378450261 801234567
378450612 801234567
378451062 801234567
378451206 801234567
378451620 801234567
378452016 801234567
378452160 801234567
378452601 801234567
378456021 801234567
378456102 801234567
378456210 801234567
378460152 801234567
378460215 801234567
378460521 801234567
378461025 801234567
378461250 801234567
378461502 801234567
378462051 801234567
378462105 801234567
378462510 801234567
378465012 801234567
378465120 801234567
378465201 801234567
378501246 801234567
378501462 801234567
378501624 801234567
378502164 801234567
378502416 801234567
378502641 801234567
378504126 801234567
378504261 801234567
378504612 801234567
378506142 801234567
378506214 801234567
378506421 801234567
378510264 801234567
378510426 801234567
378510642 801234567
378512046 801234567
378512460 801234567
378512604 801234567
378514062 801234567
378514206 801234567
378514620 801234567
378516024 801234567
378516240 801234567
378516402 801234567
378520146 801234567
378520461 801234567
378520614 801234567
378521064 801234567
378521406 801234567
378521640 801234567
378524016 801234567
378524160 801234567
378524601 801234567
378526041 801234567
378526104 801234567
378526410 801234567
378540162 801234567
378540216 801234567
378540621 801234567
378541026 801234567
378541260 801234567
378541602 801234567
378542061 801234567
378542106 801234567
378542610 801234567
378546012 801234567
378546120 801234567
378546201 801234567
378560124 801234567
378560241 801234567
378560412 801234567
378561042 801234567
378561204 801234567
378561420 801234567
378562014 801234567
378562140 801234567
378562401 801234567
378564021 801234567
378564102 801234567
378564210 801234567
378601254 801234567
378601425 801234567
378601542 801234567
378602145 801234567
378602451 801234567
378602514 801234567
378604152 801234567
378604215 801234567
378604521 801234567
378605124 801234567
378605241 801234567
378605412 801234567
378610245 801234567
378610452 801234567
378610524 801234567
378612054 801234567
378612405 801234567
378612540 801234567
378614025 801234567
378614250 801234567
378614502 801234567
378615042 801234567
378615204 801234567
378615420 801234567
378620154 801234567
378620415 801234567
378620541 801234567
378621045 801234567
378621450 801234567
378621504 801234567
378624051 801234567
378624105 801234567
378624510 801234567
378625014 801234567
378625140 801234567
378625401 801234567
378640125 801234567
378640251 801234567
378640512 801234567
378641052 801234567
378641205 801234567
378641520 801234567
378642015 801234567
378642150 801234567
378642501 801234567
378645021 801234567
378645102 801234567
378645210 801234567
378650142 801234567
378650214 801234567
378650421 801234567
378651024 801234567
378651240 801234567
378651402 801234567
378652041 801234567
378652104 801234567
378652410 801234567
378654012 801234567
378654120 801234567
378654201 801234567
380124576 801234567
380124657 801234567
380124765 801234567
380125467 801234567
380125674 801234567
380125746 801234567
380126475 801234567
380126547 801234567
380126754 801234567
380127456 801234567
380127564 801234567
380127645 801234567
380142567 801234567
380142675 801234567
380142756 801234567
380145276 801234567
380145627 801234567
380145762 801234567
380146257 801234567
380146572 801234567
380146725 801234567
380147265 801234567
380147526 801234567
380147652 801234567
380152476 801234567
380152647 801234567
380152764 801234567
380154267 801234567
380154672 801234567
380154726 801234567
380156274 801234567
380156427 801234567
380156742 801234567
380157246 801234567
380157462 801234567
380157624 801234567
380162457 801234567
380162574 801234567
380162745 801234567
380164275 801234567
380164527 801234567
380164752 801234567
380165247 801234567
380165472 801234567
380165724 801234567
380167254 801234567
380167425 801234567
380167542 801234567
380172465 801234567
380172546 801234567
380172654 801234567
380174256 801234567
380174562 801234567
380174625 801234567
380175264 801234567
380175426 801234567
380175642 801234567
380176245 801234567
380176452 801234567
380176524 801234567
380214567 801234567
380214675 801234567
380214756 801234567
380215476 801234567
380215647 801234567
380215764 801234567
380216457 801234567
380216574 801234567
380216745 801234567
380217465 801234567
380217546 801234567
380217654 801234567
380241576 801234567
380241657 801234567
380241765 801234567
380245167 801234567
380245671 801234567
380245716 801234567
380246175 801234567
380246517 801234567
380246751 801234567
380247156 801234567
380247561 801234567
380247615 801234567
380251467 801234567
380251674 801234567
380251746 801234567
380254176 801234567
380254617 801234567
380254761 801234567
380256147 801234567
380256471 801234567
380256714 801234567
380257164 801234567
380257416 801234567
380257641 801234567
380261475 801234567
380261547 801234567
380261754 801234567
380264157 801234567
380264571 801234567
380264715 801234567
380265174 801234567
380265417 801234567
380265741 801234567
380267145 801234567
380267451 801234567
380267514 801234567
380271456 801234567
380271564 801234567
380271645 801234567
380274165 801234567
380274516 801234567
380274651 801234567
380275146 801234567
380275461 801234567
380275614 801234567
380276154 801234567
380276415 801234567
380276541 801234567
380412576 801234567
380412657 801234567
380412765 801234567
380415267 801234567
380415672 801234567
380415726 801234567
380416275 801234567
380416527 801234567
380416752 801234567
380417256 801234567
380417562 801234567
380417625 801234567
380421567 801234567
380421675 801234567
380421756 801234567
380425176 801234567
380425617 801234567
380425761 801234567
380426157 801234567
380426571 801234567
380426715 801234567
380427165 801234567
380427516 801234567
380427651 801234567
380451276 801234567
380451627 801234567
380451762 801234567
380452167 801234567
380452671 801234567
380452716 801234567
380456172 801234567
380456217 801234567
380456721 801234567
380457126 801234567
380457261 801234567
380457612 801234567
380461257 801234567
380461572 801234567
380461725 801234567
380462175 801234567
380462517 801234567
380462751 801234567
380465127 801234567
380465271 801234567
380465712 801234567
380467152 801234567
380467215 801234567
380467521 801234567
380471265 801234567
380471526 801234567
380471652 801234567
380472156 801234567
380472561 801234567
380472615 801234567
380475162 801234567
380475216 801234567
380475621 801234567
380476125 801234567
380476251 801234567
380476512 801234567
380512467 801234567
380512674 801234567
380512746 801234567
380514276 801234567
380514627 801234567
380514762 801234567
380516247 801234567
380516472 801234567
380516724 801234567
380517264 801234567
380517426 801234567
380517642 801234567
380521476 801234567
380521647 801234567
380521764 801234567
380524167 801234567
380524671 801234567
380524716 801234567
380526174 801234567
380526417 801234567
380526741 801234567
380527146 801234567
380527461 801234567
380527614 801234567
380541267 801234567
380541672 801234567
380541726 801234567
380542176 801234567
380542617 801234567
380542761 801234567
380546127 801234567
380546271 801234567
380546712 801234567
380547162 801234567
380547216 801234567
380547621 801234567
380561274 801234567
380561427 801234567
380561742 801234567
380562147 801234567
380562471 801234567
380562714 801234567
380564172 801234567
