506184372 801234567
506184723 801234567
506187243 801234567
506187324 801234567
506187432 801234567
506213487 801234567
506213748 801234567
506213874 801234567
506214378 801234567
506214783 801234567
506214837 801234567
506217384 801234567
506217438 801234567
506217843 801234567
506218347 801234567
506218473 801234567
506218734 801234567
506231478 801234567
506231784 801234567
506231847 801234567
506234187 801234567
506234718 801234567
506234871 801234567
506237148 801234567
506237481 801234567
506237814 801234567
506238174 801234567
506238417 801234567
506238741 801234567
506241387 801234567
506241738 801234567
506241873 801234567
506243178 801234567
506243781 801234567
506243817 801234567
506247183 801234567
506247318 801234567
506247831 801234567
506248137 801234567
506248371 801234567
506248713 801234567
506271348 801234567
506271483 801234567
506271834 801234567
506273184 801234567
506273418 801234567
506273841 801234567
506274138 801234567
506274381 801234567
506274813 801234567
506278143 801234567
506278314 801234567
506278431 801234567
506281374 801234567
506281437 801234567
506281743 801234567
506283147 801234567
506283471 801234567
506283714 801234567
506284173 801234567
506284317 801234567
506284731 801234567
506287134 801234567
506287341 801234567
506287413 801234567
506312478 801234567
506312784 801234567
506312847 801234567
506314287 801234567
506314728 801234567
506314872 801234567
506317248 801234567
506317482 801234567
506317824 801234567
506318274 801234567
506318427 801234567
506318742 801234567
506321487 801234567
506321748 801234567
506321874 801234567
506324178 801234567
506324781 801234567
506324817 801234567
506327184 801234567
506327418 801234567
506327841 801234567
506328147 801234567
506328471 801234567
506328714 801234567
506341278 801234567
506341782 801234567
506341827 801234567
506342187 801234567
506342718 801234567
506342871 801234567
506347128 801234567
506347281 801234567
506347812 801234567
506348172 801234567
506348217 801234567
506348721 801234567
506371284 801234567
506371428 801234567
506371842 801234567
506372148 801234567
506372481 801234567
506372814 801234567
506374182 801234567
506374218 801234567
506374821 801234567
506378124 801234567
506378241 801234567
506378412 801234567
506381247 801234567
506381472 801234567
506381724 801234567
506382174 801234567
506382417 801234567
506382741 801234567
506384127 801234567
506384271 801234567
506384712 801234567
506387142 801234567
506387214 801234567
506387421 801234567
506412387 801234567
506412738 801234567
506412873 801234567
506413278 801234567
506413782 801234567
506413827 801234567
506417283 801234567
506417328 801234567
506417832 801234567
506418237 801234567
506418372 801234567
506418723 801234567
506421378 801234567
506421783 801234567
506421837 801234567
506423187 801234567
506423718 801234567
506423871 801234567
506427138 801234567
506427381 801234567
506427813 801234567
506428173 801234567
506428317 801234567
506428731 801234567
506431287 801234567
506431728 801234567
506431872 801234567
506432178 801234567
506432781 801234567
506432817 801234567
506437182 801234567
506437218 801234567
506437821 801234567
506438127 801234567
506438271 801234567
506438712 801234567
506471238 801234567
506471382 801234567
506471823 801234567
506472183 801234567
506472318 801234567
506472831 801234567
506473128 801234567
506473281 801234567
506473812 801234567
506478132 801234567
506478213 801234567
506478321 801234567
506481273 801234567
506481327 801234567
506481732 801234567
506482137 801234567
506482371 801234567
506482713 801234567
506483172 801234567
506483217 801234567
506483721 801234567
506487123 801234567
506487231 801234567
506487312 801234567
506712348 801234567
506712483 801234567
506712834 801234567
506713284 801234567
506713428 801234567
506713842 801234567
506714238 801234567
506714382 801234567
506714823 801234567
506718243 801234567
506718324 801234567
506718432 801234567
506721384 801234567
506721438 801234567
506721843 801234567
506723148 801234567
506723481 801234567
506723814 801234567
506724183 801234567
506724318 801234567
506724831 801234567
506728134 801234567
506728341 801234567
506728413 801234567
506731248 801234567
506731482 801234567
506731824 801234567
506732184 801234567
506732418 801234567
506732841 801234567
506734128 801234567
506734281 801234567
506734812 801234567
506738142 801234567
506738214 801234567
506738421 801234567
506741283 801234567
506741328 801234567
506741832 801234567
506742138 801234567
506742381 801234567
506742813 801234567
506743182 801234567
506743218 801234567
506743821 801234567
506748123 801234567
506748231 801234567
506748312 801234567
506781234 801234567
506781342 801234567
506781423 801234567
506782143 801234567
506782314 801234567
506782431 801234567
506783124 801234567
506783241 801234567
506783412 801234567
506784132 801234567
506784213 801234567
506784321 801234567
506812374 801234567
506812437 801234567
506812743 801234567
506813247 801234567
506813472 801234567
506813724 801234567
506814273 801234567
506814327 801234567
506814732 801234567
506817234 801234567
506817342 801234567
506817423 801234567
506821347 801234567
506821473 801234567
506821734 801234567
506823174 801234567
506823417 801234567
506823741 801234567
506824137 801234567
506824371 801234567
506824713 801234567
506827143 801234567
506827314 801234567
506827431 801234567
506831274 801234567
506831427 801234567
506831742 801234567
506832147 801234567
506832471 801234567
506832714 801234567
506834172 801234567
506834217 801234567
506834721 801234567
506837124 801234567
506837241 801234567
506837412 801234567
506841237 801234567
506841372 801234567
506841723 801234567
506842173 801234567
506842317 801234567
506842731 801234567
506843127 801234567
506843271 801234567
506843712 801234567
506847132 801234567
506847213 801234567
506847321 801234567
506871243 801234567
506871324 801234567
506871432 801234567
506872134 801234567
506872341 801234567
506872413 801234567
506873142 801234567
506873214 801234567
506873421 801234567
506874123 801234567
506874231 801234567
506874312 801234567
507123486 801234567
507123648 801234567
507123864 801234567
507124368 801234567
507124683 801234567
507124836 801234567
507126384 801234567
507126438 801234567
507126843 801234567
507128346 801234567
507128463 801234567
507128634 801234567
507132468 801234567
507132684 801234567
507132846 801234567
507134286 801234567
507134628 801234567
507134862 801234567
507136248 801234567
507136482 801234567
507136824 801234567
507138264 801234567
507138426 801234567
507138642 801234567
507142386 801234567
507142638 801234567
507142863 801234567
507143268 801234567
507143682 801234567
507143826 801234567
507146283 801234567
507146328 801234567
507146832 801234567
507148236 801234567
507148362 801234567
507148623 801234567
507162348 801234567
507162483 801234567
507162834 801234567
507163284 801234567
507163428 801234567
507163842 801234567
507164238 801234567
507164382 801234567
507164823 801234567
507168243 801234567
507168324 801234567
507168432 801234567
507182364 801234567
507182436 801234567
507182643 801234567
507183246 801234567
507183462 801234567
507183624 801234567
507184263 801234567
507184326 801234567
507184632 801234567
507186234 801234567
507186342 801234567
507186423 801234567
507213468 801234567
507213684 801234567
507213846 801234567
507214386 801234567
507214638 801234567
507214863 801234567
507216348 801234567
507216483 801234567
507216834 801234567
507218364 801234567
507218436 801234567
507218643 801234567
507231486 801234567
507231648 801234567
507231864 801234567
507234168 801234567
507234681 801234567
507234816 801234567
507236184 801234567
507236418 801234567
507236841 801234567
507238146 801234567
507238461 801234567
507238614 801234567
507241368 801234567
507241683 801234567
507241836 801234567
507243186 801234567
507243618 801234567
507243861 801234567
507246138 801234567
507246381 801234567
507246813 801234567
507248163 801234567
507248316 801234567
507248631 801234567
507261384 801234567
507261438 801234567
507261843 801234567
507263148 801234567
507263481 801234567
507263814 801234567
507264183 801234567
507264318 801234567
507264831 801234567
507268134 801234567
507268341 801234567
507268413 801234567
507281346 801234567
507281463 801234567
507281634 801234567
507283164 801234567
507283416 801234567
507283641 801234567
507284136 801234567
507284361 801234567
507284613 801234567
507286143 801234567
507286314 801234567
507286431 801234567
507312486 801234567
507312648 801234567
507312864 801234567
507314268 801234567
507314682 801234567
507314826 801234567
507316284 801234567
507316428 801234567
507316842 801234567
507318246 801234567
507318462 801234567
507318624 801234567
507321468 801234567
507321684 801234567
507321846 801234567
507324186 801234567
507324618 801234567
507324861 801234567
507326148 801234567
507326481 801234567
507326814 801234567
507328164 801234567
507328416 801234567
507328641 801234567
507341286 801234567
507341628 801234567
507341862 801234567
507342168 801234567
507342681 801234567
507342816 801234567
507346182 801234567
507346218 801234567
507346821 801234567
507348126 801234567
507348261 801234567
507348612 801234567
507361248 801234567
507361482 801234567
507361824 801234567
507362184 801234567
507362418 801234567
507362841 801234567
507364128 801234567
507364281 801234567
507364812 801234567
507368142 801234567
507368214 801234567
507368421 801234567
507381264 801234567
507381426 801234567
507381642 801234567
507382146 801234567
507382461 801234567
507382614 801234567
507384162 801234567
507384216 801234567
507384621 801234567
507386124 801234567
507386241 801234567
507386412 801234567
507412368 801234567
507412683 801234567
507412836 801234567
507413286 801234567
507413628 801234567
507413862 801234567
507416238 801234567
507416382 801234567
507416823 801234567
507418263 801234567
507418326 801234567
507418632 801234567
507421386 801234567
507421638 801234567
