236178405 801234567
236178540 801234567
236180475 801234567
236180547 801234567
236180754 801234567
236184057 801234567
236184570 801234567
236184705 801234567
236185074 801234567
236185407 801234567
236185740 801234567
236187045 801234567
236187450 801234567
236187504 801234567
236401578 801234567
236401785 801234567
236401857 801234567
236405187 801234567
236405718 801234567
236405871 801234567
236407158 801234567
236407581 801234567
236407815 801234567
236408175 801234567
236408517 801234567
236408751 801234567
236410587 801234567
236410758 801234567
236410875 801234567
236415078 801234567
236415780 801234567
236415807 801234567
236417085 801234567
236417508 801234567
236417850 801234567
236418057 801234567
236418570 801234567
236418705 801234567
236450178 801234567
236450781 801234567
236450817 801234567
236451087 801234567
236451708 801234567
236451870 801234567
236457018 801234567
236457180 801234567
236457801 801234567
236458071 801234567
236458107 801234567
236458710 801234567
236470185 801234567
236470518 801234567
236470851 801234567
236471058 801234567
236471580 801234567
236471805 801234567
236475081 801234567
236475108 801234567
236475810 801234567
236478015 801234567
236478150 801234567
236478501 801234567
236480157 801234567
236480571 801234567
236480715 801234567
236481075 801234567
236481507 801234567
236481750 801234567
236485017 801234567
236485170 801234567
236485701 801234567
236487051 801234567
236487105 801234567
236487510 801234567
236501487 801234567
236501748 801234567
236501874 801234567
236504178 801234567
236504781 801234567
236504817 801234567
236507184 801234567
236507418 801234567
236507841 801234567
236508147 801234567
236508471 801234567
236508714 801234567
236510478 801234567
236510784 801234567
236510847 801234567
236514087 801234567
236514708 801234567
236514870 801234567
236517048 801234567
236517480 801234567
236517804 801234567
236518074 801234567
236518407 801234567
236518740 801234567
236540187 801234567
236540718 801234567
236540871 801234567
236541078 801234567
236541780 801234567
236541807 801234567
236547081 801234567
236547108 801234567
236547810 801234567
236548017 801234567
236548170 801234567
236548701 801234567
236570148 801234567
236570481 801234567
236570814 801234567
236571084 801234567
236571408 801234567
236571840 801234567
236574018 801234567
236574180 801234567
236574801 801234567
236578041 801234567
236578104 801234567
236578410 801234567
236580174 801234567
236580417 801234567
236580741 801234567
236581047 801234567
236581470 801234567
236581704 801234567
236584071 801234567
236584107 801234567
236584710 801234567
236587014 801234567
236587140 801234567
236587401 801234567
236701458 801234567
236701584 801234567
236701845 801234567
236704185 801234567
236704518 801234567
236704851 801234567
236705148 801234567
236705481 801234567
236705814 801234567
236708154 801234567
236708415 801234567
236708541 801234567
236710485 801234567
236710548 801234567
236710854 801234567
236714058 801234567
236714580 801234567
236714805 801234567
236715084 801234567
236715408 801234567
236715840 801234567
236718045 801234567
236718450 801234567
236718504 801234567
236740158 801234567
236740581 801234567
236740815 801234567
236741085 801234567
236741508 801234567
236741850 801234567
236745018 801234567
236745180 801234567
236745801 801234567
236748051 801234567
236748105 801234567
236748510 801234567
236750184 801234567
236750418 801234567
236750841 801234567
236751048 801234567
236751480 801234567
236751804 801234567
236754081 801234567
236754108 801234567
236754810 801234567
236758014 801234567
236758140 801234567
236758401 801234567
236780145 801234567
236780451 801234567
236780514 801234567
236781054 801234567
236781405 801234567
236781540 801234567
236784015 801234567
236784150 801234567
236784501 801234567
236785041 801234567
236785104 801234567
236785410 801234567
236801475 801234567
236801547 801234567
236801754 801234567
236804157 801234567
236804571 801234567
236804715 801234567
236805174 801234567
236805417 801234567
236805741 801234567
236807145 801234567
236807451 801234567
236807514 801234567
236810457 801234567
236810574 801234567
236810745 801234567
236814075 801234567
236814507 801234567
236814750 801234567
236815047 801234567
236815470 801234567
236815704 801234567
236817054 801234567
236817405 801234567
236817540 801234567
236840175 801234567
236840517 801234567
236840751 801234567
236841057 801234567
236841570 801234567
236841705 801234567
236845071 801234567
236845107 801234567
236845710 801234567
236847015 801234567
236847150 801234567
236847501 801234567
236850147 801234567
236850471 801234567
236850714 801234567
236851074 801234567
236851407 801234567
236851740 801234567
236854017 801234567
236854170 801234567
236854701 801234567
236857041 801234567
236857104 801234567
236857410 801234567
236870154 801234567
236870415 801234567
236870541 801234567
236871045 801234567
236871450 801234567
236871504 801234567
236874051 801234567
236874105 801234567
236874510 801234567
236875014 801234567
236875140 801234567
236875401 801234567
237014586 801234567
237014658 801234567
237014865 801234567
237015468 801234567
237015684 801234567
237015846 801234567
237016485 801234567
237016548 801234567
237016854 801234567
237018456 801234567
237018564 801234567
237018645 801234567
237041568 801234567
237041685 801234567
237041856 801234567
237045186 801234567
237045618 801234567
237045861 801234567
237046158 801234567
237046581 801234567
237046815 801234567
237048165 801234567
237048516 801234567
237048651 801234567
237051486 801234567
237051648 801234567
237051864 801234567
237054168 801234567
237054681 801234567
237054816 801234567
237056184 801234567
237056418 801234567
237056841 801234567
237058146 801234567
237058461 801234567
237058614 801234567
237061458 801234567
237061584 801234567
237061845 801234567
237064185 801234567
237064518 801234567
237064851 801234567
237065148 801234567
237065481 801234567
237065814 801234567
237068154 801234567
237068415 801234567
237068541 801234567
237081465 801234567
237081546 801234567
237081654 801234567
237084156 801234567
237084561 801234567
237084615 801234567
237085164 801234567
237085416 801234567
237085641 801234567
237086145 801234567
237086451 801234567
237086514 801234567
237104568 801234567
237104685 801234567
237104856 801234567
237105486 801234567
237105648 801234567
237105864 801234567
237106458 801234567
237106584 801234567
237106845 801234567
237108465 801234567
237108546 801234567
237108654 801234567
237140586 801234567
237140658 801234567
237140865 801234567
237145068 801234567
237145680 801234567
237145806 801234567
237146085 801234567
237146508 801234567
237146850 801234567
237148056 801234567
237148560 801234567
237148605 801234567
237150468 801234567
237150684 801234567
237150846 801234567
237154086 801234567
237154608 801234567
237154860 801234567
237156048 801234567
237156480 801234567
237156804 801234567
237158064 801234567
237158406 801234567
237158640 801234567
237160485 801234567
237160548 801234567
237160854 801234567
237164058 801234567
237164580 801234567
237164805 801234567
237165084 801234567
237165408 801234567
237165840 801234567
237168045 801234567
237168450 801234567
237168504 801234567
237180456 801234567
237180564 801234567
237180645 801234567
237184065 801234567
237184506 801234567
237184650 801234567
237185046 801234567
237185460 801234567
237185604 801234567
237186054 801234567
237186405 801234567
237186540 801234567
237401586 801234567
237401658 801234567
237401865 801234567
237405168 801234567
237405681 801234567
237405816 801234567
237406185 801234567
237406518 801234567
237406851 801234567
237408156 801234567
237408561 801234567
237408615 801234567
237410568 801234567
237410685 801234567
237410856 801234567
237415086 801234567
237415608 801234567
237415860 801234567
237416058 801234567
237416580 801234567
237416805 801234567
237418065 801234567
237418506 801234567
237418650 801234567
237450186 801234567
237450618 801234567
237450861 801234567
237451068 801234567
237451680 801234567
237451806 801234567
237456081 801234567
237456108 801234567
237456810 801234567
237458016 801234567
237458160 801234567
237458601 801234567
237460158 801234567
237460581 801234567
237460815 801234567
237461085 801234567
237461508 801234567
237461850 801234567
237465018 801234567
237465180 801234567
237465801 801234567
237468051 801234567
237468105 801234567
237468510 801234567
237480165 801234567
237480516 801234567
237480651 801234567
237481056 801234567
237481560 801234567
237481605 801234567
237485061 801234567
237485106 801234567
237485610 801234567
237486015 801234567
237486150 801234567
237486501 801234567
237501468 801234567
237501684 801234567
237501846 801234567
237504186 801234567
237504618 801234567
237504861 801234567
237506148 801234567
237506481 801234567
237506814 801234567
237508164 801234567
237508416 801234567
237508641 801234567
237510486 801234567
237510648 801234567
237510864 801234567
237514068 801234567
237514680 801234567
237514806 801234567
237516084 801234567
237516408 801234567
237516840 801234567
237518046 801234567
237518460 801234567
237518604 801234567
237540168 801234567
237540681 801234567
237540816 801234567
237541086 801234567
237541608 801234567
237541860 801234567
237546018 801234567
237546180 801234567
237546801 801234567
237548061 801234567
237548106 801234567
237548610 801234567
237560184 801234567
237560418 801234567
237560841 801234567
237561048 801234567
237561480 801234567
237561804 801234567
237564081 801234567
237564108 801234567
237564810 801234567
237568014 801234567
237568140 801234567
237568401 801234567
237580146 801234567
237580461 801234567
237580614 801234567
237581064 801234567
237581406 801234567
237581640 801234567
237584016 801234567
237584160 801234567
237584601 801234567
237586041 801234567
237586104 801234567
237586410 801234567
237601485 801234567
237601548 801234567
237601854 801234567
237604158 801234567
237604581 801234567
