013547682 801234567
013547826 801234567
013548276 801234567
013548627 801234567
013548762 801234567
013562487 801234567
013562748 801234567
013562874 801234567
013564278 801234567
013564782 801234567
013564827 801234567
013567284 801234567
013567428 801234567
013567842 801234567
013568247 801234567
013568472 801234567
013568724 801234567
013572468 801234567
013572684 801234567
013572846 801234567
013574286 801234567
013574628 801234567
013574862 801234567
013576248 801234567
013576482 801234567
013576824 801234567
013578264 801234567
013578426 801234567
013578642 801234567
013582476 801234567
013582647 801234567
013582764 801234567
013584267 801234567
013584672 801234567
013584726 801234567
013586274 801234567
013586427 801234567
013586742 801234567
013587246 801234567
013587462 801234567
013587624 801234567
013624578 801234567
013624785 801234567
013624857 801234567
013625487 801234567
013625748 801234567
013625874 801234567
013627458 801234567
013627584 801234567
013627845 801234567
013628475 801234567
013628547 801234567
013628754 801234567
013642587 801234567
013642758 801234567
013642875 801234567
013645278 801234567
013645782 801234567
013645827 801234567
013647285 801234567
013647528 801234567
013647852 801234567
013648257 801234567
013648572 801234567
013648725 801234567
013652478 801234567
013652784 801234567
013652847 801234567
013654287 801234567
013654728 801234567
013654872 801234567
013657248 801234567
013657482 801234567
013657824 801234567
013658274 801234567
013658427 801234567
013658742 801234567
013672485 801234567
013672548 801234567
013672854 801234567
013674258 801234567
013674582 801234567
013674825 801234567
013675284 801234567
013675428 801234567
013675842 801234567
013678245 801234567
013678452 801234567
013678524 801234567
013682457 801234567
013682574 801234567
013682745 801234567
013684275 801234567
013684527 801234567
013684752 801234567
013685247 801234567
013685472 801234567
013685724 801234567
013687254 801234567
013687425 801234567
013687542 801234567
013724586 801234567
013724658 801234567
013724865 801234567
013725468 801234567
013725684 801234567
013725846 801234567
013726485 801234567
013726548 801234567
013726854 801234567
013728456 801234567
013728564 801234567
013728645 801234567
013742568 801234567
013742685 801234567
013742856 801234567
013745286 801234567
013745628 801234567
013745862 801234567
013746258 801234567
013746582 801234567
013746825 801234567
013748265 801234567
013748526 801234567
013748652 801234567
013752486 801234567
013752648 801234567
013752864 801234567
013754268 801234567
013754682 801234567
013754826 801234567
013756284 801234567
013756428 801234567
013756842 801234567
013758246 801234567
013758462 801234567
013758624 801234567
013762458 801234567
013762584 801234567
013762845 801234567
013764285 801234567
013764528 801234567
013764852 801234567
013765248 801234567
013765482 801234567
013765824 801234567
013768254 801234567
013768425 801234567
013768542 801234567
013782465 801234567
013782546 801234567
013782654 801234567
013784256 801234567
013784562 801234567
013784625 801234567
013785264 801234567
013785426 801234567
013785642 801234567
013786245 801234567
013786452 801234567
013786524 801234567
013824567 801234567
013824675 801234567
013824756 801234567
013825476 801234567
013825647 801234567
013825764 801234567
013826457 801234567
013826574 801234567
013826745 801234567
013827465 801234567
013827546 801234567
013827654 801234567
013842576 801234567
013842657 801234567
013842765 801234567
013845267 801234567
013845672 801234567
013845726 801234567
013846275 801234567
013846527 801234567
013846752 801234567
013847256 801234567
013847562 801234567
013847625 801234567
013852467 801234567
013852674 801234567
013852746 801234567
013854276 801234567
013854627 801234567
013854762 801234567
013856247 801234567
013856472 801234567
013856724 801234567
013857264 801234567
013857426 801234567
013857642 801234567
013862475 801234567
013862547 801234567
013862754 801234567
013864257 801234567
013864572 801234567
013864725 801234567
013865274 801234567
013865427 801234567
013865742 801234567
013867245 801234567
013867452 801234567
013867524 801234567
013872456 801234567
013872564 801234567
013872645 801234567
013874265 801234567
013874526 801234567
013874652 801234567
013875246 801234567
013875462 801234567
013875624 801234567
013876254 801234567
013876425 801234567
013876542 801234567
014235678 801234567
014235786 801234567
014235867 801234567
014236587 801234567
014236758 801234567
014236875 801234567
014237568 801234567
014237685 801234567
014237856 801234567
014238576 801234567
014238657 801234567
014238765 801234567
014253687 801234567
014253768 801234567
014253876 801234567
014256378 801234567
014256783 801234567
014256837 801234567
014257386 801234567
014257638 801234567
014257863 801234567
014258367 801234567
014258673 801234567
014258736 801234567
014263578 801234567
014263785 801234567
014263857 801234567
014265387 801234567
014265738 801234567
014265873 801234567
014267358 801234567
014267583 801234567
014267835 801234567
014268375 801234567
014268537 801234567
014268753 801234567
014273586 801234567
014273658 801234567
014273865 801234567
014275368 801234567
014275683 801234567
014275836 801234567
014276385 801234567
014276538 801234567
014276853 801234567
014278356 801234567
014278563 801234567
014278635 801234567
014283567 801234567
014283675 801234567
014283756 801234567
014285376 801234567
014285637 801234567
014285763 801234567
014286357 801234567
014286573 801234567
014286735 801234567
014287365 801234567
014287536 801234567
014287653 801234567
014325687 801234567
014325768 801234567
014325876 801234567
014326578 801234567
014326785 801234567
014326857 801234567
014327586 801234567
014327658 801234567
014327865 801234567
014328567 801234567
014328675 801234567
014328756 801234567
014352678 801234567
014352786 801234567
014352867 801234567
014356287 801234567
014356728 801234567
014356872 801234567
014357268 801234567
014357682 801234567
014357826 801234567
014358276 801234567
014358627 801234567
014358762 801234567
014362587 801234567
014362758 801234567
014362875 801234567
014365278 801234567
014365782 801234567
014365827 801234567
014367285 801234567
014367528 801234567
014367852 801234567
014368257 801234567
014368572 801234567
014368725 801234567
014372568 801234567
014372685 801234567
014372856 801234567
014375286 801234567
014375628 801234567
014375862 801234567
014376258 801234567
014376582 801234567
014376825 801234567
014378265 801234567
014378526 801234567
014378652 801234567
014382576 801234567
014382657 801234567
014382765 801234567
014385267 801234567
014385672 801234567
014385726 801234567
014386275 801234567
014386527 801234567
014386752 801234567
014387256 801234567
014387562 801234567
014387625 801234567
014523678 801234567
014523786 801234567
014523867 801234567
014526387 801234567
014526738 801234567
014526873 801234567
014527368 801234567
014527683 801234567
014527836 801234567
014528376 801234567
014528637 801234567
014528763 801234567
014532687 801234567
014532768 801234567
014532876 801234567
014536278 801234567
014536782 801234567
014536827 801234567
014537286 801234567
014537628 801234567
014537862 801234567
014538267 801234567
014538672 801234567
014538726 801234567
014562378 801234567
014562783 801234567
014562837 801234567
014563287 801234567
014563728 801234567
014563872 801234567
014567238 801234567
014567382 801234567
014567823 801234567
014568273 801234567
014568327 801234567
014568732 801234567
014572386 801234567
014572638 801234567
014572863 801234567
014573268 801234567
014573682 801234567
014573826 801234567
014576283 801234567
014576328 801234567
014576832 801234567
014578236 801234567
014578362 801234567
014578623 801234567
014582367 801234567
014582673 801234567
014582736 801234567
014583276 801234567
014583627 801234567
014583762 801234567
014586237 801234567
014586372 801234567
014586723 801234567
014587263 801234567
014587326 801234567
014587632 801234567
014623587 801234567
014623758 801234567
014623875 801234567
014625378 801234567
014625783 801234567
014625837 801234567
014627385 801234567
014627538 801234567
014627853 801234567
014628357 801234567
014628573 801234567
014628735 801234567
014632578 801234567
014632785 801234567
014632857 801234567
014635287 801234567
014635728 801234567
014635872 801234567
014637258 801234567
014637582 801234567
014637825 801234567
014638275 801234567
014638527 801234567
014638752 801234567
014652387 801234567
014652738 801234567
014652873 801234567
014653278 801234567
014653782 801234567
014653827 801234567
014657283 801234567
014657328 801234567
014657832 801234567
014658237 801234567
014658372 801234567
014658723 801234567
014672358 801234567
014672583 801234567
014672835 801234567
014673285 801234567
014673528 801234567
014673852 801234567
014675238 801234567
014675382 801234567
014675823 801234567
014678253 801234567
014678325 801234567
014678532 801234567
014682375 801234567
014682537 801234567
014682753 801234567
014683257 801234567
014683572 801234567
014683725 801234567
014685273 801234567
014685327 801234567
014685732 801234567
014687235 801234567
014687352 801234567
014687523 801234567
014723568 801234567
014723685 801234567
014723856 801234567
014725386 801234567
014725638 801234567
014725863 801234567
014726358 801234567
014726583 801234567
014726835 801234567
014728365 801234567
014728536 801234567
014728653 801234567
014732586 801234567
014732658 801234567
014732865 801234567
014735268 801234567
014735682 801234567
014735826 801234567
014736285 801234567
014736528 801234567
014736852 801234567
014738256 801234567
014738562 801234567
014738625 801234567
014752368 801234567
014752683 801234567
014752836 801234567
014753286 801234567
014753628 801234567
014753862 801234567
014756238 801234567
014756382 801234567
014756823 801234567
014758263 801234567
014758326 801234567
014758632 801234567
014762385 801234567
014762538 801234567
