052174386 801234567
052174638 801234567
052174863 801234567
052176348 801234567
052176483 801234567
052176834 801234567
052178364 801234567
052178436 801234567
052178643 801234567
052183476 801234567
052183647 801234567
052183764 801234567
052184367 801234567
052184673 801234567
052184736 801234567
052186374 801234567
052186437 801234567
052186743 801234567
052187346 801234567
052187463 801234567
052187634 801234567
052314678 801234567
052314786 801234567
052314867 801234567
052316487 801234567
052316748 801234567
052316874 801234567
052317468 801234567
052317684 801234567
052317846 801234567
052318476 801234567
052318647 801234567
052318764 801234567
052341687 801234567
052341768 801234567
052341876 801234567
052346178 801234567
052346781 801234567
052346817 801234567
052347186 801234567
052347618 801234567
052347861 801234567
052348167 801234567
052348671 801234567
052348716 801234567
052361478 801234567
052361784 801234567
052361847 801234567
052364187 801234567
052364718 801234567
052364871 801234567
052367148 801234567
052367481 801234567
052367814 801234567
052368174 801234567
052368417 801234567
052368741 801234567
052371486 801234567
052371648 801234567
052371864 801234567
052374168 801234567
052374681 801234567
052374816 801234567
052376184 801234567
052376418 801234567
052376841 801234567
052378146 801234567
052378461 801234567
052378614 801234567
052381467 801234567
052381674 801234567
052381746 801234567
052384176 801234567
052384617 801234567
052384761 801234567
052386147 801234567
052386471 801234567
052386714 801234567
052387164 801234567
052387416 801234567
052387641 801234567
052413687 801234567
052413768 801234567
052413876 801234567
052416378 801234567
052416783 801234567
052416837 801234567
052417386 801234567
052417638 801234567
052417863 801234567
052418367 801234567
052418673 801234567
052418736 801234567
052431678 801234567
052431786 801234567
052431867 801234567
052436187 801234567
052436718 801234567
052436871 801234567
052437168 801234567
052437681 801234567
052437816 801234567
052438176 801234567
052438617 801234567
052438761 801234567
052461387 801234567
052461738 801234567
052461873 801234567
052463178 801234567
052463781 801234567
052463817 801234567
052467183 801234567
052467318 801234567
052467831 801234567
052468137 801234567
052468371 801234567
052468713 801234567
052471368 801234567
052471683 801234567
052471836 801234567
052473186 801234567
052473618 801234567
052473861 801234567
052476138 801234567
052476381 801234567
052476813 801234567
052478163 801234567
052478316 801234567
052478631 801234567
052481376 801234567
052481637 801234567
052481763 801234567
052483167 801234567
052483671 801234567
052483716 801234567
052486173 801234567
052486317 801234567
052486731 801234567
052487136 801234567
052487361 801234567
052487613 801234567
052613478 801234567
052613784 801234567
052613847 801234567
052614387 801234567
052614738 801234567
052614873 801234567
052617348 801234567
052617483 801234567
052617834 801234567
052618374 801234567
052618437 801234567
052618743 801234567
052631487 801234567
052631748 801234567
052631874 801234567
052634178 801234567
052634781 801234567
052634817 801234567
052637184 801234567
052637418 801234567
052637841 801234567
052638147 801234567
052638471 801234567
052638714 801234567
052641378 801234567
052641783 801234567
052641837 801234567
052643187 801234567
052643718 801234567
052643871 801234567
052647138 801234567
052647381 801234567
052647813 801234567
052648173 801234567
052648317 801234567
052648731 801234567
052671384 801234567
052671438 801234567
052671843 801234567
052673148 801234567
052673481 801234567
052673814 801234567
052674183 801234567
052674318 801234567
052674831 801234567
052678134 801234567
052678341 801234567
052678413 801234567
052681347 801234567
052681473 801234567
052681734 801234567
052683174 801234567
052683417 801234567
052683741 801234567
052684137 801234567
052684371 801234567
052684713 801234567
052687143 801234567
052687314 801234567
052687431 801234567
052713486 801234567
052713648 801234567
052713864 801234567
052714368 801234567
052714683 801234567
052714836 801234567
052716384 801234567
052716438 801234567
052716843 801234567
052718346 801234567
052718463 801234567
052718634 801234567
052731468 801234567
052731684 801234567
052731846 801234567
052734186 801234567
052734618 801234567
052734861 801234567
052736148 801234567
052736481 801234567
052736814 801234567
052738164 801234567
052738416 801234567
052738641 801234567
052741386 801234567
052741638 801234567
052741863 801234567
052743168 801234567
052743681 801234567
052743816 801234567
052746183 801234567
052746318 801234567
052746831 801234567
052748136 801234567
052748361 801234567
052748613 801234567
052761348 801234567
052761483 801234567
052761834 801234567
052763184 801234567
052763418 801234567
052763841 801234567
052764138 801234567
052764381 801234567
052764813 801234567
052768143 801234567
052768314 801234567
052768431 801234567
052781364 801234567
052781436 801234567
052781643 801234567
052783146 801234567
052783461 801234567
052783614 801234567
052784163 801234567
052784316 801234567
052784631 801234567
052786134 801234567
052786341 801234567
052786413 801234567
052813467 801234567
052813674 801234567
052813746 801234567
052814376 801234567
052814637 801234567
052814763 801234567
052816347 801234567
052816473 801234567
052816734 801234567
052817364 801234567
052817436 801234567
052817643 801234567
052831476 801234567
052831647 801234567
052831764 801234567
052834167 801234567
052834671 801234567
052834716 801234567
052836174 801234567
052836417 801234567
052836741 801234567
052837146 801234567
052837461 801234567
052837614 801234567
052841367 801234567
052841673 801234567
052841736 801234567
052843176 801234567
052843617 801234567
052843761 801234567
052846137 801234567
052846371 801234567
052846713 801234567
052847163 801234567
052847316 801234567
052847631 801234567
052861374 801234567
052861437 801234567
052861743 801234567
052863147 801234567
052863471 801234567
052863714 801234567
052864173 801234567
052864317 801234567
052864731 801234567
052867134 801234567
052867341 801234567
052867413 801234567
052871346 801234567
052871463 801234567
052871634 801234567
052873164 801234567
052873416 801234567
052873641 801234567
052874136 801234567
052874361 801234567
052874613 801234567
052876143 801234567
052876314 801234567
052876431 801234567
053124678 801234567
053124786 801234567
053124867 801234567
053126487 801234567
053126748 801234567
053126874 801234567
053127468 801234567
053127684 801234567
053127846 801234567
053128476 801234567
053128647 801234567
053128764 801234567
053142687 801234567
053142768 801234567
053142876 801234567
053146278 801234567
053146782 801234567
053146827 801234567
053147286 801234567
053147628 801234567
053147862 801234567
053148267 801234567
053148672 801234567
053148726 801234567
053162478 801234567
053162784 801234567
053162847 801234567
053164287 801234567
053164728 801234567
053164872 801234567
053167248 801234567
053167482 801234567
053167824 801234567
053168274 801234567
053168427 801234567
053168742 801234567
053172486 801234567
053172648 801234567
053172864 801234567
053174268 801234567
053174682 801234567
053174826 801234567
053176284 801234567
053176428 801234567
053176842 801234567
053178246 801234567
053178462 801234567
053178624 801234567
053182467 801234567
053182674 801234567
053182746 801234567
053184276 801234567
053184627 801234567
053184762 801234567
053186247 801234567
053186472 801234567
053186724 801234567
053187264 801234567
053187426 801234567
053187642 801234567
053214687 801234567
053214768 801234567
053214876 801234567
053216478 801234567
053216784 801234567
053216847 801234567
053217486 801234567
053217648 801234567
053217864 801234567
053218467 801234567
053218674 801234567
053218746 801234567
053241678 801234567
053241786 801234567
053241867 801234567
053246187 801234567
053246718 801234567
053246871 801234567
053247168 801234567
053247681 801234567
053247816 801234567
053248176 801234567
053248617 801234567
053248761 801234567
053261487 801234567
053261748 801234567
053261874 801234567
053264178 801234567
053264781 801234567
053264817 801234567
053267184 801234567
053267418 801234567
053267841 801234567
053268147 801234567
053268471 801234567
053268714 801234567
053271468 801234567
053271684 801234567
053271846 801234567
053274186 801234567
053274618 801234567
053274861 801234567
053276148 801234567
053276481 801234567
053276814 801234567
053278164 801234567
053278416 801234567
053278641 801234567
053281476 801234567
053281647 801234567
053281764 801234567
053284167 801234567
053284671 801234567
053284716 801234567
053286174 801234567
053286417 801234567
053286741 801234567
053287146 801234567
053287461 801234567
053287614 801234567
053412678 801234567
053412786 801234567
053412867 801234567
053416287 801234567
053416728 801234567
053416872 801234567
053417268 801234567
053417682 801234567
053417826 801234567
053418276 801234567
053418627 801234567
053418762 801234567
053421687 801234567
053421768 801234567
053421876 801234567
053426178 801234567
053426781 801234567
053426817 801234567
053427186 801234567
053427618 801234567
053427861 801234567
053428167 801234567
053428671 801234567
053428716 801234567
053461278 801234567
053461782 801234567
053461827 801234567
053462187 801234567
053462718 801234567
053462871 801234567
053467128 801234567
053467281 801234567
053467812 801234567
053468172 801234567
053468217 801234567
053468721 801234567
053471286 801234567
053471628 801234567
053471862 801234567
053472168 801234567
053472681 801234567
053472816 801234567
053476182 801234567
053476218 801234567
053476821 801234567
053478126 801234567
053478261 801234567
053478612 801234567
053481267 801234567
053481672 801234567
053481726 801234567
053482176 801234567
053482617 801234567
053482761 801234567
053486127 801234567
053486271 801234567
053486712 801234567
053487162 801234567
