420563718 801234567
420563871 801234567
420567138 801234567
420567381 801234567
420567813 801234567
420568173 801234567
420568317 801234567
420568731 801234567
420571386 801234567
420571638 801234567
420571863 801234567
420573168 801234567
420573681 801234567
420573816 801234567
420576183 801234567
420576318 801234567
420576831 801234567
420578136 801234567
420578361 801234567
420578613 801234567
420581367 801234567
420581673 801234567
420581736 801234567
420583176 801234567
420583617 801234567
420583761 801234567
420586137 801234567
420586371 801234567
420586713 801234567
420587163 801234567
420587316 801234567
420587631 801234567
420613587 801234567
420613758 801234567
420613875 801234567
420615378 801234567
420615783 801234567
420615837 801234567
420617385 801234567
420617538 801234567
420617853 801234567
420618357 801234567
420618573 801234567
420618735 801234567
420631578 801234567
420631785 801234567
420631857 801234567
420635187 801234567
420635718 801234567
420635871 801234567
420637158 801234567
420637581 801234567
420637815 801234567
420638175 801234567
420638517 801234567
420638751 801234567
420651387 801234567
420651738 801234567
420651873 801234567
420653178 801234567
420653781 801234567
420653817 801234567
420657183 801234567
420657318 801234567
420657831 801234567
420658137 801234567
420658371 801234567
420658713 801234567
420671358 801234567
420671583 801234567
420671835 801234567
420673185 801234567
420673518 801234567
420673851 801234567
420675138 801234567
420675381 801234567
420675813 801234567
420678153 801234567
420678315 801234567
420678531 801234567
420681375 801234567
420681537 801234567
420681753 801234567
420683157 801234567
420683571 801234567
420683715 801234567
420685173 801234567
420685317 801234567
420685731 801234567
420687135 801234567
420687351 801234567
420687513 801234567
420713568 801234567
420713685 801234567
420713856 801234567
420715386 801234567
420715638 801234567
420715863 801234567
420716358 801234567
420716583 801234567
420716835 801234567
420718365 801234567
420718536 801234567
420718653 801234567
420731586 801234567
420731658 801234567
420731865 801234567
420735168 801234567
420735681 801234567
420735816 801234567
420736185 801234567
420736518 801234567
420736851 801234567
420738156 801234567
420738561 801234567
420738615 801234567
420751368 801234567
420751683 801234567
420751836 801234567
420753186 801234567
420753618 801234567
420753861 801234567
420756138 801234567
420756381 801234567
420756813 801234567
420758163 801234567
420758316 801234567
420758631 801234567
420761385 801234567
420761538 801234567
420761853 801234567
420763158 801234567
420763581 801234567
420763815 801234567
420765183 801234567
420765318 801234567
420765831 801234567
420768135 801234567
420768351 801234567
420768513 801234567
420781356 801234567
420781563 801234567
420781635 801234567
420783165 801234567
420783516 801234567
420783651 801234567
420785136 801234567
420785361 801234567
420785613 801234567
420786153 801234567
420786315 801234567
420786531 801234567
420813576 801234567
420813657 801234567
420813765 801234567
420815367 801234567
420815673 801234567
420815736 801234567
420816375 801234567
420816537 801234567
420816753 801234567
420817356 801234567
420817563 801234567
420817635 801234567
420831567 801234567
420831675 801234567
420831756 801234567
420835176 801234567
420835617 801234567
420835761 801234567
420836157 801234567
420836571 801234567
420836715 801234567
420837165 801234567
420837516 801234567
420837651 801234567
420851376 801234567
420851637 801234567
420851763 801234567
420853167 801234567
420853671 801234567
420853716 801234567
420856173 801234567
420856317 801234567
420856731 801234567
420857136 801234567
420857361 801234567
420857613 801234567
420861357 801234567
420861573 801234567
420861735 801234567
420863175 801234567
420863517 801234567
420863751 801234567
420865137 801234567
420865371 801234567
420865713 801234567
420867153 801234567
420867315 801234567
420867531 801234567
420871365 801234567
420871536 801234567
420871653 801234567
420873156 801234567
420873561 801234567
420873615 801234567
420875163 801234567
420875316 801234567
420875631 801234567
420876135 801234567
420876351 801234567
420876513 801234567
421035687 801234567
421035768 801234567
421035876 801234567
421036578 801234567
421036785 801234567
421036857 801234567
421037586 801234567
421037658 801234567
421037865 801234567
421038567 801234567
421038675 801234567
421038756 801234567
421053678 801234567
421053786 801234567
421053867 801234567
421056387 801234567
421056738 801234567
421056873 801234567
421057368 801234567
421057683 801234567
421057836 801234567
421058376 801234567
421058637 801234567
421058763 801234567
421063587 801234567
421063758 801234567
421063875 801234567
421065378 801234567
421065783 801234567
421065837 801234567
421067385 801234567
421067538 801234567
421067853 801234567
421068357 801234567
421068573 801234567
421068735 801234567
421073568 801234567
421073685 801234567
421073856 801234567
421075386 801234567
421075638 801234567
421075863 801234567
421076358 801234567
421076583 801234567
421076835 801234567
421078365 801234567
421078536 801234567
421078653 801234567
421083576 801234567
421083657 801234567
421083765 801234567
421085367 801234567
421085673 801234567
421085736 801234567
421086375 801234567
421086537 801234567
421086753 801234567
421087356 801234567
421087563 801234567
421087635 801234567
421305678 801234567
421305786 801234567
421305867 801234567
421306587 801234567
421306758 801234567
421306875 801234567
421307568 801234567
421307685 801234567
421307856 801234567
421308576 801234567
421308657 801234567
421308765 801234567
421350687 801234567
421350768 801234567
421350876 801234567
421356078 801234567
421356780 801234567
421356807 801234567
421357086 801234567
421357608 801234567
421357860 801234567
421358067 801234567
421358670 801234567
421358706 801234567
421360578 801234567
421360785 801234567
421360857 801234567
421365087 801234567
421365708 801234567
421365870 801234567
421367058 801234567
421367580 801234567
421367805 801234567
421368075 801234567
421368507 801234567
421368750 801234567
421370586 801234567
421370658 801234567
421370865 801234567
421375068 801234567
421375680 801234567
421375806 801234567
421376085 801234567
421376508 801234567
421376850 801234567
421378056 801234567
421378560 801234567
421378605 801234567
421380567 801234567
421380675 801234567
421380756 801234567
421385076 801234567
421385607 801234567
421385760 801234567
421386057 801234567
421386570 801234567
421386705 801234567
421387065 801234567
421387506 801234567
421387650 801234567
421503687 801234567
421503768 801234567
421503876 801234567
421506378 801234567
421506783 801234567
421506837 801234567
421507386 801234567
421507638 801234567
421507863 801234567
421508367 801234567
421508673 801234567
421508736 801234567
421530678 801234567
421530786 801234567
421530867 801234567
421536087 801234567
421536708 801234567
421536870 801234567
421537068 801234567
421537680 801234567
421537806 801234567
421538076 801234567
421538607 801234567
421538760 801234567
421560387 801234567
421560738 801234567
421560873 801234567
421563078 801234567
421563780 801234567
421563807 801234567
421567083 801234567
421567308 801234567
421567830 801234567
421568037 801234567
421568370 801234567
421568703 801234567
421570368 801234567
421570683 801234567
421570836 801234567
421573086 801234567
421573608 801234567
421573860 801234567
421576038 801234567
421576380 801234567
421576803 801234567
421578063 801234567
421578306 801234567
421578630 801234567
421580376 801234567
421580637 801234567
421580763 801234567
421583067 801234567
421583670 801234567
421583706 801234567
421586073 801234567
421586307 801234567
421586730 801234567
421587036 801234567
421587360 801234567
421587603 801234567
421603578 801234567
421603785 801234567
421603857 801234567
421605387 801234567
421605738 801234567
421605873 801234567
421607358 801234567
421607583 801234567
421607835 801234567
421608375 801234567
421608537 801234567
421608753 801234567
421630587 801234567
421630758 801234567
421630875 801234567
421635078 801234567
421635780 801234567
421635807 801234567
421637085 801234567
421637508 801234567
421637850 801234567
421638057 801234567
421638570 801234567
421638705 801234567
421650378 801234567
421650783 801234567
421650837 801234567
421653087 801234567
421653708 801234567
421653870 801234567
421657038 801234567
421657380 801234567
421657803 801234567
421658073 801234567
421658307 801234567
421658730 801234567
421670385 801234567
421670538 801234567
421670853 801234567
421673058 801234567
421673580 801234567
421673805 801234567
421675083 801234567
421675308 801234567
421675830 801234567
421678035 801234567
421678350 801234567
421678503 801234567
421680357 801234567
421680573 801234567
421680735 801234567
421683075 801234567
421683507 801234567
421683750 801234567
421685037 801234567
421685370 801234567
421685703 801234567
421687053 801234567
421687305 801234567
421687530 801234567
421703586 801234567
421703658 801234567
421703865 801234567
421705368 801234567
421705683 801234567
421705836 801234567
421706385 801234567
421706538 801234567
421706853 801234567
421708356 801234567
421708563 801234567
421708635 801234567
421730568 801234567
421730685 801234567
421730856 801234567
421735086 801234567
421735608 801234567
421735860 801234567
421736058 801234567
421736580 801234567
421736805 801234567
421738065 801234567
421738506 801234567
421738650 801234567
421750386 801234567
421750638 801234567
421750863 801234567
421753068 801234567
421753680 801234567
421753806 801234567
421756083 801234567
421756308 801234567
421756830 801234567
421758036 801234567
421758360 801234567
421758603 801234567
421760358 801234567
421760583 801234567
421760835 801234567
421763085 801234567
421763508 801234567
421763850 801234567
421765038 801234567
421765380 801234567
421765803 801234567
421768053 801234567
421768305 801234567
