615832740 801234567
615834027 801234567
615834270 801234567
615834702 801234567
615837042 801234567
615837204 801234567
615837420 801234567
615840273 801234567
615840327 801234567
615840732 801234567
615842037 801234567
615842370 801234567
615842703 801234567
615843072 801234567
615843207 801234567
615843720 801234567
615847023 801234567
615847230 801234567
615847302 801234567
615870234 801234567
615870342 801234567
615870423 801234567
615872043 801234567
615872304 801234567
615872430 801234567
615873024 801234567
615873240 801234567
615873402 801234567
615874032 801234567
615874203 801234567
615874320 801234567
617023458 801234567
617023584 801234567
617023845 801234567
617024385 801234567
617024538 801234567
617024853 801234567
617025348 801234567
617025483 801234567
617025834 801234567
617028354 801234567
617028435 801234567
617028543 801234567
617032485 801234567
617032548 801234567
617032854 801234567
617034258 801234567
617034582 801234567
617034825 801234567
617035284 801234567
617035428 801234567
617035842 801234567
617038245 801234567
617038452 801234567
617038524 801234567
617042358 801234567
617042583 801234567
617042835 801234567
617043285 801234567
617043528 801234567
617043852 801234567
617045238 801234567
617045382 801234567
617045823 801234567
617048253 801234567
617048325 801234567
617048532 801234567
617052384 801234567
617052438 801234567
617052843 801234567
617053248 801234567
617053482 801234567
617053824 801234567
617054283 801234567
617054328 801234567
617054832 801234567
617058234 801234567
617058342 801234567
617058423 801234567
617082345 801234567
617082453 801234567
617082534 801234567
617083254 801234567
617083425 801234567
617083542 801234567
617084235 801234567
617084352 801234567
617084523 801234567
617085243 801234567
617085324 801234567
617085432 801234567
617203485 801234567
617203548 801234567
617203854 801234567
617204358 801234567
617204583 801234567
617204835 801234567
617205384 801234567
617205438 801234567
617205843 801234567
617208345 801234567
617208453 801234567
617208534 801234567
617230458 801234567
617230584 801234567
617230845 801234567
617234085 801234567
617234508 801234567
617234850 801234567
617235048 801234567
617235480 801234567
617235804 801234567
617238054 801234567
617238405 801234567
617238540 801234567
617240385 801234567
617240538 801234567
617240853 801234567
617243058 801234567
617243580 801234567
617243805 801234567
617245083 801234567
617245308 801234567
617245830 801234567
617248035 801234567
617248350 801234567
617248503 801234567
617250348 801234567
617250483 801234567
617250834 801234567
617253084 801234567
617253408 801234567
617253840 801234567
617254038 801234567
617254380 801234567
617254803 801234567
617258043 801234567
617258304 801234567
617258430 801234567
617280354 801234567
617280435 801234567
617280543 801234567
617283045 801234567
617283450 801234567
617283504 801234567
617284053 801234567
617284305 801234567
617284530 801234567
617285034 801234567
617285340 801234567
617285403 801234567
617302458 801234567
617302584 801234567
617302845 801234567
617304285 801234567
617304528 801234567
617304852 801234567
617305248 801234567
617305482 801234567
617305824 801234567
617308254 801234567
617308425 801234567
617308542 801234567
617320485 801234567
617320548 801234567
617320854 801234567
617324058 801234567
617324580 801234567
617324805 801234567
617325084 801234567
617325408 801234567
617325840 801234567
617328045 801234567
617328450 801234567
617328504 801234567
617340258 801234567
617340582 801234567
617340825 801234567
617342085 801234567
617342508 801234567
617342850 801234567
617345028 801234567
617345280 801234567
617345802 801234567
617348052 801234567
617348205 801234567
617348520 801234567
617350284 801234567
617350428 801234567
617350842 801234567
617352048 801234567
617352480 801234567
617352804 801234567
617354082 801234567
617354208 801234567
617354820 801234567
617358024 801234567
617358240 801234567
617358402 801234567
617380245 801234567
617380452 801234567
617380524 801234567
617382054 801234567
617382405 801234567
617382540 801234567
617384025 801234567
617384250 801234567
617384502 801234567
617385042 801234567
617385204 801234567
617385420 801234567
617402385 801234567
617402538 801234567
617402853 801234567
617403258 801234567
617403582 801234567
617403825 801234567
617405283 801234567
617405328 801234567
617405832 801234567
617408235 801234567
617408352 801234567
617408523 801234567
617420358 801234567
617420583 801234567
617420835 801234567
617423085 801234567
617423508 801234567
617423850 801234567
617425038 801234567
617425380 801234567
617425803 801234567
617428053 801234567
617428305 801234567
617428530 801234567
617430285 801234567
617430528 801234567
617430852 801234567
617432058 801234567
617432580 801234567
617432805 801234567
617435082 801234567
617435208 801234567
617435820 801234567
617438025 801234567
617438250 801234567
617438502 801234567
617450238 801234567
617450382 801234567
617450823 801234567
617452083 801234567
617452308 801234567
617452830 801234567
617453028 801234567
617453280 801234567
617453802 801234567
617458032 801234567
617458203 801234567
617458320 801234567
617480253 801234567
617480325 801234567
617480532 801234567
617482035 801234567
617482350 801234567
617482503 801234567
617483052 801234567
617483205 801234567
617483520 801234567
617485023 801234567
617485230 801234567
617485302 801234567
617502348 801234567
617502483 801234567
617502834 801234567
617503284 801234567
617503428 801234567
617503842 801234567
617504238 801234567
617504382 801234567
617504823 801234567
617508243 801234567
617508324 801234567
617508432 801234567
617520384 801234567
617520438 801234567
617520843 801234567
617523048 801234567
617523480 801234567
617523804 801234567
617524083 801234567
617524308 801234567
617524830 801234567
617528034 801234567
617528340 801234567
617528403 801234567
617530248 801234567
617530482 801234567
617530824 801234567
617532084 801234567
617532408 801234567
617532840 801234567
617534028 801234567
617534280 801234567
617534802 801234567
617538042 801234567
617538204 801234567
617538420 801234567
617540283 801234567
617540328 801234567
617540832 801234567
617542038 801234567
617542380 801234567
617542803 801234567
617543082 801234567
617543208 801234567
617543820 801234567
617548023 801234567
617548230 801234567
617548302 801234567
617580234 801234567
617580342 801234567
617580423 801234567
617582043 801234567
617582304 801234567
617582430 801234567
617583024 801234567
617583240 801234567
617583402 801234567
617584032 801234567
617584203 801234567
617584320 801234567
617802354 801234567
617802435 801234567
617802543 801234567
617803245 801234567
617803452 801234567
617803524 801234567
617804253 801234567
617804325 801234567
617804532 801234567
617805234 801234567
617805342 801234567
617805423 801234567
617820345 801234567
617820453 801234567
617820534 801234567
617823054 801234567
617823405 801234567
617823540 801234567
617824035 801234567
617824350 801234567
617824503 801234567
617825043 801234567
617825304 801234567
617825430 801234567
617830254 801234567
617830425 801234567
617830542 801234567
617832045 801234567
617832450 801234567
617832504 801234567
617834052 801234567
617834205 801234567
617834520 801234567
617835024 801234567
617835240 801234567
617835402 801234567
617840235 801234567
617840352 801234567
617840523 801234567
617842053 801234567
617842305 801234567
617842530 801234567
617843025 801234567
617843250 801234567
617843502 801234567
617845032 801234567
617845203 801234567
617845320 801234567
617850243 801234567
617850324 801234567
617850432 801234567
617852034 801234567
617852340 801234567
617852403 801234567
617853042 801234567
617853204 801234567
617853420 801234567
617854023 801234567
617854230 801234567
617854302 801234567
618023475 801234567
618023547 801234567
618023754 801234567
618024357 801234567
618024573 801234567
618024735 801234567
618025374 801234567
618025437 801234567
618025743 801234567
618027345 801234567
618027453 801234567
618027534 801234567
618032457 801234567
618032574 801234567
618032745 801234567
618034275 801234567
618034527 801234567
618034752 801234567
618035247 801234567
618035472 801234567
618035724 801234567
618037254 801234567
618037425 801234567
618037542 801234567
618042375 801234567
618042537 801234567
618042753 801234567
618043257 801234567
618043572 801234567
618043725 801234567
618045273 801234567
618045327 801234567
618045732 801234567
618047235 801234567
618047352 801234567
618047523 801234567
618052347 801234567
618052473 801234567
618052734 801234567
618053274 801234567
618053427 801234567
618053742 801234567
618054237 801234567
618054372 801234567
618054723 801234567
618057243 801234567
618057324 801234567
618057432 801234567
618072354 801234567
618072435 801234567
618072543 801234567
618073245 801234567
618073452 801234567
618073524 801234567
618074253 801234567
618074325 801234567
618074532 801234567
618075234 801234567
618075342 801234567
618075423 801234567
618203457 801234567
618203574 801234567
618203745 801234567
618204375 801234567
618204537 801234567
618204753 801234567
618205347 801234567
618205473 801234567
618205734 801234567
618207354 801234567
618207435 801234567
618207543 801234567
618230475 801234567
618230547 801234567
618230754 801234567
618234057 801234567
618234570 801234567
618234705 801234567
618235074 801234567
618235407 801234567
618235740 801234567
618237045 801234567
618237450 801234567
618237504 801234567
618240357 801234567
618240573 801234567
618240735 801234567
618243075 801234567
618243507 801234567
618243750 801234567
618245037 801234567
618245370 801234567
618245703 801234567
618247053 801234567
618247305 801234567
618247530 801234567
618250374 801234567
618250437 801234567
618250743 801234567
618253047 801234567
618253470 801234567
618253704 801234567
618254073 801234567
618254307 801234567
618254730 801234567
618257034 801234567
618257340 801234567
618257403 801234567
