047312685 801234567
047312856 801234567
047315286 801234567
047315628 801234567
047315862 801234567
047316258 801234567
047316582 801234567
047316825 801234567
047318265 801234567
047318526 801234567
047318652 801234567
047321586 801234567
047321658 801234567
047321865 801234567
047325168 801234567
047325681 801234567
047325816 801234567
047326185 801234567
047326518 801234567
047326851 801234567
047328156 801234567
047328561 801234567
047328615 801234567
047351268 801234567
047351682 801234567
047351826 801234567
047352186 801234567
047352618 801234567
047352861 801234567
047356128 801234567
047356281 801234567
047356812 801234567
047358162 801234567
047358216 801234567
047358621 801234567
047361285 801234567
047361528 801234567
047361852 801234567
047362158 801234567
047362581 801234567
047362815 801234567
047365182 801234567
047365218 801234567
047365821 801234567
047368125 801234567
047368251 801234567
047368512 801234567
047381256 801234567
047381562 801234567
047381625 801234567
047382165 801234567
047382516 801234567
047382651 801234567
047385126 801234567
047385261 801234567
047385612 801234567
047386152 801234567
047386215 801234567
047386521 801234567
047512386 801234567
047512638 801234567
047512863 801234567
047513268 801234567
047513682 801234567
047513826 801234567
047516283 801234567
047516328 801234567
047516832 801234567
047518236 801234567
047518362 801234567
047518623 801234567
047521368 801234567
047521683 801234567
047521836 801234567
047523186 801234567
047523618 801234567
047523861 801234567
047526138 801234567
047526381 801234567
047526813 801234567
047528163 801234567
047528316 801234567
047528631 801234567
047531286 801234567
047531628 801234567
047531862 801234567
047532168 801234567
047532681 801234567
047532816 801234567
047536182 801234567
047536218 801234567
047536821 801234567
047538126 801234567
047538261 801234567
047538612 801234567
047561238 801234567
047561382 801234567
047561823 801234567
047562183 801234567
047562318 801234567
047562831 801234567
047563128 801234567
047563281 801234567
047563812 801234567
047568132 801234567
047568213 801234567
047568321 801234567
047581263 801234567
047581326 801234567
047581632 801234567
047582136 801234567
047582361 801234567
047582613 801234567
047583162 801234567
047583216 801234567
047583621 801234567
047586123 801234567
047586231 801234567
047586312 801234567
047612358 801234567
047612583 801234567
047612835 801234567
047613285 801234567
047613528 801234567
047613852 801234567
047615238 801234567
047615382 801234567
047615823 801234567
047618253 801234567
047618325 801234567
047618532 801234567
047621385 801234567
047621538 801234567
047621853 801234567
047623158 801234567
047623581 801234567
047623815 801234567
047625183 801234567
047625318 801234567
047625831 801234567
047628135 801234567
047628351 801234567
047628513 801234567
047631258 801234567
047631582 801234567
047631825 801234567
047632185 801234567
047632518 801234567
047632851 801234567
047635128 801234567
047635281 801234567
047635812 801234567
047638152 801234567
047638215 801234567
047638521 801234567
047651283 801234567
047651328 801234567
047651832 801234567
047652138 801234567
047652381 801234567
047652813 801234567
047653182 801234567
047653218 801234567
047653821 801234567
047658123 801234567
047658231 801234567
047658312 801234567
047681235 801234567
047681352 801234567
047681523 801234567
047682153 801234567
047682315 801234567
047682531 801234567
047683125 801234567
047683251 801234567
047683512 801234567
047685132 801234567
047685213 801234567
047685321 801234567
047812365 801234567
047812536 801234567
047812653 801234567
047813256 801234567
047813562 801234567
047813625 801234567
047815263 801234567
047815326 801234567
047815632 801234567
047816235 801234567
047816352 801234567
047816523 801234567
047821356 801234567
047821563 801234567
047821635 801234567
047823165 801234567
047823516 801234567
047823651 801234567
047825136 801234567
047825361 801234567
047825613 801234567
047826153 801234567
047826315 801234567
047826531 801234567
047831265 801234567
047831526 801234567
047831652 801234567
047832156 801234567
047832561 801234567
047832615 801234567
047835162 801234567
047835216 801234567
047835621 801234567
047836125 801234567
047836251 801234567
047836512 801234567
047851236 801234567
047851362 801234567
047851623 801234567
047852163 801234567
047852316 801234567
047852631 801234567
047853126 801234567
047853261 801234567
047853612 801234567
047856132 801234567
047856213 801234567
047856321 801234567
047861253 801234567
047861325 801234567
047861532 801234567
047862135 801234567
047862351 801234567
047862513 801234567
047863152 801234567
047863215 801234567
047863521 801234567
047865123 801234567
047865231 801234567
047865312 801234567
048123576 801234567
048123657 801234567
048123765 801234567
048125367 801234567
048125673 801234567
048125736 801234567
048126375 801234567
048126537 801234567
048126753 801234567
048127356 801234567
048127563 801234567
048127635 801234567
048132567 801234567
048132675 801234567
048132756 801234567
048135276 801234567
048135627 801234567
048135762 801234567
048136257 801234567
048136572 801234567
048136725 801234567
048137265 801234567
048137526 801234567
048137652 801234567
048152376 801234567
048152637 801234567
048152763 801234567
048153267 801234567
048153672 801234567
048153726 801234567
048156273 801234567
048156327 801234567
048156732 801234567
048157236 801234567
048157362 801234567
048157623 801234567
048162357 801234567
048162573 801234567
048162735 801234567
048163275 801234567
048163527 801234567
048163752 801234567
048165237 801234567
048165372 801234567
048165723 801234567
048167253 801234567
048167325 801234567
048167532 801234567
048172365 801234567
048172536 801234567
048172653 801234567
048173256 801234567
048173562 801234567
048173625 801234567
048175263 801234567
048175326 801234567
048175632 801234567
048176235 801234567
048176352 801234567
048176523 801234567
048213567 801234567
048213675 801234567
048213756 801234567
048215376 801234567
048215637 801234567
048215763 801234567
048216357 801234567
048216573 801234567
048216735 801234567
048217365 801234567
048217536 801234567
048217653 801234567
048231576 801234567
048231657 801234567
048231765 801234567
048235167 801234567
048235671 801234567
048235716 801234567
048236175 801234567
048236517 801234567
048236751 801234567
048237156 801234567
048237561 801234567
048237615 801234567
048251367 801234567
048251673 801234567
048251736 801234567
048253176 801234567
048253617 801234567
048253761 801234567
048256137 801234567
048256371 801234567
048256713 801234567
048257163 801234567
048257316 801234567
048257631 801234567
048261375 801234567
048261537 801234567
048261753 801234567
048263157 801234567
048263571 801234567
048263715 801234567
048265173 801234567
048265317 801234567
048265731 801234567
048267135 801234567
048267351 801234567
048267513 801234567
048271356 801234567
048271563 801234567
048271635 801234567
048273165 801234567
048273516 801234567
048273651 801234567
048275136 801234567
048275361 801234567
048275613 801234567
048276153 801234567
048276315 801234567
048276531 801234567
048312576 801234567
048312657 801234567
048312765 801234567
048315267 801234567
048315672 801234567
048315726 801234567
048316275 801234567
048316527 801234567
048316752 801234567
048317256 801234567
048317562 801234567
048317625 801234567
048321567 801234567
048321675 801234567
048321756 801234567
048325176 801234567
048325617 801234567
048325761 801234567
048326157 801234567
048326571 801234567
048326715 801234567
048327165 801234567
048327516 801234567
048327651 801234567
048351276 801234567
048351627 801234567
048351762 801234567
048352167 801234567
048352671 801234567
048352716 801234567
048356172 801234567
048356217 801234567
048356721 801234567
048357126 801234567
048357261 801234567
048357612 801234567
048361257 801234567
048361572 801234567
048361725 801234567
048362175 801234567
048362517 801234567
048362751 801234567
048365127 801234567
048365271 801234567
048365712 801234567
048367152 801234567
048367215 801234567
048367521 801234567
048371265 801234567
048371526 801234567
048371652 801234567
048372156 801234567
048372561 801234567
048372615 801234567
048375162 801234567
048375216 801234567
048375621 801234567
048376125 801234567
048376251 801234567
048376512 801234567
048512367 801234567
048512673 801234567
048512736 801234567
048513276 801234567
048513627 801234567
048513762 801234567
048516237 801234567
048516372 801234567
048516723 801234567
048517263 801234567
048517326 801234567
048517632 801234567
048521376 801234567
048521637 801234567
048521763 801234567
048523167 801234567
048523671 801234567
048523716 801234567
048526173 801234567
048526317 801234567
048526731 801234567
048527136 801234567
048527361 801234567
048527613 801234567
048531267 801234567
048531672 801234567
048531726 801234567
048532176 801234567
048532617 801234567
048532761 801234567
048536127 801234567
048536271 801234567
048536712 801234567
048537162 801234567
048537216 801234567
048537621 801234567
048561273 801234567
048561327 801234567
048561732 801234567
048562137 801234567
048562371 801234567
048562713 801234567
048563172 801234567
048563217 801234567
048563721 801234567
048567123 801234567
048567231 801234567
048567312 801234567
048571236 801234567
048571362 801234567
048571623 801234567
048572163 801234567
048572316 801234567
048572631 801234567
048573126 801234567
048573261 801234567
048573612 801234567
048576132 801234567
048576213 801234567
048576321 801234567
048612375 801234567
048612537 801234567
048612753 801234567
048613257 801234567
048613572 801234567
048613725 801234567
048615273 801234567
048615327 801234567
048615732 801234567
048617235 801234567
048617352 801234567
048617523 801234567
048621357 801234567
048621573 801234567
048621735 801234567
048623175 801234567
048623517 801234567
048623751 801234567
048625137 801234567
048625371 801234567
