786412530 801234567
786413025 801234567
786413250 801234567
786413502 801234567
786415032 801234567
786415203 801234567
786415320 801234567
786420153 801234567
786420315 801234567
786420531 801234567
786421035 801234567
786421350 801234567
786421503 801234567
786423051 801234567
786423105 801234567
786423510 801234567
786425013 801234567
786425130 801234567
786425301 801234567
786430125 801234567
786430251 801234567
786430512 801234567
786431052 801234567
786431205 801234567
786431520 801234567
786432015 801234567
786432150 801234567
786432501 801234567
786435021 801234567
786435102 801234567
786435210 801234567
786450132 801234567
786450213 801234567
786450321 801234567
786451023 801234567
786451230 801234567
786451302 801234567
786452031 801234567
786452103 801234567
786452310 801234567
786453012 801234567
786453120 801234567
786453201 801234567
786501234 801234567
786501342 801234567
786501423 801234567
786502143 801234567
786502314 801234567
786502431 801234567
786503124 801234567
786503241 801234567
786503412 801234567
786504132 801234567
786504213 801234567
786504321 801234567
786510243 801234567
786510324 801234567
786510432 801234567
786512034 801234567
786512340 801234567
786512403 801234567
786513042 801234567
786513204 801234567
786513420 801234567
786514023 801234567
786514230 801234567
786514302 801234567
786520134 801234567
786520341 801234567
786520413 801234567
786521043 801234567
786521304 801234567
786521430 801234567
786523014 801234567
786523140 801234567
786523401 801234567
786524031 801234567
786524103 801234567
786524310 801234567
786530142 801234567
786530214 801234567
786530421 801234567
786531024 801234567
786531240 801234567
786531402 801234567
786532041 801234567
786532104 801234567
786532410 801234567
786534012 801234567
786534120 801234567
786534201 801234567
786540123 801234567
786540231 801234567
786540312 801234567
786541032 801234567
786541203 801234567
786541320 801234567
786542013 801234567
786542130 801234567
786542301 801234567
786543021 801234567
786543102 801234567
786543210 801234567
801234567 801234567
801234675 801234567
801234756 801234567
801235476 801234567
801235647 801234567
801235764 801234567
801236457 801234567
801236574 801234567
801236745 801234567
801237465 801234567
801237546 801234567
801237654 801234567
801243576 801234567
801243657 801234567
801243765 801234567
801245367 801234567
801245673 801234567
801245736 801234567
801246375 801234567
801246537 801234567
801246753 801234567
801247356 801234567
801247563 801234567
801247635 801234567
801253467 801234567
801253674 801234567
801253746 801234567
801254376 801234567
801254637 801234567
801254763 801234567
801256347 801234567
801256473 801234567
801256734 801234567
801257364 801234567
801257436 801234567
801257643 801234567
801263475 801234567
801263547 801234567
801263754 801234567
801264357 801234567
801264573 801234567
801264735 801234567
801265374 801234567
801265437 801234567
801265743 801234567
801267345 801234567
801267453 801234567
801267534 801234567
801273456 801234567
801273564 801234567
801273645 801234567
801274365 801234567
801274536 801234567
801274653 801234567
801275346 801234567
801275463 801234567
801275634 801234567
801276354 801234567
801276435 801234567
801276543 801234567
801324576 801234567
801324657 801234567
801324765 801234567
801325467 801234567
801325674 801234567
801325746 801234567
801326475 801234567
801326547 801234567
801326754 801234567
801327456 801234567
801327564 801234567
801327645 801234567
801342567 801234567
801342675 801234567
801342756 801234567
801345276 801234567
801345627 801234567
801345762 801234567
801346257 801234567
801346572 801234567
801346725 801234567
801347265 801234567
801347526 801234567
801347652 801234567
801352476 801234567
801352647 801234567
801352764 801234567
801354267 801234567
801354672 801234567
801354726 801234567
801356274 801234567
801356427 801234567
801356742 801234567
801357246 801234567
801357462 801234567
801357624 801234567
801362457 801234567
801362574 801234567
801362745 801234567
801364275 801234567
801364527 801234567
801364752 801234567
801365247 801234567
801365472 801234567
801365724 801234567
801367254 801234567
801367425 801234567
801367542 801234567
801372465 801234567
801372546 801234567
801372654 801234567
801374256 801234567
801374562 801234567
801374625 801234567
801375264 801234567
801375426 801234567
801375642 801234567
801376245 801234567
801376452 801234567
801376524 801234567
801423567 801234567
801423675 801234567
801423756 801234567
801425376 801234567
801425637 801234567
801425763 801234567
801426357 801234567
801426573 801234567
801426735 801234567
801427365 801234567
801427536 801234567
801427653 801234567
801432576 801234567
801432657 801234567
801432765 801234567
801435267 801234567
801435672 801234567
801435726 801234567
801436275 801234567
801436527 801234567
801436752 801234567
801437256 801234567
801437562 801234567
801437625 801234567
801452367 801234567
801452673 801234567
801452736 801234567
801453276 801234567
801453627 801234567
801453762 801234567
801456237 801234567
801456372 801234567
801456723 801234567
801457263 801234567
801457326 801234567
801457632 801234567
801462375 801234567
801462537 801234567
801462753 801234567
801463257 801234567
801463572 801234567
801463725 801234567
801465273 801234567
801465327 801234567
801465732 801234567
801467235 801234567
801467352 801234567
801467523 801234567
801472356 801234567
801472563 801234567
801472635 801234567
801473265 801234567
801473526 801234567
801473652 801234567
801475236 801234567
801475362 801234567
801475623 801234567
801476253 801234567
801476325 801234567
801476532 801234567
801523476 801234567
801523647 801234567
801523764 801234567
801524367 801234567
801524673 801234567
801524736 801234567
801526374 801234567
801526437 801234567
801526743 801234567
801527346 801234567
801527463 801234567
801527634 801234567
801532467 801234567
801532674 801234567
801532746 801234567
801534276 801234567
801534627 801234567
801534762 801234567
801536247 801234567
801536472 801234567
801536724 801234567
801537264 801234567
801537426 801234567
801537642 801234567
801542376 801234567
801542637 801234567
801542763 801234567
801543267 801234567
801543672 801234567
801543726 801234567
801546273 801234567
801546327 801234567
801546732 801234567
801547236 801234567
801547362 801234567
801547623 801234567
801562347 801234567
801562473 801234567
801562734 801234567
801563274 801234567
801563427 801234567
801563742 801234567
801564237 801234567
801564372 801234567
801564723 801234567
801567243 801234567
801567324 801234567
801567432 801234567
801572364 801234567
801572436 801234567
801572643 801234567
801573246 801234567
801573462 801234567
801573624 801234567
801574263 801234567
801574326 801234567
801574632 801234567
801576234 801234567
801576342 801234567
801576423 801234567
801623457 801234567
801623574 801234567
801623745 801234567
801624375 801234567
801624537 801234567
801624753 801234567
801625347 801234567
801625473 801234567
801625734 801234567
801627354 801234567
801627435 801234567
801627543 801234567
801632475 801234567
801632547 801234567
801632754 801234567
801634257 801234567
801634572 801234567
801634725 801234567
801635274 801234567
801635427 801234567
801635742 801234567
801637245 801234567
801637452 801234567
801637524 801234567
801642357 801234567
801642573 801234567
801642735 801234567
801643275 801234567
801643527 801234567
801643752 801234567
801645237 801234567
801645372 801234567
801645723 801234567
801647253 801234567
801647325 801234567
801647532 801234567
801652374 801234567
801652437 801234567
801652743 801234567
801653247 801234567
801653472 801234567
801653724 801234567
801654273 801234567
801654327 801234567
801654732 801234567
801657234 801234567
801657342 801234567
801657423 801234567
801672345 801234567
801672453 801234567
801672534 801234567
801673254 801234567
801673425 801234567
801673542 801234567
801674235 801234567
801674352 801234567
801674523 801234567
801675243 801234567
801675324 801234567
801675432 801234567
801723465 801234567
801723546 801234567
801723654 801234567
801724356 801234567
801724563 801234567
801724635 801234567
801725364 801234567
801725436 801234567
801725643 801234567
801726345 801234567
801726453 801234567
801726534 801234567
801732456 801234567
801732564 801234567
801732645 801234567
801734265 801234567
801734526 801234567
801734652 801234567
801735246 801234567
801735462 801234567
801735624 801234567
801736254 801234567
801736425 801234567
801736542 801234567
801742365 801234567
801742536 801234567
801742653 801234567
801743256 801234567
801743562 801234567
801743625 801234567
801745263 801234567
801745326 801234567
801745632 801234567
801746235 801234567
801746352 801234567
801746523 801234567
801752346 801234567
801752463 801234567
801752634 801234567
801753264 801234567
801753426 801234567
801753642 801234567
801754236 801234567
801754362 801234567
801754623 801234567
801756243 801234567
801756324 801234567
801756432 801234567
801762354 801234567
801762435 801234567
801762543 801234567
801763245 801234567
801763452 801234567
801763524 801234567
801764253 801234567
801764325 801234567
801764532 801234567
801765234 801234567
801765342 801234567
801765423 801234567
802134576 801234567
802134657 801234567
802134765 801234567
802135467 801234567
802135674 801234567
802135746 801234567
802136475 801234567
802136547 801234567
802136754 801234567
802137456 801234567
802137564 801234567
802137645 801234567
802143567 801234567
802143675 801234567
802143756 801234567
802145376 801234567
802145637 801234567
802145763 801234567
802146357 801234567
802146573 801234567
802146735 801234567
802147365 801234567
802147536 801234567
802147653 801234567
802153476 801234567
802153647 801234567
802153764 801234567
802154367 801234567
802154673 801234567
802154736 801234567
802156374 801234567
802156437 801234567
802156743 801234567
802157346 801234567
802157463 801234567
802157634 801234567
