104357268 801234567
104357682 801234567
104357826 801234567
104358276 801234567
104358627 801234567
104358762 801234567
104362587 801234567
104362758 801234567
104362875 801234567
104365278 801234567
104365782 801234567
104365827 801234567
104367285 801234567
104367528 801234567
104367852 801234567
104368257 801234567
104368572 801234567
104368725 801234567
104372568 801234567
104372685 801234567
104372856 801234567
104375286 801234567
104375628 801234567
104375862 801234567
104376258 801234567
104376582 801234567
104376825 801234567
104378265 801234567
104378526 801234567
104378652 801234567
104382576 801234567
104382657 801234567
104382765 801234567
104385267 801234567
104385672 801234567
104385726 801234567
104386275 801234567
104386527 801234567
104386752 801234567
104387256 801234567
104387562 801234567
104387625 801234567
104523678 801234567
104523786 801234567
104523867 801234567
104526387 801234567
104526738 801234567
104526873 801234567
104527368 801234567
104527683 801234567
104527836 801234567
104528376 801234567
104528637 801234567
104528763 801234567
104532687 801234567
104532768 801234567
104532876 801234567
104536278 801234567
104536782 801234567
104536827 801234567
104537286 801234567
104537628 801234567
104537862 801234567
104538267 801234567
104538672 801234567
104538726 801234567
104562378 801234567
104562783 801234567
104562837 801234567
104563287 801234567
104563728 801234567
104563872 801234567
104567238 801234567
104567382 801234567
104567823 801234567
104568273 801234567
104568327 801234567
104568732 801234567
104572386 801234567
104572638 801234567
104572863 801234567
104573268 801234567
104573682 801234567
104573826 801234567
104576283 801234567
104576328 801234567
104576832 801234567
104578236 801234567
104578362 801234567
104578623 801234567
104582367 801234567
104582673 801234567
104582736 801234567
104583276 801234567
104583627 801234567
104583762 801234567
104586237 801234567
104586372 801234567
104586723 801234567
104587263 801234567
104587326 801234567
104587632 801234567
104623587 801234567
104623758 801234567
104623875 801234567
104625378 801234567
104625783 801234567
104625837 801234567
104627385 801234567
104627538 801234567
104627853 801234567
104628357 801234567
104628573 801234567
104628735 801234567
104632578 801234567
104632785 801234567
104632857 801234567
104635287 801234567
104635728 801234567
104635872 801234567
104637258 801234567
104637582 801234567
104637825 801234567
104638275 801234567
104638527 801234567
104638752 801234567
104652387 801234567
104652738 801234567
104652873 801234567
104653278 801234567
104653782 801234567
104653827 801234567
104657283 801234567
104657328 801234567
104657832 801234567
104658237 801234567
104658372 801234567
104658723 801234567
104672358 801234567
104672583 801234567
104672835 801234567
104673285 801234567
104673528 801234567
104673852 801234567
104675238 801234567
104675382 801234567
104675823 801234567
104678253 801234567
104678325 801234567
104678532 801234567
104682375 801234567
104682537 801234567
104682753 801234567
104683257 801234567
104683572 801234567
104683725 801234567
104685273 801234567
104685327 801234567
104685732 801234567
104687235 801234567
104687352 801234567
104687523 801234567
104723568 801234567
104723685 801234567
104723856 801234567
104725386 801234567
104725638 801234567
104725863 801234567
104726358 801234567
104726583 801234567
104726835 801234567
104728365 801234567
104728536 801234567
104728653 801234567
104732586 801234567
104732658 801234567
104732865 801234567
104735268 801234567
104735682 801234567
104735826 801234567
104736285 801234567
104736528 801234567
104736852 801234567
104738256 801234567
104738562 801234567
104738625 801234567
104752368 801234567
104752683 801234567
104752836 801234567
104753286 801234567
104753628 801234567
104753862 801234567
104756238 801234567
104756382 801234567
104756823 801234567
104758263 801234567
104758326 801234567
104758632 801234567
104762385 801234567
104762538 801234567
104762853 801234567
104763258 801234567
104763582 801234567
104763825 801234567
104765283 801234567
104765328 801234567
104765832 801234567
104768235 801234567
104768352 801234567
104768523 801234567
104782356 801234567
104782563 801234567
104782635 801234567
104783265 801234567
104783526 801234567
104783652 801234567
104785236 801234567
104785362 801234567
104785623 801234567
104786253 801234567
104786325 801234567
104786532 801234567
104823576 801234567
104823657 801234567
104823765 801234567
104825367 801234567
104825673 801234567
104825736 801234567
104826375 801234567
104826537 801234567
104826753 801234567
104827356 801234567
104827563 801234567
104827635 801234567
104832567 801234567
104832675 801234567
104832756 801234567
104835276 801234567
104835627 801234567
104835762 801234567
104836257 801234567
104836572 801234567
104836725 801234567
104837265 801234567
104837526 801234567
104837652 801234567
104852376 801234567
104852637 801234567
104852763 801234567
104853267 801234567
104853672 801234567
104853726 801234567
104856273 801234567
104856327 801234567
104856732 801234567
104857236 801234567
104857362 801234567
104857623 801234567
104862357 801234567
104862573 801234567
104862735 801234567
104863275 801234567
104863527 801234567
104863752 801234567
104865237 801234567
104865372 801234567
104865723 801234567
104867253 801234567
104867325 801234567
104867532 801234567
104872365 801234567
104872536 801234567
104872653 801234567
104873256 801234567
104873562 801234567
104873625 801234567
104875263 801234567
104875326 801234567
104875632 801234567
104876235 801234567
104876352 801234567
104876523 801234567
105234687 801234567
105234768 801234567
105234876 801234567
105236478 801234567
105236784 801234567
105236847 801234567
105237486 801234567
105237648 801234567
105237864 801234567
105238467 801234567
105238674 801234567
105238746 801234567
105243678 801234567
105243786 801234567
105243867 801234567
105246387 801234567
105246738 801234567
105246873 801234567
105247368 801234567
105247683 801234567
105247836 801234567
105248376 801234567
105248637 801234567
105248763 801234567
105263487 801234567
105263748 801234567
105263874 801234567
105264378 801234567
105264783 801234567
105264837 801234567
105267384 801234567
105267438 801234567
105267843 801234567
105268347 801234567
105268473 801234567
105268734 801234567
105273468 801234567
105273684 801234567
105273846 801234567
105274386 801234567
105274638 801234567
105274863 801234567
105276348 801234567
105276483 801234567
105276834 801234567
105278364 801234567
105278436 801234567
105278643 801234567
105283476 801234567
105283647 801234567
105283764 801234567
105284367 801234567
105284673 801234567
105284736 801234567
105286374 801234567
105286437 801234567
105286743 801234567
105287346 801234567
105287463 801234567
105287634 801234567
105324678 801234567
105324786 801234567
105324867 801234567
105326487 801234567
105326748 801234567
105326874 801234567
105327468 801234567
105327684 801234567
105327846 801234567
105328476 801234567
105328647 801234567
105328764 801234567
105342687 801234567
105342768 801234567
105342876 801234567
105346278 801234567
105346782 801234567
105346827 801234567
105347286 801234567
105347628 801234567
105347862 801234567
105348267 801234567
105348672 801234567
105348726 801234567
105362478 801234567
105362784 801234567
105362847 801234567
105364287 801234567
105364728 801234567
105364872 801234567
105367248 801234567
105367482 801234567
105367824 801234567
105368274 801234567
105368427 801234567
105368742 801234567
105372486 801234567
105372648 801234567
105372864 801234567
105374268 801234567
105374682 801234567
105374826 801234567
105376284 801234567
105376428 801234567
105376842 801234567
105378246 801234567
105378462 801234567
105378624 801234567
105382467 801234567
105382674 801234567
105382746 801234567
105384276 801234567
105384627 801234567
105384762 801234567
105386247 801234567
105386472 801234567
105386724 801234567
105387264 801234567
105387426 801234567
105387642 801234567
105423687 801234567
105423768 801234567
105423876 801234567
105426378 801234567
105426783 801234567
105426837 801234567
105427386 801234567
105427638 801234567
105427863 801234567
105428367 801234567
105428673 801234567
105428736 801234567
105432678 801234567
105432786 801234567
105432867 801234567
105436287 801234567
105436728 801234567
105436872 801234567
105437268 801234567
105437682 801234567
105437826 801234567
105438276 801234567
105438627 801234567
105438762 801234567
105462387 801234567
105462738 801234567
105462873 801234567
105463278 801234567
105463782 801234567
105463827 801234567
105467283 801234567
105467328 801234567
105467832 801234567
105468237 801234567
105468372 801234567
105468723 801234567
105472368 801234567
105472683 801234567
105472836 801234567
105473286 801234567
105473628 801234567
105473862 801234567
105476238 801234567
105476382 801234567
105476823 801234567
105478263 801234567
105478326 801234567
105478632 801234567
105482376 801234567
105482637 801234567
105482763 801234567
105483267 801234567
105483672 801234567
105483726 801234567
105486273 801234567
105486327 801234567
105486732 801234567
105487236 801234567
105487362 801234567
105487623 801234567
105623478 801234567
105623784 801234567
105623847 801234567
105624387 801234567
105624738 801234567
105624873 801234567
105627348 801234567
105627483 801234567
105627834 801234567
105628374 801234567
105628437 801234567
105628743 801234567
105632487 801234567
105632748 801234567
105632874 801234567
105634278 801234567
105634782 801234567
105634827 801234567
105637284 801234567
105637428 801234567
105637842 801234567
105638247 801234567
105638472 801234567
105638724 801234567
105642378 801234567
105642783 801234567
105642837 801234567
105643287 801234567
105643728 801234567
105643872 801234567
105647238 801234567
105647382 801234567
105647823 801234567
105648273 801234567
105648327 801234567
105648732 801234567
105672384 801234567
