213658047 801234567
213658470 801234567
213658704 801234567
213670458 801234567
213670584 801234567
213670845 801234567
213674085 801234567
213674508 801234567
213674850 801234567
213675048 801234567
213675480 801234567
213675804 801234567
213678054 801234567
213678405 801234567
213678540 801234567
213680475 801234567
213680547 801234567
213680754 801234567
213684057 801234567
213684570 801234567
213684705 801234567
213685074 801234567
213685407 801234567
213685740 801234567
213687045 801234567
213687450 801234567
213687504 801234567
213704568 801234567
213704685 801234567
213704856 801234567
213705486 801234567
213705648 801234567
213705864 801234567
213706458 801234567
213706584 801234567
213706845 801234567
213708465 801234567
213708546 801234567
213708654 801234567
213740586 801234567
213740658 801234567
213740865 801234567
213745068 801234567
213745680 801234567
213745806 801234567
213746085 801234567
213746508 801234567
213746850 801234567
213748056 801234567
213748560 801234567
213748605 801234567
213750468 801234567
213750684 801234567
213750846 801234567
213754086 801234567
213754608 801234567
213754860 801234567
213756048 801234567
213756480 801234567
213756804 801234567
213758064 801234567
213758406 801234567
213758640 801234567
213760485 801234567
213760548 801234567
213760854 801234567
213764058 801234567
213764580 801234567
213764805 801234567
213765084 801234567
213765408 801234567
213765840 801234567
213768045 801234567
213768450 801234567
213768504 801234567
213780456 801234567
213780564 801234567
213780645 801234567
213784065 801234567
213784506 801234567
213784650 801234567
213785046 801234567
213785460 801234567
213785604 801234567
213786054 801234567
213786405 801234567
213786540 801234567
213804576 801234567
213804657 801234567
213804765 801234567
213805467 801234567
213805674 801234567
213805746 801234567
213806475 801234567
213806547 801234567
213806754 801234567
213807456 801234567
213807564 801234567
213807645 801234567
213840567 801234567
213840675 801234567
213840756 801234567
213845076 801234567
213845607 801234567
213845760 801234567
213846057 801234567
213846570 801234567
213846705 801234567
213847065 801234567
213847506 801234567
213847650 801234567
213850476 801234567
213850647 801234567
213850764 801234567
213854067 801234567
213854670 801234567
213854706 801234567
213856074 801234567
213856407 801234567
213856740 801234567
213857046 801234567
213857460 801234567
213857604 801234567
213860457 801234567
213860574 801234567
213860745 801234567
213864075 801234567
213864507 801234567
213864750 801234567
213865047 801234567
213865470 801234567
213865704 801234567
213867054 801234567
213867405 801234567
213867540 801234567
213870465 801234567
213870546 801234567
213870654 801234567
213874056 801234567
213874560 801234567
213874605 801234567
213875064 801234567
213875406 801234567
213875640 801234567
213876045 801234567
213876450 801234567
213876504 801234567
214035687 801234567
214035768 801234567
214035876 801234567
214036578 801234567
214036785 801234567
214036857 801234567
214037586 801234567
214037658 801234567
214037865 801234567
214038567 801234567
214038675 801234567
214038756 801234567
214053678 801234567
214053786 801234567
214053867 801234567
214056387 801234567
214056738 801234567
214056873 801234567
214057368 801234567
214057683 801234567
214057836 801234567
214058376 801234567
214058637 801234567
214058763 801234567
214063587 801234567
214063758 801234567
214063875 801234567
214065378 801234567
214065783 801234567
214065837 801234567
214067385 801234567
214067538 801234567
214067853 801234567
214068357 801234567
214068573 801234567
214068735 801234567
214073568 801234567
214073685 801234567
214073856 801234567
214075386 801234567
214075638 801234567
214075863 801234567
214076358 801234567
214076583 801234567
214076835 801234567
214078365 801234567
214078536 801234567
214078653 801234567
214083576 801234567
214083657 801234567
214083765 801234567
214085367 801234567
214085673 801234567
214085736 801234567
214086375 801234567
214086537 801234567
214086753 801234567
214087356 801234567
214087563 801234567
214087635 801234567
214305678 801234567
214305786 801234567
214305867 801234567
214306587 801234567
214306758 801234567
214306875 801234567
214307568 801234567
214307685 801234567
214307856 801234567
214308576 801234567
214308657 801234567
214308765 801234567
214350687 801234567
214350768 801234567
214350876 801234567
214356078 801234567
214356780 801234567
214356807 801234567
214357086 801234567
214357608 801234567
214357860 801234567
214358067 801234567
214358670 801234567
214358706 801234567
214360578 801234567
214360785 801234567
214360857 801234567
214365087 801234567
214365708 801234567
214365870 801234567
214367058 801234567
214367580 801234567
214367805 801234567
214368075 801234567
214368507 801234567
214368750 801234567
214370586 801234567
214370658 801234567
214370865 801234567
214375068 801234567
214375680 801234567
214375806 801234567
214376085 801234567
214376508 801234567
214376850 801234567
214378056 801234567
214378560 801234567
214378605 801234567
214380567 801234567
214380675 801234567
214380756 801234567
214385076 801234567
214385607 801234567
214385760 801234567
214386057 801234567
214386570 801234567
214386705 801234567
214387065 801234567
214387506 801234567
214387650 801234567
214503687 801234567
214503768 801234567
214503876 801234567
214506378 801234567
214506783 801234567
214506837 801234567
214507386 801234567
214507638 801234567
214507863 801234567
214508367 801234567
214508673 801234567
214508736 801234567
214530678 801234567
214530786 801234567
214530867 801234567
214536087 801234567
214536708 801234567
214536870 801234567
214537068 801234567
214537680 801234567
214537806 801234567
214538076 801234567
214538607 801234567
214538760 801234567
214560387 801234567
214560738 801234567
214560873 801234567
214563078 801234567
214563780 801234567
214563807 801234567
214567083 801234567
214567308 801234567
214567830 801234567
214568037 801234567
214568370 801234567
214568703 801234567
214570368 801234567
214570683 801234567
214570836 801234567
214573086 801234567
214573608 801234567
214573860 801234567
214576038 801234567
214576380 801234567
214576803 801234567
214578063 801234567
214578306 801234567
214578630 801234567
214580376 801234567
214580637 801234567
214580763 801234567
214583067 801234567
214583670 801234567
214583706 801234567
214586073 801234567
214586307 801234567
214586730 801234567
214587036 801234567
214587360 801234567
214587603 801234567
214603578 801234567
214603785 801234567
214603857 801234567
214605387 801234567
214605738 801234567
214605873 801234567
214607358 801234567
214607583 801234567
214607835 801234567
214608375 801234567
214608537 801234567
214608753 801234567
214630587 801234567
214630758 801234567
214630875 801234567
214635078 801234567
214635780 801234567
214635807 801234567
214637085 801234567
214637508 801234567
214637850 801234567
214638057 801234567
214638570 801234567
214638705 801234567
214650378 801234567
214650783 801234567
214650837 801234567
214653087 801234567
214653708 801234567
214653870 801234567
214657038 801234567
214657380 801234567
214657803 801234567
214658073 801234567
214658307 801234567
214658730 801234567
214670385 801234567
214670538 801234567
214670853 801234567
214673058 801234567
214673580 801234567
214673805 801234567
214675083 801234567
214675308 801234567
214675830 801234567
214678035 801234567
214678350 801234567
214678503 801234567
214680357 801234567
214680573 801234567
214680735 801234567
214683075 801234567
214683507 801234567
214683750 801234567
214685037 801234567
214685370 801234567
214685703 801234567
214687053 801234567
214687305 801234567
214687530 801234567
214703586 801234567
214703658 801234567
214703865 801234567
214705368 801234567
214705683 801234567
214705836 801234567
214706385 801234567
214706538 801234567
214706853 801234567
214708356 801234567
214708563 801234567
214708635 801234567
214730568 801234567
214730685 801234567
214730856 801234567
214735086 801234567
214735608 801234567
214735860 801234567
214736058 801234567
214736580 801234567
214736805 801234567
214738065 801234567
214738506 801234567
214738650 801234567
214750386 801234567
214750638 801234567
214750863 801234567
214753068 801234567
214753680 801234567
214753806 801234567
214756083 801234567
214756308 801234567
214756830 801234567
214758036 801234567
214758360 801234567
214758603 801234567
214760358 801234567
214760583 801234567
214760835 801234567
214763085 801234567
214763508 801234567
214763850 801234567
214765038 801234567
214765380 801234567
214765803 801234567
214768053 801234567
214768305 801234567
214768530 801234567
214780365 801234567
214780536 801234567
214780653 801234567
214783056 801234567
214783560 801234567
214783605 801234567
214785063 801234567
214785306 801234567
214785630 801234567
214786035 801234567
214786350 801234567
214786503 801234567
214803567 801234567
214803675 801234567
214803756 801234567
214805376 801234567
214805637 801234567
214805763 801234567
214806357 801234567
214806573 801234567
214806735 801234567
214807365 801234567
214807536 801234567
214807653 801234567
214830576 801234567
214830657 801234567
214830765 801234567
214835067 801234567
214835670 801234567
214835706 801234567
214836075 801234567
214836507 801234567
214836750 801234567
214837056 801234567
214837560 801234567
214837605 801234567
214850367 801234567
214850673 801234567
214850736 801234567
214853076 801234567
214853607 801234567
214853760 801234567
214856037 801234567
214856370 801234567
214856703 801234567
214857063 801234567
214857306 801234567
214857630 801234567
214860375 801234567
214860537 801234567
214860753 801234567
214863057 801234567
214863570 801234567
214863705 801234567
214865073 801234567
214865307 801234567
214865730 801234567
214867035 801234567
214867350 801234567
214867503 801234567
214870356 801234567
214870563 801234567
214870635 801234567
214873065 801234567
