862041573 801234567
862041735 801234567
862043175 801234567
862043517 801234567
862043751 801234567
862045137 801234567
862045371 801234567
862045713 801234567
862047153 801234567
862047315 801234567
862047531 801234567
862051374 801234567
862051437 801234567
862051743 801234567
862053147 801234567
862053471 801234567
862053714 801234567
862054173 801234567
862054317 801234567
862054731 801234567
862057134 801234567
862057341 801234567
862057413 801234567
862071345 801234567
862071453 801234567
862071534 801234567
862073154 801234567
862073415 801234567
862073541 801234567
862074135 801234567
862074351 801234567
862074513 801234567
862075143 801234567
862075314 801234567
862075431 801234567
862103475 801234567
862103547 801234567
862103754 801234567
862104357 801234567
862104573 801234567
862104735 801234567
862105374 801234567
862105437 801234567
862105743 801234567
862107345 801234567
862107453 801234567
862107534 801234567
862130457 801234567
862130574 801234567
862130745 801234567
862134075 801234567
862134507 801234567
862134750 801234567
862135047 801234567
862135470 801234567
862135704 801234567
862137054 801234567
862137405 801234567
862137540 801234567
862140375 801234567
862140537 801234567
862140753 801234567
862143057 801234567
862143570 801234567
862143705 801234567
862145073 801234567
862145307 801234567
862145730 801234567
862147035 801234567
862147350 801234567
862147503 801234567
862150347 801234567
862150473 801234567
862150734 801234567
862153074 801234567
862153407 801234567
862153740 801234567
862154037 801234567
862154370 801234567
862154703 801234567
862157043 801234567
862157304 801234567
862157430 801234567
862170354 801234567
862170435 801234567
862170543 801234567
862173045 801234567
862173450 801234567
862173504 801234567
862174053 801234567
862174305 801234567
862174530 801234567
862175034 801234567
862175340 801234567
862175403 801234567
862301457 801234567
862301574 801234567
862301745 801234567
862304175 801234567
862304517 801234567
862304751 801234567
862305147 801234567
862305471 801234567
862305714 801234567
862307154 801234567
862307415 801234567
862307541 801234567
862310475 801234567
862310547 801234567
862310754 801234567
862314057 801234567
862314570 801234567
862314705 801234567
862315074 801234567
862315407 801234567
862315740 801234567
862317045 801234567
862317450 801234567
862317504 801234567
862340157 801234567
862340571 801234567
862340715 801234567
862341075 801234567
862341507 801234567
862341750 801234567
862345017 801234567
862345170 801234567
862345701 801234567
862347051 801234567
862347105 801234567
862347510 801234567
862350174 801234567
862350417 801234567
862350741 801234567
862351047 801234567
862351470 801234567
862351704 801234567
862354071 801234567
862354107 801234567
862354710 801234567
862357014 801234567
862357140 801234567
862357401 801234567
862370145 801234567
862370451 801234567
862370514 801234567
862371054 801234567
862371405 801234567
862371540 801234567
862374015 801234567
862374150 801234567
862374501 801234567
862375041 801234567
862375104 801234567
862375410 801234567
862401375 801234567
862401537 801234567
862401753 801234567
862403157 801234567
862403571 801234567
862403715 801234567
862405173 801234567
862405317 801234567
862405731 801234567
862407135 801234567
862407351 801234567
862407513 801234567
862410357 801234567
862410573 801234567
862410735 801234567
862413075 801234567
862413507 801234567
862413750 801234567
862415037 801234567
862415370 801234567
862415703 801234567
862417053 801234567
862417305 801234567
862417530 801234567
862430175 801234567
862430517 801234567
862430751 801234567
862431057 801234567
862431570 801234567
862431705 801234567
862435071 801234567
862435107 801234567
862435710 801234567
862437015 801234567
862437150 801234567
862437501 801234567
862450137 801234567
862450371 801234567
862450713 801234567
862451073 801234567
862451307 801234567
862451730 801234567
862453017 801234567
862453170 801234567
862453701 801234567
862457031 801234567
862457103 801234567
862457310 801234567
862470153 801234567
862470315 801234567
862470531 801234567
862471035 801234567
862471350 801234567
862471503 801234567
862473051 801234567
862473105 801234567
862473510 801234567
862475013 801234567
862475130 801234567
862475301 801234567
862501347 801234567
862501473 801234567
862501734 801234567
862503174 801234567
862503417 801234567
862503741 801234567
862504137 801234567
862504371 801234567
862504713 801234567
862507143 801234567
862507314 801234567
862507431 801234567
862510374 801234567
862510437 801234567
862510743 801234567
862513047 801234567
862513470 801234567
862513704 801234567
862514073 801234567
862514307 801234567
862514730 801234567
862517034 801234567
862517340 801234567
862517403 801234567
862530147 801234567
862530471 801234567
862530714 801234567
862531074 801234567
862531407 801234567
862531740 801234567
862534017 801234567
862534170 801234567
862534701 801234567
862537041 801234567
862537104 801234567
862537410 801234567
862540173 801234567
862540317 801234567
862540731 801234567
862541037 801234567
862541370 801234567
862541703 801234567
862543071 801234567
862543107 801234567
862543710 801234567
862547013 801234567
862547130 801234567
862547301 801234567
862570134 801234567
862570341 801234567
862570413 801234567
862571043 801234567
862571304 801234567
862571430 801234567
862573014 801234567
862573140 801234567
862573401 801234567
862574031 801234567
862574103 801234567
862574310 801234567
862701354 801234567
862701435 801234567
862701543 801234567
862703145 801234567
862703451 801234567
862703514 801234567
862704153 801234567
862704315 801234567
862704531 801234567
862705134 801234567
862705341 801234567
862705413 801234567
862710345 801234567
862710453 801234567
862710534 801234567
862713054 801234567
862713405 801234567
862713540 801234567
862714035 801234567
862714350 801234567
862714503 801234567
862715043 801234567
862715304 801234567
862715430 801234567
862730154 801234567
862730415 801234567
862730541 801234567
862731045 801234567
862731450 801234567
862731504 801234567
862734051 801234567
862734105 801234567
862734510 801234567
862735014 801234567
862735140 801234567
862735401 801234567
862740135 801234567
862740351 801234567
862740513 801234567
862741053 801234567
862741305 801234567
862741530 801234567
862743015 801234567
862743150 801234567
862743501 801234567
862745031 801234567
862745103 801234567
862745310 801234567
862750143 801234567
862750314 801234567
862750431 801234567
862751034 801234567
862751340 801234567
862751403 801234567
862753041 801234567
862753104 801234567
862753410 801234567
862754013 801234567
862754130 801234567
862754301 801234567
863012475 801234567
863012547 801234567
863012754 801234567
863014257 801234567
863014572 801234567
863014725 801234567
863015274 801234567
863015427 801234567
863015742 801234567
863017245 801234567
863017452 801234567
863017524 801234567
863021457 801234567
863021574 801234567
863021745 801234567
863024175 801234567
863024517 801234567
863024751 801234567
863025147 801234567
863025471 801234567
863025714 801234567
863027154 801234567
863027415 801234567
863027541 801234567
863041275 801234567
863041527 801234567
863041752 801234567
863042157 801234567
863042571 801234567
863042715 801234567
863045172 801234567
863045217 801234567
863045721 801234567
863047125 801234567
863047251 801234567
863047512 801234567
863051247 801234567
863051472 801234567
863051724 801234567
863052174 801234567
863052417 801234567
863052741 801234567
863054127 801234567
863054271 801234567
863054712 801234567
863057142 801234567
863057214 801234567
863057421 801234567
863071254 801234567
863071425 801234567
863071542 801234567
863072145 801234567
863072451 801234567
863072514 801234567
863074152 801234567
863074215 801234567
863074521 801234567
863075124 801234567
863075241 801234567
863075412 801234567
863102457 801234567
863102574 801234567
863102745 801234567
863104275 801234567
863104527 801234567
863104752 801234567
863105247 801234567
863105472 801234567
863105724 801234567
863107254 801234567
863107425 801234567
863107542 801234567
863120475 801234567
863120547 801234567
863120754 801234567
863124057 801234567
863124570 801234567
863124705 801234567
863125074 801234567
863125407 801234567
863125740 801234567
863127045 801234567
863127450 801234567
863127504 801234567
863140257 801234567
863140572 801234567
863140725 801234567
863142075 801234567
863142507 801234567
863142750 801234567
863145027 801234567
863145270 801234567
863145702 801234567
863147052 801234567
863147205 801234567
863147520 801234567
863150274 801234567
863150427 801234567
863150742 801234567
863152047 801234567
863152470 801234567
863152704 801234567
863154072 801234567
863154207 801234567
863154720 801234567
863157024 801234567
863157240 801234567
863157402 801234567
863170245 801234567
863170452 801234567
863170524 801234567
863172054 801234567
863172405 801234567
863172540 801234567
863174025 801234567
863174250 801234567
863174502 801234567
863175042 801234567
863175204 801234567
863175420 801234567
863201475 801234567
863201547 801234567
863201754 801234567
863204157 801234567
863204571 801234567
863204715 801234567
863205174 801234567
863205417 801234567
863205741 801234567
863207145 801234567
863207451 801234567
863207514 801234567
863210457 801234567
863210574 801234567
863210745 801234567
863214075 801234567
863214507 801234567
863214750 801234567
863215047 801234567
863215470 801234567
863215704 801234567
863217054 801234567
863217405 801234567
863217540 801234567
863240175 801234567
863240517 801234567
863240751 801234567
863241057 801234567
863241570 801234567
863241705 801234567
863245071 801234567
863245107 801234567
863245710 801234567
863247015 801234567
863247150 801234567
863247501 801234567
863250147 801234567
863250471 801234567
863250714 801234567
863251074 801234567
863251407 801234567
863251740 801234567
863254017 801234567
863254170 801234567
