762458031 801234567
762458103 801234567
762458310 801234567
762480153 801234567
762480315 801234567
762480531 801234567
762481035 801234567
762481350 801234567
762481503 801234567
762483051 801234567
762483105 801234567
762483510 801234567
762485013 801234567
762485130 801234567
762485301 801234567
762501348 801234567
762501483 801234567
762501834 801234567
762503184 801234567
762503418 801234567
762503841 801234567
762504138 801234567
762504381 801234567
762504813 801234567
762508143 801234567
762508314 801234567
762508431 801234567
762510384 801234567
762510438 801234567
762510843 801234567
762513048 801234567
762513480 801234567
762513804 801234567
762514083 801234567
762514308 801234567
762514830 801234567
762518034 801234567
762518340 801234567
762518403 801234567
762530148 801234567
762530481 801234567
762530814 801234567
762531084 801234567
762531408 801234567
762531840 801234567
762534018 801234567
762534180 801234567
762534801 801234567
762538041 801234567
762538104 801234567
762538410 801234567
762540183 801234567
762540318 801234567
762540831 801234567
762541038 801234567
762541380 801234567
762541803 801234567
762543081 801234567
762543108 801234567
762543810 801234567
762548013 801234567
762548130 801234567
762548301 801234567
762580134 801234567
762580341 801234567
762580413 801234567
762581043 801234567
762581304 801234567
762581430 801234567
762583014 801234567
762583140 801234567
762583401 801234567
762584031 801234567
762584103 801234567
762584310 801234567
762801354 801234567
762801435 801234567
762801543 801234567
762803145 801234567
762803451 801234567
762803514 801234567
762804153 801234567
762804315 801234567
762804531 801234567
762805134 801234567
762805341 801234567
762805413 801234567
762810345 801234567
762810453 801234567
762810534 801234567
762813054 801234567
762813405 801234567
762813540 801234567
762814035 801234567
762814350 801234567
762814503 801234567
762815043 801234567
762815304 801234567
762815430 801234567
762830154 801234567
762830415 801234567
762830541 801234567
762831045 801234567
762831450 801234567
762831504 801234567
762834051 801234567
762834105 801234567
762834510 801234567
762835014 801234567
762835140 801234567
762835401 801234567
762840135 801234567
762840351 801234567
762840513 801234567
762841053 801234567
762841305 801234567
762841530 801234567
762843015 801234567
762843150 801234567
762843501 801234567
762845031 801234567
762845103 801234567
762845310 801234567
762850143 801234567
762850314 801234567
762850431 801234567
762851034 801234567
762851340 801234567
762851403 801234567
762853041 801234567
762853104 801234567
762853410 801234567
762854013 801234567
762854130 801234567
762854301 801234567
763012485 801234567
763012548 801234567
763012854 801234567
763014258 801234567
763014582 801234567
763014825 801234567
763015284 801234567
763015428 801234567
763015842 801234567
763018245 801234567
763018452 801234567
763018524 801234567
763021458 801234567
763021584 801234567
763021845 801234567
763024185 801234567
763024518 801234567
763024851 801234567
763025148 801234567
763025481 801234567
763025814 801234567
763028154 801234567
763028415 801234567
763028541 801234567
763041285 801234567
763041528 801234567
763041852 801234567
763042158 801234567
763042581 801234567
763042815 801234567
763045182 801234567
763045218 801234567
763045821 801234567
763048125 801234567
763048251 801234567
763048512 801234567
763051248 801234567
763051482 801234567
763051824 801234567
763052184 801234567
763052418 801234567
763052841 801234567
763054128 801234567
763054281 801234567
763054812 801234567
763058142 801234567
763058214 801234567
763058421 801234567
763081254 801234567
763081425 801234567
763081542 801234567
763082145 801234567
763082451 801234567
763082514 801234567
763084152 801234567
763084215 801234567
763084521 801234567
763085124 801234567
763085241 801234567
763085412 801234567
763102458 801234567
763102584 801234567
763102845 801234567
763104285 801234567
763104528 801234567
763104852 801234567
763105248 801234567
763105482 801234567
763105824 801234567
763108254 801234567
763108425 801234567
763108542 801234567
763120485 801234567
763120548 801234567
763120854 801234567
763124058 801234567
763124580 801234567
763124805 801234567
763125084 801234567
763125408 801234567
763125840 801234567
763128045 801234567
763128450 801234567
763128504 801234567
763140258 801234567
763140582 801234567
763140825 801234567
763142085 801234567
763142508 801234567
763142850 801234567
763145028 801234567
763145280 801234567
763145802 801234567
763148052 801234567
763148205 801234567
763148520 801234567
763150284 801234567
763150428 801234567
763150842 801234567
763152048 801234567
763152480 801234567
763152804 801234567
763154082 801234567
763154208 801234567
763154820 801234567
763158024 801234567
763158240 801234567
763158402 801234567
763180245 801234567
763180452 801234567
763180524 801234567
763182054 801234567
763182405 801234567
763182540 801234567
763184025 801234567
763184250 801234567
763184502 801234567
763185042 801234567
763185204 801234567
763185420 801234567
763201485 801234567
763201548 801234567
763201854 801234567
763204158 801234567
763204581 801234567
763204815 801234567
763205184 801234567
763205418 801234567
763205841 801234567
763208145 801234567
763208451 801234567
763208514 801234567
763210458 801234567
763210584 801234567
763210845 801234567
763214085 801234567
763214508 801234567
763214850 801234567
763215048 801234567
763215480 801234567
763215804 801234567
763218054 801234567
763218405 801234567
763218540 801234567
763240185 801234567
763240518 801234567
763240851 801234567
763241058 801234567
763241580 801234567
763241805 801234567
763245081 801234567
763245108 801234567
763245810 801234567
763248015 801234567
763248150 801234567
763248501 801234567
763250148 801234567
763250481 801234567
763250814 801234567
763251084 801234567
763251408 801234567
763251840 801234567
763254018 801234567
763254180 801234567
763254801 801234567
763258041 801234567
763258104 801234567
763258410 801234567
763280154 801234567
763280415 801234567
763280541 801234567
763281045 801234567
763281450 801234567
763281504 801234567
763284051 801234567
763284105 801234567
763284510 801234567
763285014 801234567
763285140 801234567
763285401 801234567
763401258 801234567
763401582 801234567
763401825 801234567
763402185 801234567
763402518 801234567
763402851 801234567
763405128 801234567
763405281 801234567
763405812 801234567
763408152 801234567
763408215 801234567
763408521 801234567
763410285 801234567
763410528 801234567
763410852 801234567
763412058 801234567
763412580 801234567
763412805 801234567
763415082 801234567
763415208 801234567
763415820 801234567
763418025 801234567
763418250 801234567
763418502 801234567
763420158 801234567
763420581 801234567
763420815 801234567
763421085 801234567
763421508 801234567
763421850 801234567
763425018 801234567
763425180 801234567
763425801 801234567
763428051 801234567
763428105 801234567
763428510 801234567
763450182 801234567
763450218 801234567
763450821 801234567
763451028 801234567
763451280 801234567
763451802 801234567
763452081 801234567
763452108 801234567
763452810 801234567
763458012 801234567
763458120 801234567
763458201 801234567
763480125 801234567
763480251 801234567
763480512 801234567
763481052 801234567
763481205 801234567
763481520 801234567
763482015 801234567
763482150 801234567
763482501 801234567
763485021 801234567
763485102 801234567
763485210 801234567
763501284 801234567
763501428 801234567
763501842 801234567
763502148 801234567
763502481 801234567
763502814 801234567
763504182 801234567
763504218 801234567
763504821 801234567
763508124 801234567
763508241 801234567
763508412 801234567
763510248 801234567
763510482 801234567
763510824 801234567
763512084 801234567
763512408 801234567
763512840 801234567
763514028 801234567
763514280 801234567
763514802 801234567
763518042 801234567
763518204 801234567
763518420 801234567
763520184 801234567
763520418 801234567
763520841 801234567
763521048 801234567
763521480 801234567
763521804 801234567
763524081 801234567
763524108 801234567
763524810 801234567
763528014 801234567
763528140 801234567
763528401 801234567
763540128 801234567
763540281 801234567
763540812 801234567
763541082 801234567
763541208 801234567
763541820 801234567
763542018 801234567
763542180 801234567
763542801 801234567
763548021 801234567
763548102 801234567
763548210 801234567
763580142 801234567
763580214 801234567
763580421 801234567
763581024 801234567
763581240 801234567
763581402 801234567
763582041 801234567
763582104 801234567
763582410 801234567
763584012 801234567
763584120 801234567
763584201 801234567
763801245 801234567
763801452 801234567
763801524 801234567
763802154 801234567
763802415 801234567
763802541 801234567
763804125 801234567
763804251 801234567
763804512 801234567
763805142 801234567
763805214 801234567
763805421 801234567
763810254 801234567
763810425 801234567
763810542 801234567
763812045 801234567
763812450 801234567
763812504 801234567
763814052 801234567
763814205 801234567
763814520 801234567
763815024 801234567
763815240 801234567
763815402 801234567
763820145 801234567
763820451 801234567
763820514 801234567
763821054 801234567
763821405 801234567
763821540 801234567
763824015 801234567
763824150 801234567
763824501 801234567
763825041 801234567
763825104 801234567
763825410 801234567
763840152 801234567
763840215 801234567
763840521 801234567
763841025 801234567
763841250 801234567
763841502 801234567
763842051 801234567
763842105 801234567
763842510 801234567
763845012 801234567
763845120 801234567
763845201 801234567
763850124 801234567
763850241 801234567
763850412 801234567
763851042 801234567
763851204 801234567
763851420 801234567
763852014 801234567
763852140 801234567
763852401 801234567
763854021 801234567
763854102 801234567
763854210 801234567
764012358 801234567
764012583 801234567
764012835 801234567
764013285 801234567
