026157843 801234567
026158347 801234567
026158473 801234567
026158734 801234567
026173458 801234567
026173584 801234567
026173845 801234567
026174385 801234567
026174538 801234567
026174853 801234567
026175348 801234567
026175483 801234567
026175834 801234567
026178354 801234567
026178435 801234567
026178543 801234567
026183475 801234567
026183547 801234567
026183754 801234567
026184357 801234567
026184573 801234567
026184735 801234567
026185374 801234567
026185437 801234567
026185743 801234567
026187345 801234567
026187453 801234567
026187534 801234567
026314578 801234567
026314785 801234567
026314857 801234567
026315487 801234567
026315748 801234567
026315874 801234567
026317458 801234567
026317584 801234567
026317845 801234567
026318475 801234567
026318547 801234567
026318754 801234567
026341587 801234567
026341758 801234567
026341875 801234567
026345178 801234567
026345781 801234567
026345817 801234567
026347185 801234567
026347518 801234567
026347851 801234567
026348157 801234567
026348571 801234567
026348715 801234567
026351478 801234567
026351784 801234567
026351847 801234567
026354187 801234567
026354718 801234567
026354871 801234567
026357148 801234567
026357481 801234567
026357814 801234567
026358174 801234567
026358417 801234567
026358741 801234567
026371485 801234567
026371548 801234567
026371854 801234567
026374158 801234567
026374581 801234567
026374815 801234567
026375184 801234567
026375418 801234567
026375841 801234567
026378145 801234567
026378451 801234567
026378514 801234567
026381457 801234567
026381574 801234567
026381745 801234567
026384175 801234567
026384517 801234567
026384751 801234567
026385147 801234567
026385471 801234567
026385714 801234567
026387154 801234567
026387415 801234567
026387541 801234567
026413587 801234567
026413758 801234567
026413875 801234567
026415378 801234567
026415783 801234567
026415837 801234567
026417385 801234567
026417538 801234567
026417853 801234567
026418357 801234567
026418573 801234567
026418735 801234567
026431578 801234567
026431785 801234567
026431857 801234567
026435187 801234567
026435718 801234567
026435871 801234567
026437158 801234567
026437581 801234567
026437815 801234567
026438175 801234567
026438517 801234567
026438751 801234567
026451387 801234567
026451738 801234567
026451873 801234567
026453178 801234567
026453781 801234567
026453817 801234567
026457183 801234567
026457318 801234567
026457831 801234567
026458137 801234567
026458371 801234567
026458713 801234567
026471358 801234567
026471583 801234567
026471835 801234567
026473185 801234567
026473518 801234567
026473851 801234567
026475138 801234567
026475381 801234567
026475813 801234567
026478153 801234567
026478315 801234567
026478531 801234567
026481375 801234567
026481537 801234567
026481753 801234567
026483157 801234567
026483571 801234567
026483715 801234567
026485173 801234567
026485317 801234567
026485731 801234567
026487135 801234567
026487351 801234567
026487513 801234567
026513478 801234567
026513784 801234567
026513847 801234567
026514387 801234567
026514738 801234567
026514873 801234567
026517348 801234567
026517483 801234567
026517834 801234567
026518374 801234567
026518437 801234567
026518743 801234567
026531487 801234567
026531748 801234567
026531874 801234567
026534178 801234567
026534781 801234567
026534817 801234567
026537184 801234567
026537418 801234567
026537841 801234567
026538147 801234567
026538471 801234567
026538714 801234567
026541378 801234567
026541783 801234567
026541837 801234567
026543187 801234567
026543718 801234567
026543871 801234567
026547138 801234567
026547381 801234567
026547813 801234567
026548173 801234567
026548317 801234567
026548731 801234567
026571384 801234567
026571438 801234567
026571843 801234567
026573148 801234567
026573481 801234567
026573814 801234567
026574183 801234567
026574318 801234567
026574831 801234567
026578134 801234567
026578341 801234567
026578413 801234567
026581347 801234567
026581473 801234567
026581734 801234567
026583174 801234567
026583417 801234567
026583741 801234567
026584137 801234567
026584371 801234567
026584713 801234567
026587143 801234567
026587314 801234567
026587431 801234567
026713485 801234567
026713548 801234567
026713854 801234567
026714358 801234567
026714583 801234567
026714835 801234567
026715384 801234567
026715438 801234567
026715843 801234567
026718345 801234567
026718453 801234567
026718534 801234567
026731458 801234567
026731584 801234567
026731845 801234567
026734185 801234567
026734518 801234567
026734851 801234567
026735148 801234567
026735481 801234567
026735814 801234567
026738154 801234567
026738415 801234567
026738541 801234567
026741385 801234567
026741538 801234567
026741853 801234567
026743158 801234567
026743581 801234567
026743815 801234567
026745183 801234567
026745318 801234567
026745831 801234567
026748135 801234567
026748351 801234567
026748513 801234567
026751348 801234567
026751483 801234567
026751834 801234567
026753184 801234567
026753418 801234567
026753841 801234567
026754138 801234567
026754381 801234567
026754813 801234567
026758143 801234567
026758314 801234567
026758431 801234567
026781354 801234567
026781435 801234567
026781543 801234567
026783145 801234567
026783451 801234567
026783514 801234567
026784153 801234567
026784315 801234567
026784531 801234567
026785134 801234567
026785341 801234567
026785413 801234567
026813457 801234567
026813574 801234567
026813745 801234567
026814375 801234567
026814537 801234567
026814753 801234567
026815347 801234567
026815473 801234567
026815734 801234567
026817354 801234567
026817435 801234567
026817543 801234567
026831475 801234567
026831547 801234567
026831754 801234567
026834157 801234567
026834571 801234567
026834715 801234567
026835174 801234567
026835417 801234567
026835741 801234567
026837145 801234567
026837451 801234567
026837514 801234567
026841357 801234567
026841573 801234567
026841735 801234567
026843175 801234567
026843517 801234567
026843751 801234567
026845137 801234567
026845371 801234567
026845713 801234567
026847153 801234567
026847315 801234567
026847531 801234567
026851374 801234567
026851437 801234567
026851743 801234567
026853147 801234567
026853471 801234567
026853714 801234567
026854173 801234567
026854317 801234567
026854731 801234567
026857134 801234567
026857341 801234567
026857413 801234567
026871345 801234567
026871453 801234567
026871534 801234567
026873154 801234567
026873415 801234567
026873541 801234567
026874135 801234567
026874351 801234567
026874513 801234567
026875143 801234567
026875314 801234567
026875431 801234567
027134568 801234567
027134685 801234567
027134856 801234567
027135486 801234567
027135648 801234567
027135864 801234567
027136458 801234567
027136584 801234567
027136845 801234567
027138465 801234567
027138546 801234567
027138654 801234567
027143586 801234567
027143658 801234567
027143865 801234567
027145368 801234567
027145683 801234567
027145836 801234567
027146385 801234567
027146538 801234567
027146853 801234567
027148356 801234567
027148563 801234567
027148635 801234567
027153468 801234567
027153684 801234567
027153846 801234567
027154386 801234567
027154638 801234567
027154863 801234567
027156348 801234567
027156483 801234567
027156834 801234567
027158364 801234567
027158436 801234567
027158643 801234567
027163485 801234567
027163548 801234567
027163854 801234567
027164358 801234567
027164583 801234567
027164835 801234567
027165384 801234567
027165438 801234567
027165843 801234567
027168345 801234567
027168453 801234567
027168534 801234567
027183456 801234567
027183564 801234567
027183645 801234567
027184365 801234567
027184536 801234567
027184653 801234567
027185346 801234567
027185463 801234567
027185634 801234567
027186354 801234567
027186435 801234567
027186543 801234567
027314586 801234567
027314658 801234567
027314865 801234567
027315468 801234567
027315684 801234567
027315846 801234567
027316485 801234567
027316548 801234567
027316854 801234567
027318456 801234567
027318564 801234567
027318645 801234567
027341568 801234567
027341685 801234567
027341856 801234567
027345186 801234567
027345618 801234567
027345861 801234567
027346158 801234567
027346581 801234567
027346815 801234567
027348165 801234567
027348516 801234567
027348651 801234567
027351486 801234567
027351648 801234567
027351864 801234567
027354168 801234567
027354681 801234567
027354816 801234567
027356184 801234567
027356418 801234567
027356841 801234567
027358146 801234567
027358461 801234567
027358614 801234567
027361458 801234567
027361584 801234567
027361845 801234567
027364185 801234567
027364518 801234567
027364851 801234567
027365148 801234567
027365481 801234567
027365814 801234567
027368154 801234567
027368415 801234567
027368541 801234567
027381465 801234567
027381546 801234567
027381654 801234567
027384156 801234567
027384561 801234567
027384615 801234567
027385164 801234567
027385416 801234567
027385641 801234567
027386145 801234567
027386451 801234567
027386514 801234567
027413568 801234567
027413685 801234567
027413856 801234567
027415386 801234567
027415638 801234567
027415863 801234567
027416358 801234567
027416583 801234567
027416835 801234567
027418365 801234567
027418536 801234567
027418653 801234567
027431586 801234567
027431658 801234567
027431865 801234567
027435168 801234567
027435681 801234567
027435816 801234567
027436185 801234567
027436518 801234567
027436851 801234567
027438156 801234567
027438561 801234567
027438615 801234567
027451368 801234567
027451683 801234567
027451836 801234567
027453186 801234567
027453618 801234567
027453861 801234567
027456138 801234567
027456381 801234567
027456813 801234567
027458163 801234567
027458316 801234567
027458631 801234567
027461385 801234567
027461538 801234567
027461853 801234567
027463158 801234567
027463581 801234567
027463815 801234567
027465183 801234567
027465318 801234567
027465831 801234567
027468135 801234567
027468351 801234567
027468513 801234567
027481356 801234567
027481563 801234567
027481635 801234567
