106874532 801234567
106875234 801234567
106875342 801234567
106875423 801234567
107234586 801234567
107234658 801234567
107234865 801234567
107235468 801234567
107235684 801234567
107235846 801234567
107236485 801234567
107236548 801234567
107236854 801234567
107238456 801234567
107238564 801234567
107238645 801234567
107243568 801234567
107243685 801234567
107243856 801234567
107245386 801234567
107245638 801234567
107245863 801234567
107246358 801234567
107246583 801234567
107246835 801234567
107248365 801234567
107248536 801234567
107248653 801234567
107253486 801234567
107253648 801234567
107253864 801234567
107254368 801234567
107254683 801234567
107254836 801234567
107256384 801234567
107256438 801234567
107256843 801234567
107258346 801234567
107258463 801234567
107258634 801234567
107263458 801234567
107263584 801234567
107263845 801234567
107264385 801234567
107264538 801234567
107264853 801234567
107265348 801234567
107265483 801234567
107265834 801234567
107268354 801234567
107268435 801234567
107268543 801234567
107283465 801234567
107283546 801234567
107283654 801234567
107284356 801234567
107284563 801234567
107284635 801234567
107285364 801234567
107285436 801234567
107285643 801234567
107286345 801234567
107286453 801234567
107286534 801234567
107324568 801234567
107324685 801234567
107324856 801234567
107325486 801234567
107325648 801234567
107325864 801234567
107326458 801234567
107326584 801234567
107326845 801234567
107328465 801234567
107328546 801234567
107328654 801234567
107342586 801234567
107342658 801234567
107342865 801234567
107345268 801234567
107345682 801234567
107345826 801234567
107346285 801234567
107346528 801234567
107346852 801234567
107348256 801234567
107348562 801234567
107348625 801234567
107352468 801234567
107352684 801234567
107352846 801234567
107354286 801234567
107354628 801234567
107354862 801234567
107356248 801234567
107356482 801234567
107356824 801234567
107358264 801234567
107358426 801234567
107358642 801234567
107362485 801234567
107362548 801234567
107362854 801234567
107364258 801234567
107364582 801234567
107364825 801234567
107365284 801234567
107365428 801234567
107365842 801234567
107368245 801234567
107368452 801234567
107368524 801234567
107382456 801234567
107382564 801234567
107382645 801234567
107384265 801234567
107384526 801234567
107384652 801234567
107385246 801234567
107385462 801234567
107385624 801234567
107386254 801234567
107386425 801234567
107386542 801234567
107423586 801234567
107423658 801234567
107423865 801234567
107425368 801234567
107425683 801234567
107425836 801234567
107426385 801234567
107426538 801234567
107426853 801234567
107428356 801234567
107428563 801234567
107428635 801234567
107432568 801234567
107432685 801234567
107432856 801234567
107435286 801234567
107435628 801234567
107435862 801234567
107436258 801234567
107436582 801234567
107436825 801234567
107438265 801234567
107438526 801234567
107438652 801234567
107452386 801234567
107452638 801234567
107452863 801234567
107453268 801234567
107453682 801234567
107453826 801234567
107456283 801234567
107456328 801234567
107456832 801234567
107458236 801234567
107458362 801234567
107458623 801234567
107462358 801234567
107462583 801234567
107462835 801234567
107463285 801234567
107463528 801234567
107463852 801234567
107465238 801234567
107465382 801234567
107465823 801234567
107468253 801234567
107468325 801234567
107468532 801234567
107482365 801234567
107482536 801234567
107482653 801234567
107483256 801234567
107483562 801234567
107483625 801234567
107485263 801234567
107485326 801234567
107485632 801234567
107486235 801234567
107486352 801234567
107486523 801234567
107523468 801234567
107523684 801234567
107523846 801234567
107524386 801234567
107524638 801234567
107524863 801234567
107526348 801234567
107526483 801234567
107526834 801234567
107528364 801234567
107528436 801234567
107528643 801234567
107532486 801234567
107532648 801234567
107532864 801234567
107534268 801234567
107534682 801234567
107534826 801234567
107536284 801234567
107536428 801234567
107536842 801234567
107538246 801234567
107538462 801234567
107538624 801234567
107542368 801234567
107542683 801234567
107542836 801234567
107543286 801234567
107543628 801234567
107543862 801234567
107546238 801234567
107546382 801234567
107546823 801234567
107548263 801234567
107548326 801234567
107548632 801234567
107562384 801234567
107562438 801234567
107562843 801234567
107563248 801234567
107563482 801234567
107563824 801234567
107564283 801234567
107564328 801234567
107564832 801234567
107568234 801234567
107568342 801234567
107568423 801234567
107582346 801234567
107582463 801234567
107582634 801234567
107583264 801234567
107583426 801234567
107583642 801234567
107584236 801234567
107584362 801234567
107584623 801234567
107586243 801234567
107586324 801234567
107586432 801234567
107623485 801234567
107623548 801234567
107623854 801234567
107624358 801234567
107624583 801234567
107624835 801234567
107625384 801234567
107625438 801234567
107625843 801234567
107628345 801234567
107628453 801234567
107628534 801234567
107632458 801234567
107632584 801234567
107632845 801234567
107634285 801234567
107634528 801234567
107634852 801234567
107635248 801234567
107635482 801234567
107635824 801234567
107638254 801234567
107638425 801234567
107638542 801234567
107642385 801234567
107642538 801234567
107642853 801234567
107643258 801234567
107643582 801234567
107643825 801234567
107645283 801234567
107645328 801234567
107645832 801234567
107648235 801234567
107648352 801234567
107648523 801234567
107652348 801234567
107652483 801234567
107652834 801234567
107653284 801234567
107653428 801234567
107653842 801234567
107654238 801234567
107654382 801234567
107654823 801234567
107658243 801234567
107658324 801234567
107658432 801234567
107682354 801234567
107682435 801234567
107682543 801234567
107683245 801234567
107683452 801234567
107683524 801234567
107684253 801234567
107684325 801234567
107684532 801234567
107685234 801234567
107685342 801234567
107685423 801234567
107823456 801234567
107823564 801234567
107823645 801234567
107824365 801234567
107824536 801234567
107824653 801234567
107825346 801234567
107825463 801234567
107825634 801234567
107826354 801234567
107826435 801234567
107826543 801234567
107832465 801234567
107832546 801234567
107832654 801234567
107834256 801234567
107834562 801234567
107834625 801234567
107835264 801234567
107835426 801234567
107835642 801234567
107836245 801234567
107836452 801234567
107836524 801234567
107842356 801234567
107842563 801234567
107842635 801234567
107843265 801234567
107843526 801234567
107843652 801234567
107845236 801234567
107845362 801234567
107845623 801234567
107846253 801234567
107846325 801234567
107846532 801234567
107852364 801234567
107852436 801234567
107852643 801234567
107853246 801234567
107853462 801234567
107853624 801234567
107854263 801234567
107854326 801234567
107854632 801234567
107856234 801234567
107856342 801234567
107856423 801234567
107862345 801234567
107862453 801234567
107862534 801234567
107863254 801234567
107863425 801234567
107863542 801234567
107864235 801234567
107864352 801234567
107864523 801234567
107865243 801234567
107865324 801234567
107865432 801234567
108234567 801234567
108234675 801234567
108234756 801234567
108235476 801234567
108235647 801234567
108235764 801234567
108236457 801234567
108236574 801234567
108236745 801234567
108237465 801234567
108237546 801234567
108237654 801234567
108243576 801234567
108243657 801234567
108243765 801234567
108245367 801234567
108245673 801234567
108245736 801234567
108246375 801234567
108246537 801234567
108246753 801234567
108247356 801234567
108247563 801234567
108247635 801234567
108253467 801234567
108253674 801234567
108253746 801234567
108254376 801234567
108254637 801234567
108254763 801234567
108256347 801234567
108256473 801234567
108256734 801234567
108257364 801234567
108257436 801234567
108257643 801234567
108263475 801234567
108263547 801234567
108263754 801234567
108264357 801234567
108264573 801234567
108264735 801234567
108265374 801234567
108265437 801234567
108265743 801234567
108267345 801234567
108267453 801234567
108267534 801234567
108273456 801234567
108273564 801234567
108273645 801234567
108274365 801234567
108274536 801234567
108274653 801234567
108275346 801234567
108275463 801234567
108275634 801234567
108276354 801234567
108276435 801234567
108276543 801234567
108324576 801234567
108324657 801234567
108324765 801234567
108325467 801234567
108325674 801234567
108325746 801234567
108326475 801234567
108326547 801234567
108326754 801234567
108327456 801234567
108327564 801234567
108327645 801234567
108342567 801234567
108342675 801234567
108342756 801234567
108345276 801234567
108345627 801234567
108345762 801234567
108346257 801234567
108346572 801234567
108346725 801234567
108347265 801234567
108347526 801234567
108347652 801234567
108352476 801234567
108352647 801234567
108352764 801234567
108354267 801234567
108354672 801234567
108354726 801234567
108356274 801234567
108356427 801234567
108356742 801234567
108357246 801234567
108357462 801234567
108357624 801234567
108362457 801234567
108362574 801234567
108362745 801234567
108364275 801234567
108364527 801234567
108364752 801234567
108365247 801234567
108365472 801234567
108365724 801234567
108367254 801234567
108367425 801234567
108367542 801234567
108372465 801234567
108372546 801234567
108372654 801234567
108374256 801234567
108374562 801234567
108374625 801234567
108375264 801234567
108375426 801234567
108375642 801234567
108376245 801234567
108376452 801234567
108376524 801234567
108423567 801234567
108423675 801234567
108423756 801234567
108425376 801234567
108425637 801234567
108425763 801234567
108426357 801234567
108426573 801234567
108426735 801234567
108427365 801234567
108427536 801234567
108427653 801234567
108432576 801234567
108432657 801234567
108432765 801234567
