543812067 801234567
543812670 801234567
543812706 801234567
543816072 801234567
543816207 801234567
543816720 801234567
543817026 801234567
543817260 801234567
543817602 801234567
543820167 801234567
543820671 801234567
543820716 801234567
543821076 801234567
543821607 801234567
543821760 801234567
543826017 801234567
543826170 801234567
543826701 801234567
543827061 801234567
543827106 801234567
543827610 801234567
543860172 801234567
543860217 801234567
543860721 801234567
543861027 801234567
543861270 801234567
543861702 801234567
543862071 801234567
543862107 801234567
543862710 801234567
543867012 801234567
543867120 801234567
543867201 801234567
543870126 801234567
543870261 801234567
543870612 801234567
543871062 801234567
543871206 801234567
543871620 801234567
543872016 801234567
543872160 801234567
543872601 801234567
543876021 801234567
543876102 801234567
543876210 801234567
546012378 801234567
546012783 801234567
546012837 801234567
546013287 801234567
546013728 801234567
546013872 801234567
546017238 801234567
546017382 801234567
546017823 801234567
546018273 801234567
546018327 801234567
546018732 801234567
546021387 801234567
546021738 801234567
546021873 801234567
546023178 801234567
546023781 801234567
546023817 801234567
546027183 801234567
546027318 801234567
546027831 801234567
546028137 801234567
546028371 801234567
546028713 801234567
546031278 801234567
546031782 801234567
546031827 801234567
546032187 801234567
546032718 801234567
546032871 801234567
546037128 801234567
546037281 801234567
546037812 801234567
546038172 801234567
546038217 801234567
546038721 801234567
546071283 801234567
546071328 801234567
546071832 801234567
546072138 801234567
546072381 801234567
546072813 801234567
546073182 801234567
546073218 801234567
546073821 801234567
546078123 801234567
546078231 801234567
546078312 801234567
546081237 801234567
546081372 801234567
546081723 801234567
546082173 801234567
546082317 801234567
546082731 801234567
546083127 801234567
546083271 801234567
546083712 801234567
546087132 801234567
546087213 801234567
546087321 801234567
546102387 801234567
546102738 801234567
546102873 801234567
546103278 801234567
546103782 801234567
546103827 801234567
546107283 801234567
546107328 801234567
546107832 801234567
546108237 801234567
546108372 801234567
546108723 801234567
546120378 801234567
546120783 801234567
546120837 801234567
546123087 801234567
546123708 801234567
546123870 801234567
546127038 801234567
546127380 801234567
546127803 801234567
546128073 801234567
546128307 801234567
546128730 801234567
546130287 801234567
546130728 801234567
546130872 801234567
546132078 801234567
546132780 801234567
546132807 801234567
546137082 801234567
546137208 801234567
546137820 801234567
546138027 801234567
546138270 801234567
546138702 801234567
546170238 801234567
546170382 801234567
546170823 801234567
546172083 801234567
546172308 801234567
546172830 801234567
546173028 801234567
546173280 801234567
546173802 801234567
546178032 801234567
546178203 801234567
546178320 801234567
546180273 801234567
546180327 801234567
546180732 801234567
546182037 801234567
546182370 801234567
546182703 801234567
546183072 801234567
546183207 801234567
546183720 801234567
546187023 801234567
546187230 801234567
546187302 801234567
546201378 801234567
546201783 801234567
546201837 801234567
546203187 801234567
546203718 801234567
546203871 801234567
546207138 801234567
546207381 801234567
546207813 801234567
546208173 801234567
546208317 801234567
546208731 801234567
546210387 801234567
546210738 801234567
546210873 801234567
546213078 801234567
546213780 801234567
546213807 801234567
546217083 801234567
546217308 801234567
546217830 801234567
546218037 801234567
546218370 801234567
546218703 801234567
546230178 801234567
546230781 801234567
546230817 801234567
546231087 801234567
546231708 801234567
546231870 801234567
546237018 801234567
546237180 801234567
546237801 801234567
546238071 801234567
546238107 801234567
546238710 801234567
546270183 801234567
546270318 801234567
546270831 801234567
546271038 801234567
546271380 801234567
546271803 801234567
546273081 801234567
546273108 801234567
546273810 801234567
546278013 801234567
546278130 801234567
546278301 801234567
546280137 801234567
546280371 801234567
546280713 801234567
546281073 801234567
546281307 801234567
546281730 801234567
546283017 801234567
546283170 801234567
546283701 801234567
546287031 801234567
546287103 801234567
546287310 801234567
546301287 801234567
546301728 801234567
546301872 801234567
546302178 801234567
546302781 801234567
546302817 801234567
546307182 801234567
546307218 801234567
546307821 801234567
546308127 801234567
546308271 801234567
546308712 801234567
546310278 801234567
546310782 801234567
546310827 801234567
546312087 801234567
546312708 801234567
546312870 801234567
546317028 801234567
546317280 801234567
546317802 801234567
546318072 801234567
546318207 801234567
546318720 801234567
546320187 801234567
546320718 801234567
546320871 801234567
546321078 801234567
546321780 801234567
546321807 801234567
546327081 801234567
546327108 801234567
546327810 801234567
546328017 801234567
546328170 801234567
546328701 801234567
546370128 801234567
546370281 801234567
546370812 801234567
546371082 801234567
546371208 801234567
546371820 801234567
546372018 801234567
546372180 801234567
546372801 801234567
546378021 801234567
546378102 801234567
546378210 801234567
546380172 801234567
546380217 801234567
546380721 801234567
546381027 801234567
546381270 801234567
546381702 801234567
546382071 801234567
546382107 801234567
546382710 801234567
546387012 801234567
546387120 801234567
546387201 801234567
546701238 801234567
546701382 801234567
546701823 801234567
546702183 801234567
546702318 801234567
546702831 801234567
546703128 801234567
546703281 801234567
546703812 801234567
546708132 801234567
546708213 801234567
546708321 801234567
546710283 801234567
546710328 801234567
546710832 801234567
546712038 801234567
546712380 801234567
546712803 801234567
546713082 801234567
546713208 801234567
546713820 801234567
546718023 801234567
546718230 801234567
546718302 801234567
546720138 801234567
546720381 801234567
546720813 801234567
546721083 801234567
546721308 801234567
546721830 801234567
546723018 801234567
546723180 801234567
546723801 801234567
546728031 801234567
546728103 801234567
546728310 801234567
546730182 801234567
546730218 801234567
546730821 801234567
546731028 801234567
546731280 801234567
546731802 801234567
546732081 801234567
546732108 801234567
546732810 801234567
546738012 801234567
546738120 801234567
546738201 801234567
546780123 801234567
546780231 801234567
546780312 801234567
546781032 801234567
546781203 801234567
546781320 801234567
546782013 801234567
546782130 801234567
546782301 801234567
546783021 801234567
546783102 801234567
546783210 801234567
546801273 801234567
546801327 801234567
546801732 801234567
546802137 801234567
546802371 801234567
546802713 801234567
546803172 801234567
546803217 801234567
546803721 801234567
546807123 801234567
546807231 801234567
546807312 801234567
546810237 801234567
546810372 801234567
546810723 801234567
546812073 801234567
546812307 801234567
546812730 801234567
546813027 801234567
546813270 801234567
546813702 801234567
546817032 801234567
546817203 801234567
546817320 801234567
546820173 801234567
546820317 801234567
546820731 801234567
546821037 801234567
546821370 801234567
546821703 801234567
546823071 801234567
546823107 801234567
546823710 801234567
546827013 801234567
546827130 801234567
546827301 801234567
546830127 801234567
546830271 801234567
546830712 801234567
546831072 801234567
546831207 801234567
546831720 801234567
546832017 801234567
546832170 801234567
546832701 801234567
546837021 801234567
546837102 801234567
546837210 801234567
546870132 801234567
546870213 801234567
546870321 801234567
546871023 801234567
546871230 801234567
546871302 801234567
546872031 801234567
546872103 801234567
546872310 801234567
546873012 801234567
546873120 801234567
546873201 801234567
547012386 801234567
547012638 801234567
547012863 801234567
547013268 801234567
547013682 801234567
547013826 801234567
547016283 801234567
547016328 801234567
547016832 801234567
547018236 801234567
547018362 801234567
547018623 801234567
547021368 801234567
547021683 801234567
547021836 801234567
547023186 801234567
547023618 801234567
547023861 801234567
547026138 801234567
547026381 801234567
547026813 801234567
547028163 801234567
547028316 801234567
547028631 801234567
547031286 801234567
547031628 801234567
547031862 801234567
547032168 801234567
547032681 801234567
547032816 801234567
547036182 801234567
547036218 801234567
547036821 801234567
547038126 801234567
547038261 801234567
547038612 801234567
547061238 801234567
547061382 801234567
547061823 801234567
547062183 801234567
547062318 801234567
547062831 801234567
547063128 801234567
547063281 801234567
547063812 801234567
547068132 801234567
547068213 801234567
547068321 801234567
547081263 801234567
547081326 801234567
547081632 801234567
547082136 801234567
547082361 801234567
547082613 801234567
547083162 801234567
547083216 801234567
547083621 801234567
547086123 801234567
547086231 801234567
547086312 801234567
547102368 801234567
547102683 801234567
547102836 801234567
547103286 801234567
547103628 801234567
547103862 801234567
547106238 801234567
547106382 801234567
547106823 801234567
547108263 801234567
547108326 801234567
547108632 801234567
547120386 801234567
547120638 801234567
547120863 801234567
547123068 801234567
547123680 801234567
547123806 801234567
547126083 801234567
547126308 801234567
547126830 801234567
547128036 801234567
547128360 801234567
547128603 801234567
547130268 801234567
547130682 801234567
547130826 801234567
547132086 801234567
547132608 801234567
547132860 801234567
547136028 801234567
547136280 801234567
547136802 801234567
547138062 801234567
