304587162 801234567
304587216 801234567
304587621 801234567
304612587 801234567
304612758 801234567
304612875 801234567
304615278 801234567
304615782 801234567
304615827 801234567
304617285 801234567
304617528 801234567
304617852 801234567
304618257 801234567
304618572 801234567
304618725 801234567
304621578 801234567
304621785 801234567
304621857 801234567
304625187 801234567
304625718 801234567
304625871 801234567
304627158 801234567
304627581 801234567
304627815 801234567
304628175 801234567
304628517 801234567
304628751 801234567
304651287 801234567
304651728 801234567
304651872 801234567
304652178 801234567
304652781 801234567
304652817 801234567
304657182 801234567
304657218 801234567
304657821 801234567
304658127 801234567
304658271 801234567
304658712 801234567
304671258 801234567
304671582 801234567
304671825 801234567
304672185 801234567
304672518 801234567
304672851 801234567
304675128 801234567
304675281 801234567
304675812 801234567
304678152 801234567
304678215 801234567
304678521 801234567
304681275 801234567
304681527 801234567
304681752 801234567
304682157 801234567
304682571 801234567
304682715 801234567
304685172 801234567
304685217 801234567
304685721 801234567
304687125 801234567
304687251 801234567
304687512 801234567
304712568 801234567
304712685 801234567
304712856 801234567
304715286 801234567
304715628 801234567
304715862 801234567
304716258 801234567
304716582 801234567
304716825 801234567
304718265 801234567
304718526 801234567
304718652 801234567
304721586 801234567
304721658 801234567
304721865 801234567
304725168 801234567
304725681 801234567
304725816 801234567
304726185 801234567
304726518 801234567
304726851 801234567
304728156 801234567
304728561 801234567
304728615 801234567
304751268 801234567
304751682 801234567
304751826 801234567
304752186 801234567
304752618 801234567
304752861 801234567
304756128 801234567
304756281 801234567
304756812 801234567
304758162 801234567
304758216 801234567
304758621 801234567
304761285 801234567
304761528 801234567
304761852 801234567
304762158 801234567
304762581 801234567
304762815 801234567
304765182 801234567
304765218 801234567
304765821 801234567
304768125 801234567
304768251 801234567
304768512 801234567
304781256 801234567
304781562 801234567
304781625 801234567
304782165 801234567
304782516 801234567
304782651 801234567
304785126 801234567
304785261 801234567
304785612 801234567
304786152 801234567
304786215 801234567
304786521 801234567
304812576 801234567
304812657 801234567
304812765 801234567
304815267 801234567
304815672 801234567
304815726 801234567
304816275 801234567
304816527 801234567
304816752 801234567
304817256 801234567
304817562 801234567
304817625 801234567
304821567 801234567
304821675 801234567
304821756 801234567
304825176 801234567
304825617 801234567
304825761 801234567
304826157 801234567
304826571 801234567
304826715 801234567
304827165 801234567
304827516 801234567
304827651 801234567
304851276 801234567
304851627 801234567
304851762 801234567
304852167 801234567
304852671 801234567
304852716 801234567
304856172 801234567
304856217 801234567
304856721 801234567
304857126 801234567
304857261 801234567
304857612 801234567
304861257 801234567
304861572 801234567
304861725 801234567
304862175 801234567
304862517 801234567
304862751 801234567
304865127 801234567
304865271 801234567
304865712 801234567
304867152 801234567
304867215 801234567
304867521 801234567
304871265 801234567
304871526 801234567
304871652 801234567
304872156 801234567
304872561 801234567
304872615 801234567
304875162 801234567
304875216 801234567
304875621 801234567
304876125 801234567
304876251 801234567
304876512 801234567
305124687 801234567
305124768 801234567
305124876 801234567
305126478 801234567
305126784 801234567
305126847 801234567
305127486 801234567
305127648 801234567
305127864 801234567
305128467 801234567
305128674 801234567
305128746 801234567
305142678 801234567
305142786 801234567
305142867 801234567
305146287 801234567
305146728 801234567
305146872 801234567
305147268 801234567
305147682 801234567
305147826 801234567
305148276 801234567
305148627 801234567
305148762 801234567
305162487 801234567
305162748 801234567
305162874 801234567
305164278 801234567
305164782 801234567
305164827 801234567
305167284 801234567
305167428 801234567
305167842 801234567
305168247 801234567
305168472 801234567
305168724 801234567
305172468 801234567
305172684 801234567
305172846 801234567
305174286 801234567
305174628 801234567
305174862 801234567
305176248 801234567
305176482 801234567
305176824 801234567
305178264 801234567
305178426 801234567
305178642 801234567
305182476 801234567
305182647 801234567
305182764 801234567
305184267 801234567
305184672 801234567
305184726 801234567
305186274 801234567
305186427 801234567
305186742 801234567
305187246 801234567
305187462 801234567
305187624 801234567
305214678 801234567
305214786 801234567
305214867 801234567
305216487 801234567
305216748 801234567
305216874 801234567
305217468 801234567
305217684 801234567
305217846 801234567
305218476 801234567
305218647 801234567
305218764 801234567
305241687 801234567
305241768 801234567
305241876 801234567
305246178 801234567
305246781 801234567
305246817 801234567
305247186 801234567
305247618 801234567
305247861 801234567
305248167 801234567
305248671 801234567
305248716 801234567
305261478 801234567
305261784 801234567
305261847 801234567
305264187 801234567
305264718 801234567
305264871 801234567
305267148 801234567
305267481 801234567
305267814 801234567
305268174 801234567
305268417 801234567
305268741 801234567
305271486 801234567
305271648 801234567
305271864 801234567
305274168 801234567
305274681 801234567
305274816 801234567
305276184 801234567
305276418 801234567
305276841 801234567
305278146 801234567
305278461 801234567
305278614 801234567
305281467 801234567
305281674 801234567
305281746 801234567
305284176 801234567
305284617 801234567
305284761 801234567
305286147 801234567
305286471 801234567
305286714 801234567
305287164 801234567
305287416 801234567
305287641 801234567
305412687 801234567
305412768 801234567
305412876 801234567
305416278 801234567
305416782 801234567
305416827 801234567
305417286 801234567
305417628 801234567
305417862 801234567
305418267 801234567
305418672 801234567
305418726 801234567
305421678 801234567
305421786 801234567
305421867 801234567
305426187 801234567
305426718 801234567
305426871 801234567
305427168 801234567
305427681 801234567
305427816 801234567
305428176 801234567
305428617 801234567
305428761 801234567
305461287 801234567
305461728 801234567
305461872 801234567
305462178 801234567
305462781 801234567
305462817 801234567
305467182 801234567
305467218 801234567
305467821 801234567
305468127 801234567
305468271 801234567
305468712 801234567
305471268 801234567
305471682 801234567
305471826 801234567
305472186 801234567
305472618 801234567
305472861 801234567
305476128 801234567
305476281 801234567
305476812 801234567
305478162 801234567
305478216 801234567
305478621 801234567
305481276 801234567
305481627 801234567
305481762 801234567
305482167 801234567
305482671 801234567
305482716 801234567
305486172 801234567
305486217 801234567
305486721 801234567
305487126 801234567
305487261 801234567
305487612 801234567
305612478 801234567
305612784 801234567
305612847 801234567
305614287 801234567
305614728 801234567
305614872 801234567
305617248 801234567
305617482 801234567
305617824 801234567
305618274 801234567
305618427 801234567
305618742 801234567
305621487 801234567
305621748 801234567
305621874 801234567
305624178 801234567
305624781 801234567
305624817 801234567
305627184 801234567
305627418 801234567
305627841 801234567
305628147 801234567
305628471 801234567
305628714 801234567
305641278 801234567
305641782 801234567
305641827 801234567
305642187 801234567
305642718 801234567
305642871 801234567
305647128 801234567
305647281 801234567
305647812 801234567
305648172 801234567
305648217 801234567
305648721 801234567
305671284 801234567
305671428 801234567
305671842 801234567
305672148 801234567
305672481 801234567
305672814 801234567
305674182 801234567
305674218 801234567
305674821 801234567
305678124 801234567
305678241 801234567
305678412 801234567
305681247 801234567
305681472 801234567
305681724 801234567
305682174 801234567
305682417 801234567
305682741 801234567
305684127 801234567
305684271 801234567
305684712 801234567
305687142 801234567
305687214 801234567
305687421 801234567
305712486 801234567
305712648 801234567
305712864 801234567
305714268 801234567
305714682 801234567
305714826 801234567
305716284 801234567
305716428 801234567
305716842 801234567
305718246 801234567
305718462 801234567
305718624 801234567
305721468 801234567
305721684 801234567
305721846 801234567
305724186 801234567
305724618 801234567
305724861 801234567
305726148 801234567
305726481 801234567
305726814 801234567
305728164 801234567
305728416 801234567
305728641 801234567
305741286 801234567
305741628 801234567
305741862 801234567
305742168 801234567
305742681 801234567
305742816 801234567
305746182 801234567
305746218 801234567
305746821 801234567
305748126 801234567
305748261 801234567
305748612 801234567
305761248 801234567
305761482 801234567
305761824 801234567
305762184 801234567
305762418 801234567
305762841 801234567
305764128 801234567
305764281 801234567
305764812 801234567
305768142 801234567
305768214 801234567
305768421 801234567
305781264 801234567
305781426 801234567
305781642 801234567
305782146 801234567
305782461 801234567
305782614 801234567
305784162 801234567
305784216 801234567
305784621 801234567
305786124 801234567
305786241 801234567
305786412 801234567
305812467 801234567
305812674 801234567
305812746 801234567
305814276 801234567
305814627 801234567
305814762 801234567
305816247 801234567
305816472 801234567
305816724 801234567
305817264 801234567
305817426 801234567
305817642 801234567
305821476 801234567
305821647 801234567
305821764 801234567
305824167 801234567
