425107368 801234567
425107683 801234567
425107836 801234567
425108376 801234567
425108637 801234567
425108763 801234567
425130687 801234567
425130768 801234567
425130876 801234567
425136078 801234567
425136780 801234567
425136807 801234567
425137086 801234567
425137608 801234567
425137860 801234567
425138067 801234567
425138670 801234567
425138706 801234567
425160378 801234567
425160783 801234567
425160837 801234567
425163087 801234567
425163708 801234567
425163870 801234567
425167038 801234567
425167380 801234567
425167803 801234567
425168073 801234567
425168307 801234567
425168730 801234567
425170386 801234567
425170638 801234567
425170863 801234567
425173068 801234567
425173680 801234567
425173806 801234567
425176083 801234567
425176308 801234567
425176830 801234567
425178036 801234567
425178360 801234567
425178603 801234567
425180367 801234567
425180673 801234567
425180736 801234567
425183076 801234567
425183607 801234567
425183760 801234567
425186037 801234567
425186370 801234567
425186703 801234567
425187063 801234567
425187306 801234567
425187630 801234567
425301687 801234567
425301768 801234567
425301876 801234567
425306178 801234567
425306781 801234567
425306817 801234567
425307186 801234567
425307618 801234567
425307861 801234567
425308167 801234567
425308671 801234567
425308716 801234567
425310678 801234567
425310786 801234567
425310867 801234567
425316087 801234567
425316708 801234567
425316870 801234567
425317068 801234567
425317680 801234567
425317806 801234567
425318076 801234567
425318607 801234567
425318760 801234567
425360187 801234567
425360718 801234567
425360871 801234567
425361078 801234567
425361780 801234567
425361807 801234567
425367081 801234567
425367108 801234567
425367810 801234567
425368017 801234567
425368170 801234567
425368701 801234567
425370168 801234567
425370681 801234567
425370816 801234567
425371086 801234567
425371608 801234567
425371860 801234567
425376018 801234567
425376180 801234567
425376801 801234567
425378061 801234567
425378106 801234567
425378610 801234567
425380176 801234567
425380617 801234567
425380761 801234567
425381067 801234567
425381670 801234567
425381706 801234567
425386071 801234567
425386107 801234567
425386710 801234567
425387016 801234567
425387160 801234567
425387601 801234567
425601378 801234567
425601783 801234567
425601837 801234567
425603187 801234567
425603718 801234567
425603871 801234567
425607138 801234567
425607381 801234567
425607813 801234567
425608173 801234567
425608317 801234567
425608731 801234567
425610387 801234567
425610738 801234567
425610873 801234567
425613078 801234567
425613780 801234567
425613807 801234567
425617083 801234567
425617308 801234567
425617830 801234567
425618037 801234567
425618370 801234567
425618703 801234567
425630178 801234567
425630781 801234567
425630817 801234567
425631087 801234567
425631708 801234567
425631870 801234567
425637018 801234567
425637180 801234567
425637801 801234567
425638071 801234567
425638107 801234567
425638710 801234567
425670183 801234567
425670318 801234567
425670831 801234567
425671038 801234567
425671380 801234567
425671803 801234567
425673081 801234567
425673108 801234567
425673810 801234567
425678013 801234567
425678130 801234567
425678301 801234567
425680137 801234567
425680371 801234567
425680713 801234567
425681073 801234567
425681307 801234567
425681730 801234567
425683017 801234567
425683170 801234567
425683701 801234567
425687031 801234567
425687103 801234567
425687310 801234567
425701386 801234567
425701638 801234567
425701863 801234567
425703168 801234567
425703681 801234567
425703816 801234567
425706183 801234567
425706318 801234567
425706831 801234567
425708136 801234567
425708361 801234567
425708613 801234567
425710368 801234567
425710683 801234567
425710836 801234567
425713086 801234567
425713608 801234567
425713860 801234567
425716038 801234567
425716380 801234567
425716803 801234567
425718063 801234567
425718306 801234567
425718630 801234567
425730186 801234567
425730618 801234567
425730861 801234567
425731068 801234567
425731680 801234567
425731806 801234567
425736081 801234567
425736108 801234567
425736810 801234567
425738016 801234567
425738160 801234567
425738601 801234567
425760138 801234567
425760381 801234567
425760813 801234567
425761083 801234567
425761308 801234567
425761830 801234567
425763018 801234567
425763180 801234567
425763801 801234567
425768031 801234567
425768103 801234567
425768310 801234567
425780163 801234567
425780316 801234567
425780631 801234567
425781036 801234567
425781360 801234567
425781603 801234567
425783061 801234567
425783106 801234567
425783610 801234567
425786013 801234567
425786130 801234567
425786301 801234567
425801367 801234567
425801673 801234567
425801736 801234567
425803176 801234567
425803617 801234567
425803761 801234567
425806137 801234567
425806371 801234567
425806713 801234567
425807163 801234567
425807316 801234567
425807631 801234567
425810376 801234567
425810637 801234567
425810763 801234567
425813067 801234567
425813670 801234567
425813706 801234567
425816073 801234567
425816307 801234567
425816730 801234567
425817036 801234567
425817360 801234567
425817603 801234567
425830167 801234567
425830671 801234567
425830716 801234567
425831076 801234567
425831607 801234567
425831760 801234567
425836017 801234567
425836170 801234567
425836701 801234567
425837061 801234567
425837106 801234567
425837610 801234567
425860173 801234567
425860317 801234567
425860731 801234567
425861037 801234567
425861370 801234567
425861703 801234567
425863071 801234567
425863107 801234567
425863710 801234567
425867013 801234567
425867130 801234567
425867301 801234567
425870136 801234567
425870361 801234567
425870613 801234567
425871063 801234567
425871306 801234567
425871630 801234567
425873016 801234567
425873160 801234567
425873601 801234567
425876031 801234567
425876103 801234567
425876310 801234567
426013578 801234567
426013785 801234567
426013857 801234567
426015387 801234567
426015738 801234567
426015873 801234567
426017358 801234567
426017583 801234567
426017835 801234567
426018375 801234567
426018537 801234567
426018753 801234567
426031587 801234567
426031758 801234567
426031875 801234567
426035178 801234567
426035781 801234567
426035817 801234567
426037185 801234567
426037518 801234567
426037851 801234567
426038157 801234567
426038571 801234567
426038715 801234567
426051378 801234567
426051783 801234567
426051837 801234567
426053187 801234567
426053718 801234567
426053871 801234567
426057138 801234567
426057381 801234567
426057813 801234567
426058173 801234567
426058317 801234567
426058731 801234567
426071385 801234567
426071538 801234567
426071853 801234567
426073158 801234567
426073581 801234567
426073815 801234567
426075183 801234567
426075318 801234567
426075831 801234567
426078135 801234567
426078351 801234567
426078513 801234567
426081357 801234567
426081573 801234567
426081735 801234567
426083175 801234567
426083517 801234567
426083751 801234567
426085137 801234567
426085371 801234567
426085713 801234567
426087153 801234567
426087315 801234567
426087531 801234567
426103587 801234567
426103758 801234567
426103875 801234567
426105378 801234567
426105783 801234567
426105837 801234567
426107385 801234567
426107538 801234567
426107853 801234567
426108357 801234567
426108573 801234567
426108735 801234567
426130578 801234567
426130785 801234567
426130857 801234567
426135087 801234567
426135708 801234567
426135870 801234567
426137058 801234567
426137580 801234567
426137805 801234567
426138075 801234567
426138507 801234567
426138750 801234567
426150387 801234567
426150738 801234567
426150873 801234567
426153078 801234567
426153780 801234567
426153807 801234567
426157083 801234567
426157308 801234567
426157830 801234567
426158037 801234567
426158370 801234567
426158703 801234567
426170358 801234567
426170583 801234567
426170835 801234567
426173085 801234567
426173508 801234567
426173850 801234567
426175038 801234567
426175380 801234567
426175803 801234567
426178053 801234567
426178305 801234567
426178530 801234567
426180375 801234567
426180537 801234567
426180753 801234567
426183057 801234567
426183570 801234567
426183705 801234567
426185073 801234567
426185307 801234567
426185730 801234567
426187035 801234567
426187350 801234567
426187503 801234567
426301578 801234567
426301785 801234567
426301857 801234567
426305187 801234567
426305718 801234567
426305871 801234567
426307158 801234567
426307581 801234567
426307815 801234567
426308175 801234567
426308517 801234567
426308751 801234567
426310587 801234567
426310758 801234567
426310875 801234567
426315078 801234567
426315780 801234567
426315807 801234567
426317085 801234567
426317508 801234567
426317850 801234567
426318057 801234567
426318570 801234567
426318705 801234567
426350178 801234567
426350781 801234567
426350817 801234567
426351087 801234567
426351708 801234567
426351870 801234567
426357018 801234567
426357180 801234567
426357801 801234567
426358071 801234567
426358107 801234567
426358710 801234567
426370185 801234567
426370518 801234567
426370851 801234567
426371058 801234567
426371580 801234567
426371805 801234567
426375081 801234567
426375108 801234567
426375810 801234567
426378015 801234567
426378150 801234567
426378501 801234567
426380157 801234567
426380571 801234567
426380715 801234567
426381075 801234567
426381507 801234567
426381750 801234567
426385017 801234567
426385170 801234567
426385701 801234567
426387051 801234567
426387105 801234567
426387510 801234567
426501387 801234567
426501738 801234567
426501873 801234567
426503178 801234567
426503781 801234567
426503817 801234567
426507183 801234567
426507318 801234567
426507831 801234567
426508137 801234567
426508371 801234567
426508713 801234567
426510378 801234567
426510783 801234567
426510837 801234567
426513087 801234567
426513708 801234567
426513870 801234567
426517038 801234567
426517380 801234567
426517803 801234567
426518073 801234567
426518307 801234567
426518730 801234567
426530187 801234567
