327068154 801234567
327068415 801234567
327068541 801234567
327081465 801234567
327081546 801234567
327081654 801234567
327084156 801234567
327084561 801234567
327084615 801234567
327085164 801234567
327085416 801234567
327085641 801234567
327086145 801234567
327086451 801234567
327086514 801234567
327104568 801234567
327104685 801234567
327104856 801234567
327105486 801234567
327105648 801234567
327105864 801234567
327106458 801234567
327106584 801234567
327106845 801234567
327108465 801234567
327108546 801234567
327108654 801234567
327140586 801234567
327140658 801234567
327140865 801234567
327145068 801234567
327145680 801234567
327145806 801234567
327146085 801234567
327146508 801234567
327146850 801234567
327148056 801234567
327148560 801234567
327148605 801234567
327150468 801234567
327150684 801234567
327150846 801234567
327154086 801234567
327154608 801234567
327154860 801234567
327156048 801234567
327156480 801234567
327156804 801234567
327158064 801234567
327158406 801234567
327158640 801234567
327160485 801234567
327160548 801234567
327160854 801234567
327164058 801234567
327164580 801234567
327164805 801234567
327165084 801234567
327165408 801234567
327165840 801234567
327168045 801234567
327168450 801234567
327168504 801234567
327180456 801234567
327180564 801234567
327180645 801234567
327184065 801234567
327184506 801234567
327184650 801234567
327185046 801234567
327185460 801234567
327185604 801234567
327186054 801234567
327186405 801234567
327186540 801234567
327401586 801234567
327401658 801234567
327401865 801234567
327405168 801234567
327405681 801234567
327405816 801234567
327406185 801234567
327406518 801234567
327406851 801234567
327408156 801234567
327408561 801234567
327408615 801234567
327410568 801234567
327410685 801234567
327410856 801234567
327415086 801234567
327415608 801234567
327415860 801234567
327416058 801234567
327416580 801234567
327416805 801234567
327418065 801234567
327418506 801234567
327418650 801234567
327450186 801234567
327450618 801234567
327450861 801234567
327451068 801234567
327451680 801234567
327451806 801234567
327456081 801234567
327456108 801234567
327456810 801234567
327458016 801234567
327458160 801234567
327458601 801234567
327460158 801234567
327460581 801234567
327460815 801234567
327461085 801234567
327461508 801234567
327461850 801234567
327465018 801234567
327465180 801234567
327465801 801234567
327468051 801234567
327468105 801234567
327468510 801234567
327480165 801234567
327480516 801234567
327480651 801234567
327481056 801234567
327481560 801234567
327481605 801234567
327485061 801234567
327485106 801234567
327485610 801234567
327486015 801234567
327486150 801234567
327486501 801234567
327501468 801234567
327501684 801234567
327501846 801234567
327504186 801234567
327504618 801234567
327504861 801234567
327506148 801234567
327506481 801234567
327506814 801234567
327508164 801234567
327508416 801234567
327508641 801234567
327510486 801234567
327510648 801234567
327510864 801234567
327514068 801234567
327514680 801234567
327514806 801234567
327516084 801234567
327516408 801234567
327516840 801234567
327518046 801234567
327518460 801234567
327518604 801234567
327540168 801234567
327540681 801234567
327540816 801234567
327541086 801234567
327541608 801234567
327541860 801234567
327546018 801234567
327546180 801234567
327546801 801234567
327548061 801234567
327548106 801234567
327548610 801234567
327560184 801234567
327560418 801234567
327560841 801234567
327561048 801234567
327561480 801234567
327561804 801234567
327564081 801234567
327564108 801234567
327564810 801234567
327568014 801234567
327568140 801234567
327568401 801234567
327580146 801234567
327580461 801234567
327580614 801234567
327581064 801234567
327581406 801234567
327581640 801234567
327584016 801234567
327584160 801234567
327584601 801234567
327586041 801234567
327586104 801234567
327586410 801234567
327601485 801234567
327601548 801234567
327601854 801234567
327604158 801234567
327604581 801234567
327604815 801234567
327605184 801234567
327605418 801234567
327605841 801234567
327608145 801234567
327608451 801234567
327608514 801234567
327610458 801234567
327610584 801234567
327610845 801234567
327614085 801234567
327614508 801234567
327614850 801234567
327615048 801234567
327615480 801234567
327615804 801234567
327618054 801234567
327618405 801234567
327618540 801234567
327640185 801234567
327640518 801234567
327640851 801234567
327641058 801234567
327641580 801234567
327641805 801234567
327645081 801234567
327645108 801234567
327645810 801234567
327648015 801234567
327648150 801234567
327648501 801234567
327650148 801234567
327650481 801234567
327650814 801234567
327651084 801234567
327651408 801234567
327651840 801234567
327654018 801234567
327654180 801234567
327654801 801234567
327658041 801234567
327658104 801234567
327658410 801234567
327680154 801234567
327680415 801234567
327680541 801234567
327681045 801234567
327681450 801234567
327681504 801234567
327684051 801234567
327684105 801234567
327684510 801234567
327685014 801234567
327685140 801234567
327685401 801234567
327801456 801234567
327801564 801234567
327801645 801234567
327804165 801234567
327804516 801234567
327804651 801234567
327805146 801234567
327805461 801234567
327805614 801234567
327806154 801234567
327806415 801234567
327806541 801234567
327810465 801234567
327810546 801234567
327810654 801234567
327814056 801234567
327814560 801234567
327814605 801234567
327815064 801234567
327815406 801234567
327815640 801234567
327816045 801234567
327816450 801234567
327816504 801234567
327840156 801234567
327840561 801234567
327840615 801234567
327841065 801234567
327841506 801234567
327841650 801234567
327845016 801234567
327845160 801234567
327845601 801234567
327846051 801234567
327846105 801234567
327846510 801234567
327850164 801234567
327850416 801234567
327850641 801234567
327851046 801234567
327851460 801234567
327851604 801234567
327854061 801234567
327854106 801234567
327854610 801234567
327856014 801234567
327856140 801234567
327856401 801234567
327860145 801234567
327860451 801234567
327860514 801234567
327861054 801234567
327861405 801234567
327861540 801234567
327864015 801234567
327864150 801234567
327864501 801234567
327865041 801234567
327865104 801234567
327865410 801234567
328014567 801234567
328014675 801234567
328014756 801234567
328015476 801234567
328015647 801234567
328015764 801234567
328016457 801234567
328016574 801234567
328016745 801234567
328017465 801234567
328017546 801234567
328017654 801234567
328041576 801234567
328041657 801234567
328041765 801234567
328045167 801234567
328045671 801234567
328045716 801234567
328046175 801234567
328046517 801234567
328046751 801234567
328047156 801234567
328047561 801234567
328047615 801234567
328051467 801234567
328051674 801234567
328051746 801234567
328054176 801234567
328054617 801234567
328054761 801234567
328056147 801234567
328056471 801234567
328056714 801234567
328057164 801234567
328057416 801234567
328057641 801234567
328061475 801234567
328061547 801234567
328061754 801234567
328064157 801234567
328064571 801234567
328064715 801234567
328065174 801234567
328065417 801234567
328065741 801234567
328067145 801234567
328067451 801234567
328067514 801234567
328071456 801234567
328071564 801234567
328071645 801234567
328074165 801234567
328074516 801234567
328074651 801234567
328075146 801234567
328075461 801234567
328075614 801234567
328076154 801234567
328076415 801234567
328076541 801234567
328104576 801234567
328104657 801234567
328104765 801234567
328105467 801234567
328105674 801234567
328105746 801234567
328106475 801234567
328106547 801234567
328106754 801234567
328107456 801234567
328107564 801234567
328107645 801234567
328140567 801234567
328140675 801234567
328140756 801234567
328145076 801234567
328145607 801234567
328145760 801234567
328146057 801234567
328146570 801234567
328146705 801234567
328147065 801234567
328147506 801234567
328147650 801234567
328150476 801234567
328150647 801234567
328150764 801234567
328154067 801234567
328154670 801234567
328154706 801234567
328156074 801234567
328156407 801234567
328156740 801234567
328157046 801234567
328157460 801234567
328157604 801234567
328160457 801234567
328160574 801234567
328160745 801234567
328164075 801234567
328164507 801234567
328164750 801234567
328165047 801234567
328165470 801234567
328165704 801234567
328167054 801234567
328167405 801234567
328167540 801234567
328170465 801234567
328170546 801234567
328170654 801234567
328174056 801234567
328174560 801234567
328174605 801234567
328175064 801234567
328175406 801234567
328175640 801234567
328176045 801234567
328176450 801234567
328176504 801234567
328401567 801234567
328401675 801234567
328401756 801234567
328405176 801234567
328405617 801234567
328405761 801234567
328406157 801234567
328406571 801234567
328406715 801234567
328407165 801234567
328407516 801234567
328407651 801234567
328410576 801234567
328410657 801234567
328410765 801234567
328415067 801234567
328415670 801234567
328415706 801234567
328416075 801234567
328416507 801234567
328416750 801234567
328417056 801234567
328417560 801234567
328417605 801234567
328450167 801234567
328450671 801234567
328450716 801234567
328451076 801234567
328451607 801234567
328451760 801234567
328456017 801234567
328456170 801234567
328456701 801234567
328457061 801234567
328457106 801234567
328457610 801234567
328460175 801234567
328460517 801234567
328460751 801234567
328461057 801234567
328461570 801234567
328461705 801234567
328465071 801234567
328465107 801234567
328465710 801234567
328467015 801234567
328467150 801234567
328467501 801234567
328470156 801234567
328470561 801234567
328470615 801234567
328471065 801234567
328471506 801234567
328471650 801234567
328475016 801234567
328475160 801234567
328475601 801234567
328476051 801234567
328476105 801234567
328476510 801234567
328501476 801234567
328501647 801234567
328501764 801234567
328504167 801234567
