604538721 801234567
604571283 801234567
604571328 801234567
604571832 801234567
604572138 801234567
604572381 801234567
604572813 801234567
604573182 801234567
604573218 801234567
604573821 801234567
604578123 801234567
604578231 801234567
604578312 801234567
604581237 801234567
604581372 801234567
604581723 801234567
604582173 801234567
604582317 801234567
604582731 801234567
604583127 801234567
604583271 801234567
604583712 801234567
604587132 801234567
604587213 801234567
604587321 801234567
604712385 801234567
604712538 801234567
604712853 801234567
604713258 801234567
604713582 801234567
604713825 801234567
604715283 801234567
604715328 801234567
604715832 801234567
604718235 801234567
604718352 801234567
604718523 801234567
604721358 801234567
604721583 801234567
604721835 801234567
604723185 801234567
604723518 801234567
604723851 801234567
604725138 801234567
604725381 801234567
604725813 801234567
604728153 801234567
604728315 801234567
604728531 801234567
604731285 801234567
604731528 801234567
604731852 801234567
604732158 801234567
604732581 801234567
604732815 801234567
604735182 801234567
604735218 801234567
604735821 801234567
604738125 801234567
604738251 801234567
604738512 801234567
604751238 801234567
604751382 801234567
604751823 801234567
604752183 801234567
604752318 801234567
604752831 801234567
604753128 801234567
604753281 801234567
604753812 801234567
604758132 801234567
604758213 801234567
604758321 801234567
604781253 801234567
604781325 801234567
604781532 801234567
604782135 801234567
604782351 801234567
604782513 801234567
604783152 801234567
604783215 801234567
604783521 801234567
604785123 801234567
604785231 801234567
604785312 801234567
604812357 801234567
604812573 801234567
604812735 801234567
604813275 801234567
604813527 801234567
604813752 801234567
604815237 801234567
604815372 801234567
604815723 801234567
604817253 801234567
604817325 801234567
604817532 801234567
604821375 801234567
604821537 801234567
604821753 801234567
604823157 801234567
604823571 801234567
604823715 801234567
604825173 801234567
604825317 801234567
604825731 801234567
604827135 801234567
604827351 801234567
604827513 801234567
604831257 801234567
604831572 801234567
604831725 801234567
604832175 801234567
604832517 801234567
604832751 801234567
604835127 801234567
604835271 801234567
604835712 801234567
604837152 801234567
604837215 801234567
604837521 801234567
604851273 801234567
604851327 801234567
604851732 801234567
604852137 801234567
604852371 801234567
604852713 801234567
604853172 801234567
604853217 801234567
604853721 801234567
604857123 801234567
604857231 801234567
604857312 801234567
604871235 801234567
604871352 801234567
604871523 801234567
604872153 801234567
604872315 801234567
604872531 801234567
604873125 801234567
604873251 801234567
604873512 801234567
604875132 801234567
604875213 801234567
604875321 801234567
605123478 801234567
605123784 801234567
605123847 801234567
605124387 801234567
605124738 801234567
605124873 801234567
605127348 801234567
605127483 801234567
605127834 801234567
605128374 801234567
605128437 801234567
605128743 801234567
605132487 801234567
605132748 801234567
605132874 801234567
605134278 801234567
605134782 801234567
605134827 801234567
605137284 801234567
605137428 801234567
605137842 801234567
605138247 801234567
605138472 801234567
605138724 801234567
605142378 801234567
605142783 801234567
605142837 801234567
605143287 801234567
605143728 801234567
605143872 801234567
605147238 801234567
605147382 801234567
605147823 801234567
605148273 801234567
605148327 801234567
605148732 801234567
605172384 801234567
605172438 801234567
605172843 801234567
605173248 801234567
605173482 801234567
605173824 801234567
605174283 801234567
605174328 801234567
605174832 801234567
605178234 801234567
605178342 801234567
605178423 801234567
605182347 801234567
605182473 801234567
605182734 801234567
605183274 801234567
605183427 801234567
605183742 801234567
605184237 801234567
605184372 801234567
605184723 801234567
605187243 801234567
605187324 801234567
605187432 801234567
605213487 801234567
605213748 801234567
605213874 801234567
605214378 801234567
605214783 801234567
605214837 801234567
605217384 801234567
605217438 801234567
605217843 801234567
605218347 801234567
605218473 801234567
605218734 801234567
605231478 801234567
605231784 801234567
605231847 801234567
605234187 801234567
605234718 801234567
605234871 801234567
605237148 801234567
605237481 801234567
605237814 801234567
605238174 801234567
605238417 801234567
605238741 801234567
605241387 801234567
605241738 801234567
605241873 801234567
605243178 801234567
605243781 801234567
605243817 801234567
605247183 801234567
605247318 801234567
605247831 801234567
605248137 801234567
605248371 801234567
605248713 801234567
605271348 801234567
605271483 801234567
605271834 801234567
605273184 801234567
605273418 801234567
605273841 801234567
605274138 801234567
605274381 801234567
605274813 801234567
605278143 801234567
605278314 801234567
605278431 801234567
605281374 801234567
605281437 801234567
605281743 801234567
605283147 801234567
605283471 801234567
605283714 801234567
605284173 801234567
605284317 801234567
605284731 801234567
605287134 801234567
605287341 801234567
605287413 801234567
605312478 801234567
605312784 801234567
605312847 801234567
605314287 801234567
605314728 801234567
605314872 801234567
605317248 801234567
605317482 801234567
605317824 801234567
605318274 801234567
605318427 801234567
605318742 801234567
605321487 801234567
605321748 801234567
605321874 801234567
605324178 801234567
605324781 801234567
605324817 801234567
605327184 801234567
605327418 801234567
605327841 801234567
605328147 801234567
605328471 801234567
605328714 801234567
605341278 801234567
605341782 801234567
605341827 801234567
605342187 801234567
605342718 801234567
605342871 801234567
605347128 801234567
605347281 801234567
605347812 801234567
605348172 801234567
605348217 801234567
605348721 801234567
605371284 801234567
605371428 801234567
605371842 801234567
605372148 801234567
605372481 801234567
605372814 801234567
605374182 801234567
605374218 801234567
605374821 801234567
605378124 801234567
605378241 801234567
605378412 801234567
605381247 801234567
605381472 801234567
605381724 801234567
605382174 801234567
605382417 801234567
605382741 801234567
605384127 801234567
605384271 801234567
605384712 801234567
605387142 801234567
605387214 801234567
605387421 801234567
605412387 801234567
605412738 801234567
605412873 801234567
605413278 801234567
605413782 801234567
605413827 801234567
605417283 801234567
605417328 801234567
605417832 801234567
605418237 801234567
605418372 801234567
605418723 801234567
605421378 801234567
605421783 801234567
605421837 801234567
605423187 801234567
605423718 801234567
605423871 801234567
605427138 801234567
605427381 801234567
605427813 801234567
605428173 801234567
605428317 801234567
605428731 801234567
605431287 801234567
605431728 801234567
605431872 801234567
605432178 801234567
605432781 801234567
605432817 801234567
605437182 801234567
605437218 801234567
605437821 801234567
605438127 801234567
605438271 801234567
605438712 801234567
605471238 801234567
605471382 801234567
605471823 801234567
605472183 801234567
605472318 801234567
605472831 801234567
605473128 801234567
605473281 801234567
605473812 801234567
605478132 801234567
605478213 801234567
605478321 801234567
605481273 801234567
605481327 801234567
605481732 801234567
605482137 801234567
605482371 801234567
605482713 801234567
605483172 801234567
605483217 801234567
605483721 801234567
605487123 801234567
605487231 801234567
605487312 801234567
605712348 801234567
605712483 801234567
605712834 801234567
605713284 801234567
605713428 801234567
605713842 801234567
605714238 801234567
605714382 801234567
605714823 801234567
605718243 801234567
605718324 801234567
605718432 801234567
605721384 801234567
605721438 801234567
605721843 801234567
605723148 801234567
605723481 801234567
605723814 801234567
605724183 801234567
605724318 801234567
605724831 801234567
605728134 801234567
605728341 801234567
605728413 801234567
605731248 801234567
605731482 801234567
605731824 801234567
605732184 801234567
605732418 801234567
605732841 801234567
605734128 801234567
605734281 801234567
605734812 801234567
605738142 801234567
605738214 801234567
605738421 801234567
605741283 801234567
605741328 801234567
605741832 801234567
605742138 801234567
605742381 801234567
605742813 801234567
605743182 801234567
605743218 801234567
605743821 801234567
605748123 801234567
605748231 801234567
605748312 801234567
605781234 801234567
605781342 801234567
605781423 801234567
605782143 801234567
605782314 801234567
605782431 801234567
605783124 801234567
605783241 801234567
605783412 801234567
605784132 801234567
605784213 801234567
605784321 801234567
605812374 801234567
605812437 801234567
605812743 801234567
605813247 801234567
605813472 801234567
605813724 801234567
605814273 801234567
605814327 801234567
605814732 801234567
605817234 801234567
605817342 801234567
605817423 801234567
605821347 801234567
605821473 801234567
605821734 801234567
605823174 801234567
605823417 801234567
605823741 801234567
605824137 801234567
605824371 801234567
605824713 801234567
605827143 801234567
605827314 801234567
605827431 801234567
605831274 801234567
605831427 801234567
605831742 801234567
605832147 801234567
605832471 801234567
605832714 801234567
605834172 801234567
605834217 801234567
605834721 801234567
605837124 801234567
605837241 801234567
605837412 801234567
605841237 801234567
605841372 801234567
605841723 801234567
605842173 801234567
605842317 801234567
605842731 801234567
605843127 801234567
605843271 801234567
605843712 801234567
605847132 801234567
605847213 801234567
605847321 801234567
605871243 801234567
605871324 801234567
605871432 801234567
605872134 801234567
605872341 801234567
605872413 801234567
