503761284 801234567
503761428 801234567
503761842 801234567
503762148 801234567
503762481 801234567
503762814 801234567
503764182 801234567
503764218 801234567
503764821 801234567
503768124 801234567
503768241 801234567
503768412 801234567
503781246 801234567
503781462 801234567
503781624 801234567
503782164 801234567
503782416 801234567
503782641 801234567
503784126 801234567
503784261 801234567
503784612 801234567
503786142 801234567
503786214 801234567
503786421 801234567
503812476 801234567
503812647 801234567
503812764 801234567
503814267 801234567
503814672 801234567
503814726 801234567
503816274 801234567
503816427 801234567
503816742 801234567
503817246 801234567
503817462 801234567
503817624 801234567
503821467 801234567
503821674 801234567
503821746 801234567
503824176 801234567
503824617 801234567
503824761 801234567
503826147 801234567
503826471 801234567
503826714 801234567
503827164 801234567
503827416 801234567
503827641 801234567
503841276 801234567
503841627 801234567
503841762 801234567
503842167 801234567
503842671 801234567
503842716 801234567
503846172 801234567
503846217 801234567
503846721 801234567
503847126 801234567
503847261 801234567
503847612 801234567
503861247 801234567
503861472 801234567
503861724 801234567
503862174 801234567
503862417 801234567
503862741 801234567
503864127 801234567
503864271 801234567
503864712 801234567
503867142 801234567
503867214 801234567
503867421 801234567
503871264 801234567
503871426 801234567
503871642 801234567
503872146 801234567
503872461 801234567
503872614 801234567
503874162 801234567
503874216 801234567
503874621 801234567
503876124 801234567
503876241 801234567
503876412 801234567
504123687 801234567
504123768 801234567
504123876 801234567
504126378 801234567
504126783 801234567
504126837 801234567
504127386 801234567
504127638 801234567
504127863 801234567
504128367 801234567
504128673 801234567
504128736 801234567
504132678 801234567
504132786 801234567
504132867 801234567
504136287 801234567
504136728 801234567
504136872 801234567
504137268 801234567
504137682 801234567
504137826 801234567
504138276 801234567
504138627 801234567
504138762 801234567
504162387 801234567
504162738 801234567
504162873 801234567
504163278 801234567
504163782 801234567
504163827 801234567
504167283 801234567
504167328 801234567
504167832 801234567
504168237 801234567
504168372 801234567
504168723 801234567
504172368 801234567
504172683 801234567
504172836 801234567
504173286 801234567
504173628 801234567
504173862 801234567
504176238 801234567
504176382 801234567
504176823 801234567
504178263 801234567
504178326 801234567
504178632 801234567
504182376 801234567
504182637 801234567
504182763 801234567
504183267 801234567
504183672 801234567
504183726 801234567
504186273 801234567
504186327 801234567
504186732 801234567
504187236 801234567
504187362 801234567
504187623 801234567
504213678 801234567
504213786 801234567
504213867 801234567
504216387 801234567
504216738 801234567
504216873 801234567
504217368 801234567
504217683 801234567
504217836 801234567
504218376 801234567
504218637 801234567
504218763 801234567
504231687 801234567
504231768 801234567
504231876 801234567
504236178 801234567
504236781 801234567
504236817 801234567
504237186 801234567
504237618 801234567
504237861 801234567
504238167 801234567
504238671 801234567
504238716 801234567
504261378 801234567
504261783 801234567
504261837 801234567
504263187 801234567
504263718 801234567
504263871 801234567
504267138 801234567
504267381 801234567
504267813 801234567
504268173 801234567
504268317 801234567
504268731 801234567
504271386 801234567
504271638 801234567
504271863 801234567
504273168 801234567
504273681 801234567
504273816 801234567
504276183 801234567
504276318 801234567
504276831 801234567
504278136 801234567
504278361 801234567
504278613 801234567
504281367 801234567
504281673 801234567
504281736 801234567
504283176 801234567
504283617 801234567
504283761 801234567
504286137 801234567
504286371 801234567
504286713 801234567
504287163 801234567
504287316 801234567
504287631 801234567
504312687 801234567
504312768 801234567
504312876 801234567
504316278 801234567
504316782 801234567
504316827 801234567
504317286 801234567
504317628 801234567
504317862 801234567
504318267 801234567
504318672 801234567
504318726 801234567
504321678 801234567
504321786 801234567
504321867 801234567
504326187 801234567
504326718 801234567
504326871 801234567
504327168 801234567
504327681 801234567
504327816 801234567
504328176 801234567
504328617 801234567
504328761 801234567
504361287 801234567
504361728 801234567
504361872 801234567
504362178 801234567
504362781 801234567
504362817 801234567
504367182 801234567
504367218 801234567
504367821 801234567
504368127 801234567
504368271 801234567
504368712 801234567
504371268 801234567
504371682 801234567
504371826 801234567
504372186 801234567
504372618 801234567
504372861 801234567
504376128 801234567
504376281 801234567
504376812 801234567
504378162 801234567
504378216 801234567
504378621 801234567
504381276 801234567
504381627 801234567
504381762 801234567
504382167 801234567
504382671 801234567
504382716 801234567
504386172 801234567
504386217 801234567
504386721 801234567
504387126 801234567
504387261 801234567
504387612 801234567
504612378 801234567
504612783 801234567
504612837 801234567
504613287 801234567
504613728 801234567
504613872 801234567
504617238 801234567
504617382 801234567
504617823 801234567
504618273 801234567
504618327 801234567
504618732 801234567
504621387 801234567
504621738 801234567
504621873 801234567
504623178 801234567
504623781 801234567
504623817 801234567
504627183 801234567
504627318 801234567
504627831 801234567
504628137 801234567
504628371 801234567
504628713 801234567
504631278 801234567
504631782 801234567
504631827 801234567
504632187 801234567
504632718 801234567
504632871 801234567
504637128 801234567
504637281 801234567
504637812 801234567
504638172 801234567
504638217 801234567
504638721 801234567
504671283 801234567
504671328 801234567
504671832 801234567
504672138 801234567
504672381 801234567
504672813 801234567
504673182 801234567
504673218 801234567
504673821 801234567
504678123 801234567
504678231 801234567
504678312 801234567
504681237 801234567
504681372 801234567
504681723 801234567
504682173 801234567
504682317 801234567
504682731 801234567
504683127 801234567
504683271 801234567
504683712 801234567
504687132 801234567
504687213 801234567
504687321 801234567
504712386 801234567
504712638 801234567
504712863 801234567
504713268 801234567
504713682 801234567
504713826 801234567
504716283 801234567
504716328 801234567
504716832 801234567
504718236 801234567
504718362 801234567
504718623 801234567
504721368 801234567
504721683 801234567
504721836 801234567
504723186 801234567
504723618 801234567
504723861 801234567
504726138 801234567
504726381 801234567
504726813 801234567
504728163 801234567
504728316 801234567
504728631 801234567
504731286 801234567
504731628 801234567
504731862 801234567
504732168 801234567
504732681 801234567
504732816 801234567
504736182 801234567
504736218 801234567
504736821 801234567
504738126 801234567
504738261 801234567
504738612 801234567
504761238 801234567
504761382 801234567
504761823 801234567
504762183 801234567
504762318 801234567
504762831 801234567
504763128 801234567
504763281 801234567
504763812 801234567
504768132 801234567
504768213 801234567
504768321 801234567
504781263 801234567
504781326 801234567
504781632 801234567
504782136 801234567
504782361 801234567
504782613 801234567
504783162 801234567
504783216 801234567
504783621 801234567
504786123 801234567
504786231 801234567
504786312 801234567
504812367 801234567
504812673 801234567
504812736 801234567
504813276 801234567
504813627 801234567
504813762 801234567
504816237 801234567
504816372 801234567
504816723 801234567
504817263 801234567
504817326 801234567
504817632 801234567
504821376 801234567
504821637 801234567
504821763 801234567
504823167 801234567
504823671 801234567
504823716 801234567
504826173 801234567
504826317 801234567
504826731 801234567
504827136 801234567
504827361 801234567
504827613 801234567
504831267 801234567
504831672 801234567
504831726 801234567
504832176 801234567
504832617 801234567
504832761 801234567
504836127 801234567
504836271 801234567
504836712 801234567
504837162 801234567
504837216 801234567
504837621 801234567
504861273 801234567
504861327 801234567
504861732 801234567
504862137 801234567
504862371 801234567
504862713 801234567
504863172 801234567
504863217 801234567
504863721 801234567
504867123 801234567
504867231 801234567
504867312 801234567
504871236 801234567
504871362 801234567
504871623 801234567
504872163 801234567
504872316 801234567
504872631 801234567
504873126 801234567
504873261 801234567
504873612 801234567
504876132 801234567
504876213 801234567
504876321 801234567
506123478 801234567
506123784 801234567
506123847 801234567
506124387 801234567
506124738 801234567
506124873 801234567
506127348 801234567
506127483 801234567
506127834 801234567
506128374 801234567
506128437 801234567
506128743 801234567
506132487 801234567
506132748 801234567
506132874 801234567
506134278 801234567
506134782 801234567
506134827 801234567
506137284 801234567
506137428 801234567
506137842 801234567
506138247 801234567
506138472 801234567
506138724 801234567
506142378 801234567
506142783 801234567
506142837 801234567
506143287 801234567
506143728 801234567
506143872 801234567
506147238 801234567
506147382 801234567
506147823 801234567
506148273 801234567
506148327 801234567
506148732 801234567
506172384 801234567
506172438 801234567
506172843 801234567
506173248 801234567
506173482 801234567
506173824 801234567
506174283 801234567
506174328 801234567
506174832 801234567
506178234 801234567
506178342 801234567
506178423 801234567
506182347 801234567
506182473 801234567
506182734 801234567
506183274 801234567
506183427 801234567
506183742 801234567
506184237 801234567
