832164570 801234567
832164705 801234567
832165074 801234567
832165407 801234567
832165740 801234567
832167045 801234567
832167450 801234567
832167504 801234567
832170456 801234567
832170564 801234567
832170645 801234567
832174065 801234567
832174506 801234567
832174650 801234567
832175046 801234567
832175460 801234567
832175604 801234567
832176054 801234567
832176405 801234567
832176540 801234567
832401576 801234567
832401657 801234567
832401765 801234567
832405167 801234567
832405671 801234567
832405716 801234567
832406175 801234567
832406517 801234567
832406751 801234567
832407156 801234567
832407561 801234567
832407615 801234567
832410567 801234567
832410675 801234567
832410756 801234567
832415076 801234567
832415607 801234567
832415760 801234567
832416057 801234567
832416570 801234567
832416705 801234567
832417065 801234567
832417506 801234567
832417650 801234567
832450176 801234567
832450617 801234567
832450761 801234567
832451067 801234567
832451670 801234567
832451706 801234567
832456071 801234567
832456107 801234567
832456710 801234567
832457016 801234567
832457160 801234567
832457601 801234567
832460157 801234567
832460571 801234567
832460715 801234567
832461075 801234567
832461507 801234567
832461750 801234567
832465017 801234567
832465170 801234567
832465701 801234567
832467051 801234567
832467105 801234567
832467510 801234567
832470165 801234567
832470516 801234567
832470651 801234567
832471056 801234567
832471560 801234567
832471605 801234567
832475061 801234567
832475106 801234567
832475610 801234567
832476015 801234567
832476150 801234567
832476501 801234567
832501467 801234567
832501674 801234567
832501746 801234567
832504176 801234567
832504617 801234567
832504761 801234567
832506147 801234567
832506471 801234567
832506714 801234567
832507164 801234567
832507416 801234567
832507641 801234567
832510476 801234567
832510647 801234567
832510764 801234567
832514067 801234567
832514670 801234567
832514706 801234567
832516074 801234567
832516407 801234567
832516740 801234567
832517046 801234567
832517460 801234567
832517604 801234567
832540167 801234567
832540671 801234567
832540716 801234567
832541076 801234567
832541607 801234567
832541760 801234567
832546017 801234567
832546170 801234567
832546701 801234567
832547061 801234567
832547106 801234567
832547610 801234567
832560174 801234567
832560417 801234567
832560741 801234567
832561047 801234567
832561470 801234567
832561704 801234567
832564071 801234567
832564107 801234567
832564710 801234567
832567014 801234567
832567140 801234567
832567401 801234567
832570146 801234567
832570461 801234567
832570614 801234567
832571064 801234567
832571406 801234567
832571640 801234567
832574016 801234567
832574160 801234567
832574601 801234567
832576041 801234567
832576104 801234567
832576410 801234567
832601475 801234567
832601547 801234567
832601754 801234567
832604157 801234567
832604571 801234567
832604715 801234567
832605174 801234567
832605417 801234567
832605741 801234567
832607145 801234567
832607451 801234567
832607514 801234567
832610457 801234567
832610574 801234567
832610745 801234567
832614075 801234567
832614507 801234567
832614750 801234567
832615047 801234567
832615470 801234567
832615704 801234567
832617054 801234567
832617405 801234567
832617540 801234567
832640175 801234567
832640517 801234567
832640751 801234567
832641057 801234567
832641570 801234567
832641705 801234567
832645071 801234567
832645107 801234567
832645710 801234567
832647015 801234567
832647150 801234567
832647501 801234567
832650147 801234567
832650471 801234567
832650714 801234567
832651074 801234567
832651407 801234567
832651740 801234567
832654017 801234567
832654170 801234567
832654701 801234567
832657041 801234567
832657104 801234567
832657410 801234567
832670154 801234567
832670415 801234567
832670541 801234567
832671045 801234567
832671450 801234567
832671504 801234567
832674051 801234567
832674105 801234567
832674510 801234567
832675014 801234567
832675140 801234567
832675401 801234567
832701456 801234567
832701564 801234567
832701645 801234567
832704165 801234567
832704516 801234567
832704651 801234567
832705146 801234567
832705461 801234567
832705614 801234567
832706154 801234567
832706415 801234567
832706541 801234567
832710465 801234567
832710546 801234567
832710654 801234567
832714056 801234567
832714560 801234567
832714605 801234567
832715064 801234567
832715406 801234567
832715640 801234567
832716045 801234567
832716450 801234567
832716504 801234567
832740156 801234567
832740561 801234567
832740615 801234567
832741065 801234567
832741506 801234567
832741650 801234567
832745016 801234567
832745160 801234567
832745601 801234567
832746051 801234567
832746105 801234567
832746510 801234567
832750164 801234567
832750416 801234567
832750641 801234567
832751046 801234567
832751460 801234567
832751604 801234567
832754061 801234567
832754106 801234567
832754610 801234567
832756014 801234567
832756140 801234567
832756401 801234567
832760145 801234567
832760451 801234567
832760514 801234567
832761054 801234567
832761405 801234567
832761540 801234567
832764015 801234567
832764150 801234567
832764501 801234567
832765041 801234567
832765104 801234567
832765410 801234567
834012567 801234567
834012675 801234567
834012756 801234567
834015276 801234567
834015627 801234567
834015762 801234567
834016257 801234567
834016572 801234567
834016725 801234567
834017265 801234567
834017526 801234567
834017652 801234567
834021576 801234567
834021657 801234567
834021765 801234567
834025167 801234567
834025671 801234567
834025716 801234567
834026175 801234567
834026517 801234567
834026751 801234567
834027156 801234567
834027561 801234567
834027615 801234567
834051267 801234567
834051672 801234567
834051726 801234567
834052176 801234567
834052617 801234567
834052761 801234567
834056127 801234567
834056271 801234567
834056712 801234567
834057162 801234567
834057216 801234567
834057621 801234567
834061275 801234567
834061527 801234567
834061752 801234567
834062157 801234567
834062571 801234567
834062715 801234567
834065172 801234567
834065217 801234567
834065721 801234567
834067125 801234567
834067251 801234567
834067512 801234567
834071256 801234567
834071562 801234567
834071625 801234567
834072165 801234567
834072516 801234567
834072651 801234567
834075126 801234567
834075261 801234567
834075612 801234567
834076152 801234567
834076215 801234567
834076521 801234567
834102576 801234567
834102657 801234567
834102765 801234567
834105267 801234567
834105672 801234567
834105726 801234567
834106275 801234567
834106527 801234567
834106752 801234567
834107256 801234567
834107562 801234567
834107625 801234567
834120567 801234567
834120675 801234567
834120756 801234567
834125076 801234567
834125607 801234567
834125760 801234567
834126057 801234567
834126570 801234567
834126705 801234567
834127065 801234567
834127506 801234567
834127650 801234567
834150276 801234567
834150627 801234567
834150762 801234567
834152067 801234567
834152670 801234567
834152706 801234567
834156072 801234567
834156207 801234567
834156720 801234567
834157026 801234567
834157260 801234567
834157602 801234567
834160257 801234567
834160572 801234567
834160725 801234567
834162075 801234567
834162507 801234567
834162750 801234567
834165027 801234567
834165270 801234567
834165702 801234567
834167052 801234567
834167205 801234567
834167520 801234567
834170265 801234567
834170526 801234567
834170652 801234567
834172056 801234567
834172560 801234567
834172605 801234567
834175062 801234567
834175206 801234567
834175620 801234567
834176025 801234567
834176250 801234567
834176502 801234567
834201567 801234567
834201675 801234567
834201756 801234567
834205176 801234567
834205617 801234567
834205761 801234567
834206157 801234567
834206571 801234567
834206715 801234567
834207165 801234567
834207516 801234567
834207651 801234567
834210576 801234567
834210657 801234567
834210765 801234567
834215067 801234567
834215670 801234567
834215706 801234567
834216075 801234567
834216507 801234567
834216750 801234567
834217056 801234567
834217560 801234567
834217605 801234567
834250167 801234567
834250671 801234567
834250716 801234567
834251076 801234567
834251607 801234567
834251760 801234567
834256017 801234567
834256170 801234567
834256701 801234567
834257061 801234567
834257106 801234567
834257610 801234567
834260175 801234567
834260517 801234567
834260751 801234567
834261057 801234567
834261570 801234567
834261705 801234567
834265071 801234567
834265107 801234567
834265710 801234567
834267015 801234567
834267150 801234567
834267501 801234567
834270156 801234567
834270561 801234567
834270615 801234567
834271065 801234567
834271506 801234567
834271650 801234567
834275016 801234567
834275160 801234567
834275601 801234567
834276051 801234567
834276105 801234567
834276510 801234567
834501276 801234567
834501627 801234567
834501762 801234567
834502167 801234567
834502671 801234567
834502716 801234567
834506172 801234567
834506217 801234567
834506721 801234567
834507126 801234567
834507261 801234567
834507612 801234567
834510267 801234567
834510672 801234567
834510726 801234567
834512076 801234567
834512607 801234567
834512760 801234567
834516027 801234567
834516270 801234567
834516702 801234567
834517062 801234567
834517206 801234567
834517620 801234567
834520176 801234567
834520617 801234567
834520761 801234567
834521067 801234567
834521670 801234567
834521706 801234567
834526071 801234567
834526107 801234567
834526710 801234567
834527016 801234567
834527160 801234567
834527601 801234567
834560127 801234567
834560271 801234567
834560712 801234567
834561072 801234567
834561207 801234567
834561720 801234567
834562017 801234567
834562170 801234567
834562701 801234567
834567021 801234567
834567102 801234567
834567210 801234567
834570162 801234567
834570216 801234567
834570621 801234567
834571026 801234567
834571260 801234567
834571602 801234567
834572061 801234567
834572106 801234567
834572610 801234567
834576012 801234567
834576120 801234567
