105672438 801234567
105672843 801234567
105673248 801234567
105673482 801234567
105673824 801234567
105674283 801234567
105674328 801234567
105674832 801234567
105678234 801234567
105678342 801234567
105678423 801234567
105682347 801234567
105682473 801234567
105682734 801234567
105683274 801234567
105683427 801234567
105683742 801234567
105684237 801234567
105684372 801234567
105684723 801234567
105687243 801234567
105687324 801234567
105687432 801234567
105723486 801234567
105723648 801234567
105723864 801234567
105724368 801234567
105724683 801234567
105724836 801234567
105726384 801234567
105726438 801234567
105726843 801234567
105728346 801234567
105728463 801234567
105728634 801234567
105732468 801234567
105732684 801234567
105732846 801234567
105734286 801234567
105734628 801234567
105734862 801234567
105736248 801234567
105736482 801234567
105736824 801234567
105738264 801234567
105738426 801234567
105738642 801234567
105742386 801234567
105742638 801234567
105742863 801234567
105743268 801234567
105743682 801234567
105743826 801234567
105746283 801234567
105746328 801234567
105746832 801234567
105748236 801234567
105748362 801234567
105748623 801234567
105762348 801234567
105762483 801234567
105762834 801234567
105763284 801234567
105763428 801234567
105763842 801234567
105764238 801234567
105764382 801234567
105764823 801234567
105768243 801234567
105768324 801234567
105768432 801234567
105782364 801234567
105782436 801234567
105782643 801234567
105783246 801234567
105783462 801234567
105783624 801234567
105784263 801234567
105784326 801234567
105784632 801234567
105786234 801234567
105786342 801234567
105786423 801234567
105823467 801234567
105823674 801234567
105823746 801234567
105824376 801234567
105824637 801234567
105824763 801234567
105826347 801234567
105826473 801234567
105826734 801234567
105827364 801234567
105827436 801234567
105827643 801234567
105832476 801234567
105832647 801234567
105832764 801234567
105834267 801234567
105834672 801234567
105834726 801234567
105836274 801234567
105836427 801234567
105836742 801234567
105837246 801234567
105837462 801234567
105837624 801234567
105842367 801234567
105842673 801234567
105842736 801234567
105843276 801234567
105843627 801234567
105843762 801234567
105846237 801234567
105846372 801234567
105846723 801234567
105847263 801234567
105847326 801234567
105847632 801234567
105862374 801234567
105862437 801234567
105862743 801234567
105863247 801234567
105863472 801234567
105863724 801234567
105864273 801234567
105864327 801234567
105864732 801234567
105867234 801234567
105867342 801234567
105867423 801234567
105872346 801234567
105872463 801234567
105872634 801234567
105873264 801234567
105873426 801234567
105873642 801234567
105874236 801234567
105874362 801234567
105874623 801234567
105876243 801234567
105876324 801234567
105876432 801234567
106234578 801234567
106234785 801234567
106234857 801234567
106235487 801234567
106235748 801234567
106235874 801234567
106237458 801234567
106237584 801234567
106237845 801234567
106238475 801234567
106238547 801234567
106238754 801234567
106243587 801234567
106243758 801234567
106243875 801234567
106245378 801234567
106245783 801234567
106245837 801234567
106247385 801234567
106247538 801234567
106247853 801234567
106248357 801234567
106248573 801234567
106248735 801234567
106253478 801234567
106253784 801234567
106253847 801234567
106254387 801234567
106254738 801234567
106254873 801234567
106257348 801234567
106257483 801234567
106257834 801234567
106258374 801234567
106258437 801234567
106258743 801234567
106273485 801234567
106273548 801234567
106273854 801234567
106274358 801234567
106274583 801234567
106274835 801234567
106275384 801234567
106275438 801234567
106275843 801234567
106278345 801234567
106278453 801234567
106278534 801234567
106283457 801234567
106283574 801234567
106283745 801234567
106284375 801234567
106284537 801234567
106284753 801234567
106285347 801234567
106285473 801234567
106285734 801234567
106287354 801234567
106287435 801234567
106287543 801234567
106324587 801234567
106324758 801234567
106324875 801234567
106325478 801234567
106325784 801234567
106325847 801234567
106327485 801234567
106327548 801234567
106327854 801234567
106328457 801234567
106328574 801234567
106328745 801234567
106342578 801234567
106342785 801234567
106342857 801234567
106345287 801234567
106345728 801234567
106345872 801234567
106347258 801234567
106347582 801234567
106347825 801234567
106348275 801234567
106348527 801234567
106348752 801234567
106352487 801234567
106352748 801234567
106352874 801234567
106354278 801234567
106354782 801234567
106354827 801234567
106357284 801234567
106357428 801234567
106357842 801234567
106358247 801234567
106358472 801234567
106358724 801234567
106372458 801234567
106372584 801234567
106372845 801234567
106374285 801234567
106374528 801234567
106374852 801234567
106375248 801234567
106375482 801234567
106375824 801234567
106378254 801234567
106378425 801234567
106378542 801234567
106382475 801234567
106382547 801234567
106382754 801234567
106384257 801234567
106384572 801234567
106384725 801234567
106385274 801234567
106385427 801234567
106385742 801234567
106387245 801234567
106387452 801234567
106387524 801234567
106423578 801234567
106423785 801234567
106423857 801234567
106425387 801234567
106425738 801234567
106425873 801234567
106427358 801234567
106427583 801234567
106427835 801234567
106428375 801234567
106428537 801234567
106428753 801234567
106432587 801234567
106432758 801234567
106432875 801234567
106435278 801234567
106435782 801234567
106435827 801234567
106437285 801234567
106437528 801234567
106437852 801234567
106438257 801234567
106438572 801234567
106438725 801234567
106452378 801234567
106452783 801234567
106452837 801234567
106453287 801234567
106453728 801234567
106453872 801234567
106457238 801234567
106457382 801234567
106457823 801234567
106458273 801234567
106458327 801234567
106458732 801234567
106472385 801234567
106472538 801234567
106472853 801234567
106473258 801234567
106473582 801234567
106473825 801234567
106475283 801234567
106475328 801234567
106475832 801234567
106478235 801234567
106478352 801234567
106478523 801234567
106482357 801234567
106482573 801234567
106482735 801234567
106483275 801234567
106483527 801234567
106483752 801234567
106485237 801234567
106485372 801234567
106485723 801234567
106487253 801234567
106487325 801234567
106487532 801234567
106523487 801234567
106523748 801234567
106523874 801234567
106524378 801234567
106524783 801234567
106524837 801234567
106527384 801234567
106527438 801234567
106527843 801234567
106528347 801234567
106528473 801234567
106528734 801234567
106532478 801234567
106532784 801234567
106532847 801234567
106534287 801234567
106534728 801234567
106534872 801234567
106537248 801234567
106537482 801234567
106537824 801234567
106538274 801234567
106538427 801234567
106538742 801234567
106542387 801234567
106542738 801234567
106542873 801234567
106543278 801234567
106543782 801234567
106543827 801234567
106547283 801234567
106547328 801234567
106547832 801234567
106548237 801234567
106548372 801234567
106548723 801234567
106572348 801234567
106572483 801234567
106572834 801234567
106573284 801234567
106573428 801234567
106573842 801234567
106574238 801234567
106574382 801234567
106574823 801234567
106578243 801234567
106578324 801234567
106578432 801234567
106582374 801234567
106582437 801234567
106582743 801234567
106583247 801234567
106583472 801234567
106583724 801234567
106584273 801234567
106584327 801234567
106584732 801234567
106587234 801234567
106587342 801234567
106587423 801234567
106723458 801234567
106723584 801234567
106723845 801234567
106724385 801234567
106724538 801234567
106724853 801234567
106725348 801234567
106725483 801234567
106725834 801234567
106728354 801234567
106728435 801234567
106728543 801234567
106732485 801234567
106732548 801234567
106732854 801234567
106734258 801234567
106734582 801234567
106734825 801234567
106735284 801234567
106735428 801234567
106735842 801234567
106738245 801234567
106738452 801234567
106738524 801234567
106742358 801234567
106742583 801234567
106742835 801234567
106743285 801234567
106743528 801234567
106743852 801234567
106745238 801234567
106745382 801234567
106745823 801234567
106748253 801234567
106748325 801234567
106748532 801234567
106752384 801234567
106752438 801234567
106752843 801234567
106753248 801234567
106753482 801234567
106753824 801234567
106754283 801234567
106754328 801234567
106754832 801234567
106758234 801234567
106758342 801234567
106758423 801234567
106782345 801234567
106782453 801234567
106782534 801234567
106783254 801234567
106783425 801234567
106783542 801234567
106784235 801234567
106784352 801234567
106784523 801234567
106785243 801234567
106785324 801234567
106785432 801234567
106823475 801234567
106823547 801234567
106823754 801234567
106824357 801234567
106824573 801234567
106824735 801234567
106825374 801234567
106825437 801234567
106825743 801234567
106827345 801234567
106827453 801234567
106827534 801234567
106832457 801234567
106832574 801234567
106832745 801234567
106834275 801234567
106834527 801234567
106834752 801234567
106835247 801234567
106835472 801234567
106835724 801234567
106837254 801234567
106837425 801234567
106837542 801234567
106842375 801234567
106842537 801234567
106842753 801234567
106843257 801234567
106843572 801234567
106843725 801234567
106845273 801234567
106845327 801234567
106845732 801234567
106847235 801234567
106847352 801234567
106847523 801234567
106852347 801234567
106852473 801234567
106852734 801234567
106853274 801234567
106853427 801234567
106853742 801234567
106854237 801234567
106854372 801234567
106854723 801234567
106857243 801234567
106857324 801234567
106857432 801234567
106872354 801234567
106872435 801234567
106872543 801234567
106873245 801234567
106873452 801234567
106873524 801234567
106874253 801234567
106874325 801234567
