532618047 801234567
532618470 801234567
532618704 801234567
532640178 801234567
532640781 801234567
532640817 801234567
532641087 801234567
532641708 801234567
532641870 801234567
532647018 801234567
532647180 801234567
532647801 801234567
532648071 801234567
532648107 801234567
532648710 801234567
532670184 801234567
532670418 801234567
532670841 801234567
532671048 801234567
532671480 801234567
532671804 801234567
532674081 801234567
532674108 801234567
532674810 801234567
532678014 801234567
532678140 801234567
532678401 801234567
532680147 801234567
532680471 801234567
532680714 801234567
532681074 801234567
532681407 801234567
532681740 801234567
532684017 801234567
532684170 801234567
532684701 801234567
532687041 801234567
532687104 801234567
532687410 801234567
532701486 801234567
532701648 801234567
532701864 801234567
532704168 801234567
532704681 801234567
532704816 801234567
532706184 801234567
532706418 801234567
532706841 801234567
532708146 801234567
532708461 801234567
532708614 801234567
532710468 801234567
532710684 801234567
532710846 801234567
532714086 801234567
532714608 801234567
532714860 801234567
532716048 801234567
532716480 801234567
532716804 801234567
532718064 801234567
532718406 801234567
532718640 801234567
532740186 801234567
532740618 801234567
532740861 801234567
532741068 801234567
532741680 801234567
532741806 801234567
532746081 801234567
532746108 801234567
532746810 801234567
532748016 801234567
532748160 801234567
532748601 801234567
532760148 801234567
532760481 801234567
532760814 801234567
532761084 801234567
532761408 801234567
532761840 801234567
532764018 801234567
532764180 801234567
532764801 801234567
532768041 801234567
532768104 801234567
532768410 801234567
532780164 801234567
532780416 801234567
532780641 801234567
532781046 801234567
532781460 801234567
532781604 801234567
532784061 801234567
532784106 801234567
532784610 801234567
532786014 801234567
532786140 801234567
532786401 801234567
532801467 801234567
532801674 801234567
532801746 801234567
532804176 801234567
532804617 801234567
532804761 801234567
532806147 801234567
532806471 801234567
532806714 801234567
532807164 801234567
532807416 801234567
532807641 801234567
532810476 801234567
532810647 801234567
532810764 801234567
532814067 801234567
532814670 801234567
532814706 801234567
532816074 801234567
532816407 801234567
532816740 801234567
532817046 801234567
532817460 801234567
532817604 801234567
532840167 801234567
532840671 801234567
532840716 801234567
532841076 801234567
532841607 801234567
532841760 801234567
532846017 801234567
532846170 801234567
532846701 801234567
532847061 801234567
532847106 801234567
532847610 801234567
532860174 801234567
532860417 801234567
532860741 801234567
532861047 801234567
532861470 801234567
532861704 801234567
532864071 801234567
532864107 801234567
532864710 801234567
532867014 801234567
532867140 801234567
532867401 801234567
532870146 801234567
532870461 801234567
532870614 801234567
532871064 801234567
532871406 801234567
532871640 801234567
532874016 801234567
532874160 801234567
532874601 801234567
532876041 801234567
532876104 801234567
532876410 801234567
534012678 801234567
534012786 801234567
534012867 801234567
534016287 801234567
534016728 801234567
534016872 801234567
534017268 801234567
534017682 801234567
534017826 801234567
534018276 801234567
534018627 801234567
534018762 801234567
534021687 801234567
534021768 801234567
534021876 801234567
534026178 801234567
534026781 801234567
534026817 801234567
534027186 801234567
534027618 801234567
534027861 801234567
534028167 801234567
534028671 801234567
534028716 801234567
534061278 801234567
534061782 801234567
534061827 801234567
534062187 801234567
534062718 801234567
534062871 801234567
534067128 801234567
534067281 801234567
534067812 801234567
534068172 801234567
534068217 801234567
534068721 801234567
534071286 801234567
534071628 801234567
534071862 801234567
534072168 801234567
534072681 801234567
534072816 801234567
534076182 801234567
534076218 801234567
534076821 801234567
534078126 801234567
534078261 801234567
534078612 801234567
534081267 801234567
534081672 801234567
534081726 801234567
534082176 801234567
534082617 801234567
534082761 801234567
534086127 801234567
534086271 801234567
534086712 801234567
534087162 801234567
534087216 801234567
534087621 801234567
534102687 801234567
534102768 801234567
534102876 801234567
534106278 801234567
534106782 801234567
534106827 801234567
534107286 801234567
534107628 801234567
534107862 801234567
534108267 801234567
534108672 801234567
534108726 801234567
534120678 801234567
534120786 801234567
534120867 801234567
534126087 801234567
534126708 801234567
534126870 801234567
534127068 801234567
534127680 801234567
534127806 801234567
534128076 801234567
534128607 801234567
534128760 801234567
534160287 801234567
534160728 801234567
534160872 801234567
534162078 801234567
534162780 801234567
534162807 801234567
534167082 801234567
534167208 801234567
534167820 801234567
534168027 801234567
534168270 801234567
534168702 801234567
534170268 801234567
534170682 801234567
534170826 801234567
534172086 801234567
534172608 801234567
534172860 801234567
534176028 801234567
534176280 801234567
534176802 801234567
534178062 801234567
534178206 801234567
534178620 801234567
534180276 801234567
534180627 801234567
534180762 801234567
534182067 801234567
534182670 801234567
534182706 801234567
534186072 801234567
534186207 801234567
534186720 801234567
534187026 801234567
534187260 801234567
534187602 801234567
534201678 801234567
534201786 801234567
534201867 801234567
534206187 801234567
534206718 801234567
534206871 801234567
534207168 801234567
534207681 801234567
534207816 801234567
534208176 801234567
534208617 801234567
534208761 801234567
534210687 801234567
534210768 801234567
534210876 801234567
534216078 801234567
534216780 801234567
534216807 801234567
534217086 801234567
534217608 801234567
534217860 801234567
534218067 801234567
534218670 801234567
534218706 801234567
534260178 801234567
534260781 801234567
534260817 801234567
534261087 801234567
534261708 801234567
534261870 801234567
534267018 801234567
534267180 801234567
534267801 801234567
534268071 801234567
534268107 801234567
534268710 801234567
534270186 801234567
534270618 801234567
534270861 801234567
534271068 801234567
534271680 801234567
534271806 801234567
534276081 801234567
534276108 801234567
534276810 801234567
534278016 801234567
534278160 801234567
534278601 801234567
534280167 801234567
534280671 801234567
534280716 801234567
534281076 801234567
534281607 801234567
534281760 801234567
534286017 801234567
534286170 801234567
534286701 801234567
534287061 801234567
534287106 801234567
534287610 801234567
534601287 801234567
534601728 801234567
534601872 801234567
534602178 801234567
534602781 801234567
534602817 801234567
534607182 801234567
534607218 801234567
534607821 801234567
534608127 801234567
534608271 801234567
534608712 801234567
534610278 801234567
534610782 801234567
534610827 801234567
534612087 801234567
534612708 801234567
534612870 801234567
534617028 801234567
534617280 801234567
534617802 801234567
534618072 801234567
534618207 801234567
534618720 801234567
534620187 801234567
534620718 801234567
534620871 801234567
534621078 801234567
534621780 801234567
534621807 801234567
534627081 801234567
534627108 801234567
534627810 801234567
534628017 801234567
534628170 801234567
534628701 801234567
534670128 801234567
534670281 801234567
534670812 801234567
534671082 801234567
534671208 801234567
534671820 801234567
534672018 801234567
534672180 801234567
534672801 801234567
534678021 801234567
534678102 801234567
534678210 801234567
534680172 801234567
534680217 801234567
534680721 801234567
534681027 801234567
534681270 801234567
534681702 801234567
534682071 801234567
534682107 801234567
534682710 801234567
534687012 801234567
534687120 801234567
534687201 801234567
534701268 801234567
534701682 801234567
534701826 801234567
534702186 801234567
534702618 801234567
534702861 801234567
534706128 801234567
534706281 801234567
534706812 801234567
534708162 801234567
534708216 801234567
534708621 801234567
534710286 801234567
534710628 801234567
534710862 801234567
534712068 801234567
534712680 801234567
534712806 801234567
534716082 801234567
534716208 801234567
534716820 801234567
534718026 801234567
534718260 801234567
534718602 801234567
534720168 801234567
534720681 801234567
534720816 801234567
534721086 801234567
534721608 801234567
534721860 801234567
534726018 801234567
534726180 801234567
534726801 801234567
534728061 801234567
534728106 801234567
534728610 801234567
534760182 801234567
534760218 801234567
534760821 801234567
534761028 801234567
534761280 801234567
534761802 801234567
534762081 801234567
534762108 801234567
534762810 801234567
534768012 801234567
534768120 801234567
534768201 801234567
534780126 801234567
534780261 801234567
534780612 801234567
534781062 801234567
534781206 801234567
534781620 801234567
534782016 801234567
534782160 801234567
534782601 801234567
534786021 801234567
534786102 801234567
534786210 801234567
534801276 801234567
534801627 801234567
534801762 801234567
534802167 801234567
534802671 801234567
534802716 801234567
534806172 801234567
534806217 801234567
534806721 801234567
534807126 801234567
534807261 801234567
534807612 801234567
534810267 801234567
534810672 801234567
534810726 801234567
534812076 801234567
534812607 801234567
534812760 801234567
534816027 801234567
534816270 801234567
534816702 801234567
534817062 801234567
534817206 801234567
534817620 801234567
534820176 801234567
534820617 801234567
534820761 801234567
534821067 801234567
534821670 801234567
534821706 801234567
534826071 801234567
534826107 801234567
534826710 801234567
534827016 801234567
534827160 801234567
534827601 801234567
534860127 801234567
534860271 801234567
534860712 801234567
534861072 801234567
