081742356 801234567
081742563 801234567
081742635 801234567
081743265 801234567
081743526 801234567
081743652 801234567
081745236 801234567
081745362 801234567
081745623 801234567
081746253 801234567
081746325 801234567
081746532 801234567
081752364 801234567
081752436 801234567
081752643 801234567
081753246 801234567
081753462 801234567
081753624 801234567
081754263 801234567
081754326 801234567
081754632 801234567
081756234 801234567
081756342 801234567
081756423 801234567
081762345 801234567
081762453 801234567
081762534 801234567
081763254 801234567
081763425 801234567
081763542 801234567
081764235 801234567
081764352 801234567
081764523 801234567
081765243 801234567
081765324 801234567
081765432 801234567
082134567 801234567
082134675 801234567
082134756 801234567
082135476 801234567
082135647 801234567
082135764 801234567
082136457 801234567
082136574 801234567
082136745 801234567
082137465 801234567
082137546 801234567
082137654 801234567
082143576 801234567
082143657 801234567
082143765 801234567
082145367 801234567
082145673 801234567
082145736 801234567
082146375 801234567
082146537 801234567
082146753 801234567
082147356 801234567
082147563 801234567
082147635 801234567
082153467 801234567
082153674 801234567
082153746 801234567
082154376 801234567
082154637 801234567
082154763 801234567
082156347 801234567
082156473 801234567
082156734 801234567
082157364 801234567
082157436 801234567
082157643 801234567
082163475 801234567
082163547 801234567
082163754 801234567
082164357 801234567
082164573 801234567
082164735 801234567
082165374 801234567
082165437 801234567
082165743 801234567
082167345 801234567
082167453 801234567
082167534 801234567
082173456 801234567
082173564 801234567
082173645 801234567
082174365 801234567
082174536 801234567
082174653 801234567
082175346 801234567
082175463 801234567
082175634 801234567
082176354 801234567
082176435 801234567
082176543 801234567
082314576 801234567
082314657 801234567
082314765 801234567
082315467 801234567
082315674 801234567
082315746 801234567
082316475 801234567
082316547 801234567
082316754 801234567
082317456 801234567
082317564 801234567
082317645 801234567
082341567 801234567
082341675 801234567
082341756 801234567
082345176 801234567
082345617 801234567
082345761 801234567
082346157 801234567
082346571 801234567
082346715 801234567
082347165 801234567
082347516 801234567
082347651 801234567
082351476 801234567
082351647 801234567
082351764 801234567
082354167 801234567
082354671 801234567
082354716 801234567
082356174 801234567
082356417 801234567
082356741 801234567
082357146 801234567
082357461 801234567
082357614 801234567
082361457 801234567
082361574 801234567
082361745 801234567
082364175 801234567
082364517 801234567
082364751 801234567
082365147 801234567
082365471 801234567
082365714 801234567
082367154 801234567
082367415 801234567
082367541 801234567
082371465 801234567
082371546 801234567
082371654 801234567
082374156 801234567
082374561 801234567
082374615 801234567
082375164 801234567
082375416 801234567
082375641 801234567
082376145 801234567
082376451 801234567
082376514 801234567
082413567 801234567
082413675 801234567
082413756 801234567
082415376 801234567
082415637 801234567
082415763 801234567
082416357 801234567
082416573 801234567
082416735 801234567
082417365 801234567
082417536 801234567
082417653 801234567
082431576 801234567
082431657 801234567
082431765 801234567
082435167 801234567
082435671 801234567
082435716 801234567
082436175 801234567
082436517 801234567
082436751 801234567
082437156 801234567
082437561 801234567
082437615 801234567
082451367 801234567
082451673 801234567
082451736 801234567
082453176 801234567
082453617 801234567
082453761 801234567
082456137 801234567
082456371 801234567
082456713 801234567
082457163 801234567
082457316 801234567
082457631 801234567
082461375 801234567
082461537 801234567
082461753 801234567
082463157 801234567
082463571 801234567
082463715 801234567
082465173 801234567
082465317 801234567
082465731 801234567
082467135 801234567
082467351 801234567
082467513 801234567
082471356 801234567
082471563 801234567
082471635 801234567
082473165 801234567
082473516 801234567
082473651 801234567
082475136 801234567
082475361 801234567
082475613 801234567
082476153 801234567
082476315 801234567
082476531 801234567
082513476 801234567
082513647 801234567
082513764 801234567
082514367 801234567
082514673 801234567
082514736 801234567
082516374 801234567
082516437 801234567
082516743 801234567
082517346 801234567
082517463 801234567
082517634 801234567
082531467 801234567
082531674 801234567
082531746 801234567
082534176 801234567
082534617 801234567
082534761 801234567
082536147 801234567
082536471 801234567
082536714 801234567
082537164 801234567
082537416 801234567
082537641 801234567
082541376 801234567
082541637 801234567
082541763 801234567
082543167 801234567
082543671 801234567
082543716 801234567
082546173 801234567
082546317 801234567
082546731 801234567
082547136 801234567
082547361 801234567
082547613 801234567
082561347 801234567
082561473 801234567
082561734 801234567
082563174 801234567
082563417 801234567
082563741 801234567
082564137 801234567
082564371 801234567
082564713 801234567
082567143 801234567
082567314 801234567
082567431 801234567
082571364 801234567
082571436 801234567
082571643 801234567
082573146 801234567
082573461 801234567
082573614 801234567
082574163 801234567
082574316 801234567
082574631 801234567
082576134 801234567
082576341 801234567
082576413 801234567
082613457 801234567
082613574 801234567
082613745 801234567
082614375 801234567
082614537 801234567
082614753 801234567
082615347 801234567
082615473 801234567
082615734 801234567
082617354 801234567
082617435 801234567
082617543 801234567
082631475 801234567
082631547 801234567
082631754 801234567
082634157 801234567
082634571 801234567
082634715 801234567
082635174 801234567
082635417 801234567
082635741 801234567
082637145 801234567
082637451 801234567
082637514 801234567
082641357 801234567
082641573 801234567
082641735 801234567
082643175 801234567
082643517 801234567
082643751 801234567
082645137 801234567
082645371 801234567
082645713 801234567
082647153 801234567
082647315 801234567
082647531 801234567
082651374 801234567
082651437 801234567
082651743 801234567
082653147 801234567
082653471 801234567
082653714 801234567
082654173 801234567
082654317 801234567
082654731 801234567
082657134 801234567
082657341 801234567
082657413 801234567
082671345 801234567
082671453 801234567
082671534 801234567
082673154 801234567
082673415 801234567
082673541 801234567
082674135 801234567
082674351 801234567
082674513 801234567
082675143 801234567
082675314 801234567
082675431 801234567
082713465 801234567
082713546 801234567
082713654 801234567
082714356 801234567
082714563 801234567
082714635 801234567
082715364 801234567
082715436 801234567
082715643 801234567
082716345 801234567
082716453 801234567
082716534 801234567
082731456 801234567
082731564 801234567
082731645 801234567
082734165 801234567
082734516 801234567
082734651 801234567
082735146 801234567
082735461 801234567
082735614 801234567
082736154 801234567
082736415 801234567
082736541 801234567
082741365 801234567
082741536 801234567
082741653 801234567
082743156 801234567
082743561 801234567
082743615 801234567
082745163 801234567
082745316 801234567
082745631 801234567
082746135 801234567
082746351 801234567
082746513 801234567
082751346 801234567
082751463 801234567
082751634 801234567
082753164 801234567
082753416 801234567
082753641 801234567
082754136 801234567
082754361 801234567
082754613 801234567
082756143 801234567
082756314 801234567
082756431 801234567
082761354 801234567
082761435 801234567
082761543 801234567
082763145 801234567
082763451 801234567
082763514 801234567
082764153 801234567
082764315 801234567
082764531 801234567
082765134 801234567
082765341 801234567
082765413 801234567
083124576 801234567
083124657 801234567
083124765 801234567
083125467 801234567
083125674 801234567
083125746 801234567
083126475 801234567
083126547 801234567
083126754 801234567
083127456 801234567
083127564 801234567
083127645 801234567
083142567 801234567
083142675 801234567
083142756 801234567
083145276 801234567
083145627 801234567
083145762 801234567
083146257 801234567
083146572 801234567
083146725 801234567
083147265 801234567
083147526 801234567
083147652 801234567
083152476 801234567
083152647 801234567
083152764 801234567
083154267 801234567
083154672 801234567
083154726 801234567
083156274 801234567
083156427 801234567
083156742 801234567
083157246 801234567
083157462 801234567
083157624 801234567
083162457 801234567
083162574 801234567
083162745 801234567
083164275 801234567
083164527 801234567
083164752 801234567
083165247 801234567
083165472 801234567
083165724 801234567
083167254 801234567
083167425 801234567
083167542 801234567
083172465 801234567
083172546 801234567
083172654 801234567
083174256 801234567
083174562 801234567
083174625 801234567
083175264 801234567
083175426 801234567
083175642 801234567
083176245 801234567
083176452 801234567
083176524 801234567
083214567 801234567
083214675 801234567
083214756 801234567
083215476 801234567
083215647 801234567
083215764 801234567
083216457 801234567
083216574 801234567
083216745 801234567
083217465 801234567
083217546 801234567
083217654 801234567
083241576 801234567
083241657 801234567
083241765 801234567
083245167 801234567
083245671 801234567
083245716 801234567
083246175 801234567
083246517 801234567
083246751 801234567
083247156 801234567
083247561 801234567
083247615 801234567
083251467 801234567
083251674 801234567
083251746 801234567
083254176 801234567
083254617 801234567
083254761 801234567
083256147 801234567
083256471 801234567
083256714 801234567
083257164 801234567
083257416 801234567
083257641 801234567
083261475 801234567
083261547 801234567
083261754 801234567
083264157 801234567
083264571 801234567
083264715 801234567
083265174 801234567
