214873506 801234567
214873650 801234567
214875036 801234567
214875360 801234567
214875603 801234567
214876053 801234567
214876305 801234567
214876530 801234567
215034678 801234567
215034786 801234567
215034867 801234567
215036487 801234567
215036748 801234567
215036874 801234567
215037468 801234567
215037684 801234567
215037846 801234567
215038476 801234567
215038647 801234567
215038764 801234567
215043687 801234567
215043768 801234567
215043876 801234567
215046378 801234567
215046783 801234567
215046837 801234567
215047386 801234567
215047638 801234567
215047863 801234567
215048367 801234567
215048673 801234567
215048736 801234567
215063478 801234567
215063784 801234567
215063847 801234567
215064387 801234567
215064738 801234567
215064873 801234567
215067348 801234567
215067483 801234567
215067834 801234567
215068374 801234567
215068437 801234567
215068743 801234567
215073486 801234567
215073648 801234567
215073864 801234567
215074368 801234567
215074683 801234567
215074836 801234567
215076384 801234567
215076438 801234567
215076843 801234567
215078346 801234567
215078463 801234567
215078634 801234567
215083467 801234567
215083674 801234567
215083746 801234567
215084376 801234567
215084637 801234567
215084763 801234567
215086347 801234567
215086473 801234567
215086734 801234567
215087364 801234567
215087436 801234567
215087643 801234567
215304687 801234567
215304768 801234567
215304876 801234567
215306478 801234567
215306784 801234567
215306847 801234567
215307486 801234567
215307648 801234567
215307864 801234567
215308467 801234567
215308674 801234567
215308746 801234567
215340678 801234567
215340786 801234567
215340867 801234567
215346087 801234567
215346708 801234567
215346870 801234567
215347068 801234567
215347680 801234567
215347806 801234567
215348076 801234567
215348607 801234567
215348760 801234567
215360487 801234567
215360748 801234567
215360874 801234567
215364078 801234567
215364780 801234567
215364807 801234567
215367084 801234567
215367408 801234567
215367840 801234567
215368047 801234567
215368470 801234567
215368704 801234567
215370468 801234567
215370684 801234567
215370846 801234567
215374086 801234567
215374608 801234567
215374860 801234567
215376048 801234567
215376480 801234567
215376804 801234567
215378064 801234567
215378406 801234567
215378640 801234567
215380476 801234567
215380647 801234567
215380764 801234567
215384067 801234567
215384670 801234567
215384706 801234567
215386074 801234567
215386407 801234567
215386740 801234567
215387046 801234567
215387460 801234567
215387604 801234567
215403678 801234567
215403786 801234567
215403867 801234567
215406387 801234567
215406738 801234567
215406873 801234567
215407368 801234567
215407683 801234567
215407836 801234567
215408376 801234567
215408637 801234567
215408763 801234567
215430687 801234567
215430768 801234567
215430876 801234567
215436078 801234567
215436780 801234567
215436807 801234567
215437086 801234567
215437608 801234567
215437860 801234567
215438067 801234567
215438670 801234567
215438706 801234567
215460378 801234567
215460783 801234567
215460837 801234567
215463087 801234567
215463708 801234567
215463870 801234567
215467038 801234567
215467380 801234567
215467803 801234567
215468073 801234567
215468307 801234567
215468730 801234567
215470386 801234567
215470638 801234567
215470863 801234567
215473068 801234567
215473680 801234567
215473806 801234567
215476083 801234567
215476308 801234567
215476830 801234567
215478036 801234567
215478360 801234567
215478603 801234567
215480367 801234567
215480673 801234567
215480736 801234567
215483076 801234567
215483607 801234567
215483760 801234567
215486037 801234567
215486370 801234567
215486703 801234567
215487063 801234567
215487306 801234567
215487630 801234567
215603487 801234567
215603748 801234567
215603874 801234567
215604378 801234567
215604783 801234567
215604837 801234567
215607384 801234567
215607438 801234567
215607843 801234567
215608347 801234567
215608473 801234567
215608734 801234567
215630478 801234567
215630784 801234567
215630847 801234567
215634087 801234567
215634708 801234567
215634870 801234567
215637048 801234567
215637480 801234567
215637804 801234567
215638074 801234567
215638407 801234567
215638740 801234567
215640387 801234567
215640738 801234567
215640873 801234567
215643078 801234567
215643780 801234567
215643807 801234567
215647083 801234567
215647308 801234567
215647830 801234567
215648037 801234567
215648370 801234567
215648703 801234567
215670348 801234567
215670483 801234567
215670834 801234567
215673084 801234567
215673408 801234567
215673840 801234567
215674038 801234567
215674380 801234567
215674803 801234567
215678043 801234567
215678304 801234567
215678430 801234567
215680374 801234567
215680437 801234567
215680743 801234567
215683047 801234567
215683470 801234567
215683704 801234567
215684073 801234567
215684307 801234567
215684730 801234567
215687034 801234567
215687340 801234567
215687403 801234567
215703468 801234567
215703684 801234567
215703846 801234567
215704386 801234567
215704638 801234567
215704863 801234567
215706348 801234567
215706483 801234567
215706834 801234567
215708364 801234567
215708436 801234567
215708643 801234567
215730486 801234567
215730648 801234567
215730864 801234567
215734068 801234567
215734680 801234567
215734806 801234567
215736084 801234567
215736408 801234567
215736840 801234567
215738046 801234567
215738460 801234567
215738604 801234567
215740368 801234567
215740683 801234567
215740836 801234567
215743086 801234567
215743608 801234567
215743860 801234567
215746038 801234567
215746380 801234567
215746803 801234567
215748063 801234567
215748306 801234567
215748630 801234567
215760384 801234567
215760438 801234567
215760843 801234567
215763048 801234567
215763480 801234567
215763804 801234567
215764083 801234567
215764308 801234567
215764830 801234567
215768034 801234567
215768340 801234567
215768403 801234567
215780346 801234567
215780463 801234567
215780634 801234567
215783064 801234567
215783406 801234567
215783640 801234567
215784036 801234567
215784360 801234567
215784603 801234567
215786043 801234567
215786304 801234567
215786430 801234567
215803476 801234567
215803647 801234567
215803764 801234567
215804367 801234567
215804673 801234567
215804736 801234567
215806374 801234567
215806437 801234567
215806743 801234567
215807346 801234567
215807463 801234567
215807634 801234567
215830467 801234567
215830674 801234567
215830746 801234567
215834076 801234567
215834607 801234567
215834760 801234567
215836047 801234567
215836470 801234567
215836704 801234567
215837064 801234567
215837406 801234567
215837640 801234567
215840376 801234567
215840637 801234567
215840763 801234567
215843067 801234567
215843670 801234567
215843706 801234567
215846073 801234567
215846307 801234567
215846730 801234567
215847036 801234567
215847360 801234567
215847603 801234567
215860347 801234567
215860473 801234567
215860734 801234567
215863074 801234567
215863407 801234567
215863740 801234567
215864037 801234567
215864370 801234567
215864703 801234567
215867043 801234567
215867304 801234567
215867430 801234567
215870364 801234567
215870436 801234567
215870643 801234567
215873046 801234567
215873460 801234567
215873604 801234567
215874063 801234567
215874306 801234567
215874630 801234567
215876034 801234567
215876340 801234567
215876403 801234567
216034587 801234567
216034758 801234567
216034875 801234567
216035478 801234567
216035784 801234567
216035847 801234567
216037485 801234567
216037548 801234567
216037854 801234567
216038457 801234567
216038574 801234567
216038745 801234567
216043578 801234567
216043785 801234567
216043857 801234567
216045387 801234567
216045738 801234567
216045873 801234567
216047358 801234567
216047583 801234567
216047835 801234567
216048375 801234567
216048537 801234567
216048753 801234567
216053487 801234567
216053748 801234567
216053874 801234567
216054378 801234567
216054783 801234567
216054837 801234567
216057384 801234567
216057438 801234567
216057843 801234567
216058347 801234567
216058473 801234567
216058734 801234567
216073458 801234567
216073584 801234567
216073845 801234567
216074385 801234567
216074538 801234567
216074853 801234567
216075348 801234567
216075483 801234567
216075834 801234567
216078354 801234567
216078435 801234567
216078543 801234567
216083475 801234567
216083547 801234567
216083754 801234567
216084357 801234567
216084573 801234567
216084735 801234567
216085374 801234567
216085437 801234567
216085743 801234567
216087345 801234567
216087453 801234567
216087534 801234567
216304578 801234567
216304785 801234567
216304857 801234567
216305487 801234567
216305748 801234567
216305874 801234567
216307458 801234567
216307584 801234567
216307845 801234567
216308475 801234567
216308547 801234567
216308754 801234567
216340587 801234567
216340758 801234567
216340875 801234567
216345078 801234567
216345780 801234567
216345807 801234567
216347085 801234567
216347508 801234567
216347850 801234567
216348057 801234567
216348570 801234567
216348705 801234567
216350478 801234567
216350784 801234567
216350847 801234567
216354087 801234567
216354708 801234567
216354870 801234567
216357048 801234567
216357480 801234567
216357804 801234567
216358074 801234567
216358407 801234567
216358740 801234567
216370485 801234567
216370548 801234567
216370854 801234567
216374058 801234567
216374580 801234567
216374805 801234567
216375084 801234567
216375408 801234567
216375840 801234567
216378045 801234567
216378450 801234567
216378504 801234567
216380457 801234567
216380574 801234567
216380745 801234567
216384075 801234567
216384507 801234567
216384750 801234567
216385047 801234567
216385470 801234567
216385704 801234567
216387054 801234567
216387405 801234567
216387540 801234567
216403587 801234567
216403758 801234567
216403875 801234567
216405378 801234567
216405783 801234567
216405837 801234567
216407385 801234567
216407538 801234567
216407853 801234567
216408357 801234567
216408573 801234567
