450271836 801234567
450273186 801234567
450273618 801234567
450273861 801234567
450276138 801234567
450276381 801234567
450276813 801234567
450278163 801234567
450278316 801234567
450278631 801234567
450281376 801234567
450281637 801234567
450281763 801234567
450283167 801234567
450283671 801234567
450283716 801234567
450286173 801234567
450286317 801234567
450286731 801234567
450287136 801234567
450287361 801234567
450287613 801234567
450312678 801234567
450312786 801234567
450312867 801234567
450316287 801234567
450316728 801234567
450316872 801234567
450317268 801234567
450317682 801234567
450317826 801234567
450318276 801234567
450318627 801234567
450318762 801234567
450321687 801234567
450321768 801234567
450321876 801234567
450326178 801234567
450326781 801234567
450326817 801234567
450327186 801234567
450327618 801234567
450327861 801234567
450328167 801234567
450328671 801234567
450328716 801234567
450361278 801234567
450361782 801234567
450361827 801234567
450362187 801234567
450362718 801234567
450362871 801234567
450367128 801234567
450367281 801234567
450367812 801234567
450368172 801234567
450368217 801234567
450368721 801234567
450371286 801234567
450371628 801234567
450371862 801234567
450372168 801234567
450372681 801234567
450372816 801234567
450376182 801234567
450376218 801234567
450376821 801234567
450378126 801234567
450378261 801234567
450378612 801234567
450381267 801234567
450381672 801234567
450381726 801234567
450382176 801234567
450382617 801234567
450382761 801234567
450386127 801234567
450386271 801234567
450386712 801234567
450387162 801234567
450387216 801234567
450387621 801234567
450612387 801234567
450612738 801234567
450612873 801234567
450613278 801234567
450613782 801234567
450613827 801234567
450617283 801234567
450617328 801234567
450617832 801234567
450618237 801234567
450618372 801234567
450618723 801234567
450621378 801234567
450621783 801234567
450621837 801234567
450623187 801234567
450623718 801234567
450623871 801234567
450627138 801234567
450627381 801234567
450627813 801234567
450628173 801234567
450628317 801234567
450628731 801234567
450631287 801234567
450631728 801234567
450631872 801234567
450632178 801234567
450632781 801234567
450632817 801234567
450637182 801234567
450637218 801234567
450637821 801234567
450638127 801234567
450638271 801234567
450638712 801234567
450671238 801234567
450671382 801234567
450671823 801234567
450672183 801234567
450672318 801234567
450672831 801234567
450673128 801234567
450673281 801234567
450673812 801234567
450678132 801234567
450678213 801234567
450678321 801234567
450681273 801234567
450681327 801234567
450681732 801234567
450682137 801234567
450682371 801234567
450682713 801234567
450683172 801234567
450683217 801234567
450683721 801234567
450687123 801234567
450687231 801234567
450687312 801234567
450712368 801234567
450712683 801234567
450712836 801234567
450713286 801234567
450713628 801234567
450713862 801234567
450716238 801234567
450716382 801234567
450716823 801234567
450718263 801234567
450718326 801234567
450718632 801234567
450721386 801234567
450721638 801234567
450721863 801234567
450723168 801234567
450723681 801234567
450723816 801234567
450726183 801234567
450726318 801234567
450726831 801234567
450728136 801234567
450728361 801234567
450728613 801234567
450731268 801234567
450731682 801234567
450731826 801234567
450732186 801234567
450732618 801234567
450732861 801234567
450736128 801234567
450736281 801234567
450736812 801234567
450738162 801234567
450738216 801234567
450738621 801234567
450761283 801234567
450761328 801234567
450761832 801234567
450762138 801234567
450762381 801234567
450762813 801234567
450763182 801234567
450763218 801234567
450763821 801234567
450768123 801234567
450768231 801234567
450768312 801234567
450781236 801234567
450781362 801234567
450781623 801234567
450782163 801234567
450782316 801234567
450782631 801234567
450783126 801234567
450783261 801234567
450783612 801234567
450786132 801234567
450786213 801234567
450786321 801234567
450812376 801234567
450812637 801234567
450812763 801234567
450813267 801234567
450813672 801234567
450813726 801234567
450816273 801234567
450816327 801234567
450816732 801234567
450817236 801234567
450817362 801234567
450817623 801234567
450821367 801234567
450821673 801234567
450821736 801234567
450823176 801234567
450823617 801234567
450823761 801234567
450826137 801234567
450826371 801234567
450826713 801234567
450827163 801234567
450827316 801234567
450827631 801234567
450831276 801234567
450831627 801234567
450831762 801234567
450832167 801234567
450832671 801234567
450832716 801234567
450836172 801234567
450836217 801234567
450836721 801234567
450837126 801234567
450837261 801234567
450837612 801234567
450861237 801234567
450861372 801234567
450861723 801234567
450862173 801234567
450862317 801234567
450862731 801234567
450863127 801234567
450863271 801234567
450863712 801234567
450867132 801234567
450867213 801234567
450867321 801234567
450871263 801234567
450871326 801234567
450871632 801234567
450872136 801234567
450872361 801234567
450872613 801234567
450873162 801234567
450873216 801234567
450873621 801234567
450876123 801234567
450876231 801234567
450876312 801234567
451023687 801234567
451023768 801234567
451023876 801234567
451026378 801234567
451026783 801234567
451026837 801234567
451027386 801234567
451027638 801234567
451027863 801234567
451028367 801234567
451028673 801234567
451028736 801234567
451032678 801234567
451032786 801234567
451032867 801234567
451036287 801234567
451036728 801234567
451036872 801234567
451037268 801234567
451037682 801234567
451037826 801234567
451038276 801234567
451038627 801234567
451038762 801234567
451062387 801234567
451062738 801234567
451062873 801234567
451063278 801234567
451063782 801234567
451063827 801234567
451067283 801234567
451067328 801234567
451067832 801234567
451068237 801234567
451068372 801234567
451068723 801234567
451072368 801234567
451072683 801234567
451072836 801234567
451073286 801234567
451073628 801234567
451073862 801234567
451076238 801234567
451076382 801234567
451076823 801234567
451078263 801234567
451078326 801234567
451078632 801234567
451082376 801234567
451082637 801234567
451082763 801234567
451083267 801234567
451083672 801234567
451083726 801234567
451086273 801234567
451086327 801234567
451086732 801234567
451087236 801234567
451087362 801234567
451087623 801234567
451203678 801234567
451203786 801234567
451203867 801234567
451206387 801234567
451206738 801234567
451206873 801234567
451207368 801234567
451207683 801234567
451207836 801234567
451208376 801234567
451208637 801234567
451208763 801234567
451230687 801234567
451230768 801234567
451230876 801234567
451236078 801234567
451236780 801234567
451236807 801234567
451237086 801234567
451237608 801234567
451237860 801234567
451238067 801234567
451238670 801234567
451238706 801234567
451260378 801234567
451260783 801234567
451260837 801234567
451263087 801234567
451263708 801234567
451263870 801234567
451267038 801234567
451267380 801234567
451267803 801234567
451268073 801234567
451268307 801234567
451268730 801234567
451270386 801234567
451270638 801234567
451270863 801234567
451273068 801234567
451273680 801234567
451273806 801234567
451276083 801234567
451276308 801234567
451276830 801234567
451278036 801234567
451278360 801234567
451278603 801234567
451280367 801234567
451280673 801234567
451280736 801234567
451283076 801234567
451283607 801234567
451283760 801234567
451286037 801234567
451286370 801234567
451286703 801234567
451287063 801234567
451287306 801234567
451287630 801234567
451302687 801234567
451302768 801234567
451302876 801234567
451306278 801234567
451306782 801234567
451306827 801234567
451307286 801234567
451307628 801234567
451307862 801234567
451308267 801234567
451308672 801234567
451308726 801234567
451320678 801234567
451320786 801234567
451320867 801234567
451326087 801234567
451326708 801234567
451326870 801234567
451327068 801234567
451327680 801234567
451327806 801234567
451328076 801234567
451328607 801234567
451328760 801234567
451360287 801234567
451360728 801234567
451360872 801234567
451362078 801234567
451362780 801234567
451362807 801234567
451367082 801234567
451367208 801234567
451367820 801234567
451368027 801234567
451368270 801234567
451368702 801234567
451370268 801234567
451370682 801234567
451370826 801234567
451372086 801234567
451372608 801234567
451372860 801234567
451376028 801234567
451376280 801234567
451376802 801234567
451378062 801234567
451378206 801234567
451378620 801234567
451380276 801234567
451380627 801234567
451380762 801234567
451382067 801234567
451382670 801234567
451382706 801234567
451386072 801234567
451386207 801234567
451386720 801234567
451387026 801234567
451387260 801234567
451387602 801234567
451602378 801234567
451602783 801234567
451602837 801234567
451603287 801234567
451603728 801234567
451603872 801234567
451607238 801234567
451607382 801234567
451607823 801234567
451608273 801234567
451608327 801234567
451608732 801234567
451620387 801234567
451620738 801234567
451620873 801234567
451623078 801234567
451623780 801234567
451623807 801234567
451627083 801234567
451627308 801234567
451627830 801234567
451628037 801234567
451628370 801234567
451628703 801234567
451630278 801234567
451630782 801234567
451630827 801234567
451632087 801234567
451632708 801234567
451632870 801234567
451637028 801234567
451637280 801234567
451637802 801234567
451638072 801234567
451638207 801234567
451638720 801234567
451670283 801234567
451670328 801234567
451670832 801234567
451672038 801234567
451672380 801234567
451672803 801234567
451673082 801234567
451673208 801234567
451673820 801234567
451678023 801234567
451678230 801234567
451678302 801234567
451680237 801234567
451680372 801234567
451680723 801234567
451682073 801234567
451682307 801234567
451682730 801234567
451683027 801234567
451683270 801234567
451683702 801234567
