873215406 801234567
873215640 801234567
873216045 801234567
873216450 801234567
873216504 801234567
873240156 801234567
873240561 801234567
873240615 801234567
873241065 801234567
873241506 801234567
873241650 801234567
873245016 801234567
873245160 801234567
873245601 801234567
873246051 801234567
873246105 801234567
873246510 801234567
873250164 801234567
873250416 801234567
873250641 801234567
873251046 801234567
873251460 801234567
873251604 801234567
873254061 801234567
873254106 801234567
873254610 801234567
873256014 801234567
873256140 801234567
873256401 801234567
873260145 801234567
873260451 801234567
873260514 801234567
873261054 801234567
873261405 801234567
873261540 801234567
873264015 801234567
873264150 801234567
873264501 801234567
873265041 801234567
873265104 801234567
873265410 801234567
873401265 801234567
873401526 801234567
873401652 801234567
873402156 801234567
873402561 801234567
873402615 801234567
873405162 801234567
873405216 801234567
873405621 801234567
873406125 801234567
873406251 801234567
873406512 801234567
873410256 801234567
873410562 801234567
873410625 801234567
873412065 801234567
873412506 801234567
873412650 801234567
873415026 801234567
873415260 801234567
873415602 801234567
873416052 801234567
873416205 801234567
873416520 801234567
873420165 801234567
873420516 801234567
873420651 801234567
873421056 801234567
873421560 801234567
873421605 801234567
873425061 801234567
873425106 801234567
873425610 801234567
873426015 801234567
873426150 801234567
873426501 801234567
873450126 801234567
873450261 801234567
873450612 801234567
873451062 801234567
873451206 801234567
873451620 801234567
873452016 801234567
873452160 801234567
873452601 801234567
873456021 801234567
873456102 801234567
873456210 801234567
873460152 801234567
873460215 801234567
873460521 801234567
873461025 801234567
873461250 801234567
873461502 801234567
873462051 801234567
873462105 801234567
873462510 801234567
873465012 801234567
873465120 801234567
873465201 801234567
873501246 801234567
873501462 801234567
873501624 801234567
873502164 801234567
873502416 801234567
873502641 801234567
873504126 801234567
873504261 801234567
873504612 801234567
873506142 801234567
873506214 801234567
873506421 801234567
873510264 801234567
873510426 801234567
873510642 801234567
873512046 801234567
873512460 801234567
873512604 801234567
873514062 801234567
873514206 801234567
873514620 801234567
873516024 801234567
873516240 801234567
873516402 801234567
873520146 801234567
873520461 801234567
873520614 801234567
873521064 801234567
873521406 801234567
873521640 801234567
873524016 801234567
873524160 801234567
873524601 801234567
873526041 801234567
873526104 801234567
873526410 801234567
873540162 801234567
873540216 801234567
873540621 801234567
873541026 801234567
873541260 801234567
873541602 801234567
873542061 801234567
873542106 801234567
873542610 801234567
873546012 801234567
873546120 801234567
873546201 801234567
873560124 801234567
873560241 801234567
873560412 801234567
873561042 801234567
873561204 801234567
873561420 801234567
873562014 801234567
873562140 801234567
873562401 801234567
873564021 801234567
873564102 801234567
873564210 801234567
873601254 801234567
873601425 801234567
873601542 801234567
873602145 801234567
873602451 801234567
873602514 801234567
873604152 801234567
873604215 801234567
873604521 801234567
873605124 801234567
873605241 801234567
873605412 801234567
873610245 801234567
873610452 801234567
873610524 801234567
873612054 801234567
873612405 801234567
873612540 801234567
873614025 801234567
873614250 801234567
873614502 801234567
873615042 801234567
873615204 801234567
873615420 801234567
873620154 801234567
873620415 801234567
873620541 801234567
873621045 801234567
873621450 801234567
873621504 801234567
873624051 801234567
873624105 801234567
873624510 801234567
873625014 801234567
873625140 801234567
873625401 801234567
873640125 801234567
873640251 801234567
873640512 801234567
873641052 801234567
873641205 801234567
873641520 801234567
873642015 801234567
873642150 801234567
873642501 801234567
873645021 801234567
873645102 801234567
873645210 801234567
873650142 801234567
873650214 801234567
873650421 801234567
873651024 801234567
873651240 801234567
873651402 801234567
873652041 801234567
873652104 801234567
873652410 801234567
873654012 801234567
873654120 801234567
873654201 801234567
874012365 801234567
874012536 801234567
874012653 801234567
874013256 801234567
874013562 801234567
874013625 801234567
874015263 801234567
874015326 801234567
874015632 801234567
874016235 801234567
874016352 801234567
874016523 801234567
874021356 801234567
874021563 801234567
874021635 801234567
874023165 801234567
874023516 801234567
874023651 801234567
874025136 801234567
874025361 801234567
874025613 801234567
874026153 801234567
874026315 801234567
874026531 801234567
874031265 801234567
874031526 801234567
874031652 801234567
874032156 801234567
874032561 801234567
874032615 801234567
874035162 801234567
874035216 801234567
874035621 801234567
874036125 801234567
874036251 801234567
874036512 801234567
874051236 801234567
874051362 801234567
874051623 801234567
874052163 801234567
874052316 801234567
874052631 801234567
874053126 801234567
874053261 801234567
874053612 801234567
874056132 801234567
874056213 801234567
874056321 801234567
874061253 801234567
874061325 801234567
874061532 801234567
874062135 801234567
874062351 801234567
874062513 801234567
874063152 801234567
874063215 801234567
874063521 801234567
874065123 801234567
874065231 801234567
874065312 801234567
874102356 801234567
874102563 801234567
874102635 801234567
874103265 801234567
874103526 801234567
874103652 801234567
874105236 801234567
874105362 801234567
874105623 801234567
874106253 801234567
874106325 801234567
874106532 801234567
874120365 801234567
874120536 801234567
874120653 801234567
874123056 801234567
874123560 801234567
874123605 801234567
874125063 801234567
874125306 801234567
874125630 801234567
874126035 801234567
874126350 801234567
874126503 801234567
874130256 801234567
874130562 801234567
874130625 801234567
874132065 801234567
874132506 801234567
874132650 801234567
874135026 801234567
874135260 801234567
874135602 801234567
874136052 801234567
874136205 801234567
874136520 801234567
874150263 801234567
874150326 801234567
874150632 801234567
874152036 801234567
874152360 801234567
874152603 801234567
874153062 801234567
874153206 801234567
874153620 801234567
874156023 801234567
874156230 801234567
874156302 801234567
874160235 801234567
874160352 801234567
874160523 801234567
874162053 801234567
874162305 801234567
874162530 801234567
874163025 801234567
874163250 801234567
874163502 801234567
874165032 801234567
874165203 801234567
874165320 801234567
874201365 801234567
874201536 801234567
874201653 801234567
874203156 801234567
874203561 801234567
874203615 801234567
874205163 801234567
874205316 801234567
874205631 801234567
874206135 801234567
874206351 801234567
874206513 801234567
874210356 801234567
874210563 801234567
874210635 801234567
874213065 801234567
874213506 801234567
874213650 801234567
874215036 801234567
874215360 801234567
874215603 801234567
874216053 801234567
874216305 801234567
874216530 801234567
874230165 801234567
874230516 801234567
874230651 801234567
874231056 801234567
874231560 801234567
874231605 801234567
874235061 801234567
874235106 801234567
874235610 801234567
874236015 801234567
874236150 801234567
874236501 801234567
874250136 801234567
874250361 801234567
874250613 801234567
874251063 801234567
874251306 801234567
874251630 801234567
874253016 801234567
874253160 801234567
874253601 801234567
874256031 801234567
874256103 801234567
874256310 801234567
874260153 801234567
874260315 801234567
874260531 801234567
874261035 801234567
874261350 801234567
874261503 801234567
874263051 801234567
874263105 801234567
874263510 801234567
874265013 801234567
874265130 801234567
874265301 801234567
874301256 801234567
874301562 801234567
874301625 801234567
874302165 801234567
874302516 801234567
874302651 801234567
874305126 801234567
874305261 801234567
874305612 801234567
874306152 801234567
874306215 801234567
874306521 801234567
874310265 801234567
874310526 801234567
874310652 801234567
874312056 801234567
874312560 801234567
874312605 801234567
874315062 801234567
874315206 801234567
874315620 801234567
874316025 801234567
874316250 801234567
874316502 801234567
874320156 801234567
874320561 801234567
874320615 801234567
874321065 801234567
874321506 801234567
874321650 801234567
874325016 801234567
874325160 801234567
874325601 801234567
874326051 801234567
874326105 801234567
874326510 801234567
874350162 801234567
874350216 801234567
874350621 801234567
874351026 801234567
874351260 801234567
874351602 801234567
874352061 801234567
874352106 801234567
874352610 801234567
874356012 801234567
874356120 801234567
874356201 801234567
874360125 801234567
874360251 801234567
874360512 801234567
874361052 801234567
874361205 801234567
874361520 801234567
874362015 801234567
874362150 801234567
874362501 801234567
874365021 801234567
874365102 801234567
874365210 801234567
874501263 801234567
874501326 801234567
874501632 801234567
874502136 801234567
874502361 801234567
874502613 801234567
874503162 801234567
874503216 801234567
874503621 801234567
874506123 801234567
874506231 801234567
874506312 801234567
874510236 801234567
874510362 801234567
874510623 801234567
874512063 801234567
874512306 801234567
874512630 801234567
874513026 801234567
874513260 801234567
874513602 801234567
874516032 801234567
874516203 801234567
874516320 801234567
874520163 801234567
874520316 801234567
874520631 801234567
874521036 801234567
874521360 801234567
874521603 801234567
874523061 801234567
874523106 801234567
874523610 801234567
874526013 801234567
874526130 801234567
874526301 801234567
874530126 801234567
874530261 801234567
