368170452 801234567
368170524 801234567
368172054 801234567
368172405 801234567
368172540 801234567
368174025 801234567
368174250 801234567
368174502 801234567
368175042 801234567
368175204 801234567
368175420 801234567
368201475 801234567
368201547 801234567
368201754 801234567
368204157 801234567
368204571 801234567
368204715 801234567
368205174 801234567
368205417 801234567
368205741 801234567
368207145 801234567
368207451 801234567
368207514 801234567
368210457 801234567
368210574 801234567
368210745 801234567
368214075 801234567
368214507 801234567
368214750 801234567
368215047 801234567
368215470 801234567
368215704 801234567
368217054 801234567
368217405 801234567
368217540 801234567
368240175 801234567
368240517 801234567
368240751 801234567
368241057 801234567
368241570 801234567
368241705 801234567
368245071 801234567
368245107 801234567
368245710 801234567
368247015 801234567
368247150 801234567
368247501 801234567
368250147 801234567
368250471 801234567
368250714 801234567
368251074 801234567
368251407 801234567
368251740 801234567
368254017 801234567
368254170 801234567
368254701 801234567
368257041 801234567
368257104 801234567
368257410 801234567
368270154 801234567
368270415 801234567
368270541 801234567
368271045 801234567
368271450 801234567
368271504 801234567
368274051 801234567
368274105 801234567
368274510 801234567
368275014 801234567
368275140 801234567
368275401 801234567
368401257 801234567
368401572 801234567
368401725 801234567
368402175 801234567
368402517 801234567
368402751 801234567
368405127 801234567
368405271 801234567
368405712 801234567
368407152 801234567
368407215 801234567
368407521 801234567
368410275 801234567
368410527 801234567
368410752 801234567
368412057 801234567
368412570 801234567
368412705 801234567
368415072 801234567
368415207 801234567
368415720 801234567
368417025 801234567
368417250 801234567
368417502 801234567
368420157 801234567
368420571 801234567
368420715 801234567
368421075 801234567
368421507 801234567
368421750 801234567
368425017 801234567
368425170 801234567
368425701 801234567
368427051 801234567
368427105 801234567
368427510 801234567
368450172 801234567
368450217 801234567
368450721 801234567
368451027 801234567
368451270 801234567
368451702 801234567
368452071 801234567
368452107 801234567
368452710 801234567
368457012 801234567
368457120 801234567
368457201 801234567
368470125 801234567
368470251 801234567
368470512 801234567
368471052 801234567
368471205 801234567
368471520 801234567
368472015 801234567
368472150 801234567
368472501 801234567
368475021 801234567
368475102 801234567
368475210 801234567
368501274 801234567
368501427 801234567
368501742 801234567
368502147 801234567
368502471 801234567
368502714 801234567
368504172 801234567
368504217 801234567
368504721 801234567
368507124 801234567
368507241 801234567
368507412 801234567
368510247 801234567
368510472 801234567
368510724 801234567
368512074 801234567
368512407 801234567
368512740 801234567
368514027 801234567
368514270 801234567
368514702 801234567
368517042 801234567
368517204 801234567
368517420 801234567
368520174 801234567
368520417 801234567
368520741 801234567
368521047 801234567
368521470 801234567
368521704 801234567
368524071 801234567
368524107 801234567
368524710 801234567
368527014 801234567
368527140 801234567
368527401 801234567
368540127 801234567
368540271 801234567
368540712 801234567
368541072 801234567
368541207 801234567
368541720 801234567
368542017 801234567
368542170 801234567
368542701 801234567
368547021 801234567
368547102 801234567
368547210 801234567
368570142 801234567
368570214 801234567
368570421 801234567
368571024 801234567
368571240 801234567
368571402 801234567
368572041 801234567
368572104 801234567
368572410 801234567
368574012 801234567
368574120 801234567
368574201 801234567
368701245 801234567
368701452 801234567
368701524 801234567
368702154 801234567
368702415 801234567
368702541 801234567
368704125 801234567
368704251 801234567
368704512 801234567
368705142 801234567
368705214 801234567
368705421 801234567
368710254 801234567
368710425 801234567
368710542 801234567
368712045 801234567
368712450 801234567
368712504 801234567
368714052 801234567
368714205 801234567
368714520 801234567
368715024 801234567
368715240 801234567
368715402 801234567
368720145 801234567
368720451 801234567
368720514 801234567
368721054 801234567
368721405 801234567
368721540 801234567
368724015 801234567
368724150 801234567
368724501 801234567
368725041 801234567
368725104 801234567
368725410 801234567
368740152 801234567
368740215 801234567
368740521 801234567
368741025 801234567
368741250 801234567
368741502 801234567
368742051 801234567
368742105 801234567
368742510 801234567
368745012 801234567
368745120 801234567
368745201 801234567
368750124 801234567
368750241 801234567
368750412 801234567
368751042 801234567
368751204 801234567
368751420 801234567
368752014 801234567
368752140 801234567
368752401 801234567
368754021 801234567
368754102 801234567
368754210 801234567
370124568 801234567
370124685 801234567
370124856 801234567
370125486 801234567
370125648 801234567
370125864 801234567
370126458 801234567
370126584 801234567
370126845 801234567
370128465 801234567
370128546 801234567
370128654 801234567
370142586 801234567
370142658 801234567
370142865 801234567
370145268 801234567
370145682 801234567
370145826 801234567
370146285 801234567
370146528 801234567
370146852 801234567
370148256 801234567
370148562 801234567
370148625 801234567
370152468 801234567
370152684 801234567
370152846 801234567
370154286 801234567
370154628 801234567
370154862 801234567
370156248 801234567
370156482 801234567
370156824 801234567
370158264 801234567
370158426 801234567
370158642 801234567
370162485 801234567
370162548 801234567
370162854 801234567
370164258 801234567
370164582 801234567
370164825 801234567
370165284 801234567
370165428 801234567
370165842 801234567
370168245 801234567
370168452 801234567
370168524 801234567
370182456 801234567
370182564 801234567
370182645 801234567
370184265 801234567
370184526 801234567
370184652 801234567
370185246 801234567
370185462 801234567
370185624 801234567
370186254 801234567
370186425 801234567
370186542 801234567
370214586 801234567
370214658 801234567
370214865 801234567
370215468 801234567
370215684 801234567
370215846 801234567
370216485 801234567
370216548 801234567
370216854 801234567
370218456 801234567
370218564 801234567
370218645 801234567
370241568 801234567
370241685 801234567
370241856 801234567
370245186 801234567
370245618 801234567
370245861 801234567
370246158 801234567
370246581 801234567
370246815 801234567
370248165 801234567
370248516 801234567
370248651 801234567
370251486 801234567
370251648 801234567
370251864 801234567
370254168 801234567
370254681 801234567
370254816 801234567
370256184 801234567
370256418 801234567
370256841 801234567
370258146 801234567
370258461 801234567
370258614 801234567
370261458 801234567
370261584 801234567
370261845 801234567
370264185 801234567
370264518 801234567
370264851 801234567
370265148 801234567
370265481 801234567
370265814 801234567
370268154 801234567
370268415 801234567
370268541 801234567
370281465 801234567
370281546 801234567
370281654 801234567
370284156 801234567
370284561 801234567
370284615 801234567
370285164 801234567
370285416 801234567
370285641 801234567
370286145 801234567
370286451 801234567
370286514 801234567
370412568 801234567
370412685 801234567
370412856 801234567
370415286 801234567
370415628 801234567
370415862 801234567
370416258 801234567
370416582 801234567
370416825 801234567
370418265 801234567
370418526 801234567
370418652 801234567
370421586 801234567
370421658 801234567
370421865 801234567
370425168 801234567
370425681 801234567
370425816 801234567
370426185 801234567
370426518 801234567
370426851 801234567
370428156 801234567
370428561 801234567
370428615 801234567
370451268 801234567
370451682 801234567
370451826 801234567
370452186 801234567
370452618 801234567
370452861 801234567
370456128 801234567
370456281 801234567
370456812 801234567
370458162 801234567
370458216 801234567
370458621 801234567
370461285 801234567
370461528 801234567
370461852 801234567
370462158 801234567
370462581 801234567
370462815 801234567
370465182 801234567
370465218 801234567
370465821 801234567
370468125 801234567
370468251 801234567
370468512 801234567
370481256 801234567
370481562 801234567
370481625 801234567
370482165 801234567
370482516 801234567
370482651 801234567
370485126 801234567
370485261 801234567
370485612 801234567
370486152 801234567
370486215 801234567
370486521 801234567
370512486 801234567
370512648 801234567
370512864 801234567
370514268 801234567
370514682 801234567
370514826 801234567
370516284 801234567
370516428 801234567
370516842 801234567
370518246 801234567
370518462 801234567
370518624 801234567
370521468 801234567
370521684 801234567
370521846 801234567
370524186 801234567
370524618 801234567
370524861 801234567
370526148 801234567
370526481 801234567
370526814 801234567
370528164 801234567
370528416 801234567
370528641 801234567
370541286 801234567
370541628 801234567
370541862 801234567
370542168 801234567
370542681 801234567
370542816 801234567
370546182 801234567
370546218 801234567
370546821 801234567
370548126 801234567
370548261 801234567
370548612 801234567
370561248 801234567
370561482 801234567
370561824 801234567
370562184 801234567
370562418 801234567
370562841 801234567
370564128 801234567
370564281 801234567
370564812 801234567
370568142 801234567
370568214 801234567
370568421 801234567
370581264 801234567
370581426 801234567
370581642 801234567
370582146 801234567
370582461 801234567
370582614 801234567
370584162 801234567
370584216 801234567
370584621 801234567
370586124 801234567
370586241 801234567
370586412 801234567
370612458 801234567
370612584 801234567
370612845 801234567
370614285 801234567
370614528 801234567
370614852 801234567
370615248 801234567
370615482 801234567
