286301457 801234567
286301574 801234567
286301745 801234567
286304175 801234567
286304517 801234567
286304751 801234567
286305147 801234567
286305471 801234567
286305714 801234567
286307154 801234567
286307415 801234567
286307541 801234567
286310475 801234567
286310547 801234567
286310754 801234567
286314057 801234567
286314570 801234567
286314705 801234567
286315074 801234567
286315407 801234567
286315740 801234567
286317045 801234567
286317450 801234567
286317504 801234567
286340157 801234567
286340571 801234567
286340715 801234567
286341075 801234567
286341507 801234567
286341750 801234567
286345017 801234567
286345170 801234567
286345701 801234567
286347051 801234567
286347105 801234567
286347510 801234567
286350174 801234567
286350417 801234567
286350741 801234567
286351047 801234567
286351470 801234567
286351704 801234567
286354071 801234567
286354107 801234567
286354710 801234567
286357014 801234567
286357140 801234567
286357401 801234567
286370145 801234567
286370451 801234567
286370514 801234567
286371054 801234567
286371405 801234567
286371540 801234567
286374015 801234567
286374150 801234567
286374501 801234567
286375041 801234567
286375104 801234567
286375410 801234567
286401375 801234567
286401537 801234567
286401753 801234567
286403157 801234567
286403571 801234567
286403715 801234567
286405173 801234567
286405317 801234567
286405731 801234567
286407135 801234567
286407351 801234567
286407513 801234567
286410357 801234567
286410573 801234567
286410735 801234567
286413075 801234567
286413507 801234567
286413750 801234567
286415037 801234567
286415370 801234567
286415703 801234567
286417053 801234567
286417305 801234567
286417530 801234567
286430175 801234567
286430517 801234567
286430751 801234567
286431057 801234567
286431570 801234567
286431705 801234567
286435071 801234567
286435107 801234567
286435710 801234567
286437015 801234567
286437150 801234567
286437501 801234567
286450137 801234567
286450371 801234567
286450713 801234567
286451073 801234567
286451307 801234567
286451730 801234567
286453017 801234567
286453170 801234567
286453701 801234567
286457031 801234567
286457103 801234567
286457310 801234567
286470153 801234567
286470315 801234567
286470531 801234567
286471035 801234567
286471350 801234567
286471503 801234567
286473051 801234567
286473105 801234567
286473510 801234567
286475013 801234567
286475130 801234567
286475301 801234567
286501347 801234567
286501473 801234567
286501734 801234567
286503174 801234567
286503417 801234567
286503741 801234567
286504137 801234567
286504371 801234567
286504713 801234567
286507143 801234567
286507314 801234567
286507431 801234567
286510374 801234567
286510437 801234567
286510743 801234567
286513047 801234567
286513470 801234567
286513704 801234567
286514073 801234567
286514307 801234567
286514730 801234567
286517034 801234567
286517340 801234567
286517403 801234567
286530147 801234567
286530471 801234567
286530714 801234567
286531074 801234567
286531407 801234567
286531740 801234567
286534017 801234567
286534170 801234567
286534701 801234567
286537041 801234567
286537104 801234567
286537410 801234567
286540173 801234567
286540317 801234567
286540731 801234567
286541037 801234567
286541370 801234567
286541703 801234567
286543071 801234567
286543107 801234567
286543710 801234567
286547013 801234567
286547130 801234567
286547301 801234567
286570134 801234567
286570341 801234567
286570413 801234567
286571043 801234567
286571304 801234567
286571430 801234567
286573014 801234567
286573140 801234567
286573401 801234567
286574031 801234567
286574103 801234567
286574310 801234567
286701354 801234567
286701435 801234567
286701543 801234567
286703145 801234567
286703451 801234567
286703514 801234567
286704153 801234567
286704315 801234567
286704531 801234567
286705134 801234567
286705341 801234567
286705413 801234567
286710345 801234567
286710453 801234567
286710534 801234567
286713054 801234567
286713405 801234567
286713540 801234567
286714035 801234567
286714350 801234567
286714503 801234567
286715043 801234567
286715304 801234567
286715430 801234567
286730154 801234567
286730415 801234567
286730541 801234567
286731045 801234567
286731450 801234567
286731504 801234567
286734051 801234567
286734105 801234567
286734510 801234567
286735014 801234567
286735140 801234567
286735401 801234567
286740135 801234567
286740351 801234567
286740513 801234567
286741053 801234567
286741305 801234567
286741530 801234567
286743015 801234567
286743150 801234567
286743501 801234567
286745031 801234567
286745103 801234567
286745310 801234567
286750143 801234567
286750314 801234567
286750431 801234567
286751034 801234567
286751340 801234567
286751403 801234567
286753041 801234567
286753104 801234567
286753410 801234567
286754013 801234567
286754130 801234567
286754301 801234567
287013465 801234567
287013546 801234567
287013654 801234567
287014356 801234567
287014563 801234567
287014635 801234567
287015364 801234567
287015436 801234567
287015643 801234567
287016345 801234567
287016453 801234567
287016534 801234567
287031456 801234567
287031564 801234567
287031645 801234567
287034165 801234567
287034516 801234567
287034651 801234567
287035146 801234567
287035461 801234567
287035614 801234567
287036154 801234567
287036415 801234567
287036541 801234567
287041365 801234567
287041536 801234567
287041653 801234567
287043156 801234567
287043561 801234567
287043615 801234567
287045163 801234567
287045316 801234567
287045631 801234567
287046135 801234567
287046351 801234567
287046513 801234567
287051346 801234567
287051463 801234567
287051634 801234567
287053164 801234567
287053416 801234567
287053641 801234567
287054136 801234567
287054361 801234567
287054613 801234567
287056143 801234567
287056314 801234567
287056431 801234567
287061354 801234567
287061435 801234567
287061543 801234567
287063145 801234567
287063451 801234567
287063514 801234567
287064153 801234567
287064315 801234567
287064531 801234567
287065134 801234567
287065341 801234567
287065413 801234567
287103456 801234567
287103564 801234567
287103645 801234567
287104365 801234567
287104536 801234567
287104653 801234567
287105346 801234567
287105463 801234567
287105634 801234567
287106354 801234567
287106435 801234567
287106543 801234567
287130465 801234567
287130546 801234567
287130654 801234567
287134056 801234567
287134560 801234567
287134605 801234567
287135064 801234567
287135406 801234567
287135640 801234567
287136045 801234567
287136450 801234567
287136504 801234567
287140356 801234567
287140563 801234567
287140635 801234567
287143065 801234567
287143506 801234567
287143650 801234567
287145036 801234567
287145360 801234567
287145603 801234567
287146053 801234567
287146305 801234567
287146530 801234567
287150364 801234567
287150436 801234567
287150643 801234567
287153046 801234567
287153460 801234567
287153604 801234567
287154063 801234567
287154306 801234567
287154630 801234567
287156034 801234567
287156340 801234567
287156403 801234567
287160345 801234567
287160453 801234567
287160534 801234567
287163054 801234567
287163405 801234567
287163540 801234567
287164035 801234567
287164350 801234567
287164503 801234567
287165043 801234567
287165304 801234567
287165430 801234567
287301465 801234567
287301546 801234567
287301654 801234567
287304156 801234567
287304561 801234567
287304615 801234567
287305164 801234567
287305416 801234567
287305641 801234567
287306145 801234567
287306451 801234567
287306514 801234567
287310456 801234567
287310564 801234567
287310645 801234567
287314065 801234567
287314506 801234567
287314650 801234567
287315046 801234567
287315460 801234567
287315604 801234567
287316054 801234567
287316405 801234567
287316540 801234567
287340165 801234567
287340516 801234567
287340651 801234567
287341056 801234567
287341560 801234567
287341605 801234567
287345061 801234567
287345106 801234567
287345610 801234567
287346015 801234567
287346150 801234567
287346501 801234567
287350146 801234567
287350461 801234567
287350614 801234567
287351064 801234567
287351406 801234567
287351640 801234567
287354016 801234567
287354160 801234567
287354601 801234567
287356041 801234567
287356104 801234567
287356410 801234567
287360154 801234567
287360415 801234567
287360541 801234567
287361045 801234567
287361450 801234567
287361504 801234567
287364051 801234567
287364105 801234567
287364510 801234567
287365014 801234567
287365140 801234567
287365401 801234567
287401356 801234567
287401563 801234567
287401635 801234567
287403165 801234567
287403516 801234567
287403651 801234567
287405136 801234567
287405361 801234567
287405613 801234567
287406153 801234567
287406315 801234567
287406531 801234567
287410365 801234567
287410536 801234567
287410653 801234567
287413056 801234567
287413560 801234567
287413605 801234567
287415063 801234567
287415306 801234567
287415630 801234567
287416035 801234567
287416350 801234567
287416503 801234567
287430156 801234567
287430561 801234567
287430615 801234567
287431065 801234567
287431506 801234567
287431650 801234567
287435016 801234567
287435160 801234567
287435601 801234567
287436051 801234567
287436105 801234567
287436510 801234567
287450163 801234567
287450316 801234567
287450631 801234567
287451036 801234567
287451360 801234567
287451603 801234567
287453061 801234567
287453106 801234567
287453610 801234567
287456013 801234567
287456130 801234567
287456301 801234567
287460135 801234567
287460351 801234567
287460513 801234567
287461053 801234567
287461305 801234567
287461530 801234567
287463015 801234567
287463150 801234567
287463501 801234567
287465031 801234567
287465103 801234567
287465310 801234567
287501364 801234567
287501436 801234567
287501643 801234567
287503146 801234567
287503461 801234567
287503614 801234567
287504163 801234567
287504316 801234567
287504631 801234567
287506134 801234567
287506341 801234567
287506413 801234567
287510346 801234567
287510463 801234567
287510634 801234567
287513064 801234567
287513406 801234567
287513640 801234567
287514036 801234567
