725164803 801234567
725168043 801234567
725168304 801234567
725168430 801234567
725180364 801234567
725180436 801234567
725180643 801234567
725183046 801234567
725183460 801234567
725183604 801234567
725184063 801234567
725184306 801234567
725184630 801234567
725186034 801234567
725186340 801234567
725186403 801234567
725301468 801234567
725301684 801234567
725301846 801234567
725304186 801234567
725304618 801234567
725304861 801234567
725306148 801234567
725306481 801234567
725306814 801234567
725308164 801234567
725308416 801234567
725308641 801234567
725310486 801234567
725310648 801234567
725310864 801234567
725314068 801234567
725314680 801234567
725314806 801234567
725316084 801234567
725316408 801234567
725316840 801234567
725318046 801234567
725318460 801234567
725318604 801234567
725340168 801234567
725340681 801234567
725340816 801234567
725341086 801234567
725341608 801234567
725341860 801234567
725346018 801234567
725346180 801234567
725346801 801234567
725348061 801234567
725348106 801234567
725348610 801234567
725360184 801234567
725360418 801234567
725360841 801234567
725361048 801234567
725361480 801234567
725361804 801234567
725364081 801234567
725364108 801234567
725364810 801234567
725368014 801234567
725368140 801234567
725368401 801234567
725380146 801234567
725380461 801234567
725380614 801234567
725381064 801234567
725381406 801234567
725381640 801234567
725384016 801234567
725384160 801234567
725384601 801234567
725386041 801234567
725386104 801234567
725386410 801234567
725401386 801234567
725401638 801234567
725401863 801234567
725403168 801234567
725403681 801234567
725403816 801234567
725406183 801234567
725406318 801234567
725406831 801234567
725408136 801234567
725408361 801234567
725408613 801234567
725410368 801234567
725410683 801234567
725410836 801234567
725413086 801234567
725413608 801234567
725413860 801234567
725416038 801234567
725416380 801234567
725416803 801234567
725418063 801234567
725418306 801234567
725418630 801234567
725430186 801234567
725430618 801234567
725430861 801234567
725431068 801234567
725431680 801234567
725431806 801234567
725436081 801234567
725436108 801234567
725436810 801234567
725438016 801234567
725438160 801234567
725438601 801234567
725460138 801234567
725460381 801234567
725460813 801234567
725461083 801234567
725461308 801234567
725461830 801234567
725463018 801234567
725463180 801234567
725463801 801234567
725468031 801234567
725468103 801234567
725468310 801234567
725480163 801234567
725480316 801234567
725480631 801234567
725481036 801234567
725481360 801234567
725481603 801234567
725483061 801234567
725483106 801234567
725483610 801234567
725486013 801234567
725486130 801234567
725486301 801234567
725601348 801234567
725601483 801234567
725601834 801234567
725603184 801234567
725603418 801234567
725603841 801234567
725604138 801234567
725604381 801234567
725604813 801234567
725608143 801234567
725608314 801234567
725608431 801234567
725610384 801234567
725610438 801234567
725610843 801234567
725613048 801234567
725613480 801234567
725613804 801234567
725614083 801234567
725614308 801234567
725614830 801234567
725618034 801234567
725618340 801234567
725618403 801234567
725630148 801234567
725630481 801234567
725630814 801234567
725631084 801234567
725631408 801234567
725631840 801234567
725634018 801234567
725634180 801234567
725634801 801234567
725638041 801234567
725638104 801234567
725638410 801234567
725640183 801234567
725640318 801234567
725640831 801234567
725641038 801234567
725641380 801234567
725641803 801234567
725643081 801234567
725643108 801234567
725643810 801234567
725648013 801234567
725648130 801234567
725648301 801234567
725680134 801234567
725680341 801234567
725680413 801234567
725681043 801234567
725681304 801234567
725681430 801234567
725683014 801234567
725683140 801234567
725683401 801234567
725684031 801234567
725684103 801234567
725684310 801234567
725801364 801234567
725801436 801234567
725801643 801234567
725803146 801234567
725803461 801234567
725803614 801234567
725804163 801234567
725804316 801234567
725804631 801234567
725806134 801234567
725806341 801234567
725806413 801234567
725810346 801234567
725810463 801234567
725810634 801234567
725813064 801234567
725813406 801234567
725813640 801234567
725814036 801234567
725814360 801234567
725814603 801234567
725816043 801234567
725816304 801234567
725816430 801234567
725830164 801234567
725830416 801234567
725830641 801234567
725831046 801234567
725831460 801234567
725831604 801234567
725834061 801234567
725834106 801234567
725834610 801234567
725836014 801234567
725836140 801234567
725836401 801234567
725840136 801234567
725840361 801234567
725840613 801234567
725841063 801234567
725841306 801234567
725841630 801234567
725843016 801234567
725843160 801234567
725843601 801234567
725846031 801234567
725846103 801234567
725846310 801234567
725860143 801234567
725860314 801234567
725860431 801234567
725861034 801234567
725861340 801234567
725861403 801234567
725863041 801234567
725863104 801234567
725863410 801234567
725864013 801234567
725864130 801234567
725864301 801234567
726013485 801234567
726013548 801234567
726013854 801234567
726014358 801234567
726014583 801234567
726014835 801234567
726015384 801234567
726015438 801234567
726015843 801234567
726018345 801234567
726018453 801234567
726018534 801234567
726031458 801234567
726031584 801234567
726031845 801234567
726034185 801234567
726034518 801234567
726034851 801234567
726035148 801234567
726035481 801234567
726035814 801234567
726038154 801234567
726038415 801234567
726038541 801234567
726041385 801234567
726041538 801234567
726041853 801234567
726043158 801234567
726043581 801234567
726043815 801234567
726045183 801234567
726045318 801234567
726045831 801234567
726048135 801234567
726048351 801234567
726048513 801234567
726051348 801234567
726051483 801234567
726051834 801234567
726053184 801234567
726053418 801234567
726053841 801234567
726054138 801234567
726054381 801234567
726054813 801234567
726058143 801234567
726058314 801234567
726058431 801234567
726081354 801234567
726081435 801234567
726081543 801234567
726083145 801234567
726083451 801234567
726083514 801234567
726084153 801234567
726084315 801234567
726084531 801234567
726085134 801234567
726085341 801234567
726085413 801234567
726103458 801234567
726103584 801234567
726103845 801234567
726104385 801234567
726104538 801234567
726104853 801234567
726105348 801234567
726105483 801234567
726105834 801234567
726108354 801234567
726108435 801234567
726108543 801234567
726130485 801234567
726130548 801234567
726130854 801234567
726134058 801234567
726134580 801234567
726134805 801234567
726135084 801234567
726135408 801234567
726135840 801234567
726138045 801234567
726138450 801234567
726138504 801234567
726140358 801234567
726140583 801234567
726140835 801234567
726143085 801234567
726143508 801234567
726143850 801234567
726145038 801234567
726145380 801234567
726145803 801234567
726148053 801234567
726148305 801234567
726148530 801234567
726150384 801234567
726150438 801234567
726150843 801234567
726153048 801234567
726153480 801234567
726153804 801234567
726154083 801234567
726154308 801234567
726154830 801234567
726158034 801234567
726158340 801234567
726158403 801234567
726180345 801234567
726180453 801234567
726180534 801234567
726183054 801234567
726183405 801234567
726183540 801234567
726184035 801234567
726184350 801234567
726184503 801234567
726185043 801234567
726185304 801234567
726185430 801234567
726301485 801234567
726301548 801234567
726301854 801234567
726304158 801234567
726304581 801234567
726304815 801234567
726305184 801234567
726305418 801234567
726305841 801234567
726308145 801234567
726308451 801234567
726308514 801234567
726310458 801234567
726310584 801234567
726310845 801234567
726314085 801234567
726314508 801234567
726314850 801234567
726315048 801234567
726315480 801234567
726315804 801234567
726318054 801234567
726318405 801234567
726318540 801234567
726340185 801234567
726340518 801234567
726340851 801234567
726341058 801234567
726341580 801234567
726341805 801234567
726345081 801234567
726345108 801234567
726345810 801234567
726348015 801234567
726348150 801234567
726348501 801234567
726350148 801234567
726350481 801234567
726350814 801234567
726351084 801234567
726351408 801234567
726351840 801234567
726354018 801234567
726354180 801234567
726354801 801234567
726358041 801234567
726358104 801234567
726358410 801234567
726380154 801234567
726380415 801234567
726380541 801234567
726381045 801234567
726381450 801234567
726381504 801234567
726384051 801234567
726384105 801234567
726384510 801234567
726385014 801234567
726385140 801234567
726385401 801234567
726401358 801234567
726401583 801234567
726401835 801234567
726403185 801234567
726403518 801234567
726403851 801234567
726405138 801234567
726405381 801234567
726405813 801234567
726408153 801234567
726408315 801234567
726408531 801234567
726410385 801234567
726410538 801234567
726410853 801234567
726413058 801234567
726413580 801234567
726413805 801234567
726415083 801234567
726415308 801234567
726415830 801234567
726418035 801234567
726418350 801234567
726418503 801234567
726430158 801234567
726430581 801234567
726430815 801234567
726431085 801234567
726431508 801234567
726431850 801234567
726435018 801234567
726435180 801234567
726435801 801234567
726438051 801234567
726438105 801234567
726438510 801234567
726450183 801234567
726450318 801234567
726450831 801234567
726451038 801234567
726451380 801234567
726451803 801234567
726453081 801234567
726453108 801234567
726453810 801234567
726458013 801234567
726458130 801234567
726458301 801234567
726480135 801234567
726480351 801234567
726480513 801234567
726481053 801234567
726481305 801234567
726481530 801234567
726483015 801234567
726483150 801234567
726483501 801234567
726485031 801234567
726485103 801234567
726485310 801234567
726501384 801234567
726501438 801234567
726501843 801234567
