243801756 801234567
243805176 801234567
243805617 801234567
243805761 801234567
243806157 801234567
243806571 801234567
243806715 801234567
243807165 801234567
243807516 801234567
243807651 801234567
243810576 801234567
243810657 801234567
243810765 801234567
243815067 801234567
243815670 801234567
243815706 801234567
243816075 801234567
243816507 801234567
243816750 801234567
243817056 801234567
243817560 801234567
243817605 801234567
243850167 801234567
243850671 801234567
243850716 801234567
243851076 801234567
243851607 801234567
243851760 801234567
243856017 801234567
243856170 801234567
243856701 801234567
243857061 801234567
243857106 801234567
243857610 801234567
243860175 801234567
243860517 801234567
243860751 801234567
243861057 801234567
243861570 801234567
243861705 801234567
243865071 801234567
243865107 801234567
243865710 801234567
243867015 801234567
243867150 801234567
243867501 801234567
243870156 801234567
243870561 801234567
243870615 801234567
243871065 801234567
243871506 801234567
243871650 801234567
243875016 801234567
243875160 801234567
243875601 801234567
243876051 801234567
243876105 801234567
243876510 801234567
245013678 801234567
245013786 801234567
245013867 801234567
245016387 801234567
245016738 801234567
245016873 801234567
245017368 801234567
245017683 801234567
245017836 801234567
245018376 801234567
245018637 801234567
245018763 801234567
245031687 801234567
245031768 801234567
245031876 801234567
245036178 801234567
245036781 801234567
245036817 801234567
245037186 801234567
245037618 801234567
245037861 801234567
245038167 801234567
245038671 801234567
245038716 801234567
245061378 801234567
245061783 801234567
245061837 801234567
245063187 801234567
245063718 801234567
245063871 801234567
245067138 801234567
245067381 801234567
245067813 801234567
245068173 801234567
245068317 801234567
245068731 801234567
245071386 801234567
245071638 801234567
245071863 801234567
245073168 801234567
245073681 801234567
245073816 801234567
245076183 801234567
245076318 801234567
245076831 801234567
245078136 801234567
245078361 801234567
245078613 801234567
245081367 801234567
245081673 801234567
245081736 801234567
245083176 801234567
245083617 801234567
245083761 801234567
245086137 801234567
245086371 801234567
245086713 801234567
245087163 801234567
245087316 801234567
245087631 801234567
245103687 801234567
245103768 801234567
245103876 801234567
245106378 801234567
245106783 801234567
245106837 801234567
245107386 801234567
245107638 801234567
245107863 801234567
245108367 801234567
245108673 801234567
245108736 801234567
245130678 801234567
245130786 801234567
245130867 801234567
245136087 801234567
245136708 801234567
245136870 801234567
245137068 801234567
245137680 801234567
245137806 801234567
245138076 801234567
245138607 801234567
245138760 801234567
245160387 801234567
245160738 801234567
245160873 801234567
245163078 801234567
245163780 801234567
245163807 801234567
245167083 801234567
245167308 801234567
245167830 801234567
245168037 801234567
245168370 801234567
245168703 801234567
245170368 801234567
245170683 801234567
245170836 801234567
245173086 801234567
245173608 801234567
245173860 801234567
245176038 801234567
245176380 801234567
245176803 801234567
245178063 801234567
245178306 801234567
245178630 801234567
245180376 801234567
245180637 801234567
245180763 801234567
245183067 801234567
245183670 801234567
245183706 801234567
245186073 801234567
245186307 801234567
245186730 801234567
245187036 801234567
245187360 801234567
245187603 801234567
245301678 801234567
245301786 801234567
245301867 801234567
245306187 801234567
245306718 801234567
245306871 801234567
245307168 801234567
245307681 801234567
245307816 801234567
245308176 801234567
245308617 801234567
245308761 801234567
245310687 801234567
245310768 801234567
245310876 801234567
245316078 801234567
245316780 801234567
245316807 801234567
245317086 801234567
245317608 801234567
245317860 801234567
245318067 801234567
245318670 801234567
245318706 801234567
245360178 801234567
245360781 801234567
245360817 801234567
245361087 801234567
245361708 801234567
245361870 801234567
245367018 801234567
245367180 801234567
245367801 801234567
245368071 801234567
245368107 801234567
245368710 801234567
245370186 801234567
245370618 801234567
245370861 801234567
245371068 801234567
245371680 801234567
245371806 801234567
245376081 801234567
245376108 801234567
245376810 801234567
245378016 801234567
245378160 801234567
245378601 801234567
245380167 801234567
245380671 801234567
245380716 801234567
245381076 801234567
245381607 801234567
245381760 801234567
245386017 801234567
245386170 801234567
245386701 801234567
245387061 801234567
245387106 801234567
245387610 801234567
245601387 801234567
245601738 801234567
245601873 801234567
245603178 801234567
245603781 801234567
245603817 801234567
245607183 801234567
245607318 801234567
245607831 801234567
245608137 801234567
245608371 801234567
245608713 801234567
245610378 801234567
245610783 801234567
245610837 801234567
245613087 801234567
245613708 801234567
245613870 801234567
245617038 801234567
245617380 801234567
245617803 801234567
245618073 801234567
245618307 801234567
245618730 801234567
245630187 801234567
245630718 801234567
245630871 801234567
245631078 801234567
245631780 801234567
245631807 801234567
245637081 801234567
245637108 801234567
245637810 801234567
245638017 801234567
245638170 801234567
245638701 801234567
245670138 801234567
245670381 801234567
245670813 801234567
245671083 801234567
245671308 801234567
245671830 801234567
245673018 801234567
245673180 801234567
245673801 801234567
245678031 801234567
245678103 801234567
245678310 801234567
245680173 801234567
245680317 801234567
245680731 801234567
245681037 801234567
245681370 801234567
245681703 801234567
245683071 801234567
245683107 801234567
245683710 801234567
245687013 801234567
245687130 801234567
245687301 801234567
245701368 801234567
245701683 801234567
245701836 801234567
245703186 801234567
245703618 801234567
245703861 801234567
245706138 801234567
245706381 801234567
245706813 801234567
245708163 801234567
245708316 801234567
245708631 801234567
245710386 801234567
245710638 801234567
245710863 801234567
245713068 801234567
245713680 801234567
245713806 801234567
245716083 801234567
245716308 801234567
245716830 801234567
245718036 801234567
245718360 801234567
245718603 801234567
245730168 801234567
245730681 801234567
245730816 801234567
245731086 801234567
245731608 801234567
245731860 801234567
245736018 801234567
245736180 801234567
245736801 801234567
245738061 801234567
245738106 801234567
245738610 801234567
245760183 801234567
245760318 801234567
245760831 801234567
245761038 801234567
245761380 801234567
245761803 801234567
245763081 801234567
245763108 801234567
245763810 801234567
245768013 801234567
245768130 801234567
245768301 801234567
245780136 801234567
245780361 801234567
245780613 801234567
245781063 801234567
245781306 801234567
245781630 801234567
245783016 801234567
245783160 801234567
245783601 801234567
245786031 801234567
245786103 801234567
245786310 801234567
245801376 801234567
245801637 801234567
245801763 801234567
245803167 801234567
245803671 801234567
245803716 801234567
245806173 801234567
245806317 801234567
245806731 801234567
245807136 801234567
245807361 801234567
245807613 801234567
245810367 801234567
245810673 801234567
245810736 801234567
245813076 801234567
245813607 801234567
245813760 801234567
245816037 801234567
245816370 801234567
245816703 801234567
245817063 801234567
245817306 801234567
245817630 801234567
245830176 801234567
245830617 801234567
245830761 801234567
245831067 801234567
245831670 801234567
245831706 801234567
245836071 801234567
245836107 801234567
245836710 801234567
245837016 801234567
245837160 801234567
245837601 801234567
245860137 801234567
245860371 801234567
245860713 801234567
245861073 801234567
245861307 801234567
245861730 801234567
245863017 801234567
245863170 801234567
245863701 801234567
245867031 801234567
245867103 801234567
245867310 801234567
245870163 801234567
245870316 801234567
245870631 801234567
245871036 801234567
245871360 801234567
245871603 801234567
245873061 801234567
245873106 801234567
245873610 801234567
245876013 801234567
245876130 801234567
245876301 801234567
246013587 801234567
246013758 801234567
246013875 801234567
246015378 801234567
246015783 801234567
246015837 801234567
246017385 801234567
246017538 801234567
246017853 801234567
246018357 801234567
246018573 801234567
246018735 801234567
246031578 801234567
246031785 801234567
246031857 801234567
246035187 801234567
246035718 801234567
246035871 801234567
246037158 801234567
246037581 801234567
246037815 801234567
246038175 801234567
246038517 801234567
246038751 801234567
246051387 801234567
246051738 801234567
246051873 801234567
246053178 801234567
246053781 801234567
246053817 801234567
246057183 801234567
246057318 801234567
246057831 801234567
246058137 801234567
246058371 801234567
246058713 801234567
246071358 801234567
246071583 801234567
246071835 801234567
246073185 801234567
246073518 801234567
246073851 801234567
246075138 801234567
246075381 801234567
246075813 801234567
246078153 801234567
246078315 801234567
246078531 801234567
246081375 801234567
246081537 801234567
246081753 801234567
246083157 801234567
246083571 801234567
246083715 801234567
246085173 801234567
246085317 801234567
246085731 801234567
246087135 801234567
246087351 801234567
246087513 801234567
246103578 801234567
246103785 801234567
246103857 801234567
246105387 801234567
246105738 801234567
246105873 801234567
246107358 801234567
246107583 801234567
246107835 801234567
246108375 801234567
246108537 801234567
246108753 801234567
246130587 801234567
246130758 801234567
246130875 801234567
246135078 801234567
246135780 801234567
246135807 801234567
246137085 801234567
246137508 801234567
246137850 801234567
