058473216 801234567
058473621 801234567
058476123 801234567
058476231 801234567
058476312 801234567
058612347 801234567
058612473 801234567
058612734 801234567
058613274 801234567
058613427 801234567
058613742 801234567
058614237 801234567
058614372 801234567
058614723 801234567
058617243 801234567
058617324 801234567
058617432 801234567
058621374 801234567
058621437 801234567
058621743 801234567
058623147 801234567
058623471 801234567
058623714 801234567
058624173 801234567
058624317 801234567
058624731 801234567
058627134 801234567
058627341 801234567
058627413 801234567
058631247 801234567
058631472 801234567
058631724 801234567
058632174 801234567
058632417 801234567
058632741 801234567
058634127 801234567
058634271 801234567
058634712 801234567
058637142 801234567
058637214 801234567
058637421 801234567
058641273 801234567
058641327 801234567
058641732 801234567
058642137 801234567
058642371 801234567
058642713 801234567
058643172 801234567
058643217 801234567
058643721 801234567
058647123 801234567
058647231 801234567
058647312 801234567
058671234 801234567
058671342 801234567
058671423 801234567
058672143 801234567
058672314 801234567
058672431 801234567
058673124 801234567
058673241 801234567
058673412 801234567
058674132 801234567
058674213 801234567
058674321 801234567
058712364 801234567
058712436 801234567
058712643 801234567
058713246 801234567
058713462 801234567
058713624 801234567
058714263 801234567
058714326 801234567
058714632 801234567
058716234 801234567
058716342 801234567
058716423 801234567
058721346 801234567
058721463 801234567
058721634 801234567
058723164 801234567
058723416 801234567
058723641 801234567
058724136 801234567
058724361 801234567
058724613 801234567
058726143 801234567
058726314 801234567
058726431 801234567
058731264 801234567
058731426 801234567
058731642 801234567
058732146 801234567
058732461 801234567
058732614 801234567
058734162 801234567
058734216 801234567
058734621 801234567
058736124 801234567
058736241 801234567
058736412 801234567
058741236 801234567
058741362 801234567
058741623 801234567
058742163 801234567
058742316 801234567
058742631 801234567
058743126 801234567
058743261 801234567
058743612 801234567
058746132 801234567
058746213 801234567
058746321 801234567
058761243 801234567
058761324 801234567
058761432 801234567
058762134 801234567
058762341 801234567
058762413 801234567
058763142 801234567
058763214 801234567
058763421 801234567
058764123 801234567
058764231 801234567
058764312 801234567
061234587 801234567
061234758 801234567
061234875 801234567
061235478 801234567
061235784 801234567
061235847 801234567
061237485 801234567
061237548 801234567
061237854 801234567
061238457 801234567
061238574 801234567
061238745 801234567
061243578 801234567
061243785 801234567
061243857 801234567
061245387 801234567
061245738 801234567
061245873 801234567
061247358 801234567
061247583 801234567
061247835 801234567
061248375 801234567
061248537 801234567
061248753 801234567
061253487 801234567
061253748 801234567
061253874 801234567
061254378 801234567
061254783 801234567
061254837 801234567
061257384 801234567
061257438 801234567
061257843 801234567
061258347 801234567
061258473 801234567
061258734 801234567
061273458 801234567
061273584 801234567
061273845 801234567
061274385 801234567
061274538 801234567
061274853 801234567
061275348 801234567
061275483 801234567
061275834 801234567
061278354 801234567
061278435 801234567
061278543 801234567
061283475 801234567
061283547 801234567
061283754 801234567
061284357 801234567
061284573 801234567
061284735 801234567
061285374 801234567
061285437 801234567
061285743 801234567
061287345 801234567
061287453 801234567
061287534 801234567
061324578 801234567
061324785 801234567
061324857 801234567
061325487 801234567
061325748 801234567
061325874 801234567
061327458 801234567
061327584 801234567
061327845 801234567
061328475 801234567
061328547 801234567
061328754 801234567
061342587 801234567
061342758 801234567
061342875 801234567
061345278 801234567
061345782 801234567
061345827 801234567
061347285 801234567
061347528 801234567
061347852 801234567
061348257 801234567
061348572 801234567
061348725 801234567
061352478 801234567
061352784 801234567
061352847 801234567
061354287 801234567
061354728 801234567
061354872 801234567
061357248 801234567
061357482 801234567
061357824 801234567
061358274 801234567
061358427 801234567
061358742 801234567
061372485 801234567
061372548 801234567
061372854 801234567
061374258 801234567
061374582 801234567
061374825 801234567
061375284 801234567
061375428 801234567
061375842 801234567
061378245 801234567
061378452 801234567
061378524 801234567
061382457 801234567
061382574 801234567
061382745 801234567
061384275 801234567
061384527 801234567
061384752 801234567
061385247 801234567
061385472 801234567
061385724 801234567
061387254 801234567
061387425 801234567
061387542 801234567
061423587 801234567
061423758 801234567
061423875 801234567
061425378 801234567
061425783 801234567
061425837 801234567
061427385 801234567
061427538 801234567
061427853 801234567
061428357 801234567
061428573 801234567
061428735 801234567
061432578 801234567
061432785 801234567
061432857 801234567
061435287 801234567
061435728 801234567
061435872 801234567
061437258 801234567
061437582 801234567
061437825 801234567
061438275 801234567
061438527 801234567
061438752 801234567
061452387 801234567
061452738 801234567
061452873 801234567
061453278 801234567
061453782 801234567
061453827 801234567
061457283 801234567
061457328 801234567
061457832 801234567
061458237 801234567
061458372 801234567
061458723 801234567
061472358 801234567
061472583 801234567
061472835 801234567
061473285 801234567
061473528 801234567
061473852 801234567
061475238 801234567
061475382 801234567
061475823 801234567
061478253 801234567
061478325 801234567
061478532 801234567
061482375 801234567
061482537 801234567
061482753 801234567
061483257 801234567
061483572 801234567
061483725 801234567
061485273 801234567
061485327 801234567
061485732 801234567
061487235 801234567
061487352 801234567
061487523 801234567
061523478 801234567
061523784 801234567
061523847 801234567
061524387 801234567
061524738 801234567
061524873 801234567
061527348 801234567
061527483 801234567
061527834 801234567
061528374 801234567
061528437 801234567
061528743 801234567
061532487 801234567
061532748 801234567
061532874 801234567
061534278 801234567
061534782 801234567
061534827 801234567
061537284 801234567
061537428 801234567
061537842 801234567
061538247 801234567
061538472 801234567
061538724 801234567
061542378 801234567
061542783 801234567
061542837 801234567
061543287 801234567
061543728 801234567
061543872 801234567
061547238 801234567
061547382 801234567
061547823 801234567
061548273 801234567
061548327 801234567
061548732 801234567
061572384 801234567
061572438 801234567
061572843 801234567
061573248 801234567
061573482 801234567
061573824 801234567
061574283 801234567
061574328 801234567
061574832 801234567
061578234 801234567
061578342 801234567
061578423 801234567
061582347 801234567
061582473 801234567
061582734 801234567
061583274 801234567
061583427 801234567
061583742 801234567
061584237 801234567
061584372 801234567
061584723 801234567
061587243 801234567
061587324 801234567
061587432 801234567
061723485 801234567
061723548 801234567
061723854 801234567
061724358 801234567
061724583 801234567
061724835 801234567
061725384 801234567
061725438 801234567
061725843 801234567
061728345 801234567
061728453 801234567
061728534 801234567
061732458 801234567
061732584 801234567
061732845 801234567
061734285 801234567
061734528 801234567
061734852 801234567
061735248 801234567
061735482 801234567
061735824 801234567
061738254 801234567
061738425 801234567
061738542 801234567
061742385 801234567
061742538 801234567
061742853 801234567
061743258 801234567
061743582 801234567
061743825 801234567
061745283 801234567
061745328 801234567
061745832 801234567
061748235 801234567
061748352 801234567
061748523 801234567
061752348 801234567
061752483 801234567
061752834 801234567
061753284 801234567
061753428 801234567
061753842 801234567
061754238 801234567
061754382 801234567
061754823 801234567
061758243 801234567
061758324 801234567
061758432 801234567
061782354 801234567
061782435 801234567
061782543 801234567
061783245 801234567
061783452 801234567
061783524 801234567
061784253 801234567
061784325 801234567
061784532 801234567
061785234 801234567
061785342 801234567
061785423 801234567
061823457 801234567
061823574 801234567
061823745 801234567
061824375 801234567
061824537 801234567
061824753 801234567
061825347 801234567
061825473 801234567
061825734 801234567
061827354 801234567
061827435 801234567
061827543 801234567
061832475 801234567
061832547 801234567
061832754 801234567
061834257 801234567
061834572 801234567
061834725 801234567
061835274 801234567
061835427 801234567
061835742 801234567
061837245 801234567
061837452 801234567
061837524 801234567
061842357 801234567
061842573 801234567
061842735 801234567
061843275 801234567
061843527 801234567
061843752 801234567
061845237 801234567
061845372 801234567
061845723 801234567
061847253 801234567
061847325 801234567
061847532 801234567
061852374 801234567
061852437 801234567
061852743 801234567
061853247 801234567
061853472 801234567
061853724 801234567
061854273 801234567
061854327 801234567
061854732 801234567
061857234 801234567
061857342 801234567
061857423 801234567
061872345 801234567
061872453 801234567
061872534 801234567
061873254 801234567
061873425 801234567
061873542 801234567
061874235 801234567
061874352 801234567
061874523 801234567
061875243 801234567
061875324 801234567
061875432 801234567
062134578 801234567
062134785 801234567
062134857 801234567
062135487 801234567
062135748 801234567
062135874 801234567
062137458 801234567
062137584 801234567
062137845 801234567
062138475 801234567
062138547 801234567
062138754 801234567
062143587 801234567
062143758 801234567
