476502381 801234567
476502813 801234567
476503182 801234567
476503218 801234567
476503821 801234567
476508123 801234567
476508231 801234567
476508312 801234567
476510238 801234567
476510382 801234567
476510823 801234567
476512083 801234567
476512308 801234567
476512830 801234567
476513028 801234567
476513280 801234567
476513802 801234567
476518032 801234567
476518203 801234567
476518320 801234567
476520183 801234567
476520318 801234567
476520831 801234567
476521038 801234567
476521380 801234567
476521803 801234567
476523081 801234567
476523108 801234567
476523810 801234567
476528013 801234567
476528130 801234567
476528301 801234567
476530128 801234567
476530281 801234567
476530812 801234567
476531082 801234567
476531208 801234567
476531820 801234567
476532018 801234567
476532180 801234567
476532801 801234567
476538021 801234567
476538102 801234567
476538210 801234567
476580132 801234567
476580213 801234567
476580321 801234567
476581023 801234567
476581230 801234567
476581302 801234567
476582031 801234567
476582103 801234567
476582310 801234567
476583012 801234567
476583120 801234567
476583201 801234567
476801235 801234567
476801352 801234567
476801523 801234567
476802153 801234567
476802315 801234567
476802531 801234567
476803125 801234567
476803251 801234567
476803512 801234567
476805132 801234567
476805213 801234567
476805321 801234567
476810253 801234567
476810325 801234567
476810532 801234567
476812035 801234567
476812350 801234567
476812503 801234567
476813052 801234567
476813205 801234567
476813520 801234567
476815023 801234567
476815230 801234567
476815302 801234567
476820135 801234567
476820351 801234567
476820513 801234567
476821053 801234567
476821305 801234567
476821530 801234567
476823015 801234567
476823150 801234567
476823501 801234567
476825031 801234567
476825103 801234567
476825310 801234567
476830152 801234567
476830215 801234567
476830521 801234567
476831025 801234567
476831250 801234567
476831502 801234567
476832051 801234567
476832105 801234567
476832510 801234567
476835012 801234567
476835120 801234567
476835201 801234567
476850123 801234567
476850231 801234567
476850312 801234567
476851032 801234567
476851203 801234567
476851320 801234567
476852013 801234567
476852130 801234567
476852301 801234567
476853021 801234567
476853102 801234567
476853210 801234567
478012356 801234567
478012563 801234567
478012635 801234567
478013265 801234567
478013526 801234567
478013652 801234567
478015236 801234567
478015362 801234567
478015623 801234567
478016253 801234567
478016325 801234567
478016532 801234567
478021365 801234567
478021536 801234567
478021653 801234567
478023156 801234567
478023561 801234567
478023615 801234567
478025163 801234567
478025316 801234567
478025631 801234567
478026135 801234567
478026351 801234567
478026513 801234567
478031256 801234567
478031562 801234567
478031625 801234567
478032165 801234567
478032516 801234567
478032651 801234567
478035126 801234567
478035261 801234567
478035612 801234567
478036152 801234567
478036215 801234567
478036521 801234567
478051263 801234567
478051326 801234567
478051632 801234567
478052136 801234567
478052361 801234567
478052613 801234567
478053162 801234567
478053216 801234567
478053621 801234567
478056123 801234567
478056231 801234567
478056312 801234567
478061235 801234567
478061352 801234567
478061523 801234567
478062153 801234567
478062315 801234567
478062531 801234567
478063125 801234567
478063251 801234567
478063512 801234567
478065132 801234567
478065213 801234567
478065321 801234567
478102365 801234567
478102536 801234567
478102653 801234567
478103256 801234567
478103562 801234567
478103625 801234567
478105263 801234567
478105326 801234567
478105632 801234567
478106235 801234567
478106352 801234567
478106523 801234567
478120356 801234567
478120563 801234567
478120635 801234567
478123065 801234567
478123506 801234567
478123650 801234567
478125036 801234567
478125360 801234567
478125603 801234567
478126053 801234567
478126305 801234567
478126530 801234567
478130265 801234567
478130526 801234567
478130652 801234567
478132056 801234567
478132560 801234567
478132605 801234567
478135062 801234567
478135206 801234567
478135620 801234567
478136025 801234567
478136250 801234567
478136502 801234567
478150236 801234567
478150362 801234567
478150623 801234567
478152063 801234567
478152306 801234567
478152630 801234567
478153026 801234567
478153260 801234567
478153602 801234567
478156032 801234567
478156203 801234567
478156320 801234567
478160253 801234567
478160325 801234567
478160532 801234567
478162035 801234567
478162350 801234567
478162503 801234567
478163052 801234567
478163205 801234567
478163520 801234567
478165023 801234567
478165230 801234567
478165302 801234567
478201356 801234567
478201563 801234567
478201635 801234567
478203165 801234567
478203516 801234567
478203651 801234567
478205136 801234567
478205361 801234567
478205613 801234567
478206153 801234567
478206315 801234567
478206531 801234567
478210365 801234567
478210536 801234567
478210653 801234567
478213056 801234567
478213560 801234567
478213605 801234567
478215063 801234567
478215306 801234567
478215630 801234567
478216035 801234567
478216350 801234567
478216503 801234567
478230156 801234567
478230561 801234567
478230615 801234567
478231065 801234567
478231506 801234567
478231650 801234567
478235016 801234567
478235160 801234567
478235601 801234567
478236051 801234567
478236105 801234567
478236510 801234567
478250163 801234567
478250316 801234567
478250631 801234567
478251036 801234567
478251360 801234567
478251603 801234567
478253061 801234567
478253106 801234567
478253610 801234567
478256013 801234567
478256130 801234567
478256301 801234567
478260135 801234567
478260351 801234567
478260513 801234567
478261053 801234567
478261305 801234567
478261530 801234567
478263015 801234567
478263150 801234567
478263501 801234567
478265031 801234567
478265103 801234567
478265310 801234567
478301265 801234567
478301526 801234567
478301652 801234567
478302156 801234567
478302561 801234567
478302615 801234567
478305162 801234567
478305216 801234567
478305621 801234567
478306125 801234567
478306251 801234567
478306512 801234567
478310256 801234567
478310562 801234567
478310625 801234567
478312065 801234567
478312506 801234567
478312650 801234567
478315026 801234567
478315260 801234567
478315602 801234567
478316052 801234567
478316205 801234567
478316520 801234567
478320165 801234567
478320516 801234567
478320651 801234567
478321056 801234567
478321560 801234567
478321605 801234567
478325061 801234567
478325106 801234567
478325610 801234567
478326015 801234567
478326150 801234567
478326501 801234567
478350126 801234567
478350261 801234567
478350612 801234567
478351062 801234567
478351206 801234567
478351620 801234567
478352016 801234567
478352160 801234567
478352601 801234567
478356021 801234567
478356102 801234567
478356210 801234567
478360152 801234567
478360215 801234567
478360521 801234567
478361025 801234567
478361250 801234567
478361502 801234567
478362051 801234567
478362105 801234567
478362510 801234567
478365012 801234567
478365120 801234567
478365201 801234567
478501236 801234567
478501362 801234567
478501623 801234567
478502163 801234567
478502316 801234567
478502631 801234567
478503126 801234567
478503261 801234567
478503612 801234567
478506132 801234567
478506213 801234567
478506321 801234567
478510263 801234567
478510326 801234567
478510632 801234567
478512036 801234567
478512360 801234567
478512603 801234567
478513062 801234567
478513206 801234567
478513620 801234567
478516023 801234567
478516230 801234567
478516302 801234567
478520136 801234567
478520361 801234567
478520613 801234567
478521063 801234567
478521306 801234567
478521630 801234567
478523016 801234567
478523160 801234567
478523601 801234567
478526031 801234567
478526103 801234567
478526310 801234567
478530162 801234567
478530216 801234567
478530621 801234567
478531026 801234567
478531260 801234567
478531602 801234567
478532061 801234567
478532106 801234567
478532610 801234567
478536012 801234567
478536120 801234567
478536201 801234567
478560123 801234567
478560231 801234567
478560312 801234567
478561032 801234567
478561203 801234567
478561320 801234567
478562013 801234567
478562130 801234567
478562301 801234567
478563021 801234567
478563102 801234567
478563210 801234567
478601253 801234567
478601325 801234567
478601532 801234567
478602135 801234567
478602351 801234567
478602513 801234567
478603152 801234567
478603215 801234567
478603521 801234567
478605123 801234567
478605231 801234567
478605312 801234567
478610235 801234567
478610352 801234567
478610523 801234567
478612053 801234567
478612305 801234567
478612530 801234567
478613025 801234567
478613250 801234567
478613502 801234567
478615032 801234567
478615203 801234567
478615320 801234567
478620153 801234567
478620315 801234567
478620531 801234567
478621035 801234567
478621350 801234567
478621503 801234567
478623051 801234567
478623105 801234567
478623510 801234567
478625013 801234567
478625130 801234567
478625301 801234567
478630125 801234567
478630251 801234567
478630512 801234567
478631052 801234567
478631205 801234567
478631520 801234567
478632015 801234567
478632150 801234567
478632501 801234567
478635021 801234567
478635102 801234567
478635210 801234567
478650132 801234567
478650213 801234567
478650321 801234567
478651023 801234567
478651230 801234567
478651302 801234567
478652031 801234567
478652103 801234567
478652310 801234567
478653012 801234567
478653120 801234567
478653201 801234567
480123576 801234567
480123657 801234567
480123765 801234567
480125367 801234567
480125673 801234567
480125736 801234567
480126375 801234567
480126537 801234567
480126753 801234567
480127356 801234567
480127563 801234567
480127635 801234567
480132567 801234567
480132675 801234567
480132756 801234567
480135276 801234567
480135627 801234567
480135762 801234567
480136257 801234567
480136572 801234567
480136725 801234567
480137265 801234567
480137526 801234567
