317208564 801234567
317208645 801234567
317240568 801234567
317240685 801234567
317240856 801234567
317245086 801234567
317245608 801234567
317245860 801234567
317246058 801234567
317246580 801234567
317246805 801234567
317248065 801234567
317248506 801234567
317248650 801234567
317250486 801234567
317250648 801234567
317250864 801234567
317254068 801234567
317254680 801234567
317254806 801234567
317256084 801234567
317256408 801234567
317256840 801234567
317258046 801234567
317258460 801234567
317258604 801234567
317260458 801234567
317260584 801234567
317260845 801234567
317264085 801234567
317264508 801234567
317264850 801234567
317265048 801234567
317265480 801234567
317265804 801234567
317268054 801234567
317268405 801234567
317268540 801234567
317280465 801234567
317280546 801234567
317280654 801234567
317284056 801234567
317284560 801234567
317284605 801234567
317285064 801234567
317285406 801234567
317285640 801234567
317286045 801234567
317286450 801234567
317286504 801234567
317402568 801234567
317402685 801234567
317402856 801234567
317405286 801234567
317405628 801234567
317405862 801234567
317406258 801234567
317406582 801234567
317406825 801234567
317408265 801234567
317408526 801234567
317408652 801234567
317420586 801234567
317420658 801234567
317420865 801234567
317425068 801234567
317425680 801234567
317425806 801234567
317426085 801234567
317426508 801234567
317426850 801234567
317428056 801234567
317428560 801234567
317428605 801234567
317450268 801234567
317450682 801234567
317450826 801234567
317452086 801234567
317452608 801234567
317452860 801234567
317456028 801234567
317456280 801234567
317456802 801234567
317458062 801234567
317458206 801234567
317458620 801234567
317460285 801234567
317460528 801234567
317460852 801234567
317462058 801234567
317462580 801234567
317462805 801234567
317465082 801234567
317465208 801234567
317465820 801234567
317468025 801234567
317468250 801234567
317468502 801234567
317480256 801234567
317480562 801234567
317480625 801234567
317482065 801234567
317482506 801234567
317482650 801234567
317485026 801234567
317485260 801234567
317485602 801234567
317486052 801234567
317486205 801234567
317486520 801234567
317502486 801234567
317502648 801234567
317502864 801234567
317504268 801234567
317504682 801234567
317504826 801234567
317506284 801234567
317506428 801234567
317506842 801234567
317508246 801234567
317508462 801234567
317508624 801234567
317520468 801234567
317520684 801234567
317520846 801234567
317524086 801234567
317524608 801234567
317524860 801234567
317526048 801234567
317526480 801234567
317526804 801234567
317528064 801234567
317528406 801234567
317528640 801234567
317540286 801234567
317540628 801234567
317540862 801234567
317542068 801234567
317542680 801234567
317542806 801234567
317546082 801234567
317546208 801234567
317546820 801234567
317548026 801234567
317548260 801234567
317548602 801234567
317560248 801234567
317560482 801234567
317560824 801234567
317562084 801234567
317562408 801234567
317562840 801234567
317564028 801234567
317564280 801234567
317564802 801234567
317568042 801234567
317568204 801234567
317568420 801234567
317580264 801234567
317580426 801234567
317580642 801234567
317582046 801234567
317582460 801234567
317582604 801234567
317584062 801234567
317584206 801234567
317584620 801234567
317586024 801234567
317586240 801234567
317586402 801234567
317602458 801234567
317602584 801234567
317602845 801234567
317604285 801234567
317604528 801234567
317604852 801234567
317605248 801234567
317605482 801234567
317605824 801234567
317608254 801234567
317608425 801234567
317608542 801234567
317620485 801234567
317620548 801234567
317620854 801234567
317624058 801234567
317624580 801234567
317624805 801234567
317625084 801234567
317625408 801234567
317625840 801234567
317628045 801234567
317628450 801234567
317628504 801234567
317640258 801234567
317640582 801234567
317640825 801234567
317642085 801234567
317642508 801234567
317642850 801234567
317645028 801234567
317645280 801234567
317645802 801234567
317648052 801234567
317648205 801234567
317648520 801234567
317650284 801234567
317650428 801234567
317650842 801234567
317652048 801234567
317652480 801234567
317652804 801234567
317654082 801234567
317654208 801234567
317654820 801234567
317658024 801234567
317658240 801234567
317658402 801234567
317680245 801234567
317680452 801234567
317680524 801234567
317682054 801234567
317682405 801234567
317682540 801234567
317684025 801234567
317684250 801234567
317684502 801234567
317685042 801234567
317685204 801234567
317685420 801234567
317802465 801234567
317802546 801234567
317802654 801234567
317804256 801234567
317804562 801234567
317804625 801234567
317805264 801234567
317805426 801234567
317805642 801234567
317806245 801234567
317806452 801234567
317806524 801234567
317820456 801234567
317820564 801234567
317820645 801234567
317824065 801234567
317824506 801234567
317824650 801234567
317825046 801234567
317825460 801234567
317825604 801234567
317826054 801234567
317826405 801234567
317826540 801234567
317840265 801234567
317840526 801234567
317840652 801234567
317842056 801234567
317842560 801234567
317842605 801234567
317845062 801234567
317845206 801234567
317845620 801234567
317846025 801234567
317846250 801234567
317846502 801234567
317850246 801234567
317850462 801234567
317850624 801234567
317852064 801234567
317852406 801234567
317852640 801234567
317854026 801234567
317854260 801234567
317854602 801234567
317856042 801234567
317856204 801234567
317856420 801234567
317860254 801234567
317860425 801234567
317860542 801234567
317862045 801234567
317862450 801234567
317862504 801234567
317864052 801234567
317864205 801234567
317864520 801234567
317865024 801234567
317865240 801234567
317865402 801234567
318024576 801234567
318024657 801234567
318024765 801234567
318025467 801234567
318025674 801234567
318025746 801234567
318026475 801234567
318026547 801234567
318026754 801234567
318027456 801234567
318027564 801234567
318027645 801234567
318042567 801234567
318042675 801234567
318042756 801234567
318045276 801234567
318045627 801234567
318045762 801234567
318046257 801234567
318046572 801234567
318046725 801234567
318047265 801234567
318047526 801234567
318047652 801234567
318052476 801234567
318052647 801234567
318052764 801234567
318054267 801234567
318054672 801234567
318054726 801234567
318056274 801234567
318056427 801234567
318056742 801234567
318057246 801234567
318057462 801234567
318057624 801234567
318062457 801234567
318062574 801234567
318062745 801234567
318064275 801234567
318064527 801234567
318064752 801234567
318065247 801234567
318065472 801234567
318065724 801234567
318067254 801234567
318067425 801234567
318067542 801234567
318072465 801234567
318072546 801234567
318072654 801234567
318074256 801234567
318074562 801234567
318074625 801234567
318075264 801234567
318075426 801234567
318075642 801234567
318076245 801234567
318076452 801234567
318076524 801234567
318204567 801234567
318204675 801234567
318204756 801234567
318205476 801234567
318205647 801234567
318205764 801234567
318206457 801234567
318206574 801234567
318206745 801234567
318207465 801234567
318207546 801234567
318207654 801234567
318240576 801234567
318240657 801234567
318240765 801234567
318245067 801234567
318245670 801234567
318245706 801234567
318246075 801234567
318246507 801234567
318246750 801234567
318247056 801234567
318247560 801234567
318247605 801234567
318250467 801234567
318250674 801234567
318250746 801234567
318254076 801234567
318254607 801234567
318254760 801234567
318256047 801234567
318256470 801234567
318256704 801234567
318257064 801234567
318257406 801234567
318257640 801234567
318260475 801234567
318260547 801234567
318260754 801234567
318264057 801234567
318264570 801234567
318264705 801234567
318265074 801234567
318265407 801234567
318265740 801234567
318267045 801234567
318267450 801234567
318267504 801234567
318270456 801234567
318270564 801234567
318270645 801234567
318274065 801234567
318274506 801234567
318274650 801234567
318275046 801234567
318275460 801234567
318275604 801234567
318276054 801234567
318276405 801234567
318276540 801234567
318402576 801234567
318402657 801234567
318402765 801234567
318405267 801234567
318405672 801234567
318405726 801234567
318406275 801234567
318406527 801234567
318406752 801234567
318407256 801234567
318407562 801234567
318407625 801234567
318420567 801234567
318420675 801234567
318420756 801234567
318425076 801234567
318425607 801234567
318425760 801234567
318426057 801234567
318426570 801234567
318426705 801234567
318427065 801234567
318427506 801234567
318427650 801234567
318450276 801234567
318450627 801234567
318450762 801234567
318452067 801234567
318452670 801234567
318452706 801234567
318456072 801234567
318456207 801234567
318456720 801234567
318457026 801234567
318457260 801234567
318457602 801234567
318460257 801234567
318460572 801234567
318460725 801234567
318462075 801234567
318462507 801234567
318462750 801234567
318465027 801234567
318465270 801234567
318465702 801234567
318467052 801234567
318467205 801234567
318467520 801234567
318470265 801234567
318470526 801234567
318470652 801234567
318472056 801234567
318472560 801234567
318472605 801234567
318475062 801234567
318475206 801234567
318475620 801234567
318476025 801234567
318476250 801234567
318476502 801234567
318502467 801234567
318502674 801234567
318502746 801234567
318504276 801234567
318504627 801234567
318504762 801234567
318506247 801234567
318506472 801234567
318506724 801234567
318507264 801234567
318507426 801234567
318507642 801234567
318520476 801234567
318520647 801234567
318520764 801234567
318524067 801234567
318524670 801234567
318524706 801234567
318526074 801234567
318526407 801234567
318526740 801234567
318527046 801234567
318527460 801234567
318527604 801234567
318540267 801234567
318540672 801234567
318540726 801234567
318542076 801234567
318542607 801234567
