613084257 801234567
613084572 801234567
613084725 801234567
613085274 801234567
613085427 801234567
613085742 801234567
613087245 801234567
613087452 801234567
613087524 801234567
613204578 801234567
613204785 801234567
613204857 801234567
613205487 801234567
613205748 801234567
613205874 801234567
613207458 801234567
613207584 801234567
613207845 801234567
613208475 801234567
613208547 801234567
613208754 801234567
613240587 801234567
613240758 801234567
613240875 801234567
613245078 801234567
613245780 801234567
613245807 801234567
613247085 801234567
613247508 801234567
613247850 801234567
613248057 801234567
613248570 801234567
613248705 801234567
613250478 801234567
613250784 801234567
613250847 801234567
613254087 801234567
613254708 801234567
613254870 801234567
613257048 801234567
613257480 801234567
613257804 801234567
613258074 801234567
613258407 801234567
613258740 801234567
613270485 801234567
613270548 801234567
613270854 801234567
613274058 801234567
613274580 801234567
613274805 801234567
613275084 801234567
613275408 801234567
613275840 801234567
613278045 801234567
613278450 801234567
613278504 801234567
613280457 801234567
613280574 801234567
613280745 801234567
613284075 801234567
613284507 801234567
613284750 801234567
613285047 801234567
613285470 801234567
613285704 801234567
613287054 801234567
613287405 801234567
613287540 801234567
613402587 801234567
613402758 801234567
613402875 801234567
613405278 801234567
613405782 801234567
613405827 801234567
613407285 801234567
613407528 801234567
613407852 801234567
613408257 801234567
613408572 801234567
613408725 801234567
613420578 801234567
613420785 801234567
613420857 801234567
613425087 801234567
613425708 801234567
613425870 801234567
613427058 801234567
613427580 801234567
613427805 801234567
613428075 801234567
613428507 801234567
613428750 801234567
613450287 801234567
613450728 801234567
613450872 801234567
613452078 801234567
613452780 801234567
613452807 801234567
613457082 801234567
613457208 801234567
613457820 801234567
613458027 801234567
613458270 801234567
613458702 801234567
613470258 801234567
613470582 801234567
613470825 801234567
613472085 801234567
613472508 801234567
613472850 801234567
613475028 801234567
613475280 801234567
613475802 801234567
613478052 801234567
613478205 801234567
613478520 801234567
613480275 801234567
613480527 801234567
613480752 801234567
613482057 801234567
613482570 801234567
613482705 801234567
613485072 801234567
613485207 801234567
613485720 801234567
613487025 801234567
613487250 801234567
613487502 801234567
613502478 801234567
613502784 801234567
613502847 801234567
613504287 801234567
613504728 801234567
613504872 801234567
613507248 801234567
613507482 801234567
613507824 801234567
613508274 801234567
613508427 801234567
613508742 801234567
613520487 801234567
613520748 801234567
613520874 801234567
613524078 801234567
613524780 801234567
613524807 801234567
613527084 801234567
613527408 801234567
613527840 801234567
613528047 801234567
613528470 801234567
613528704 801234567
613540278 801234567
613540782 801234567
613540827 801234567
613542087 801234567
613542708 801234567
613542870 801234567
613547028 801234567
613547280 801234567
613547802 801234567
613548072 801234567
613548207 801234567
613548720 801234567
613570284 801234567
613570428 801234567
613570842 801234567
613572048 801234567
613572480 801234567
613572804 801234567
613574082 801234567
613574208 801234567
613574820 801234567
613578024 801234567
613578240 801234567
613578402 801234567
613580247 801234567
613580472 801234567
613580724 801234567
613582074 801234567
613582407 801234567
613582740 801234567
613584027 801234567
613584270 801234567
613584702 801234567
613587042 801234567
613587204 801234567
613587420 801234567
613702485 801234567
613702548 801234567
613702854 801234567
613704258 801234567
613704582 801234567
613704825 801234567
613705284 801234567
613705428 801234567
613705842 801234567
613708245 801234567
613708452 801234567
613708524 801234567
613720458 801234567
613720584 801234567
613720845 801234567
613724085 801234567
613724508 801234567
613724850 801234567
613725048 801234567
613725480 801234567
613725804 801234567
613728054 801234567
613728405 801234567
613728540 801234567
613740285 801234567
613740528 801234567
613740852 801234567
613742058 801234567
613742580 801234567
613742805 801234567
613745082 801234567
613745208 801234567
613745820 801234567
613748025 801234567
613748250 801234567
613748502 801234567
613750248 801234567
613750482 801234567
613750824 801234567
613752084 801234567
613752408 801234567
613752840 801234567
613754028 801234567
613754280 801234567
613754802 801234567
613758042 801234567
613758204 801234567
613758420 801234567
613780254 801234567
613780425 801234567
613780542 801234567
613782045 801234567
613782450 801234567
613782504 801234567
613784052 801234567
613784205 801234567
613784520 801234567
613785024 801234567
613785240 801234567
613785402 801234567
613802457 801234567
613802574 801234567
613802745 801234567
613804275 801234567
613804527 801234567
613804752 801234567
613805247 801234567
613805472 801234567
613805724 801234567
613807254 801234567
613807425 801234567
613807542 801234567
613820475 801234567
613820547 801234567
613820754 801234567
613824057 801234567
613824570 801234567
613824705 801234567
613825074 801234567
613825407 801234567
613825740 801234567
613827045 801234567
613827450 801234567
613827504 801234567
613840257 801234567
613840572 801234567
613840725 801234567
613842075 801234567
613842507 801234567
613842750 801234567
613845027 801234567
613845270 801234567
613845702 801234567
613847052 801234567
613847205 801234567
613847520 801234567
613850274 801234567
613850427 801234567
613850742 801234567
613852047 801234567
613852470 801234567
613852704 801234567
613854072 801234567
613854207 801234567
613854720 801234567
613857024 801234567
613857240 801234567
613857402 801234567
613870245 801234567
613870452 801234567
613870524 801234567
613872054 801234567
613872405 801234567
613872540 801234567
613874025 801234567
613874250 801234567
613874502 801234567
613875042 801234567
613875204 801234567
613875420 801234567
614023578 801234567
614023785 801234567
614023857 801234567
614025387 801234567
614025738 801234567
614025873 801234567
614027358 801234567
614027583 801234567
614027835 801234567
614028375 801234567
614028537 801234567
614028753 801234567
614032587 801234567
614032758 801234567
614032875 801234567
614035278 801234567
614035782 801234567
614035827 801234567
614037285 801234567
614037528 801234567
614037852 801234567
614038257 801234567
614038572 801234567
614038725 801234567
614052378 801234567
614052783 801234567
614052837 801234567
614053287 801234567
614053728 801234567
614053872 801234567
614057238 801234567
614057382 801234567
614057823 801234567
614058273 801234567
614058327 801234567
614058732 801234567
614072385 801234567
614072538 801234567
614072853 801234567
614073258 801234567
614073582 801234567
614073825 801234567
614075283 801234567
614075328 801234567
614075832 801234567
614078235 801234567
614078352 801234567
614078523 801234567
614082357 801234567
614082573 801234567
614082735 801234567
614083275 801234567
614083527 801234567
614083752 801234567
614085237 801234567
614085372 801234567
614085723 801234567
614087253 801234567
614087325 801234567
614087532 801234567
614203587 801234567
614203758 801234567
614203875 801234567
614205378 801234567
614205783 801234567
614205837 801234567
614207385 801234567
614207538 801234567
614207853 801234567
614208357 801234567
614208573 801234567
614208735 801234567
614230578 801234567
614230785 801234567
614230857 801234567
614235087 801234567
614235708 801234567
614235870 801234567
614237058 801234567
614237580 801234567
614237805 801234567
614238075 801234567
614238507 801234567
614238750 801234567
614250387 801234567
614250738 801234567
614250873 801234567
614253078 801234567
614253780 801234567
614253807 801234567
614257083 801234567
614257308 801234567
614257830 801234567
614258037 801234567
614258370 801234567
614258703 801234567
614270358 801234567
614270583 801234567
614270835 801234567
614273085 801234567
614273508 801234567
614273850 801234567
614275038 801234567
614275380 801234567
614275803 801234567
614278053 801234567
614278305 801234567
614278530 801234567
614280375 801234567
614280537 801234567
614280753 801234567
614283057 801234567
614283570 801234567
614283705 801234567
614285073 801234567
614285307 801234567
614285730 801234567
614287035 801234567
614287350 801234567
614287503 801234567
614302578 801234567
614302785 801234567
614302857 801234567
614305287 801234567
614305728 801234567
614305872 801234567
614307258 801234567
614307582 801234567
614307825 801234567
614308275 801234567
614308527 801234567
614308752 801234567
614320587 801234567
614320758 801234567
614320875 801234567
614325078 801234567
614325780 801234567
614325807 801234567
614327085 801234567
614327508 801234567
614327850 801234567
614328057 801234567
614328570 801234567
614328705 801234567
614350278 801234567
614350782 801234567
614350827 801234567
614352087 801234567
614352708 801234567
614352870 801234567
614357028 801234567
614357280 801234567
614357802 801234567
614358072 801234567
614358207 801234567
614358720 801234567
614370285 801234567
614370528 801234567
614370852 801234567
614372058 801234567
614372580 801234567
614372805 801234567
614375082 801234567
614375208 801234567
614375820 801234567
614378025 801234567
614378250 801234567
614378502 801234567
614380257 801234567
614380572 801234567
614380725 801234567
614382075 801234567
614382507 801234567
614382750 801234567
614385027 801234567
614385270 801234567
614385702 801234567
614387052 801234567
614387205 801234567
614387520 801234567
614502387 801234567
614502738 801234567
614502873 801234567
614503278 801234567
614503782 801234567
614503827 801234567
614507283 801234567
614507328 801234567
614507832 801234567
614508237 801234567
