675832104 801234567
675832410 801234567
675834012 801234567
675834120 801234567
675834201 801234567
675840123 801234567
675840231 801234567
675840312 801234567
675841032 801234567
675841203 801234567
675841320 801234567
675842013 801234567
675842130 801234567
675842301 801234567
675843021 801234567
675843102 801234567
675843210 801234567
678012345 801234567
678012453 801234567
678012534 801234567
678013254 801234567
678013425 801234567
678013542 801234567
678014235 801234567
678014352 801234567
678014523 801234567
678015243 801234567
678015324 801234567
678015432 801234567
678021354 801234567
678021435 801234567
678021543 801234567
678023145 801234567
678023451 801234567
678023514 801234567
678024153 801234567
678024315 801234567
678024531 801234567
678025134 801234567
678025341 801234567
678025413 801234567
678031245 801234567
678031452 801234567
678031524 801234567
678032154 801234567
678032415 801234567
678032541 801234567
678034125 801234567
678034251 801234567
678034512 801234567
678035142 801234567
678035214 801234567
678035421 801234567
678041253 801234567
678041325 801234567
678041532 801234567
678042135 801234567
678042351 801234567
678042513 801234567
678043152 801234567
678043215 801234567
678043521 801234567
678045123 801234567
678045231 801234567
678045312 801234567
678051234 801234567
678051342 801234567
678051423 801234567
678052143 801234567
678052314 801234567
678052431 801234567
678053124 801234567
678053241 801234567
678053412 801234567
678054132 801234567
678054213 801234567
678054321 801234567
678102354 801234567
678102435 801234567
678102543 801234567
678103245 801234567
678103452 801234567
678103524 801234567
678104253 801234567
678104325 801234567
678104532 801234567
678105234 801234567
678105342 801234567
678105423 801234567
678120345 801234567
678120453 801234567
678120534 801234567
678123054 801234567
678123405 801234567
678123540 801234567
678124035 801234567
678124350 801234567
678124503 801234567
678125043 801234567
678125304 801234567
678125430 801234567
678130254 801234567
678130425 801234567
678130542 801234567
678132045 801234567
678132450 801234567
678132504 801234567
678134052 801234567
678134205 801234567
678134520 801234567
678135024 801234567
678135240 801234567
678135402 801234567
678140235 801234567
678140352 801234567
678140523 801234567
678142053 801234567
678142305 801234567
678142530 801234567
678143025 801234567
678143250 801234567
678143502 801234567
678145032 801234567
678145203 801234567
678145320 801234567
678150243 801234567
678150324 801234567
678150432 801234567
678152034 801234567
678152340 801234567
678152403 801234567
678153042 801234567
678153204 801234567
678153420 801234567
678154023 801234567
678154230 801234567
678154302 801234567
678201345 801234567
678201453 801234567
678201534 801234567
678203154 801234567
678203415 801234567
678203541 801234567
678204135 801234567
678204351 801234567
678204513 801234567
678205143 801234567
678205314 801234567
678205431 801234567
678210354 801234567
678210435 801234567
678210543 801234567
678213045 801234567
678213450 801234567
678213504 801234567
678214053 801234567
678214305 801234567
678214530 801234567
678215034 801234567
678215340 801234567
678215403 801234567
678230145 801234567
678230451 801234567
678230514 801234567
678231054 801234567
678231405 801234567
678231540 801234567
678234015 801234567
678234150 801234567
678234501 801234567
678235041 801234567
678235104 801234567
678235410 801234567
678240153 801234567
678240315 801234567
678240531 801234567
678241035 801234567
678241350 801234567
678241503 801234567
678243051 801234567
678243105 801234567
678243510 801234567
678245013 801234567
678245130 801234567
678245301 801234567
678250134 801234567
678250341 801234567
678250413 801234567
678251043 801234567
678251304 801234567
678251430 801234567
678253014 801234567
678253140 801234567
678253401 801234567
678254031 801234567
678254103 801234567
678254310 801234567
678301254 801234567
678301425 801234567
678301542 801234567
678302145 801234567
678302451 801234567
678302514 801234567
678304152 801234567
678304215 801234567
678304521 801234567
678305124 801234567
678305241 801234567
678305412 801234567
678310245 801234567
678310452 801234567
678310524 801234567
678312054 801234567
678312405 801234567
678312540 801234567
678314025 801234567
678314250 801234567
678314502 801234567
678315042 801234567
678315204 801234567
678315420 801234567
678320154 801234567
678320415 801234567
678320541 801234567
678321045 801234567
678321450 801234567
678321504 801234567
678324051 801234567
678324105 801234567
678324510 801234567
678325014 801234567
678325140 801234567
678325401 801234567
678340125 801234567
678340251 801234567
678340512 801234567
678341052 801234567
678341205 801234567
678341520 801234567
678342015 801234567
678342150 801234567
678342501 801234567
678345021 801234567
678345102 801234567
678345210 801234567
678350142 801234567
678350214 801234567
678350421 801234567
678351024 801234567
678351240 801234567
678351402 801234567
678352041 801234567
678352104 801234567
678352410 801234567
678354012 801234567
678354120 801234567
678354201 801234567
678401235 801234567
678401352 801234567
678401523 801234567
678402153 801234567
678402315 801234567
678402531 801234567
678403125 801234567
678403251 801234567
678403512 801234567
678405132 801234567
678405213 801234567
678405321 801234567
678410253 801234567
678410325 801234567
678410532 801234567
678412035 801234567
678412350 801234567
678412503 801234567
678413052 801234567
678413205 801234567
678413520 801234567
678415023 801234567
678415230 801234567
678415302 801234567
678420135 801234567
678420351 801234567
678420513 801234567
678421053 801234567
678421305 801234567
678421530 801234567
678423015 801234567
678423150 801234567
678423501 801234567
678425031 801234567
678425103 801234567
678425310 801234567
678430152 801234567
678430215 801234567
678430521 801234567
678431025 801234567
678431250 801234567
678431502 801234567
678432051 801234567
678432105 801234567
678432510 801234567
678435012 801234567
678435120 801234567
678435201 801234567
678450123 801234567
678450231 801234567
678450312 801234567
678451032 801234567
678451203 801234567
678451320 801234567
678452013 801234567
678452130 801234567
678452301 801234567
678453021 801234567
678453102 801234567
678453210 801234567
678501243 801234567
678501324 801234567
678501432 801234567
678502134 801234567
678502341 801234567
678502413 801234567
678503142 801234567
678503214 801234567
678503421 801234567
678504123 801234567
678504231 801234567
678504312 801234567
678510234 801234567
678510342 801234567
678510423 801234567
678512043 801234567
678512304 801234567
678512430 801234567
678513024 801234567
678513240 801234567
678513402 801234567
678514032 801234567
678514203 801234567
678514320 801234567
678520143 801234567
678520314 801234567
678520431 801234567
678521034 801234567
678521340 801234567
678521403 801234567
678523041 801234567
678523104 801234567
678523410 801234567
678524013 801234567
678524130 801234567
678524301 801234567
678530124 801234567
678530241 801234567
678530412 801234567
678531042 801234567
678531204 801234567
678531420 801234567
678532014 801234567
678532140 801234567
678532401 801234567
678534021 801234567
678534102 801234567
678534210 801234567
678540132 801234567
678540213 801234567
678540321 801234567
678541023 801234567
678541230 801234567
678541302 801234567
678542031 801234567
678542103 801234567
678542310 801234567
678543012 801234567
678543120 801234567
678543201 801234567
680123475 801234567
680123547 801234567
680123754 801234567
680124357 801234567
680124573 801234567
680124735 801234567
680125374 801234567
680125437 801234567
680125743 801234567
680127345 801234567
680127453 801234567
680127534 801234567
680132457 801234567
680132574 801234567
680132745 801234567
680134275 801234567
680134527 801234567
680134752 801234567
680135247 801234567
680135472 801234567
680135724 801234567
680137254 801234567
680137425 801234567
680137542 801234567
680142375 801234567
680142537 801234567
680142753 801234567
680143257 801234567
680143572 801234567
680143725 801234567
680145273 801234567
680145327 801234567
680145732 801234567
680147235 801234567
680147352 801234567
680147523 801234567
680152347 801234567
680152473 801234567
680152734 801234567
680153274 801234567
680153427 801234567
680153742 801234567
680154237 801234567
680154372 801234567
680154723 801234567
680157243 801234567
680157324 801234567
680157432 801234567
680172354 801234567
680172435 801234567
680172543 801234567
680173245 801234567
680173452 801234567
680173524 801234567
680174253 801234567
680174325 801234567
680174532 801234567
680175234 801234567
680175342 801234567
680175423 801234567
680213457 801234567
680213574 801234567
680213745 801234567
680214375 801234567
680214537 801234567
680214753 801234567
680215347 801234567
680215473 801234567
680215734 801234567
680217354 801234567
680217435 801234567
680217543 801234567
680231475 801234567
680231547 801234567
680231754 801234567
680234157 801234567
680234571 801234567
680234715 801234567
680235174 801234567
680235417 801234567
680235741 801234567
680237145 801234567
680237451 801234567
680237514 801234567
680241357 801234567
680241573 801234567
680241735 801234567
680243175 801234567
680243517 801234567
680243751 801234567
680245137 801234567
680245371 801234567
680245713 801234567
680247153 801234567
680247315 801234567
680247531 801234567
680251374 801234567
680251437 801234567
680251743 801234567
680253147 801234567
680253471 801234567
680253714 801234567
680254173 801234567
680254317 801234567
680254731 801234567
680257134 801234567
680257341 801234567
680257413 801234567
680271345 801234567
680271453 801234567
680271534 801234567
680273154 801234567
680273415 801234567
680273541 801234567
680274135 801234567
680274351 801234567
680274513 801234567
680275143 801234567
680275314 801234567
680275431 801234567
680312475 801234567
680312547 801234567
