630574182 801234567
630574218 801234567
630574821 801234567
630578124 801234567
630578241 801234567
630578412 801234567
630581247 801234567
630581472 801234567
630581724 801234567
630582174 801234567
630582417 801234567
630582741 801234567
630584127 801234567
630584271 801234567
630584712 801234567
630587142 801234567
630587214 801234567
630587421 801234567
630712485 801234567
630712548 801234567
630712854 801234567
630714258 801234567
630714582 801234567
630714825 801234567
630715284 801234567
630715428 801234567
630715842 801234567
630718245 801234567
630718452 801234567
630718524 801234567
630721458 801234567
630721584 801234567
630721845 801234567
630724185 801234567
630724518 801234567
630724851 801234567
630725148 801234567
630725481 801234567
630725814 801234567
630728154 801234567
630728415 801234567
630728541 801234567
630741285 801234567
630741528 801234567
630741852 801234567
630742158 801234567
630742581 801234567
630742815 801234567
630745182 801234567
630745218 801234567
630745821 801234567
630748125 801234567
630748251 801234567
630748512 801234567
630751248 801234567
630751482 801234567
630751824 801234567
630752184 801234567
630752418 801234567
630752841 801234567
630754128 801234567
630754281 801234567
630754812 801234567
630758142 801234567
630758214 801234567
630758421 801234567
630781254 801234567
630781425 801234567
630781542 801234567
630782145 801234567
630782451 801234567
630782514 801234567
630784152 801234567
630784215 801234567
630784521 801234567
630785124 801234567
630785241 801234567
630785412 801234567
630812457 801234567
630812574 801234567
630812745 801234567
630814275 801234567
630814527 801234567
630814752 801234567
630815247 801234567
630815472 801234567
630815724 801234567
630817254 801234567
630817425 801234567
630817542 801234567
630821475 801234567
630821547 801234567
630821754 801234567
630824157 801234567
630824571 801234567
630824715 801234567
630825174 801234567
630825417 801234567
630825741 801234567
630827145 801234567
630827451 801234567
630827514 801234567
630841257 801234567
630841572 801234567
630841725 801234567
630842175 801234567
630842517 801234567
630842751 801234567
630845127 801234567
630845271 801234567
630845712 801234567
630847152 801234567
630847215 801234567
630847521 801234567
630851274 801234567
630851427 801234567
630851742 801234567
630852147 801234567
630852471 801234567
630852714 801234567
630854172 801234567
630854217 801234567
630854721 801234567
630857124 801234567
630857241 801234567
630857412 801234567
630871245 801234567
630871452 801234567
630871524 801234567
630872154 801234567
630872415 801234567
630872541 801234567
630874125 801234567
630874251 801234567
630874512 801234567
630875142 801234567
630875214 801234567
630875421 801234567
631024578 801234567
631024785 801234567
631024857 801234567
631025487 801234567
631025748 801234567
631025874 801234567
631027458 801234567
631027584 801234567
631027845 801234567
631028475 801234567
631028547 801234567
631028754 801234567
631042587 801234567
631042758 801234567
631042875 801234567
631045278 801234567
631045782 801234567
631045827 801234567
631047285 801234567
631047528 801234567
631047852 801234567
631048257 801234567
631048572 801234567
631048725 801234567
631052478 801234567
631052784 801234567
631052847 801234567
631054287 801234567
631054728 801234567
631054872 801234567
631057248 801234567
631057482 801234567
631057824 801234567
631058274 801234567
631058427 801234567
631058742 801234567
631072485 801234567
631072548 801234567
631072854 801234567
631074258 801234567
631074582 801234567
631074825 801234567
631075284 801234567
631075428 801234567
631075842 801234567
631078245 801234567
631078452 801234567
631078524 801234567
631082457 801234567
631082574 801234567
631082745 801234567
631084275 801234567
631084527 801234567
631084752 801234567
631085247 801234567
631085472 801234567
631085724 801234567
631087254 801234567
631087425 801234567
631087542 801234567
631204587 801234567
631204758 801234567
631204875 801234567
631205478 801234567
631205784 801234567
631205847 801234567
631207485 801234567
631207548 801234567
631207854 801234567
631208457 801234567
631208574 801234567
631208745 801234567
631240578 801234567
631240785 801234567
631240857 801234567
631245087 801234567
631245708 801234567
631245870 801234567
631247058 801234567
631247580 801234567
631247805 801234567
631248075 801234567
631248507 801234567
631248750 801234567
631250487 801234567
631250748 801234567
631250874 801234567
631254078 801234567
631254780 801234567
631254807 801234567
631257084 801234567
631257408 801234567
631257840 801234567
631258047 801234567
631258470 801234567
631258704 801234567
631270458 801234567
631270584 801234567
631270845 801234567
631274085 801234567
631274508 801234567
631274850 801234567
631275048 801234567
631275480 801234567
631275804 801234567
631278054 801234567
631278405 801234567
631278540 801234567
631280475 801234567
631280547 801234567
631280754 801234567
631284057 801234567
631284570 801234567
631284705 801234567
631285074 801234567
631285407 801234567
631285740 801234567
631287045 801234567
631287450 801234567
631287504 801234567
631402578 801234567
631402785 801234567
631402857 801234567
631405287 801234567
631405728 801234567
631405872 801234567
631407258 801234567
631407582 801234567
631407825 801234567
631408275 801234567
631408527 801234567
631408752 801234567
631420587 801234567
631420758 801234567
631420875 801234567
631425078 801234567
631425780 801234567
631425807 801234567
631427085 801234567
631427508 801234567
631427850 801234567
631428057 801234567
631428570 801234567
631428705 801234567
631450278 801234567
631450782 801234567
631450827 801234567
631452087 801234567
631452708 801234567
631452870 801234567
631457028 801234567
631457280 801234567
631457802 801234567
631458072 801234567
631458207 801234567
631458720 801234567
631470285 801234567
631470528 801234567
631470852 801234567
631472058 801234567
631472580 801234567
631472805 801234567
631475082 801234567
631475208 801234567
631475820 801234567
631478025 801234567
631478250 801234567
631478502 801234567
631480257 801234567
631480572 801234567
631480725 801234567
631482075 801234567
631482507 801234567
631482750 801234567
631485027 801234567
631485270 801234567
631485702 801234567
631487052 801234567
631487205 801234567
631487520 801234567
631502487 801234567
631502748 801234567
631502874 801234567
631504278 801234567
631504782 801234567
631504827 801234567
631507284 801234567
631507428 801234567
631507842 801234567
631508247 801234567
631508472 801234567
631508724 801234567
631520478 801234567
631520784 801234567
631520847 801234567
631524087 801234567
631524708 801234567
631524870 801234567
631527048 801234567
631527480 801234567
631527804 801234567
631528074 801234567
631528407 801234567
631528740 801234567
631540287 801234567
631540728 801234567
631540872 801234567
631542078 801234567
631542780 801234567
631542807 801234567
631547082 801234567
631547208 801234567
631547820 801234567
631548027 801234567
631548270 801234567
631548702 801234567
631570248 801234567
631570482 801234567
631570824 801234567
631572084 801234567
631572408 801234567
631572840 801234567
631574028 801234567
631574280 801234567
631574802 801234567
631578042 801234567
631578204 801234567
631578420 801234567
631580274 801234567
631580427 801234567
631580742 801234567
631582047 801234567
631582470 801234567
631582704 801234567
631584072 801234567
631584207 801234567
631584720 801234567
631587024 801234567
631587240 801234567
631587402 801234567
631702458 801234567
631702584 801234567
631702845 801234567
631704285 801234567
631704528 801234567
631704852 801234567
631705248 801234567
631705482 801234567
631705824 801234567
631708254 801234567
631708425 801234567
631708542 801234567
631720485 801234567
631720548 801234567
631720854 801234567
631724058 801234567
631724580 801234567
631724805 801234567
631725084 801234567
631725408 801234567
631725840 801234567
631728045 801234567
631728450 801234567
631728504 801234567
631740258 801234567
631740582 801234567
631740825 801234567
631742085 801234567
631742508 801234567
631742850 801234567
631745028 801234567
631745280 801234567
631745802 801234567
631748052 801234567
631748205 801234567
631748520 801234567
631750284 801234567
631750428 801234567
631750842 801234567
631752048 801234567
631752480 801234567
631752804 801234567
631754082 801234567
631754208 801234567
631754820 801234567
631758024 801234567
631758240 801234567
631758402 801234567
631780245 801234567
631780452 801234567
631780524 801234567
631782054 801234567
631782405 801234567
631782540 801234567
631784025 801234567
631784250 801234567
631784502 801234567
631785042 801234567
631785204 801234567
631785420 801234567
631802475 801234567
631802547 801234567
631802754 801234567
631804257 801234567
631804572 801234567
631804725 801234567
631805274 801234567
631805427 801234567
631805742 801234567
631807245 801234567
631807452 801234567
631807524 801234567
631820457 801234567
631820574 801234567
631820745 801234567
631824075 801234567
631824507 801234567
631824750 801234567
631825047 801234567
631825470 801234567
631825704 801234567
631827054 801234567
631827405 801234567
631827540 801234567
631840275 801234567
631840527 801234567
631840752 801234567
631842057 801234567
631842570 801234567
631842705 801234567
631845072 801234567
631845207 801234567
631845720 801234567
631847025 801234567
631847250 801234567
631847502 801234567
631850247 801234567
631850472 801234567
631850724 801234567
631852074 801234567
631852407 801234567
631852740 801234567
631854027 801234567
631854270 801234567
631854702 801234567
631857042 801234567
631857204 801234567
631857420 801234567
631870254 801234567
631870425 801234567
631870542 801234567
631872045 801234567
631872450 801234567
631872504 801234567
631874052 801234567
631874205 801234567
631874520 801234567
631875024 801234567
631875240 801234567
631875402 801234567
632014587 801234567
