806247153 801234567
806247315 801234567
806247531 801234567
806251374 801234567
806251437 801234567
806251743 801234567
806253147 801234567
806253471 801234567
806253714 801234567
806254173 801234567
806254317 801234567
806254731 801234567
806257134 801234567
806257341 801234567
806257413 801234567
806271345 801234567
806271453 801234567
806271534 801234567
806273154 801234567
806273415 801234567
806273541 801234567
806274135 801234567
806274351 801234567
806274513 801234567
806275143 801234567
806275314 801234567
806275431 801234567
806312475 801234567
806312547 801234567
806312754 801234567
806314257 801234567
806314572 801234567
806314725 801234567
806315274 801234567
806315427 801234567
806315742 801234567
806317245 801234567
806317452 801234567
806317524 801234567
806321457 801234567
806321574 801234567
806321745 801234567
806324175 801234567
806324517 801234567
806324751 801234567
806325147 801234567
806325471 801234567
806325714 801234567
806327154 801234567
806327415 801234567
806327541 801234567
806341275 801234567
806341527 801234567
806341752 801234567
806342157 801234567
806342571 801234567
806342715 801234567
806345172 801234567
806345217 801234567
806345721 801234567
806347125 801234567
806347251 801234567
806347512 801234567
806351247 801234567
806351472 801234567
806351724 801234567
806352174 801234567
806352417 801234567
806352741 801234567
806354127 801234567
806354271 801234567
806354712 801234567
806357142 801234567
806357214 801234567
806357421 801234567
806371254 801234567
806371425 801234567
806371542 801234567
806372145 801234567
806372451 801234567
806372514 801234567
806374152 801234567
806374215 801234567
806374521 801234567
806375124 801234567
806375241 801234567
806375412 801234567
806412357 801234567
806412573 801234567
806412735 801234567
806413275 801234567
806413527 801234567
806413752 801234567
806415237 801234567
806415372 801234567
806415723 801234567
806417253 801234567
806417325 801234567
806417532 801234567
806421375 801234567
806421537 801234567
806421753 801234567
806423157 801234567
806423571 801234567
806423715 801234567
806425173 801234567
806425317 801234567
806425731 801234567
806427135 801234567
806427351 801234567
806427513 801234567
806431257 801234567
806431572 801234567
806431725 801234567
806432175 801234567
806432517 801234567
806432751 801234567
806435127 801234567
806435271 801234567
806435712 801234567
806437152 801234567
806437215 801234567
806437521 801234567
806451273 801234567
806451327 801234567
806451732 801234567
806452137 801234567
806452371 801234567
806452713 801234567
806453172 801234567
806453217 801234567
806453721 801234567
806457123 801234567
806457231 801234567
806457312 801234567
806471235 801234567
806471352 801234567
806471523 801234567
806472153 801234567
806472315 801234567
806472531 801234567
806473125 801234567
806473251 801234567
806473512 801234567
806475132 801234567
806475213 801234567
806475321 801234567
806512374 801234567
806512437 801234567
806512743 801234567
806513247 801234567
806513472 801234567
806513724 801234567
806514273 801234567
806514327 801234567
806514732 801234567
806517234 801234567
806517342 801234567
806517423 801234567
806521347 801234567
806521473 801234567
806521734 801234567
806523174 801234567
806523417 801234567
806523741 801234567
806524137 801234567
806524371 801234567
806524713 801234567
806527143 801234567
806527314 801234567
806527431 801234567
806531274 801234567
806531427 801234567
806531742 801234567
806532147 801234567
806532471 801234567
806532714 801234567
806534172 801234567
806534217 801234567
806534721 801234567
806537124 801234567
806537241 801234567
806537412 801234567
806541237 801234567
806541372 801234567
806541723 801234567
806542173 801234567
806542317 801234567
806542731 801234567
806543127 801234567
806543271 801234567
806543712 801234567
806547132 801234567
806547213 801234567
806547321 801234567
806571243 801234567
806571324 801234567
806571432 801234567
806572134 801234567
806572341 801234567
806572413 801234567
806573142 801234567
806573214 801234567
806573421 801234567
806574123 801234567
806574231 801234567
806574312 801234567
806712345 801234567
806712453 801234567
806712534 801234567
806713254 801234567
806713425 801234567
806713542 801234567
806714235 801234567
806714352 801234567
806714523 801234567
806715243 801234567
806715324 801234567
806715432 801234567
806721354 801234567
806721435 801234567
806721543 801234567
806723145 801234567
806723451 801234567
806723514 801234567
806724153 801234567
806724315 801234567
806724531 801234567
806725134 801234567
806725341 801234567
806725413 801234567
806731245 801234567
806731452 801234567
806731524 801234567
806732154 801234567
806732415 801234567
806732541 801234567
806734125 801234567
806734251 801234567
806734512 801234567
806735142 801234567
806735214 801234567
806735421 801234567
806741253 801234567
806741325 801234567
806741532 801234567
806742135 801234567
806742351 801234567
806742513 801234567
806743152 801234567
806743215 801234567
806743521 801234567
806745123 801234567
806745231 801234567
806745312 801234567
806751234 801234567
806751342 801234567
806751423 801234567
806752143 801234567
806752314 801234567
806752431 801234567
806753124 801234567
806753241 801234567
806753412 801234567
806754132 801234567
806754213 801234567
806754321 801234567
807123456 801234567
807123564 801234567
807123645 801234567
807124365 801234567
807124536 801234567
807124653 801234567
807125346 801234567
807125463 801234567
807125634 801234567
807126354 801234567
807126435 801234567
807126543 801234567
807132465 801234567
807132546 801234567
807132654 801234567
807134256 801234567
807134562 801234567
807134625 801234567
807135264 801234567
807135426 801234567
807135642 801234567
807136245 801234567
807136452 801234567
807136524 801234567
807142356 801234567
807142563 801234567
807142635 801234567
807143265 801234567
807143526 801234567
807143652 801234567
807145236 801234567
807145362 801234567
807145623 801234567
807146253 801234567
807146325 801234567
807146532 801234567
807152364 801234567
807152436 801234567
807152643 801234567
807153246 801234567
807153462 801234567
807153624 801234567
807154263 801234567
807154326 801234567
807154632 801234567
807156234 801234567
807156342 801234567
807156423 801234567
807162345 801234567
807162453 801234567
807162534 801234567
807163254 801234567
807163425 801234567
807163542 801234567
807164235 801234567
807164352 801234567
807164523 801234567
807165243 801234567
807165324 801234567
807165432 801234567
807213465 801234567
807213546 801234567
807213654 801234567
807214356 801234567
807214563 801234567
807214635 801234567
807215364 801234567
807215436 801234567
807215643 801234567
807216345 801234567
807216453 801234567
807216534 801234567
807231456 801234567
807231564 801234567
807231645 801234567
807234165 801234567
807234516 801234567
807234651 801234567
807235146 801234567
807235461 801234567
807235614 801234567
807236154 801234567
807236415 801234567
807236541 801234567
807241365 801234567
807241536 801234567
807241653 801234567
807243156 801234567
807243561 801234567
807243615 801234567
807245163 801234567
807245316 801234567
807245631 801234567
807246135 801234567
807246351 801234567
807246513 801234567
807251346 801234567
807251463 801234567
807251634 801234567
807253164 801234567
807253416 801234567
807253641 801234567
807254136 801234567
807254361 801234567
807254613 801234567
807256143 801234567
807256314 801234567
807256431 801234567
807261354 801234567
807261435 801234567
807261543 801234567
807263145 801234567
807263451 801234567
807263514 801234567
807264153 801234567
807264315 801234567
807264531 801234567
807265134 801234567
807265341 801234567
807265413 801234567
807312456 801234567
807312564 801234567
807312645 801234567
807314265 801234567
807314526 801234567
807314652 801234567
807315246 801234567
807315462 801234567
807315624 801234567
807316254 801234567
807316425 801234567
807316542 801234567
807321465 801234567
807321546 801234567
807321654 801234567
807324156 801234567
807324561 801234567
807324615 801234567
807325164 801234567
807325416 801234567
807325641 801234567
807326145 801234567
807326451 801234567
807326514 801234567
807341256 801234567
807341562 801234567
807341625 801234567
807342165 801234567
807342516 801234567
807342651 801234567
807345126 801234567
807345261 801234567
807345612 801234567
807346152 801234567
807346215 801234567
807346521 801234567
807351264 801234567
807351426 801234567
807351642 801234567
807352146 801234567
807352461 801234567
807352614 801234567
807354162 801234567
807354216 801234567
807354621 801234567
807356124 801234567
807356241 801234567
807356412 801234567
807361245 801234567
807361452 801234567
807361524 801234567
807362154 801234567
807362415 801234567
807362541 801234567
807364125 801234567
807364251 801234567
807364512 801234567
807365142 801234567
807365214 801234567
807365421 801234567
807412365 801234567
807412536 801234567
807412653 801234567
807413256 801234567
807413562 801234567
807413625 801234567
807415263 801234567
807415326 801234567
807415632 801234567
807416235 801234567
807416352 801234567
807416523 801234567
807421356 801234567
807421563 801234567
807421635 801234567
807423165 801234567
807423516 801234567
807423651 801234567
807425136 801234567
807425361 801234567
807425613 801234567
807426153 801234567
807426315 801234567
807426531 801234567
807431265 801234567
807431526 801234567
807431652 801234567
807432156 801234567
807432561 801234567
807432615 801234567
807435162 801234567
807435216 801234567
807435621 801234567
807436125 801234567
807436251 801234567
807436512 801234567
807451236 801234567
807451362 801234567
807451623 801234567
807452163 801234567
807452316 801234567
807452631 801234567
807453126 801234567
807453261 801234567
807453612 801234567
807456132 801234567
807456213 801234567
807456321 801234567
807461253 801234567
807461325 801234567
807461532 801234567
807462135 801234567
