048625713 801234567
048627153 801234567
048627315 801234567
048627531 801234567
048631275 801234567
048631527 801234567
048631752 801234567
048632157 801234567
048632571 801234567
048632715 801234567
048635172 801234567
048635217 801234567
048635721 801234567
048637125 801234567
048637251 801234567
048637512 801234567
048651237 801234567
048651372 801234567
048651723 801234567
048652173 801234567
048652317 801234567
048652731 801234567
048653127 801234567
048653271 801234567
048653712 801234567
048657132 801234567
048657213 801234567
048657321 801234567
048671253 801234567
048671325 801234567
048671532 801234567
048672135 801234567
048672351 801234567
048672513 801234567
048673152 801234567
048673215 801234567
048673521 801234567
048675123 801234567
048675231 801234567
048675312 801234567
048712356 801234567
048712563 801234567
048712635 801234567
048713265 801234567
048713526 801234567
048713652 801234567
048715236 801234567
048715362 801234567
048715623 801234567
048716253 801234567
048716325 801234567
048716532 801234567
048721365 801234567
048721536 801234567
048721653 801234567
048723156 801234567
048723561 801234567
048723615 801234567
048725163 801234567
048725316 801234567
048725631 801234567
048726135 801234567
048726351 801234567
048726513 801234567
048731256 801234567
048731562 801234567
048731625 801234567
048732165 801234567
048732516 801234567
048732651 801234567
048735126 801234567
048735261 801234567
048735612 801234567
048736152 801234567
048736215 801234567
048736521 801234567
048751263 801234567
048751326 801234567
048751632 801234567
048752136 801234567
048752361 801234567
048752613 801234567
048753162 801234567
048753216 801234567
048753621 801234567
048756123 801234567
048756231 801234567
048756312 801234567
048761235 801234567
048761352 801234567
048761523 801234567
048762153 801234567
048762315 801234567
048762531 801234567
048763125 801234567
048763251 801234567
048763512 801234567
048765132 801234567
048765213 801234567
048765321 801234567
051234678 801234567
051234786 801234567
051234867 801234567
051236487 801234567
051236748 801234567
051236874 801234567
051237468 801234567
051237684 801234567
051237846 801234567
051238476 801234567
051238647 801234567
051238764 801234567
051243687 801234567
051243768 801234567
051243876 801234567
051246378 801234567
051246783 801234567
051246837 801234567
051247386 801234567
051247638 801234567
051247863 801234567
051248367 801234567
051248673 801234567
051248736 801234567
051263478 801234567
051263784 801234567
051263847 801234567
051264387 801234567
051264738 801234567
051264873 801234567
051267348 801234567
051267483 801234567
051267834 801234567
051268374 801234567
051268437 801234567
051268743 801234567
051273486 801234567
051273648 801234567
051273864 801234567
051274368 801234567
051274683 801234567
051274836 801234567
051276384 801234567
051276438 801234567
051276843 801234567
051278346 801234567
051278463 801234567
051278634 801234567
051283467 801234567
051283674 801234567
051283746 801234567
051284376 801234567
051284637 801234567
051284763 801234567
051286347 801234567
051286473 801234567
051286734 801234567
051287364 801234567
051287436 801234567
051287643 801234567
051324687 801234567
051324768 801234567
051324876 801234567
051326478 801234567
051326784 801234567
051326847 801234567
051327486 801234567
051327648 801234567
051327864 801234567
051328467 801234567
051328674 801234567
051328746 801234567
051342678 801234567
051342786 801234567
051342867 801234567
051346287 801234567
051346728 801234567
051346872 801234567
051347268 801234567
051347682 801234567
051347826 801234567
051348276 801234567
051348627 801234567
051348762 801234567
051362487 801234567
051362748 801234567
051362874 801234567
051364278 801234567
051364782 801234567
051364827 801234567
051367284 801234567
051367428 801234567
051367842 801234567
051368247 801234567
051368472 801234567
051368724 801234567
051372468 801234567
051372684 801234567
051372846 801234567
051374286 801234567
051374628 801234567
051374862 801234567
051376248 801234567
051376482 801234567
051376824 801234567
051378264 801234567
051378426 801234567
051378642 801234567
051382476 801234567
051382647 801234567
051382764 801234567
051384267 801234567
051384672 801234567
051384726 801234567
051386274 801234567
051386427 801234567
051386742 801234567
051387246 801234567
051387462 801234567
051387624 801234567
051423678 801234567
051423786 801234567
051423867 801234567
051426387 801234567
051426738 801234567
051426873 801234567
051427368 801234567
051427683 801234567
051427836 801234567
051428376 801234567
051428637 801234567
051428763 801234567
051432687 801234567
051432768 801234567
051432876 801234567
051436278 801234567
051436782 801234567
051436827 801234567
051437286 801234567
051437628 801234567
051437862 801234567
051438267 801234567
051438672 801234567
051438726 801234567
051462378 801234567
051462783 801234567
051462837 801234567
051463287 801234567
051463728 801234567
051463872 801234567
051467238 801234567
051467382 801234567
051467823 801234567
051468273 801234567
051468327 801234567
051468732 801234567
051472386 801234567
051472638 801234567
051472863 801234567
051473268 801234567
051473682 801234567
051473826 801234567
051476283 801234567
051476328 801234567
051476832 801234567
051478236 801234567
051478362 801234567
051478623 801234567
051482367 801234567
051482673 801234567
051482736 801234567
051483276 801234567
051483627 801234567
051483762 801234567
051486237 801234567
051486372 801234567
051486723 801234567
051487263 801234567
051487326 801234567
051487632 801234567
051623487 801234567
051623748 801234567
051623874 801234567
051624378 801234567
051624783 801234567
051624837 801234567
051627384 801234567
051627438 801234567
051627843 801234567
051628347 801234567
051628473 801234567
051628734 801234567
051632478 801234567
051632784 801234567
051632847 801234567
051634287 801234567
051634728 801234567
051634872 801234567
051637248 801234567
051637482 801234567
051637824 801234567
051638274 801234567
051638427 801234567
051638742 801234567
051642387 801234567
051642738 801234567
051642873 801234567
051643278 801234567
051643782 801234567
051643827 801234567
051647283 801234567
051647328 801234567
051647832 801234567
051648237 801234567
051648372 801234567
051648723 801234567
051672348 801234567
051672483 801234567
051672834 801234567
051673284 801234567
051673428 801234567
051673842 801234567
051674238 801234567
051674382 801234567
051674823 801234567
051678243 801234567
051678324 801234567
051678432 801234567
051682374 801234567
051682437 801234567
051682743 801234567
051683247 801234567
051683472 801234567
051683724 801234567
051684273 801234567
051684327 801234567
051684732 801234567
051687234 801234567
051687342 801234567
051687423 801234567
051723468 801234567
051723684 801234567
051723846 801234567
051724386 801234567
051724638 801234567
051724863 801234567
051726348 801234567
051726483 801234567
051726834 801234567
051728364 801234567
051728436 801234567
051728643 801234567
051732486 801234567
051732648 801234567
051732864 801234567
051734268 801234567
051734682 801234567
051734826 801234567
051736284 801234567
051736428 801234567
051736842 801234567
051738246 801234567
051738462 801234567
051738624 801234567
051742368 801234567
051742683 801234567
051742836 801234567
051743286 801234567
051743628 801234567
051743862 801234567
051746238 801234567
051746382 801234567
051746823 801234567
051748263 801234567
051748326 801234567
051748632 801234567
051762384 801234567
051762438 801234567
051762843 801234567
051763248 801234567
051763482 801234567
051763824 801234567
051764283 801234567
051764328 801234567
051764832 801234567
051768234 801234567
051768342 801234567
051768423 801234567
051782346 801234567
051782463 801234567
051782634 801234567
051783264 801234567
051783426 801234567
051783642 801234567
051784236 801234567
051784362 801234567
051784623 801234567
051786243 801234567
051786324 801234567
051786432 801234567
051823476 801234567
051823647 801234567
051823764 801234567
051824367 801234567
051824673 801234567
051824736 801234567
051826374 801234567
051826437 801234567
051826743 801234567
051827346 801234567
051827463 801234567
051827634 801234567
051832467 801234567
051832674 801234567
051832746 801234567
051834276 801234567
051834627 801234567
051834762 801234567
051836247 801234567
051836472 801234567
051836724 801234567
051837264 801234567
051837426 801234567
051837642 801234567
051842376 801234567
051842637 801234567
051842763 801234567
051843267 801234567
051843672 801234567
051843726 801234567
051846273 801234567
051846327 801234567
051846732 801234567
051847236 801234567
051847362 801234567
051847623 801234567
051862347 801234567
051862473 801234567
051862734 801234567
051863274 801234567
051863427 801234567
051863742 801234567
051864237 801234567
051864372 801234567
051864723 801234567
051867243 801234567
051867324 801234567
051867432 801234567
051872364 801234567
051872436 801234567
051872643 801234567
051873246 801234567
051873462 801234567
051873624 801234567
051874263 801234567
051874326 801234567
051874632 801234567
051876234 801234567
051876342 801234567
051876423 801234567
052134687 801234567
052134768 801234567
052134876 801234567
052136478 801234567
052136784 801234567
052136847 801234567
052137486 801234567
052137648 801234567
052137864 801234567
052138467 801234567
052138674 801234567
052138746 801234567
052143678 801234567
052143786 801234567
052143867 801234567
052146387 801234567
052146738 801234567
052146873 801234567
052147368 801234567
052147683 801234567
052147836 801234567
052148376 801234567
052148637 801234567
052148763 801234567
052163487 801234567
052163748 801234567
052163874 801234567
052164378 801234567
052164783 801234567
052164837 801234567
052167384 801234567
052167438 801234567
052167843 801234567
052168347 801234567
052168473 801234567
052168734 801234567
052173468 801234567
052173684 801234567
052173846 801234567
