610745832 801234567
610748235 801234567
610748352 801234567
610748523 801234567
610752348 801234567
610752483 801234567
610752834 801234567
610753284 801234567
610753428 801234567
610753842 801234567
610754238 801234567
610754382 801234567
610754823 801234567
610758243 801234567
610758324 801234567
610758432 801234567
610782354 801234567
610782435 801234567
610782543 801234567
610783245 801234567
610783452 801234567
610783524 801234567
610784253 801234567
610784325 801234567
610784532 801234567
610785234 801234567
610785342 801234567
610785423 801234567
610823457 801234567
610823574 801234567
610823745 801234567
610824375 801234567
610824537 801234567
610824753 801234567
610825347 801234567
610825473 801234567
610825734 801234567
610827354 801234567
610827435 801234567
610827543 801234567
610832475 801234567
610832547 801234567
610832754 801234567
610834257 801234567
610834572 801234567
610834725 801234567
610835274 801234567
610835427 801234567
610835742 801234567
610837245 801234567
610837452 801234567
610837524 801234567
610842357 801234567
610842573 801234567
610842735 801234567
610843275 801234567
610843527 801234567
610843752 801234567
610845237 801234567
610845372 801234567
610845723 801234567
610847253 801234567
610847325 801234567
610847532 801234567
610852374 801234567
610852437 801234567
610852743 801234567
610853247 801234567
610853472 801234567
610853724 801234567
610854273 801234567
610854327 801234567
610854732 801234567
610857234 801234567
610857342 801234567
610857423 801234567
610872345 801234567
610872453 801234567
610872534 801234567
610873254 801234567
610873425 801234567
610873542 801234567
610874235 801234567
610874352 801234567
610874523 801234567
610875243 801234567
610875324 801234567
610875432 801234567
612034578 801234567
612034785 801234567
612034857 801234567
612035487 801234567
612035748 801234567
612035874 801234567
612037458 801234567
612037584 801234567
612037845 801234567
612038475 801234567
612038547 801234567
612038754 801234567
612043587 801234567
612043758 801234567
612043875 801234567
612045378 801234567
612045783 801234567
612045837 801234567
612047385 801234567
612047538 801234567
612047853 801234567
612048357 801234567
612048573 801234567
612048735 801234567
612053478 801234567
612053784 801234567
612053847 801234567
612054387 801234567
612054738 801234567
612054873 801234567
612057348 801234567
612057483 801234567
612057834 801234567
612058374 801234567
612058437 801234567
612058743 801234567
612073485 801234567
612073548 801234567
612073854 801234567
612074358 801234567
612074583 801234567
612074835 801234567
612075384 801234567
612075438 801234567
612075843 801234567
612078345 801234567
612078453 801234567
612078534 801234567
612083457 801234567
612083574 801234567
612083745 801234567
612084375 801234567
612084537 801234567
612084753 801234567
612085347 801234567
612085473 801234567
612085734 801234567
612087354 801234567
612087435 801234567
612087543 801234567
612304587 801234567
612304758 801234567
612304875 801234567
612305478 801234567
612305784 801234567
612305847 801234567
612307485 801234567
612307548 801234567
612307854 801234567
612308457 801234567
612308574 801234567
612308745 801234567
612340578 801234567
612340785 801234567
612340857 801234567
612345087 801234567
612345708 801234567
612345870 801234567
612347058 801234567
612347580 801234567
612347805 801234567
612348075 801234567
612348507 801234567
612348750 801234567
612350487 801234567
612350748 801234567
612350874 801234567
612354078 801234567
612354780 801234567
612354807 801234567
612357084 801234567
612357408 801234567
612357840 801234567
612358047 801234567
612358470 801234567
612358704 801234567
612370458 801234567
612370584 801234567
612370845 801234567
612374085 801234567
612374508 801234567
612374850 801234567
612375048 801234567
612375480 801234567
612375804 801234567
612378054 801234567
612378405 801234567
612378540 801234567
612380475 801234567
612380547 801234567
612380754 801234567
612384057 801234567
612384570 801234567
612384705 801234567
612385074 801234567
612385407 801234567
612385740 801234567
612387045 801234567
612387450 801234567
612387504 801234567
612403578 801234567
612403785 801234567
612403857 801234567
612405387 801234567
612405738 801234567
612405873 801234567
612407358 801234567
612407583 801234567
612407835 801234567
612408375 801234567
612408537 801234567
612408753 801234567
612430587 801234567
612430758 801234567
612430875 801234567
612435078 801234567
612435780 801234567
612435807 801234567
612437085 801234567
612437508 801234567
612437850 801234567
612438057 801234567
612438570 801234567
612438705 801234567
612450378 801234567
612450783 801234567
612450837 801234567
612453087 801234567
612453708 801234567
612453870 801234567
612457038 801234567
612457380 801234567
612457803 801234567
612458073 801234567
612458307 801234567
612458730 801234567
612470385 801234567
612470538 801234567
612470853 801234567
612473058 801234567
612473580 801234567
612473805 801234567
612475083 801234567
612475308 801234567
612475830 801234567
612478035 801234567
612478350 801234567
612478503 801234567
612480357 801234567
612480573 801234567
612480735 801234567
612483075 801234567
612483507 801234567
612483750 801234567
612485037 801234567
612485370 801234567
612485703 801234567
612487053 801234567
612487305 801234567
612487530 801234567
612503487 801234567
612503748 801234567
612503874 801234567
612504378 801234567
612504783 801234567
612504837 801234567
612507384 801234567
612507438 801234567
612507843 801234567
612508347 801234567
612508473 801234567
612508734 801234567
612530478 801234567
612530784 801234567
612530847 801234567
612534087 801234567
612534708 801234567
612534870 801234567
612537048 801234567
612537480 801234567
612537804 801234567
612538074 801234567
612538407 801234567
612538740 801234567
612540387 801234567
612540738 801234567
612540873 801234567
612543078 801234567
612543780 801234567
612543807 801234567
612547083 801234567
612547308 801234567
612547830 801234567
612548037 801234567
612548370 801234567
612548703 801234567
612570348 801234567
612570483 801234567
612570834 801234567
612573084 801234567
612573408 801234567
612573840 801234567
612574038 801234567
612574380 801234567
612574803 801234567
612578043 801234567
612578304 801234567
612578430 801234567
612580374 801234567
612580437 801234567
612580743 801234567
612583047 801234567
612583470 801234567
612583704 801234567
612584073 801234567
612584307 801234567
612584730 801234567
612587034 801234567
612587340 801234567
612587403 801234567
612703458 801234567
612703584 801234567
612703845 801234567
612704385 801234567
612704538 801234567
612704853 801234567
612705348 801234567
612705483 801234567
612705834 801234567
612708354 801234567
612708435 801234567
612708543 801234567
612730485 801234567
612730548 801234567
612730854 801234567
612734058 801234567
612734580 801234567
612734805 801234567
612735084 801234567
612735408 801234567
612735840 801234567
612738045 801234567
612738450 801234567
612738504 801234567
612740358 801234567
612740583 801234567
612740835 801234567
612743085 801234567
612743508 801234567
612743850 801234567
612745038 801234567
612745380 801234567
612745803 801234567
612748053 801234567
612748305 801234567
612748530 801234567
612750384 801234567
612750438 801234567
612750843 801234567
612753048 801234567
612753480 801234567
612753804 801234567
612754083 801234567
612754308 801234567
612754830 801234567
612758034 801234567
612758340 801234567
612758403 801234567
612780345 801234567
612780453 801234567
612780534 801234567
612783054 801234567
612783405 801234567
612783540 801234567
612784035 801234567
612784350 801234567
612784503 801234567
612785043 801234567
612785304 801234567
612785430 801234567
612803475 801234567
612803547 801234567
612803754 801234567
612804357 801234567
612804573 801234567
612804735 801234567
612805374 801234567
612805437 801234567
612805743 801234567
612807345 801234567
612807453 801234567
612807534 801234567
612830457 801234567
612830574 801234567
612830745 801234567
612834075 801234567
612834507 801234567
612834750 801234567
612835047 801234567
612835470 801234567
612835704 801234567
612837054 801234567
612837405 801234567
612837540 801234567
612840375 801234567
612840537 801234567
612840753 801234567
612843057 801234567
612843570 801234567
612843705 801234567
612845073 801234567
612845307 801234567
612845730 801234567
612847035 801234567
612847350 801234567
612847503 801234567
612850347 801234567
612850473 801234567
612850734 801234567
612853074 801234567
612853407 801234567
612853740 801234567
612854037 801234567
612854370 801234567
612854703 801234567
612857043 801234567
612857304 801234567
612857430 801234567
612870354 801234567
612870435 801234567
612870543 801234567
612873045 801234567
612873450 801234567
612873504 801234567
612874053 801234567
612874305 801234567
612874530 801234567
612875034 801234567
612875340 801234567
612875403 801234567
613024587 801234567
613024758 801234567
613024875 801234567
613025478 801234567
613025784 801234567
613025847 801234567
613027485 801234567
613027548 801234567
613027854 801234567
613028457 801234567
613028574 801234567
613028745 801234567
613042578 801234567
613042785 801234567
613042857 801234567
613045287 801234567
613045728 801234567
613045872 801234567
613047258 801234567
613047582 801234567
613047825 801234567
613048275 801234567
613048527 801234567
613048752 801234567
613052487 801234567
613052748 801234567
613052874 801234567
613054278 801234567
613054782 801234567
613054827 801234567
613057284 801234567
613057428 801234567
613057842 801234567
613058247 801234567
613058472 801234567
613058724 801234567
613072458 801234567
613072584 801234567
613072845 801234567
613074285 801234567
613074528 801234567
613074852 801234567
613075248 801234567
613075482 801234567
613075824 801234567
613078254 801234567
613078425 801234567
613078542 801234567
613082475 801234567
613082547 801234567
613082754 801234567
