754032816 801234567
754036182 801234567
754036218 801234567
754036821 801234567
754038126 801234567
754038261 801234567
754038612 801234567
754061238 801234567
754061382 801234567
754061823 801234567
754062183 801234567
754062318 801234567
754062831 801234567
754063128 801234567
754063281 801234567
754063812 801234567
754068132 801234567
754068213 801234567
754068321 801234567
754081263 801234567
754081326 801234567
754081632 801234567
754082136 801234567
754082361 801234567
754082613 801234567
754083162 801234567
754083216 801234567
754083621 801234567
754086123 801234567
754086231 801234567
754086312 801234567
754102368 801234567
754102683 801234567
754102836 801234567
754103286 801234567
754103628 801234567
754103862 801234567
754106238 801234567
754106382 801234567
754106823 801234567
754108263 801234567
754108326 801234567
754108632 801234567
754120386 801234567
754120638 801234567
754120863 801234567
754123068 801234567
754123680 801234567
754123806 801234567
754126083 801234567
754126308 801234567
754126830 801234567
754128036 801234567
754128360 801234567
754128603 801234567
754130268 801234567
754130682 801234567
754130826 801234567
754132086 801234567
754132608 801234567
754132860 801234567
754136028 801234567
754136280 801234567
754136802 801234567
754138062 801234567
754138206 801234567
754138620 801234567
754160283 801234567
754160328 801234567
754160832 801234567
754162038 801234567
754162380 801234567
754162803 801234567
754163082 801234567
754163208 801234567
754163820 801234567
754168023 801234567
754168230 801234567
754168302 801234567
754180236 801234567
754180362 801234567
754180623 801234567
754182063 801234567
754182306 801234567
754182630 801234567
754183026 801234567
754183260 801234567
754183602 801234567
754186032 801234567
754186203 801234567
754186320 801234567
754201386 801234567
754201638 801234567
754201863 801234567
754203168 801234567
754203681 801234567
754203816 801234567
754206183 801234567
754206318 801234567
754206831 801234567
754208136 801234567
754208361 801234567
754208613 801234567
754210368 801234567
754210683 801234567
754210836 801234567
754213086 801234567
754213608 801234567
754213860 801234567
754216038 801234567
754216380 801234567
754216803 801234567
754218063 801234567
754218306 801234567
754218630 801234567
754230186 801234567
754230618 801234567
754230861 801234567
754231068 801234567
754231680 801234567
754231806 801234567
754236081 801234567
754236108 801234567
754236810 801234567
754238016 801234567
754238160 801234567
754238601 801234567
754260138 801234567
754260381 801234567
754260813 801234567
754261083 801234567
754261308 801234567
754261830 801234567
754263018 801234567
754263180 801234567
754263801 801234567
754268031 801234567
754268103 801234567
754268310 801234567
754280163 801234567
754280316 801234567
754280631 801234567
754281036 801234567
754281360 801234567
754281603 801234567
754283061 801234567
754283106 801234567
754283610 801234567
754286013 801234567
754286130 801234567
754286301 801234567
754301268 801234567
754301682 801234567
754301826 801234567
754302186 801234567
754302618 801234567
754302861 801234567
754306128 801234567
754306281 801234567
754306812 801234567
754308162 801234567
754308216 801234567
754308621 801234567
754310286 801234567
754310628 801234567
754310862 801234567
754312068 801234567
754312680 801234567
754312806 801234567
754316082 801234567
754316208 801234567
754316820 801234567
754318026 801234567
754318260 801234567
754318602 801234567
754320168 801234567
754320681 801234567
754320816 801234567
754321086 801234567
754321608 801234567
754321860 801234567
754326018 801234567
754326180 801234567
754326801 801234567
754328061 801234567
754328106 801234567
754328610 801234567
754360182 801234567
754360218 801234567
754360821 801234567
754361028 801234567
754361280 801234567
754361802 801234567
754362081 801234567
754362108 801234567
754362810 801234567
754368012 801234567
754368120 801234567
754368201 801234567
754380126 801234567
754380261 801234567
754380612 801234567
754381062 801234567
754381206 801234567
754381620 801234567
754382016 801234567
754382160 801234567
754382601 801234567
754386021 801234567
754386102 801234567
754386210 801234567
754601283 801234567
754601328 801234567
754601832 801234567
754602138 801234567
754602381 801234567
754602813 801234567
754603182 801234567
754603218 801234567
754603821 801234567
754608123 801234567
754608231 801234567
754608312 801234567
754610238 801234567
754610382 801234567
754610823 801234567
754612083 801234567
754612308 801234567
754612830 801234567
754613028 801234567
754613280 801234567
754613802 801234567
754618032 801234567
754618203 801234567
754618320 801234567
754620183 801234567
754620318 801234567
754620831 801234567
754621038 801234567
754621380 801234567
754621803 801234567
754623081 801234567
754623108 801234567
754623810 801234567
754628013 801234567
754628130 801234567
754628301 801234567
754630128 801234567
754630281 801234567
754630812 801234567
754631082 801234567
754631208 801234567
754631820 801234567
754632018 801234567
754632180 801234567
754632801 801234567
754638021 801234567
754638102 801234567
754638210 801234567
754680132 801234567
754680213 801234567
754680321 801234567
754681023 801234567
754681230 801234567
754681302 801234567
754682031 801234567
754682103 801234567
754682310 801234567
754683012 801234567
754683120 801234567
754683201 801234567
754801236 801234567
754801362 801234567
754801623 801234567
754802163 801234567
754802316 801234567
754802631 801234567
754803126 801234567
754803261 801234567
754803612 801234567
754806132 801234567
754806213 801234567
754806321 801234567
754810263 801234567
754810326 801234567
754810632 801234567
754812036 801234567
754812360 801234567
754812603 801234567
754813062 801234567
754813206 801234567
754813620 801234567
754816023 801234567
754816230 801234567
754816302 801234567
754820136 801234567
754820361 801234567
754820613 801234567
754821063 801234567
754821306 801234567
754821630 801234567
754823016 801234567
754823160 801234567
754823601 801234567
754826031 801234567
754826103 801234567
754826310 801234567
754830162 801234567
754830216 801234567
754830621 801234567
754831026 801234567
754831260 801234567
754831602 801234567
754832061 801234567
754832106 801234567
754832610 801234567
754836012 801234567
754836120 801234567
754836201 801234567
754860123 801234567
754860231 801234567
754860312 801234567
754861032 801234567
754861203 801234567
754861320 801234567
754862013 801234567
754862130 801234567
754862301 801234567
754863021 801234567
754863102 801234567
754863210 801234567
756012348 801234567
756012483 801234567
756012834 801234567
756013284 801234567
756013428 801234567
756013842 801234567
756014238 801234567
756014382 801234567
756014823 801234567
756018243 801234567
756018324 801234567
756018432 801234567
756021384 801234567
756021438 801234567
756021843 801234567
756023148 801234567
756023481 801234567
756023814 801234567
756024183 801234567
756024318 801234567
756024831 801234567
756028134 801234567
756028341 801234567
756028413 801234567
756031248 801234567
756031482 801234567
756031824 801234567
756032184 801234567
756032418 801234567
756032841 801234567
756034128 801234567
756034281 801234567
756034812 801234567
756038142 801234567
756038214 801234567
756038421 801234567
756041283 801234567
756041328 801234567
756041832 801234567
756042138 801234567
756042381 801234567
756042813 801234567
756043182 801234567
756043218 801234567
756043821 801234567
756048123 801234567
756048231 801234567
756048312 801234567
756081234 801234567
756081342 801234567
756081423 801234567
756082143 801234567
756082314 801234567
756082431 801234567
756083124 801234567
756083241 801234567
756083412 801234567
756084132 801234567
756084213 801234567
756084321 801234567
756102384 801234567
756102438 801234567
756102843 801234567
756103248 801234567
756103482 801234567
756103824 801234567
756104283 801234567
756104328 801234567
756104832 801234567
756108234 801234567
756108342 801234567
756108423 801234567
756120348 801234567
756120483 801234567
756120834 801234567
756123084 801234567
756123408 801234567
756123840 801234567
756124038 801234567
756124380 801234567
756124803 801234567
756128043 801234567
756128304 801234567
756128430 801234567
756130284 801234567
756130428 801234567
756130842 801234567
756132048 801234567
756132480 801234567
756132804 801234567
756134082 801234567
756134208 801234567
756134820 801234567
756138024 801234567
756138240 801234567
756138402 801234567
756140238 801234567
756140382 801234567
756140823 801234567
756142083 801234567
756142308 801234567
756142830 801234567
756143028 801234567
756143280 801234567
756143802 801234567
756148032 801234567
756148203 801234567
756148320 801234567
756180243 801234567
756180324 801234567
756180432 801234567
756182034 801234567
756182340 801234567
756182403 801234567
756183042 801234567
756183204 801234567
756183420 801234567
756184023 801234567
756184230 801234567
756184302 801234567
756201348 801234567
756201483 801234567
756201834 801234567
756203184 801234567
756203418 801234567
756203841 801234567
756204138 801234567
756204381 801234567
756204813 801234567
756208143 801234567
756208314 801234567
756208431 801234567
756210384 801234567
756210438 801234567
756210843 801234567
756213048 801234567
756213480 801234567
756213804 801234567
756214083 801234567
756214308 801234567
756214830 801234567
756218034 801234567
756218340 801234567
756218403 801234567
756230148 801234567
756230481 801234567
756230814 801234567
756231084 801234567
756231408 801234567
756231840 801234567
756234018 801234567
756234180 801234567
756234801 801234567
756238041 801234567
756238104 801234567
756238410 801234567
756240183 801234567
756240318 801234567
756240831 801234567
756241038 801234567
756241380 801234567
756241803 801234567
756243081 801234567
756243108 801234567
756243810 801234567
756248013 801234567
756248130 801234567
756248301 801234567
