328504671 801234567
328504716 801234567
328506174 801234567
328506417 801234567
328506741 801234567
328507146 801234567
328507461 801234567
328507614 801234567
328510467 801234567
328510674 801234567
328510746 801234567
328514076 801234567
328514607 801234567
328514760 801234567
328516047 801234567
328516470 801234567
328516704 801234567
328517064 801234567
328517406 801234567
328517640 801234567
328540176 801234567
328540617 801234567
328540761 801234567
328541067 801234567
328541670 801234567
328541706 801234567
328546071 801234567
328546107 801234567
328546710 801234567
328547016 801234567
328547160 801234567
328547601 801234567
328560147 801234567
328560471 801234567
328560714 801234567
328561074 801234567
328561407 801234567
328561740 801234567
328564017 801234567
328564170 801234567
328564701 801234567
328567041 801234567
328567104 801234567
328567410 801234567
328570164 801234567
328570416 801234567
328570641 801234567
328571046 801234567
328571460 801234567
328571604 801234567
328574061 801234567
328574106 801234567
328574610 801234567
328576014 801234567
328576140 801234567
328576401 801234567
328601457 801234567
328601574 801234567
328601745 801234567
328604175 801234567
328604517 801234567
328604751 801234567
328605147 801234567
328605471 801234567
328605714 801234567
328607154 801234567
328607415 801234567
328607541 801234567
328610475 801234567
328610547 801234567
328610754 801234567
328614057 801234567
328614570 801234567
328614705 801234567
328615074 801234567
328615407 801234567
328615740 801234567
328617045 801234567
328617450 801234567
328617504 801234567
328640157 801234567
328640571 801234567
328640715 801234567
328641075 801234567
328641507 801234567
328641750 801234567
328645017 801234567
328645170 801234567
328645701 801234567
328647051 801234567
328647105 801234567
328647510 801234567
328650174 801234567
328650417 801234567
328650741 801234567
328651047 801234567
328651470 801234567
328651704 801234567
328654071 801234567
328654107 801234567
328654710 801234567
328657014 801234567
328657140 801234567
328657401 801234567
328670145 801234567
328670451 801234567
328670514 801234567
328671054 801234567
328671405 801234567
328671540 801234567
328674015 801234567
328674150 801234567
328674501 801234567
328675041 801234567
328675104 801234567
328675410 801234567
328701465 801234567
328701546 801234567
328701654 801234567
328704156 801234567
328704561 801234567
328704615 801234567
328705164 801234567
328705416 801234567
328705641 801234567
328706145 801234567
328706451 801234567
328706514 801234567
328710456 801234567
328710564 801234567
328710645 801234567
328714065 801234567
328714506 801234567
328714650 801234567
328715046 801234567
328715460 801234567
328715604 801234567
328716054 801234567
328716405 801234567
328716540 801234567
328740165 801234567
328740516 801234567
328740651 801234567
328741056 801234567
328741560 801234567
328741605 801234567
328745061 801234567
328745106 801234567
328745610 801234567
328746015 801234567
328746150 801234567
328746501 801234567
328750146 801234567
328750461 801234567
328750614 801234567
328751064 801234567
328751406 801234567
328751640 801234567
328754016 801234567
328754160 801234567
328754601 801234567
328756041 801234567
328756104 801234567
328756410 801234567
328760154 801234567
328760415 801234567
328760541 801234567
328761045 801234567
328761450 801234567
328761504 801234567
328764051 801234567
328764105 801234567
328764510 801234567
328765014 801234567
328765140 801234567
328765401 801234567
340125687 801234567
340125768 801234567
340125876 801234567
340126578 801234567
340126785 801234567
340126857 801234567
340127586 801234567
340127658 801234567
340127865 801234567
340128567 801234567
340128675 801234567
340128756 801234567
340152678 801234567
340152786 801234567
340152867 801234567
340156287 801234567
340156728 801234567
340156872 801234567
340157268 801234567
340157682 801234567
340157826 801234567
340158276 801234567
340158627 801234567
340158762 801234567
340162587 801234567
340162758 801234567
340162875 801234567
340165278 801234567
340165782 801234567
340165827 801234567
340167285 801234567
340167528 801234567
340167852 801234567
340168257 801234567
340168572 801234567
340168725 801234567
340172568 801234567
340172685 801234567
340172856 801234567
340175286 801234567
340175628 801234567
340175862 801234567
340176258 801234567
340176582 801234567
340176825 801234567
340178265 801234567
340178526 801234567
340178652 801234567
340182576 801234567
340182657 801234567
340182765 801234567
340185267 801234567
340185672 801234567
340185726 801234567
340186275 801234567
340186527 801234567
340186752 801234567
340187256 801234567
340187562 801234567
340187625 801234567
340215678 801234567
340215786 801234567
340215867 801234567
340216587 801234567
340216758 801234567
340216875 801234567
340217568 801234567
340217685 801234567
340217856 801234567
340218576 801234567
340218657 801234567
340218765 801234567
340251687 801234567
340251768 801234567
340251876 801234567
340256178 801234567
340256781 801234567
340256817 801234567
340257186 801234567
340257618 801234567
340257861 801234567
340258167 801234567
340258671 801234567
340258716 801234567
340261578 801234567
340261785 801234567
340261857 801234567
340265187 801234567
340265718 801234567
340265871 801234567
340267158 801234567
340267581 801234567
340267815 801234567
340268175 801234567
340268517 801234567
340268751 801234567
340271586 801234567
340271658 801234567
340271865 801234567
340275168 801234567
340275681 801234567
340275816 801234567
340276185 801234567
340276518 801234567
340276851 801234567
340278156 801234567
340278561 801234567
340278615 801234567
340281567 801234567
340281675 801234567
340281756 801234567
340285176 801234567
340285617 801234567
340285761 801234567
340286157 801234567
340286571 801234567
340286715 801234567
340287165 801234567
340287516 801234567
340287651 801234567
340512687 801234567
340512768 801234567
340512876 801234567
340516278 801234567
340516782 801234567
340516827 801234567
340517286 801234567
340517628 801234567
340517862 801234567
340518267 801234567
340518672 801234567
340518726 801234567
340521678 801234567
340521786 801234567
340521867 801234567
340526187 801234567
340526718 801234567
340526871 801234567
340527168 801234567
340527681 801234567
340527816 801234567
340528176 801234567
340528617 801234567
340528761 801234567
340561287 801234567
340561728 801234567
340561872 801234567
340562178 801234567
340562781 801234567
340562817 801234567
340567182 801234567
340567218 801234567
340567821 801234567
340568127 801234567
340568271 801234567
340568712 801234567
340571268 801234567
340571682 801234567
340571826 801234567
340572186 801234567
340572618 801234567
340572861 801234567
340576128 801234567
340576281 801234567
340576812 801234567
340578162 801234567
340578216 801234567
340578621 801234567
340581276 801234567
340581627 801234567
340581762 801234567
340582167 801234567
340582671 801234567
340582716 801234567
340586172 801234567
340586217 801234567
340586721 801234567
340587126 801234567
340587261 801234567
340587612 801234567
340612578 801234567
340612785 801234567
340612857 801234567
340615287 801234567
340615728 801234567
340615872 801234567
340617258 801234567
340617582 801234567
340617825 801234567
340618275 801234567
340618527 801234567
340618752 801234567
340621587 801234567
340621758 801234567
340621875 801234567
340625178 801234567
340625781 801234567
340625817 801234567
340627185 801234567
340627518 801234567
340627851 801234567
340628157 801234567
340628571 801234567
340628715 801234567
340651278 801234567
340651782 801234567
340651827 801234567
340652187 801234567
340652718 801234567
340652871 801234567
340657128 801234567
340657281 801234567
340657812 801234567
340658172 801234567
340658217 801234567
340658721 801234567
340671285 801234567
340671528 801234567
340671852 801234567
340672158 801234567
340672581 801234567
340672815 801234567
340675182 801234567
340675218 801234567
340675821 801234567
340678125 801234567
340678251 801234567
340678512 801234567
340681257 801234567
340681572 801234567
340681725 801234567
340682175 801234567
340682517 801234567
340682751 801234567
340685127 801234567
340685271 801234567
340685712 801234567
340687152 801234567
340687215 801234567
340687521 801234567
340712586 801234567
340712658 801234567
340712865 801234567
340715268 801234567
340715682 801234567
340715826 801234567
340716285 801234567
340716528 801234567
340716852 801234567
340718256 801234567
340718562 801234567
340718625 801234567
340721568 801234567
340721685 801234567
340721856 801234567
340725186 801234567
340725618 801234567
340725861 801234567
340726158 801234567
340726581 801234567
340726815 801234567
340728165 801234567
340728516 801234567
340728651 801234567
340751286 801234567
340751628 801234567
340751862 801234567
340752168 801234567
340752681 801234567
340752816 801234567
340756182 801234567
340756218 801234567
340756821 801234567
340758126 801234567
340758261 801234567
340758612 801234567
340761258 801234567
340761582 801234567
340761825 801234567
340762185 801234567
340762518 801234567
340762851 801234567
340765128 801234567
340765281 801234567
340765812 801234567
340768152 801234567
340768215 801234567
340768521 801234567
340781265 801234567
340781526 801234567
340781652 801234567
340782156 801234567
340782561 801234567
340782615 801234567
340785162 801234567
340785216 801234567
340785621 801234567
340786125 801234567
340786251 801234567
340786512 801234567
340812567 801234567
340812675 801234567
340812756 801234567
340815276 801234567
340815627 801234567
340815762 801234567
340816257 801234567
340816572 801234567
340816725 801234567
340817265 801234567
340817526 801234567
340817652 801234567
340821576 801234567
340821657 801234567
340821765 801234567
340825167 801234567
340825671 801234567
340825716 801234567
340826175 801234567
340826517 801234567
340826751 801234567
340827156 801234567
340827561 801234567
