816205743 801234567
816207345 801234567
816207453 801234567
816207534 801234567
816230457 801234567
816230574 801234567
816230745 801234567
816234075 801234567
816234507 801234567
816234750 801234567
816235047 801234567
816235470 801234567
816235704 801234567
816237054 801234567
816237405 801234567
816237540 801234567
816240375 801234567
816240537 801234567
816240753 801234567
816243057 801234567
816243570 801234567
816243705 801234567
816245073 801234567
816245307 801234567
816245730 801234567
816247035 801234567
816247350 801234567
816247503 801234567
816250347 801234567
816250473 801234567
816250734 801234567
816253074 801234567
816253407 801234567
816253740 801234567
816254037 801234567
816254370 801234567
816254703 801234567
816257043 801234567
816257304 801234567
816257430 801234567
816270354 801234567
816270435 801234567
816270543 801234567
816273045 801234567
816273450 801234567
816273504 801234567
816274053 801234567
816274305 801234567
816274530 801234567
816275034 801234567
816275340 801234567
816275403 801234567
816302457 801234567
816302574 801234567
816302745 801234567
816304275 801234567
816304527 801234567
816304752 801234567
816305247 801234567
816305472 801234567
816305724 801234567
816307254 801234567
816307425 801234567
816307542 801234567
816320475 801234567
816320547 801234567
816320754 801234567
816324057 801234567
816324570 801234567
816324705 801234567
816325074 801234567
816325407 801234567
816325740 801234567
816327045 801234567
816327450 801234567
816327504 801234567
816340257 801234567
816340572 801234567
816340725 801234567
816342075 801234567
816342507 801234567
816342750 801234567
816345027 801234567
816345270 801234567
816345702 801234567
816347052 801234567
816347205 801234567
816347520 801234567
816350274 801234567
816350427 801234567
816350742 801234567
816352047 801234567
816352470 801234567
816352704 801234567
816354072 801234567
816354207 801234567
816354720 801234567
816357024 801234567
816357240 801234567
816357402 801234567
816370245 801234567
816370452 801234567
816370524 801234567
816372054 801234567
816372405 801234567
816372540 801234567
816374025 801234567
816374250 801234567
816374502 801234567
816375042 801234567
816375204 801234567
816375420 801234567
816402375 801234567
816402537 801234567
816402753 801234567
816403257 801234567
816403572 801234567
816403725 801234567
816405273 801234567
816405327 801234567
816405732 801234567
816407235 801234567
816407352 801234567
816407523 801234567
816420357 801234567
816420573 801234567
816420735 801234567
816423075 801234567
816423507 801234567
816423750 801234567
816425037 801234567
816425370 801234567
816425703 801234567
816427053 801234567
816427305 801234567
816427530 801234567
816430275 801234567
816430527 801234567
816430752 801234567
816432057 801234567
816432570 801234567
816432705 801234567
816435072 801234567
816435207 801234567
816435720 801234567
816437025 801234567
816437250 801234567
816437502 801234567
816450237 801234567
816450372 801234567
816450723 801234567
816452073 801234567
816452307 801234567
816452730 801234567
816453027 801234567
816453270 801234567
816453702 801234567
816457032 801234567
816457203 801234567
816457320 801234567
816470253 801234567
816470325 801234567
816470532 801234567
816472035 801234567
816472350 801234567
816472503 801234567
816473052 801234567
816473205 801234567
816473520 801234567
816475023 801234567
816475230 801234567
816475302 801234567
816502347 801234567
816502473 801234567
816502734 801234567
816503274 801234567
816503427 801234567
816503742 801234567
816504237 801234567
816504372 801234567
816504723 801234567
816507243 801234567
816507324 801234567
816507432 801234567
816520374 801234567
816520437 801234567
816520743 801234567
816523047 801234567
816523470 801234567
816523704 801234567
816524073 801234567
816524307 801234567
816524730 801234567
816527034 801234567
816527340 801234567
816527403 801234567
816530247 801234567
816530472 801234567
816530724 801234567
816532074 801234567
816532407 801234567
816532740 801234567
816534027 801234567
816534270 801234567
816534702 801234567
816537042 801234567
816537204 801234567
816537420 801234567
816540273 801234567
816540327 801234567
816540732 801234567
816542037 801234567
816542370 801234567
816542703 801234567
816543072 801234567
816543207 801234567
816543720 801234567
816547023 801234567
816547230 801234567
816547302 801234567
816570234 801234567
816570342 801234567
816570423 801234567
816572043 801234567
816572304 801234567
816572430 801234567
816573024 801234567
816573240 801234567
816573402 801234567
816574032 801234567
816574203 801234567
816574320 801234567
816702354 801234567
816702435 801234567
816702543 801234567
816703245 801234567
816703452 801234567
816703524 801234567
816704253 801234567
816704325 801234567
816704532 801234567
816705234 801234567
816705342 801234567
816705423 801234567
816720345 801234567
816720453 801234567
816720534 801234567
816723054 801234567
816723405 801234567
816723540 801234567
816724035 801234567
816724350 801234567
816724503 801234567
816725043 801234567
816725304 801234567
816725430 801234567
816730254 801234567
816730425 801234567
816730542 801234567
816732045 801234567
816732450 801234567
816732504 801234567
816734052 801234567
816734205 801234567
816734520 801234567
816735024 801234567
816735240 801234567
816735402 801234567
816740235 801234567
816740352 801234567
816740523 801234567
816742053 801234567
816742305 801234567
816742530 801234567
816743025 801234567
816743250 801234567
816743502 801234567
816745032 801234567
816745203 801234567
816745320 801234567
816750243 801234567
816750324 801234567
816750432 801234567
816752034 801234567
816752340 801234567
816752403 801234567
816753042 801234567
816753204 801234567
816753420 801234567
816754023 801234567
816754230 801234567
816754302 801234567
817023465 801234567
817023546 801234567
817023654 801234567
817024356 801234567
817024563 801234567
817024635 801234567
817025364 801234567
817025436 801234567
817025643 801234567
817026345 801234567
817026453 801234567
817026534 801234567
817032456 801234567
817032564 801234567
817032645 801234567
817034265 801234567
817034526 801234567
817034652 801234567
817035246 801234567
817035462 801234567
817035624 801234567
817036254 801234567
817036425 801234567
817036542 801234567
817042365 801234567
817042536 801234567
817042653 801234567
817043256 801234567
817043562 801234567
817043625 801234567
817045263 801234567
817045326 801234567
817045632 801234567
817046235 801234567
817046352 801234567
817046523 801234567
817052346 801234567
817052463 801234567
817052634 801234567
817053264 801234567
817053426 801234567
817053642 801234567
817054236 801234567
817054362 801234567
817054623 801234567
817056243 801234567
817056324 801234567
817056432 801234567
817062354 801234567
817062435 801234567
817062543 801234567
817063245 801234567
817063452 801234567
817063524 801234567
817064253 801234567
817064325 801234567
817064532 801234567
817065234 801234567
817065342 801234567
817065423 801234567
817203456 801234567
817203564 801234567
817203645 801234567
817204365 801234567
817204536 801234567
817204653 801234567
817205346 801234567
817205463 801234567
817205634 801234567
817206354 801234567
817206435 801234567
817206543 801234567
817230465 801234567
817230546 801234567
817230654 801234567
817234056 801234567
817234560 801234567
817234605 801234567
817235064 801234567
817235406 801234567
817235640 801234567
817236045 801234567
817236450 801234567
817236504 801234567
817240356 801234567
817240563 801234567
817240635 801234567
817243065 801234567
817243506 801234567
817243650 801234567
817245036 801234567
817245360 801234567
817245603 801234567
817246053 801234567
817246305 801234567
817246530 801234567
817250364 801234567
817250436 801234567
817250643 801234567
817253046 801234567
817253460 801234567
817253604 801234567
817254063 801234567
817254306 801234567
817254630 801234567
817256034 801234567
817256340 801234567
817256403 801234567
817260345 801234567
817260453 801234567
817260534 801234567
817263054 801234567
817263405 801234567
817263540 801234567
817264035 801234567
817264350 801234567
817264503 801234567
817265043 801234567
817265304 801234567
817265430 801234567
817302465 801234567
817302546 801234567
817302654 801234567
817304256 801234567
817304562 801234567
817304625 801234567
817305264 801234567
817305426 801234567
817305642 801234567
817306245 801234567
817306452 801234567
817306524 801234567
817320456 801234567
817320564 801234567
817320645 801234567
817324065 801234567
817324506 801234567
817324650 801234567
817325046 801234567
817325460 801234567
817325604 801234567
817326054 801234567
817326405 801234567
817326540 801234567
817340265 801234567
817340526 801234567
817340652 801234567
817342056 801234567
817342560 801234567
817342605 801234567
817345062 801234567
817345206 801234567
817345620 801234567
817346025 801234567
817346250 801234567
817346502 801234567
817350246 801234567
817350462 801234567
817350624 801234567
817352064 801234567
817352406 801234567
817352640 801234567
817354026 801234567
817354260 801234567
817354602 801234567
817356042 801234567
817356204 801234567
817356420 801234567
817360254 801234567
817360425 801234567
817360542 801234567
817362045 801234567
817362450 801234567
817362504 801234567
817364052 801234567
817364205 801234567
817364520 801234567
817365024 801234567
817365240 801234567
817365402 801234567
817402356 801234567
817402563 801234567
817402635 801234567
817403265 801234567
817403526 801234567
817403652 801234567
817405236 801234567
817405362 801234567
817405623 801234567
817406253 801234567
817406325 801234567
817406532 801234567
817420365 801234567
817420536 801234567
817420653 801234567
817423056 801234567
817423560 801234567
817423605 801234567
817425063 801234567
817425306 801234567
817425630 801234567
817426035 801234567
817426350 801234567
817426503 801234567
817430256 801234567
817430562 801234567
817430625 801234567
