126845370 801234567
126845703 801234567
126847053 801234567
126847305 801234567
126847530 801234567
126850374 801234567
126850437 801234567
126850743 801234567
126853047 801234567
126853470 801234567
126853704 801234567
126854073 801234567
126854307 801234567
126854730 801234567
126857034 801234567
126857340 801234567
126857403 801234567
126870345 801234567
126870453 801234567
126870534 801234567
126873054 801234567
126873405 801234567
126873540 801234567
126874035 801234567
126874350 801234567
126874503 801234567
126875043 801234567
126875304 801234567
126875430 801234567
127034568 801234567
127034685 801234567
127034856 801234567
127035486 801234567
127035648 801234567
127035864 801234567
127036458 801234567
127036584 801234567
127036845 801234567
127038465 801234567
127038546 801234567
127038654 801234567
127043586 801234567
127043658 801234567
127043865 801234567
127045368 801234567
127045683 801234567
127045836 801234567
127046385 801234567
127046538 801234567
127046853 801234567
127048356 801234567
127048563 801234567
127048635 801234567
127053468 801234567
127053684 801234567
127053846 801234567
127054386 801234567
127054638 801234567
127054863 801234567
127056348 801234567
127056483 801234567
127056834 801234567
127058364 801234567
127058436 801234567
127058643 801234567
127063485 801234567
127063548 801234567
127063854 801234567
127064358 801234567
127064583 801234567
127064835 801234567
127065384 801234567
127065438 801234567
127065843 801234567
127068345 801234567
127068453 801234567
127068534 801234567
127083456 801234567
127083564 801234567
127083645 801234567
127084365 801234567
127084536 801234567
127084653 801234567
127085346 801234567
127085463 801234567
127085634 801234567
127086354 801234567
127086435 801234567
127086543 801234567
127304586 801234567
127304658 801234567
127304865 801234567
127305468 801234567
127305684 801234567
127305846 801234567
127306485 801234567
127306548 801234567
127306854 801234567
127308456 801234567
127308564 801234567
127308645 801234567
127340568 801234567
127340685 801234567
127340856 801234567
127345086 801234567
127345608 801234567
127345860 801234567
127346058 801234567
127346580 801234567
127346805 801234567
127348065 801234567
127348506 801234567
127348650 801234567
127350486 801234567
127350648 801234567
127350864 801234567
127354068 801234567
127354680 801234567
127354806 801234567
127356084 801234567
127356408 801234567
127356840 801234567
127358046 801234567
127358460 801234567
127358604 801234567
127360458 801234567
127360584 801234567
127360845 801234567
127364085 801234567
127364508 801234567
127364850 801234567
127365048 801234567
127365480 801234567
127365804 801234567
127368054 801234567
127368405 801234567
127368540 801234567
127380465 801234567
127380546 801234567
127380654 801234567
127384056 801234567
127384560 801234567
127384605 801234567
127385064 801234567
127385406 801234567
127385640 801234567
127386045 801234567
127386450 801234567
127386504 801234567
127403568 801234567
127403685 801234567
127403856 801234567
127405386 801234567
127405638 801234567
127405863 801234567
127406358 801234567
127406583 801234567
127406835 801234567
127408365 801234567
127408536 801234567
127408653 801234567
127430586 801234567
127430658 801234567
127430865 801234567
127435068 801234567
127435680 801234567
127435806 801234567
127436085 801234567
127436508 801234567
127436850 801234567
127438056 801234567
127438560 801234567
127438605 801234567
127450368 801234567
127450683 801234567
127450836 801234567
127453086 801234567
127453608 801234567
127453860 801234567
127456038 801234567
127456380 801234567
127456803 801234567
127458063 801234567
127458306 801234567
127458630 801234567
127460385 801234567
127460538 801234567
127460853 801234567
127463058 801234567
127463580 801234567
127463805 801234567
127465083 801234567
127465308 801234567
127465830 801234567
127468035 801234567
127468350 801234567
127468503 801234567
127480356 801234567
127480563 801234567
127480635 801234567
127483065 801234567
127483506 801234567
127483650 801234567
127485036 801234567
127485360 801234567
127485603 801234567
127486053 801234567
127486305 801234567
127486530 801234567
127503486 801234567
127503648 801234567
127503864 801234567
127504368 801234567
127504683 801234567
127504836 801234567
127506384 801234567
127506438 801234567
127506843 801234567
127508346 801234567
127508463 801234567
127508634 801234567
127530468 801234567
127530684 801234567
127530846 801234567
127534086 801234567
127534608 801234567
127534860 801234567
127536048 801234567
127536480 801234567
127536804 801234567
127538064 801234567
127538406 801234567
127538640 801234567
127540386 801234567
127540638 801234567
127540863 801234567
127543068 801234567
127543680 801234567
127543806 801234567
127546083 801234567
127546308 801234567
127546830 801234567
127548036 801234567
127548360 801234567
127548603 801234567
127560348 801234567
127560483 801234567
127560834 801234567
127563084 801234567
127563408 801234567
127563840 801234567
127564038 801234567
127564380 801234567
127564803 801234567
127568043 801234567
127568304 801234567
127568430 801234567
127580364 801234567
127580436 801234567
127580643 801234567
127583046 801234567
127583460 801234567
127583604 801234567
127584063 801234567
127584306 801234567
127584630 801234567
127586034 801234567
127586340 801234567
127586403 801234567
127603458 801234567
127603584 801234567
127603845 801234567
127604385 801234567
127604538 801234567
127604853 801234567
127605348 801234567
127605483 801234567
127605834 801234567
127608354 801234567
127608435 801234567
127608543 801234567
127630485 801234567
127630548 801234567
127630854 801234567
127634058 801234567
127634580 801234567
127634805 801234567
127635084 801234567
127635408 801234567
127635840 801234567
127638045 801234567
127638450 801234567
127638504 801234567
127640358 801234567
127640583 801234567
127640835 801234567
127643085 801234567
127643508 801234567
127643850 801234567
127645038 801234567
127645380 801234567
127645803 801234567
127648053 801234567
127648305 801234567
127648530 801234567
127650384 801234567
127650438 801234567
127650843 801234567
127653048 801234567
127653480 801234567
127653804 801234567
127654083 801234567
127654308 801234567
127654830 801234567
127658034 801234567
127658340 801234567
127658403 801234567
127680345 801234567
127680453 801234567
127680534 801234567
127683054 801234567
127683405 801234567
127683540 801234567
127684035 801234567
127684350 801234567
127684503 801234567
127685043 801234567
127685304 801234567
127685430 801234567
127803465 801234567
127803546 801234567
127803654 801234567
127804356 801234567
127804563 801234567
127804635 801234567
127805364 801234567
127805436 801234567
127805643 801234567
127806345 801234567
127806453 801234567
127806534 801234567
127830456 801234567
127830564 801234567
127830645 801234567
127834065 801234567
127834506 801234567
127834650 801234567
127835046 801234567
127835460 801234567
127835604 801234567
127836054 801234567
127836405 801234567
127836540 801234567
127840365 801234567
127840536 801234567
127840653 801234567
127843056 801234567
127843560 801234567
127843605 801234567
127845063 801234567
127845306 801234567
127845630 801234567
127846035 801234567
127846350 801234567
127846503 801234567
127850346 801234567
127850463 801234567
127850634 801234567
127853064 801234567
127853406 801234567
127853640 801234567
127854036 801234567
127854360 801234567
127854603 801234567
127856043 801234567
127856304 801234567
127856430 801234567
127860354 801234567
127860435 801234567
127860543 801234567
127863045 801234567
127863450 801234567
127863504 801234567
127864053 801234567
127864305 801234567
127864530 801234567
127865034 801234567
127865340 801234567
127865403 801234567
128034576 801234567
128034657 801234567
128034765 801234567
128035467 801234567
128035674 801234567
128035746 801234567
128036475 801234567
128036547 801234567
128036754 801234567
128037456 801234567
128037564 801234567
128037645 801234567
128043567 801234567
128043675 801234567
128043756 801234567
128045376 801234567
128045637 801234567
128045763 801234567
128046357 801234567
128046573 801234567
128046735 801234567
128047365 801234567
128047536 801234567
128047653 801234567
128053476 801234567
128053647 801234567
128053764 801234567
128054367 801234567
128054673 801234567
128054736 801234567
128056374 801234567
128056437 801234567
128056743 801234567
128057346 801234567
128057463 801234567
128057634 801234567
128063457 801234567
128063574 801234567
128063745 801234567
128064375 801234567
128064537 801234567
128064753 801234567
128065347 801234567
128065473 801234567
128065734 801234567
128067354 801234567
128067435 801234567
128067543 801234567
128073465 801234567
128073546 801234567
128073654 801234567
128074356 801234567
128074563 801234567
128074635 801234567
128075364 801234567
128075436 801234567
128075643 801234567
128076345 801234567
128076453 801234567
128076534 801234567
128304567 801234567
128304675 801234567
128304756 801234567
128305476 801234567
128305647 801234567
128305764 801234567
128306457 801234567
128306574 801234567
128306745 801234567
128307465 801234567
128307546 801234567
128307654 801234567
128340576 801234567
128340657 801234567
128340765 801234567
128345067 801234567
128345670 801234567
128345706 801234567
128346075 801234567
128346507 801234567
128346750 801234567
128347056 801234567
128347560 801234567
128347605 801234567
128350467 801234567
128350674 801234567
128350746 801234567
128354076 801234567
128354607 801234567
128354760 801234567
128356047 801234567
128356470 801234567
128356704 801234567
128357064 801234567
128357406 801234567
128357640 801234567
128360475 801234567
128360547 801234567
128360754 801234567
128364057 801234567
128364570 801234567
128364705 801234567
128365074 801234567
128365407 801234567
128365740 801234567
128367045 801234567
128367450 801234567
128367504 801234567
128370456 801234567
128370564 801234567
