165482073 801234567
165482307 801234567
165482730 801234567
165483027 801234567
165483270 801234567
165483702 801234567
165487032 801234567
165487203 801234567
165487320 801234567
165702384 801234567
165702438 801234567
165702843 801234567
165703248 801234567
165703482 801234567
165703824 801234567
165704283 801234567
165704328 801234567
165704832 801234567
165708234 801234567
165708342 801234567
165708423 801234567
165720348 801234567
165720483 801234567
165720834 801234567
165723084 801234567
165723408 801234567
165723840 801234567
165724038 801234567
165724380 801234567
165724803 801234567
165728043 801234567
165728304 801234567
165728430 801234567
165730284 801234567
165730428 801234567
165730842 801234567
165732048 801234567
165732480 801234567
165732804 801234567
165734082 801234567
165734208 801234567
165734820 801234567
165738024 801234567
165738240 801234567
165738402 801234567
165740238 801234567
165740382 801234567
165740823 801234567
165742083 801234567
165742308 801234567
165742830 801234567
165743028 801234567
165743280 801234567
165743802 801234567
165748032 801234567
165748203 801234567
165748320 801234567
165780243 801234567
165780324 801234567
165780432 801234567
165782034 801234567
165782340 801234567
165782403 801234567
165783042 801234567
165783204 801234567
165783420 801234567
165784023 801234567
165784230 801234567
165784302 801234567
165802347 801234567
165802473 801234567
165802734 801234567
165803274 801234567
165803427 801234567
165803742 801234567
165804237 801234567
165804372 801234567
165804723 801234567
165807243 801234567
165807324 801234567
165807432 801234567
165820374 801234567
165820437 801234567
165820743 801234567
165823047 801234567
165823470 801234567
165823704 801234567
165824073 801234567
165824307 801234567
165824730 801234567
165827034 801234567
165827340 801234567
165827403 801234567
165830247 801234567
165830472 801234567
165830724 801234567
165832074 801234567
165832407 801234567
165832740 801234567
165834027 801234567
165834270 801234567
165834702 801234567
165837042 801234567
165837204 801234567
165837420 801234567
165840273 801234567
165840327 801234567
165840732 801234567
165842037 801234567
165842370 801234567
165842703 801234567
165843072 801234567
165843207 801234567
165843720 801234567
165847023 801234567
165847230 801234567
165847302 801234567
165870234 801234567
165870342 801234567
165870423 801234567
165872043 801234567
165872304 801234567
165872430 801234567
165873024 801234567
165873240 801234567
165873402 801234567
165874032 801234567
165874203 801234567
165874320 801234567
167023458 801234567
167023584 801234567
167023845 801234567
167024385 801234567
167024538 801234567
167024853 801234567
167025348 801234567
167025483 801234567
167025834 801234567
167028354 801234567
167028435 801234567
167028543 801234567
167032485 801234567
167032548 801234567
167032854 801234567
167034258 801234567
167034582 801234567
167034825 801234567
167035284 801234567
167035428 801234567
167035842 801234567
167038245 801234567
167038452 801234567
167038524 801234567
167042358 801234567
167042583 801234567
167042835 801234567
167043285 801234567
167043528 801234567
167043852 801234567
167045238 801234567
167045382 801234567
167045823 801234567
167048253 801234567
167048325 801234567
167048532 801234567
167052384 801234567
167052438 801234567
167052843 801234567
167053248 801234567
167053482 801234567
167053824 801234567
167054283 801234567
167054328 801234567
167054832 801234567
167058234 801234567
167058342 801234567
167058423 801234567
167082345 801234567
167082453 801234567
167082534 801234567
167083254 801234567
167083425 801234567
167083542 801234567
167084235 801234567
167084352 801234567
167084523 801234567
167085243 801234567
167085324 801234567
167085432 801234567
167203485 801234567
167203548 801234567
167203854 801234567
167204358 801234567
167204583 801234567
167204835 801234567
167205384 801234567
167205438 801234567
167205843 801234567
167208345 801234567
167208453 801234567
167208534 801234567
167230458 801234567
167230584 801234567
167230845 801234567
167234085 801234567
167234508 801234567
167234850 801234567
167235048 801234567
167235480 801234567
167235804 801234567
167238054 801234567
167238405 801234567
167238540 801234567
167240385 801234567
167240538 801234567
167240853 801234567
167243058 801234567
167243580 801234567
167243805 801234567
167245083 801234567
167245308 801234567
167245830 801234567
167248035 801234567
167248350 801234567
167248503 801234567
167250348 801234567
167250483 801234567
167250834 801234567
167253084 801234567
167253408 801234567
167253840 801234567
167254038 801234567
167254380 801234567
167254803 801234567
167258043 801234567
167258304 801234567
167258430 801234567
167280354 801234567
167280435 801234567
167280543 801234567
167283045 801234567
167283450 801234567
167283504 801234567
167284053 801234567
167284305 801234567
167284530 801234567
167285034 801234567
167285340 801234567
167285403 801234567
167302458 801234567
167302584 801234567
167302845 801234567
167304285 801234567
167304528 801234567
167304852 801234567
167305248 801234567
167305482 801234567
167305824 801234567
167308254 801234567
167308425 801234567
167308542 801234567
167320485 801234567
167320548 801234567
167320854 801234567
167324058 801234567
167324580 801234567
167324805 801234567
167325084 801234567
167325408 801234567
167325840 801234567
167328045 801234567
167328450 801234567
167328504 801234567
167340258 801234567
167340582 801234567
167340825 801234567
167342085 801234567
167342508 801234567
167342850 801234567
167345028 801234567
167345280 801234567
167345802 801234567
167348052 801234567
167348205 801234567
167348520 801234567
167350284 801234567
167350428 801234567
167350842 801234567
167352048 801234567
167352480 801234567
167352804 801234567
167354082 801234567
167354208 801234567
167354820 801234567
167358024 801234567
167358240 801234567
167358402 801234567
167380245 801234567
167380452 801234567
167380524 801234567
167382054 801234567
167382405 801234567
167382540 801234567
167384025 801234567
167384250 801234567
167384502 801234567
167385042 801234567
167385204 801234567
167385420 801234567
167402385 801234567
167402538 801234567
167402853 801234567
167403258 801234567
167403582 801234567
167403825 801234567
167405283 801234567
167405328 801234567
167405832 801234567
167408235 801234567
167408352 801234567
167408523 801234567
167420358 801234567
167420583 801234567
167420835 801234567
167423085 801234567
167423508 801234567
167423850 801234567
167425038 801234567
167425380 801234567
167425803 801234567
167428053 801234567
167428305 801234567
167428530 801234567
167430285 801234567
167430528 801234567
167430852 801234567
167432058 801234567
167432580 801234567
167432805 801234567
167435082 801234567
167435208 801234567
167435820 801234567
167438025 801234567
167438250 801234567
167438502 801234567
167450238 801234567
167450382 801234567
167450823 801234567
167452083 801234567
167452308 801234567
167452830 801234567
167453028 801234567
167453280 801234567
167453802 801234567
167458032 801234567
167458203 801234567
167458320 801234567
167480253 801234567
167480325 801234567
167480532 801234567
167482035 801234567
167482350 801234567
167482503 801234567
167483052 801234567
167483205 801234567
167483520 801234567
167485023 801234567
167485230 801234567
167485302 801234567
167502348 801234567
167502483 801234567
167502834 801234567
167503284 801234567
167503428 801234567
167503842 801234567
167504238 801234567
167504382 801234567
167504823 801234567
167508243 801234567
167508324 801234567
167508432 801234567
167520384 801234567
167520438 801234567
167520843 801234567
167523048 801234567
167523480 801234567
167523804 801234567
167524083 801234567
167524308 801234567
167524830 801234567
167528034 801234567
167528340 801234567
167528403 801234567
167530248 801234567
167530482 801234567
167530824 801234567
167532084 801234567
167532408 801234567
167532840 801234567
167534028 801234567
167534280 801234567
167534802 801234567
167538042 801234567
167538204 801234567
167538420 801234567
167540283 801234567
167540328 801234567
167540832 801234567
167542038 801234567
167542380 801234567
167542803 801234567
167543082 801234567
167543208 801234567
167543820 801234567
167548023 801234567
167548230 801234567
167548302 801234567
167580234 801234567
167580342 801234567
167580423 801234567
167582043 801234567
167582304 801234567
167582430 801234567
167583024 801234567
167583240 801234567
167583402 801234567
167584032 801234567
167584203 801234567
167584320 801234567
167802354 801234567
167802435 801234567
167802543 801234567
167803245 801234567
167803452 801234567
167803524 801234567
167804253 801234567
167804325 801234567
167804532 801234567
167805234 801234567
167805342 801234567
167805423 801234567
167820345 801234567
167820453 801234567
167820534 801234567
167823054 801234567
167823405 801234567
167823540 801234567
167824035 801234567
167824350 801234567
167824503 801234567
167825043 801234567
167825304 801234567
167825430 801234567
167830254 801234567
167830425 801234567
167830542 801234567
167832045 801234567
167832450 801234567
167832504 801234567
167834052 801234567
167834205 801234567
167834520 801234567
167835024 801234567
167835240 801234567
167835402 801234567
167840235 801234567
167840352 801234567
167840523 801234567
167842053 801234567
167842305 801234567
167842530 801234567
167843025 801234567
167843250 801234567
167843502 801234567
167845032 801234567
167845203 801234567
167845320 801234567
167850243 801234567
167850324 801234567
167850432 801234567
167852034 801234567
167852340 801234567
167852403 801234567
167853042 801234567
167853204 801234567
167853420 801234567
167854023 801234567
167854230 801234567
167854302 801234567
168023475 801234567
168023547 801234567
168023754 801234567
168024357 801234567
168024573 801234567
168024735 801234567
168025374 801234567
168025437 801234567
168025743 801234567
168027345 801234567
