074632158 801234567
074632581 801234567
074632815 801234567
074635182 801234567
074635218 801234567
074635821 801234567
074638125 801234567
074638251 801234567
074638512 801234567
074651238 801234567
074651382 801234567
074651823 801234567
074652183 801234567
074652318 801234567
074652831 801234567
074653128 801234567
074653281 801234567
074653812 801234567
074658132 801234567
074658213 801234567
074658321 801234567
074681253 801234567
074681325 801234567
074681532 801234567
074682135 801234567
074682351 801234567
074682513 801234567
074683152 801234567
074683215 801234567
074683521 801234567
074685123 801234567
074685231 801234567
074685312 801234567
074812356 801234567
074812563 801234567
074812635 801234567
074813265 801234567
074813526 801234567
074813652 801234567
074815236 801234567
074815362 801234567
074815623 801234567
074816253 801234567
074816325 801234567
074816532 801234567
074821365 801234567
074821536 801234567
074821653 801234567
074823156 801234567
074823561 801234567
074823615 801234567
074825163 801234567
074825316 801234567
074825631 801234567
074826135 801234567
074826351 801234567
074826513 801234567
074831256 801234567
074831562 801234567
074831625 801234567
074832165 801234567
074832516 801234567
074832651 801234567
074835126 801234567
074835261 801234567
074835612 801234567
074836152 801234567
074836215 801234567
074836521 801234567
074851263 801234567
074851326 801234567
074851632 801234567
074852136 801234567
074852361 801234567
074852613 801234567
074853162 801234567
074853216 801234567
074853621 801234567
074856123 801234567
074856231 801234567
074856312 801234567
074861235 801234567
074861352 801234567
074861523 801234567
074862153 801234567
074862315 801234567
074862531 801234567
074863125 801234567
074863251 801234567
074863512 801234567
074865132 801234567
074865213 801234567
074865321 801234567
075123468 801234567
075123684 801234567
075123846 801234567
075124386 801234567
075124638 801234567
075124863 801234567
075126348 801234567
075126483 801234567
075126834 801234567
075128364 801234567
075128436 801234567
075128643 801234567
075132486 801234567
075132648 801234567
075132864 801234567
075134268 801234567
075134682 801234567
075134826 801234567
075136284 801234567
075136428 801234567
075136842 801234567
075138246 801234567
075138462 801234567
075138624 801234567
075142368 801234567
075142683 801234567
075142836 801234567
075143286 801234567
075143628 801234567
075143862 801234567
075146238 801234567
075146382 801234567
075146823 801234567
075148263 801234567
075148326 801234567
075148632 801234567
075162384 801234567
075162438 801234567
075162843 801234567
075163248 801234567
075163482 801234567
075163824 801234567
075164283 801234567
075164328 801234567
075164832 801234567
075168234 801234567
075168342 801234567
075168423 801234567
075182346 801234567
075182463 801234567
075182634 801234567
075183264 801234567
075183426 801234567
075183642 801234567
075184236 801234567
075184362 801234567
075184623 801234567
075186243 801234567
075186324 801234567
075186432 801234567
075213486 801234567
075213648 801234567
075213864 801234567
075214368 801234567
075214683 801234567
075214836 801234567
075216384 801234567
075216438 801234567
075216843 801234567
075218346 801234567
075218463 801234567
075218634 801234567
075231468 801234567
075231684 801234567
075231846 801234567
075234186 801234567
075234618 801234567
075234861 801234567
075236148 801234567
075236481 801234567
075236814 801234567
075238164 801234567
075238416 801234567
075238641 801234567
075241386 801234567
075241638 801234567
075241863 801234567
075243168 801234567
075243681 801234567
075243816 801234567
075246183 801234567
075246318 801234567
075246831 801234567
075248136 801234567
075248361 801234567
075248613 801234567
075261348 801234567
075261483 801234567
075261834 801234567
075263184 801234567
075263418 801234567
075263841 801234567
075264138 801234567
075264381 801234567
075264813 801234567
075268143 801234567
075268314 801234567
075268431 801234567
075281364 801234567
075281436 801234567
075281643 801234567
075283146 801234567
075283461 801234567
075283614 801234567
075284163 801234567
075284316 801234567
075284631 801234567
075286134 801234567
075286341 801234567
075286413 801234567
075312468 801234567
075312684 801234567
075312846 801234567
075314286 801234567
075314628 801234567
075314862 801234567
075316248 801234567
075316482 801234567
075316824 801234567
075318264 801234567
075318426 801234567
075318642 801234567
075321486 801234567
075321648 801234567
075321864 801234567
075324168 801234567
075324681 801234567
075324816 801234567
075326184 801234567
075326418 801234567
075326841 801234567
075328146 801234567
075328461 801234567
075328614 801234567
075341268 801234567
075341682 801234567
075341826 801234567
075342186 801234567
075342618 801234567
075342861 801234567
075346128 801234567
075346281 801234567
075346812 801234567
075348162 801234567
075348216 801234567
075348621 801234567
075361284 801234567
075361428 801234567
075361842 801234567
075362148 801234567
075362481 801234567
075362814 801234567
075364182 801234567
075364218 801234567
075364821 801234567
075368124 801234567
075368241 801234567
075368412 801234567
075381246 801234567
075381462 801234567
075381624 801234567
075382164 801234567
075382416 801234567
075382641 801234567
075384126 801234567
075384261 801234567
075384612 801234567
075386142 801234567
075386214 801234567
075386421 801234567
075412386 801234567
075412638 801234567
075412863 801234567
075413268 801234567
075413682 801234567
075413826 801234567
075416283 801234567
075416328 801234567
075416832 801234567
075418236 801234567
075418362 801234567
075418623 801234567
075421368 801234567
075421683 801234567
075421836 801234567
075423186 801234567
075423618 801234567
075423861 801234567
075426138 801234567
075426381 801234567
075426813 801234567
075428163 801234567
075428316 801234567
075428631 801234567
075431286 801234567
075431628 801234567
075431862 801234567
075432168 801234567
075432681 801234567
075432816 801234567
075436182 801234567
075436218 801234567
075436821 801234567
075438126 801234567
075438261 801234567
075438612 801234567
075461238 801234567
075461382 801234567
075461823 801234567
075462183 801234567
075462318 801234567
075462831 801234567
075463128 801234567
075463281 801234567
075463812 801234567
075468132 801234567
075468213 801234567
075468321 801234567
075481263 801234567
075481326 801234567
075481632 801234567
075482136 801234567
075482361 801234567
075482613 801234567
075483162 801234567
075483216 801234567
075483621 801234567
075486123 801234567
075486231 801234567
075486312 801234567
075612348 801234567
075612483 801234567
075612834 801234567
075613284 801234567
075613428 801234567
075613842 801234567
075614238 801234567
075614382 801234567
075614823 801234567
075618243 801234567
075618324 801234567
075618432 801234567
075621384 801234567
075621438 801234567
075621843 801234567
075623148 801234567
075623481 801234567
075623814 801234567
075624183 801234567
075624318 801234567
075624831 801234567
075628134 801234567
075628341 801234567
075628413 801234567
075631248 801234567
075631482 801234567
075631824 801234567
075632184 801234567
075632418 801234567
075632841 801234567
075634128 801234567
075634281 801234567
075634812 801234567
075638142 801234567
075638214 801234567
075638421 801234567
075641283 801234567
075641328 801234567
075641832 801234567
075642138 801234567
075642381 801234567
075642813 801234567
075643182 801234567
075643218 801234567
075643821 801234567
075648123 801234567
075648231 801234567
075648312 801234567
075681234 801234567
075681342 801234567
075681423 801234567
075682143 801234567
075682314 801234567
075682431 801234567
075683124 801234567
075683241 801234567
075683412 801234567
075684132 801234567
075684213 801234567
075684321 801234567
075812364 801234567
075812436 801234567
075812643 801234567
075813246 801234567
075813462 801234567
075813624 801234567
075814263 801234567
075814326 801234567
075814632 801234567
075816234 801234567
075816342 801234567
075816423 801234567
075821346 801234567
075821463 801234567
075821634 801234567
075823164 801234567
075823416 801234567
075823641 801234567
075824136 801234567
075824361 801234567
075824613 801234567
075826143 801234567
075826314 801234567
075826431 801234567
075831264 801234567
075831426 801234567
075831642 801234567
075832146 801234567
075832461 801234567
075832614 801234567
075834162 801234567
075834216 801234567
075834621 801234567
075836124 801234567
075836241 801234567
075836412 801234567
075841236 801234567
075841362 801234567
075841623 801234567
075842163 801234567
075842316 801234567
075842631 801234567
075843126 801234567
075843261 801234567
075843612 801234567
075846132 801234567
075846213 801234567
075846321 801234567
075861243 801234567
075861324 801234567
075861432 801234567
075862134 801234567
075862341 801234567
075862413 801234567
075863142 801234567
075863214 801234567
075863421 801234567
075864123 801234567
075864231 801234567
075864312 801234567
076123485 801234567
076123548 801234567
076123854 801234567
076124358 801234567
076124583 801234567
076124835 801234567
076125384 801234567
076125438 801234567
076125843 801234567
076128345 801234567
076128453 801234567
076128534 801234567
076132458 801234567
076132584 801234567
076132845 801234567
076134285 801234567
076134528 801234567
076134852 801234567
076135248 801234567
076135482 801234567
076135824 801234567
076138254 801234567
076138425 801234567
076138542 801234567
076142385 801234567
076142538 801234567
076142853 801234567
076143258 801234567
076143582 801234567
076143825 801234567
076145283 801234567
076145328 801234567
076145832 801234567
076148235 801234567
076148352 801234567
076148523 801234567
076152348 801234567
076152483 801234567
076152834 801234567
076153284 801234567
076153428 801234567
076153842 801234567
076154238 801234567
076154382 801234567
076154823 801234567
076158243 801234567
