125630478 801234567
125630784 801234567
125630847 801234567
125634087 801234567
125634708 801234567
125634870 801234567
125637048 801234567
125637480 801234567
125637804 801234567
125638074 801234567
125638407 801234567
125638740 801234567
125640387 801234567
125640738 801234567
125640873 801234567
125643078 801234567
125643780 801234567
125643807 801234567
125647083 801234567
125647308 801234567
125647830 801234567
125648037 801234567
125648370 801234567
125648703 801234567
125670348 801234567
125670483 801234567
125670834 801234567
125673084 801234567
125673408 801234567
125673840 801234567
125674038 801234567
125674380 801234567
125674803 801234567
125678043 801234567
125678304 801234567
125678430 801234567
125680374 801234567
125680437 801234567
125680743 801234567
125683047 801234567
125683470 801234567
125683704 801234567
125684073 801234567
125684307 801234567
125684730 801234567
125687034 801234567
125687340 801234567
125687403 801234567
125703468 801234567
125703684 801234567
125703846 801234567
125704386 801234567
125704638 801234567
125704863 801234567
125706348 801234567
125706483 801234567
125706834 801234567
125708364 801234567
125708436 801234567
125708643 801234567
125730486 801234567
125730648 801234567
125730864 801234567
125734068 801234567
125734680 801234567
125734806 801234567
125736084 801234567
125736408 801234567
125736840 801234567
125738046 801234567
125738460 801234567
125738604 801234567
125740368 801234567
125740683 801234567
125740836 801234567
125743086 801234567
125743608 801234567
125743860 801234567
125746038 801234567
125746380 801234567
125746803 801234567
125748063 801234567
125748306 801234567
125748630 801234567
125760384 801234567
125760438 801234567
125760843 801234567
125763048 801234567
125763480 801234567
125763804 801234567
125764083 801234567
125764308 801234567
125764830 801234567
125768034 801234567
125768340 801234567
125768403 801234567
125780346 801234567
125780463 801234567
125780634 801234567
125783064 801234567
125783406 801234567
125783640 801234567
125784036 801234567
125784360 801234567
125784603 801234567
125786043 801234567
125786304 801234567
125786430 801234567
125803476 801234567
125803647 801234567
125803764 801234567
125804367 801234567
125804673 801234567
125804736 801234567
125806374 801234567
125806437 801234567
125806743 801234567
125807346 801234567
125807463 801234567
125807634 801234567
125830467 801234567
125830674 801234567
125830746 801234567
125834076 801234567
125834607 801234567
125834760 801234567
125836047 801234567
125836470 801234567
125836704 801234567
125837064 801234567
125837406 801234567
125837640 801234567
125840376 801234567
125840637 801234567
125840763 801234567
125843067 801234567
125843670 801234567
125843706 801234567
125846073 801234567
125846307 801234567
125846730 801234567
125847036 801234567
125847360 801234567
125847603 801234567
125860347 801234567
125860473 801234567
125860734 801234567
125863074 801234567
125863407 801234567
125863740 801234567
125864037 801234567
125864370 801234567
125864703 801234567
125867043 801234567
125867304 801234567
125867430 801234567
125870364 801234567
125870436 801234567
125870643 801234567
125873046 801234567
125873460 801234567
125873604 801234567
125874063 801234567
125874306 801234567
125874630 801234567
125876034 801234567
125876340 801234567
125876403 801234567
126034587 801234567
126034758 801234567
126034875 801234567
126035478 801234567
126035784 801234567
126035847 801234567
126037485 801234567
126037548 801234567
126037854 801234567
126038457 801234567
126038574 801234567
126038745 801234567
126043578 801234567
126043785 801234567
126043857 801234567
126045387 801234567
126045738 801234567
126045873 801234567
126047358 801234567
126047583 801234567
126047835 801234567
126048375 801234567
126048537 801234567
126048753 801234567
126053487 801234567
126053748 801234567
126053874 801234567
126054378 801234567
126054783 801234567
126054837 801234567
126057384 801234567
126057438 801234567
126057843 801234567
126058347 801234567
126058473 801234567
126058734 801234567
126073458 801234567
126073584 801234567
126073845 801234567
126074385 801234567
126074538 801234567
126074853 801234567
126075348 801234567
126075483 801234567
126075834 801234567
126078354 801234567
126078435 801234567
126078543 801234567
126083475 801234567
126083547 801234567
126083754 801234567
126084357 801234567
126084573 801234567
126084735 801234567
126085374 801234567
126085437 801234567
126085743 801234567
126087345 801234567
126087453 801234567
126087534 801234567
126304578 801234567
126304785 801234567
126304857 801234567
126305487 801234567
126305748 801234567
126305874 801234567
126307458 801234567
126307584 801234567
126307845 801234567
126308475 801234567
126308547 801234567
126308754 801234567
126340587 801234567
126340758 801234567
126340875 801234567
126345078 801234567
126345780 801234567
126345807 801234567
126347085 801234567
126347508 801234567
126347850 801234567
126348057 801234567
126348570 801234567
126348705 801234567
126350478 801234567
126350784 801234567
126350847 801234567
126354087 801234567
126354708 801234567
126354870 801234567
126357048 801234567
126357480 801234567
126357804 801234567
126358074 801234567
126358407 801234567
126358740 801234567
126370485 801234567
126370548 801234567
126370854 801234567
126374058 801234567
126374580 801234567
126374805 801234567
126375084 801234567
126375408 801234567
126375840 801234567
126378045 801234567
126378450 801234567
126378504 801234567
126380457 801234567
126380574 801234567
126380745 801234567
126384075 801234567
126384507 801234567
126384750 801234567
126385047 801234567
126385470 801234567
126385704 801234567
126387054 801234567
126387405 801234567
126387540 801234567
126403587 801234567
126403758 801234567
126403875 801234567
126405378 801234567
126405783 801234567
126405837 801234567
126407385 801234567
126407538 801234567
126407853 801234567
126408357 801234567
126408573 801234567
126408735 801234567
126430578 801234567
126430785 801234567
126430857 801234567
126435087 801234567
126435708 801234567
126435870 801234567
126437058 801234567
126437580 801234567
126437805 801234567
126438075 801234567
126438507 801234567
126438750 801234567
126450387 801234567
126450738 801234567
126450873 801234567
126453078 801234567
126453780 801234567
126453807 801234567
126457083 801234567
126457308 801234567
126457830 801234567
126458037 801234567
126458370 801234567
126458703 801234567
126470358 801234567
126470583 801234567
126470835 801234567
126473085 801234567
126473508 801234567
126473850 801234567
126475038 801234567
126475380 801234567
126475803 801234567
126478053 801234567
126478305 801234567
126478530 801234567
126480375 801234567
126480537 801234567
126480753 801234567
126483057 801234567
126483570 801234567
126483705 801234567
126485073 801234567
126485307 801234567
126485730 801234567
126487035 801234567
126487350 801234567
126487503 801234567
126503478 801234567
126503784 801234567
126503847 801234567
126504387 801234567
126504738 801234567
126504873 801234567
126507348 801234567
126507483 801234567
126507834 801234567
126508374 801234567
126508437 801234567
126508743 801234567
126530487 801234567
126530748 801234567
126530874 801234567
126534078 801234567
126534780 801234567
126534807 801234567
126537084 801234567
126537408 801234567
126537840 801234567
126538047 801234567
126538470 801234567
126538704 801234567
126540378 801234567
126540783 801234567
126540837 801234567
126543087 801234567
126543708 801234567
126543870 801234567
126547038 801234567
126547380 801234567
126547803 801234567
126548073 801234567
126548307 801234567
126548730 801234567
126570384 801234567
126570438 801234567
126570843 801234567
126573048 801234567
126573480 801234567
126573804 801234567
126574083 801234567
126574308 801234567
126574830 801234567
126578034 801234567
126578340 801234567
126578403 801234567
126580347 801234567
126580473 801234567
126580734 801234567
126583074 801234567
126583407 801234567
126583740 801234567
126584037 801234567
126584370 801234567
126584703 801234567
126587043 801234567
126587304 801234567
126587430 801234567
126703485 801234567
126703548 801234567
126703854 801234567
126704358 801234567
126704583 801234567
126704835 801234567
126705384 801234567
126705438 801234567
126705843 801234567
126708345 801234567
126708453 801234567
126708534 801234567
126730458 801234567
126730584 801234567
126730845 801234567
126734085 801234567
126734508 801234567
126734850 801234567
126735048 801234567
126735480 801234567
126735804 801234567
126738054 801234567
126738405 801234567
126738540 801234567
126740385 801234567
126740538 801234567
126740853 801234567
126743058 801234567
126743580 801234567
126743805 801234567
126745083 801234567
126745308 801234567
126745830 801234567
126748035 801234567
126748350 801234567
126748503 801234567
126750348 801234567
126750483 801234567
126750834 801234567
126753084 801234567
126753408 801234567
126753840 801234567
126754038 801234567
126754380 801234567
126754803 801234567
126758043 801234567
126758304 801234567
126758430 801234567
126780354 801234567
126780435 801234567
126780543 801234567
126783045 801234567
126783450 801234567
126783504 801234567
126784053 801234567
126784305 801234567
126784530 801234567
126785034 801234567
126785340 801234567
126785403 801234567
126803457 801234567
126803574 801234567
126803745 801234567
126804375 801234567
126804537 801234567
126804753 801234567
126805347 801234567
126805473 801234567
126805734 801234567
126807354 801234567
126807435 801234567
126807543 801234567
126830475 801234567
126830547 801234567
126830754 801234567
126834057 801234567
126834570 801234567
126834705 801234567
126835074 801234567
126835407 801234567
126835740 801234567
126837045 801234567
126837450 801234567
126837504 801234567
126840357 801234567
126840573 801234567
126840735 801234567
126843075 801234567
126843507 801234567
126843750 801234567
126845037 801234567
