650382471 801234567
650382714 801234567
650384172 801234567
650384217 801234567
650384721 801234567
650387124 801234567
650387241 801234567
650387412 801234567
650412378 801234567
650412783 801234567
650412837 801234567
650413287 801234567
650413728 801234567
650413872 801234567
650417238 801234567
650417382 801234567
650417823 801234567
650418273 801234567
650418327 801234567
650418732 801234567
650421387 801234567
650421738 801234567
650421873 801234567
650423178 801234567
650423781 801234567
650423817 801234567
650427183 801234567
650427318 801234567
650427831 801234567
650428137 801234567
650428371 801234567
650428713 801234567
650431278 801234567
650431782 801234567
650431827 801234567
650432187 801234567
650432718 801234567
650432871 801234567
650437128 801234567
650437281 801234567
650437812 801234567
650438172 801234567
650438217 801234567
650438721 801234567
650471283 801234567
650471328 801234567
650471832 801234567
650472138 801234567
650472381 801234567
650472813 801234567
650473182 801234567
650473218 801234567
650473821 801234567
650478123 801234567
650478231 801234567
650478312 801234567
650481237 801234567
650481372 801234567
650481723 801234567
650482173 801234567
650482317 801234567
650482731 801234567
650483127 801234567
650483271 801234567
650483712 801234567
650487132 801234567
650487213 801234567
650487321 801234567
650712384 801234567
650712438 801234567
650712843 801234567
650713248 801234567
650713482 801234567
650713824 801234567
650714283 801234567
650714328 801234567
650714832 801234567
650718234 801234567
650718342 801234567
650718423 801234567
650721348 801234567
650721483 801234567
650721834 801234567
650723184 801234567
650723418 801234567
650723841 801234567
650724138 801234567
650724381 801234567
650724813 801234567
650728143 801234567
650728314 801234567
650728431 801234567
650731284 801234567
650731428 801234567
650731842 801234567
650732148 801234567
650732481 801234567
650732814 801234567
650734182 801234567
650734218 801234567
650734821 801234567
650738124 801234567
650738241 801234567
650738412 801234567
650741238 801234567
650741382 801234567
650741823 801234567
650742183 801234567
650742318 801234567
650742831 801234567
650743128 801234567
650743281 801234567
650743812 801234567
650748132 801234567
650748213 801234567
650748321 801234567
650781243 801234567
650781324 801234567
650781432 801234567
650782134 801234567
650782341 801234567
650782413 801234567
650783142 801234567
650783214 801234567
650783421 801234567
650784123 801234567
650784231 801234567
650784312 801234567
650812347 801234567
650812473 801234567
650812734 801234567
650813274 801234567
650813427 801234567
650813742 801234567
650814237 801234567
650814372 801234567
650814723 801234567
650817243 801234567
650817324 801234567
650817432 801234567
650821374 801234567
650821437 801234567
650821743 801234567
650823147 801234567
650823471 801234567
650823714 801234567
650824173 801234567
650824317 801234567
650824731 801234567
650827134 801234567
650827341 801234567
650827413 801234567
650831247 801234567
650831472 801234567
650831724 801234567
650832174 801234567
650832417 801234567
650832741 801234567
650834127 801234567
650834271 801234567
650834712 801234567
650837142 801234567
650837214 801234567
650837421 801234567
650841273 801234567
650841327 801234567
650841732 801234567
650842137 801234567
650842371 801234567
650842713 801234567
650843172 801234567
650843217 801234567
650843721 801234567
650847123 801234567
650847231 801234567
650847312 801234567
650871234 801234567
650871342 801234567
650871423 801234567
650872143 801234567
650872314 801234567
650872431 801234567
650873124 801234567
650873241 801234567
650873412 801234567
650874132 801234567
650874213 801234567
650874321 801234567
651023478 801234567
651023784 801234567
651023847 801234567
651024387 801234567
651024738 801234567
651024873 801234567
651027348 801234567
651027483 801234567
651027834 801234567
651028374 801234567
651028437 801234567
651028743 801234567
651032487 801234567
651032748 801234567
651032874 801234567
651034278 801234567
651034782 801234567
651034827 801234567
651037284 801234567
651037428 801234567
651037842 801234567
651038247 801234567
651038472 801234567
651038724 801234567
651042378 801234567
651042783 801234567
651042837 801234567
651043287 801234567
651043728 801234567
651043872 801234567
651047238 801234567
651047382 801234567
651047823 801234567
651048273 801234567
651048327 801234567
651048732 801234567
651072384 801234567
651072438 801234567
651072843 801234567
651073248 801234567
651073482 801234567
651073824 801234567
651074283 801234567
651074328 801234567
651074832 801234567
651078234 801234567
651078342 801234567
651078423 801234567
651082347 801234567
651082473 801234567
651082734 801234567
651083274 801234567
651083427 801234567
651083742 801234567
651084237 801234567
651084372 801234567
651084723 801234567
651087243 801234567
651087324 801234567
651087432 801234567
651203487 801234567
651203748 801234567
651203874 801234567
651204378 801234567
651204783 801234567
651204837 801234567
651207384 801234567
651207438 801234567
651207843 801234567
651208347 801234567
651208473 801234567
651208734 801234567
651230478 801234567
651230784 801234567
651230847 801234567
651234087 801234567
651234708 801234567
651234870 801234567
651237048 801234567
651237480 801234567
651237804 801234567
651238074 801234567
651238407 801234567
651238740 801234567
651240387 801234567
651240738 801234567
651240873 801234567
651243078 801234567
651243780 801234567
651243807 801234567
651247083 801234567
651247308 801234567
651247830 801234567
651248037 801234567
651248370 801234567
651248703 801234567
651270348 801234567
651270483 801234567
651270834 801234567
651273084 801234567
651273408 801234567
651273840 801234567
651274038 801234567
651274380 801234567
651274803 801234567
651278043 801234567
651278304 801234567
651278430 801234567
651280374 801234567
651280437 801234567
651280743 801234567
651283047 801234567
651283470 801234567
651283704 801234567
651284073 801234567
651284307 801234567
651284730 801234567
651287034 801234567
651287340 801234567
651287403 801234567
651302478 801234567
651302784 801234567
651302847 801234567
651304287 801234567
651304728 801234567
651304872 801234567
651307248 801234567
651307482 801234567
651307824 801234567
651308274 801234567
651308427 801234567
651308742 801234567
651320487 801234567
651320748 801234567
651320874 801234567
651324078 801234567
651324780 801234567
651324807 801234567
651327084 801234567
651327408 801234567
651327840 801234567
651328047 801234567
651328470 801234567
651328704 801234567
651340278 801234567
651340782 801234567
651340827 801234567
651342087 801234567
651342708 801234567
651342870 801234567
651347028 801234567
651347280 801234567
651347802 801234567
651348072 801234567
651348207 801234567
651348720 801234567
651370284 801234567
651370428 801234567
651370842 801234567
651372048 801234567
651372480 801234567
651372804 801234567
651374082 801234567
651374208 801234567
651374820 801234567
651378024 801234567
651378240 801234567
651378402 801234567
651380247 801234567
651380472 801234567
651380724 801234567
651382074 801234567
651382407 801234567
651382740 801234567
651384027 801234567
651384270 801234567
651384702 801234567
651387042 801234567
651387204 801234567
651387420 801234567
651402387 801234567
651402738 801234567
651402873 801234567
651403278 801234567
651403782 801234567
651403827 801234567
651407283 801234567
651407328 801234567
651407832 801234567
651408237 801234567
651408372 801234567
651408723 801234567
651420378 801234567
651420783 801234567
651420837 801234567
651423087 801234567
651423708 801234567
651423870 801234567
651427038 801234567
651427380 801234567
651427803 801234567
651428073 801234567
651428307 801234567
651428730 801234567
651430287 801234567
651430728 801234567
651430872 801234567
651432078 801234567
651432780 801234567
651432807 801234567
651437082 801234567
651437208 801234567
651437820 801234567
651438027 801234567
651438270 801234567
651438702 801234567
651470238 801234567
651470382 801234567
651470823 801234567
651472083 801234567
651472308 801234567
651472830 801234567
651473028 801234567
651473280 801234567
651473802 801234567
651478032 801234567
651478203 801234567
651478320 801234567
651480273 801234567
651480327 801234567
651480732 801234567
651482037 801234567
651482370 801234567
651482703 801234567
651483072 801234567
651483207 801234567
651483720 801234567
651487023 801234567
651487230 801234567
651487302 801234567
651702348 801234567
651702483 801234567
651702834 801234567
651703284 801234567
651703428 801234567
651703842 801234567
651704238 801234567
651704382 801234567
651704823 801234567
651708243 801234567
651708324 801234567
651708432 801234567
651720384 801234567
651720438 801234567
651720843 801234567
651723048 801234567
651723480 801234567
651723804 801234567
651724083 801234567
651724308 801234567
651724830 801234567
651728034 801234567
651728340 801234567
651728403 801234567
651730248 801234567
651730482 801234567
651730824 801234567
651732084 801234567
651732408 801234567
651732840 801234567
651734028 801234567
651734280 801234567
651734802 801234567
651738042 801234567
651738204 801234567
651738420 801234567
651740283 801234567
651740328 801234567
651740832 801234567
651742038 801234567
651742380 801234567
651742803 801234567
651743082 801234567
651743208 801234567
651743820 801234567
651748023 801234567
651748230 801234567
651748302 801234567
651780234 801234567
651780342 801234567
651780423 801234567
651782043 801234567
651782304 801234567
651782430 801234567
651783024 801234567
651783240 801234567
651783402 801234567
651784032 801234567
651784203 801234567
651784320 801234567
651802374 801234567
651802437 801234567
651802743 801234567
651803247 801234567
651803472 801234567
651803724 801234567
651804273 801234567
651804327 801234567
651804732 801234567
651807234 801234567
651807342 801234567
