253760418 801234567
253760841 801234567
253761048 801234567
253761480 801234567
253761804 801234567
253764081 801234567
253764108 801234567
253764810 801234567
253768014 801234567
253768140 801234567
253768401 801234567
253780146 801234567
253780461 801234567
253780614 801234567
253781064 801234567
253781406 801234567
253781640 801234567
253784016 801234567
253784160 801234567
253784601 801234567
253786041 801234567
253786104 801234567
253786410 801234567
253801476 801234567
253801647 801234567
253801764 801234567
253804167 801234567
253804671 801234567
253804716 801234567
253806174 801234567
253806417 801234567
253806741 801234567
253807146 801234567
253807461 801234567
253807614 801234567
253810467 801234567
253810674 801234567
253810746 801234567
253814076 801234567
253814607 801234567
253814760 801234567
253816047 801234567
253816470 801234567
253816704 801234567
253817064 801234567
253817406 801234567
253817640 801234567
253840176 801234567
253840617 801234567
253840761 801234567
253841067 801234567
253841670 801234567
253841706 801234567
253846071 801234567
253846107 801234567
253846710 801234567
253847016 801234567
253847160 801234567
253847601 801234567
253860147 801234567
253860471 801234567
253860714 801234567
253861074 801234567
253861407 801234567
253861740 801234567
253864017 801234567
253864170 801234567
253864701 801234567
253867041 801234567
253867104 801234567
253867410 801234567
253870164 801234567
253870416 801234567
253870641 801234567
253871046 801234567
253871460 801234567
253871604 801234567
253874061 801234567
253874106 801234567
253874610 801234567
253876014 801234567
253876140 801234567
253876401 801234567
254013687 801234567
254013768 801234567
254013876 801234567
254016378 801234567
254016783 801234567
254016837 801234567
254017386 801234567
254017638 801234567
254017863 801234567
254018367 801234567
254018673 801234567
254018736 801234567
254031678 801234567
254031786 801234567
254031867 801234567
254036187 801234567
254036718 801234567
254036871 801234567
254037168 801234567
254037681 801234567
254037816 801234567
254038176 801234567
254038617 801234567
254038761 801234567
254061387 801234567
254061738 801234567
254061873 801234567
254063178 801234567
254063781 801234567
254063817 801234567
254067183 801234567
254067318 801234567
254067831 801234567
254068137 801234567
254068371 801234567
254068713 801234567
254071368 801234567
254071683 801234567
254071836 801234567
254073186 801234567
254073618 801234567
254073861 801234567
254076138 801234567
254076381 801234567
254076813 801234567
254078163 801234567
254078316 801234567
254078631 801234567
254081376 801234567
254081637 801234567
254081763 801234567
254083167 801234567
254083671 801234567
254083716 801234567
254086173 801234567
254086317 801234567
254086731 801234567
254087136 801234567
254087361 801234567
254087613 801234567
254103678 801234567
254103786 801234567
254103867 801234567
254106387 801234567
254106738 801234567
254106873 801234567
254107368 801234567
254107683 801234567
254107836 801234567
254108376 801234567
254108637 801234567
254108763 801234567
254130687 801234567
254130768 801234567
254130876 801234567
254136078 801234567
254136780 801234567
254136807 801234567
254137086 801234567
254137608 801234567
254137860 801234567
254138067 801234567
254138670 801234567
254138706 801234567
254160378 801234567
254160783 801234567
254160837 801234567
254163087 801234567
254163708 801234567
254163870 801234567
254167038 801234567
254167380 801234567
254167803 801234567
254168073 801234567
254168307 801234567
254168730 801234567
254170386 801234567
254170638 801234567
254170863 801234567
254173068 801234567
254173680 801234567
254173806 801234567
254176083 801234567
254176308 801234567
254176830 801234567
254178036 801234567
254178360 801234567
254178603 801234567
254180367 801234567
254180673 801234567
254180736 801234567
254183076 801234567
254183607 801234567
254183760 801234567
254186037 801234567
254186370 801234567
254186703 801234567
254187063 801234567
254187306 801234567
254187630 801234567
254301687 801234567
254301768 801234567
254301876 801234567
254306178 801234567
254306781 801234567
254306817 801234567
254307186 801234567
254307618 801234567
254307861 801234567
254308167 801234567
254308671 801234567
254308716 801234567
254310678 801234567
254310786 801234567
254310867 801234567
254316087 801234567
254316708 801234567
254316870 801234567
254317068 801234567
254317680 801234567
254317806 801234567
254318076 801234567
254318607 801234567
254318760 801234567
254360187 801234567
254360718 801234567
254360871 801234567
254361078 801234567
254361780 801234567
254361807 801234567
254367081 801234567
254367108 801234567
254367810 801234567
254368017 801234567
254368170 801234567
254368701 801234567
254370168 801234567
254370681 801234567
254370816 801234567
254371086 801234567
254371608 801234567
254371860 801234567
254376018 801234567
254376180 801234567
254376801 801234567
254378061 801234567
254378106 801234567
254378610 801234567
254380176 801234567
254380617 801234567
254380761 801234567
254381067 801234567
254381670 801234567
254381706 801234567
254386071 801234567
254386107 801234567
254386710 801234567
254387016 801234567
254387160 801234567
254387601 801234567
254601378 801234567
254601783 801234567
254601837 801234567
254603187 801234567
254603718 801234567
254603871 801234567
254607138 801234567
254607381 801234567
254607813 801234567
254608173 801234567
254608317 801234567
254608731 801234567
254610387 801234567
254610738 801234567
254610873 801234567
254613078 801234567
254613780 801234567
254613807 801234567
254617083 801234567
254617308 801234567
254617830 801234567
254618037 801234567
254618370 801234567
254618703 801234567
254630178 801234567
254630781 801234567
254630817 801234567
254631087 801234567
254631708 801234567
254631870 801234567
254637018 801234567
254637180 801234567
254637801 801234567
254638071 801234567
254638107 801234567
254638710 801234567
254670183 801234567
254670318 801234567
254670831 801234567
254671038 801234567
254671380 801234567
254671803 801234567
254673081 801234567
254673108 801234567
254673810 801234567
254678013 801234567
254678130 801234567
254678301 801234567
254680137 801234567
254680371 801234567
254680713 801234567
254681073 801234567
254681307 801234567
254681730 801234567
254683017 801234567
254683170 801234567
254683701 801234567
254687031 801234567
254687103 801234567
254687310 801234567
254701386 801234567
254701638 801234567
254701863 801234567
254703168 801234567
254703681 801234567
254703816 801234567
254706183 801234567
254706318 801234567
254706831 801234567
254708136 801234567
254708361 801234567
254708613 801234567
254710368 801234567
254710683 801234567
254710836 801234567
254713086 801234567
254713608 801234567
254713860 801234567
254716038 801234567
254716380 801234567
254716803 801234567
254718063 801234567
254718306 801234567
254718630 801234567
254730186 801234567
254730618 801234567
254730861 801234567
254731068 801234567
254731680 801234567
254731806 801234567
254736081 801234567
254736108 801234567
254736810 801234567
254738016 801234567
254738160 801234567
254738601 801234567
254760138 801234567
254760381 801234567
254760813 801234567
254761083 801234567
254761308 801234567
254761830 801234567
254763018 801234567
254763180 801234567
254763801 801234567
254768031 801234567
254768103 801234567
254768310 801234567
254780163 801234567
254780316 801234567
254780631 801234567
254781036 801234567
254781360 801234567
254781603 801234567
254783061 801234567
254783106 801234567
254783610 801234567
254786013 801234567
254786130 801234567
254786301 801234567
254801367 801234567
254801673 801234567
254801736 801234567
254803176 801234567
254803617 801234567
254803761 801234567
254806137 801234567
254806371 801234567
254806713 801234567
254807163 801234567
254807316 801234567
254807631 801234567
254810376 801234567
254810637 801234567
254810763 801234567
254813067 801234567
254813670 801234567
254813706 801234567
254816073 801234567
254816307 801234567
254816730 801234567
254817036 801234567
254817360 801234567
254817603 801234567
254830167 801234567
254830671 801234567
254830716 801234567
254831076 801234567
254831607 801234567
254831760 801234567
254836017 801234567
254836170 801234567
254836701 801234567
254837061 801234567
254837106 801234567
254837610 801234567
254860173 801234567
254860317 801234567
254860731 801234567
254861037 801234567
254861370 801234567
254861703 801234567
254863071 801234567
254863107 801234567
254863710 801234567
254867013 801234567
254867130 801234567
254867301 801234567
254870136 801234567
254870361 801234567
254870613 801234567
254871063 801234567
254871306 801234567
254871630 801234567
254873016 801234567
254873160 801234567
254873601 801234567
254876031 801234567
254876103 801234567
254876310 801234567
256013478 801234567
256013784 801234567
256013847 801234567
256014387 801234567
256014738 801234567
256014873 801234567
256017348 801234567
256017483 801234567
256017834 801234567
256018374 801234567
256018437 801234567
256018743 801234567
256031487 801234567
256031748 801234567
256031874 801234567
256034178 801234567
256034781 801234567
256034817 801234567
256037184 801234567
256037418 801234567
256037841 801234567
256038147 801234567
256038471 801234567
256038714 801234567
256041378 801234567
256041783 801234567
256041837 801234567
256043187 801234567
256043718 801234567
256043871 801234567
256047138 801234567
256047381 801234567
256047813 801234567
256048173 801234567
256048317 801234567
256048731 801234567
256071384 801234567
256071438 801234567
256071843 801234567
256073148 801234567
256073481 801234567
256073814 801234567
256074183 801234567
256074318 801234567
256074831 801234567
256078134 801234567
256078341 801234567
256078413 801234567
256081347 801234567
256081473 801234567
256081734 801234567
256083174 801234567
256083417 801234567
256083741 801234567
256084137 801234567
256084371 801234567
