276340518 801234567
276340851 801234567
276341058 801234567
276341580 801234567
276341805 801234567
276345081 801234567
276345108 801234567
276345810 801234567
276348015 801234567
276348150 801234567
276348501 801234567
276350148 801234567
276350481 801234567
276350814 801234567
276351084 801234567
276351408 801234567
276351840 801234567
276354018 801234567
276354180 801234567
276354801 801234567
276358041 801234567
276358104 801234567
276358410 801234567
276380154 801234567
276380415 801234567
276380541 801234567
276381045 801234567
276381450 801234567
276381504 801234567
276384051 801234567
276384105 801234567
276384510 801234567
276385014 801234567
276385140 801234567
276385401 801234567
276401358 801234567
276401583 801234567
276401835 801234567
276403185 801234567
276403518 801234567
276403851 801234567
276405138 801234567
276405381 801234567
276405813 801234567
276408153 801234567
276408315 801234567
276408531 801234567
276410385 801234567
276410538 801234567
276410853 801234567
276413058 801234567
276413580 801234567
276413805 801234567
276415083 801234567
276415308 801234567
276415830 801234567
276418035 801234567
276418350 801234567
276418503 801234567
276430158 801234567
276430581 801234567
276430815 801234567
276431085 801234567
276431508 801234567
276431850 801234567
276435018 801234567
276435180 801234567
276435801 801234567
276438051 801234567
276438105 801234567
276438510 801234567
276450183 801234567
276450318 801234567
276450831 801234567
276451038 801234567
276451380 801234567
276451803 801234567
276453081 801234567
276453108 801234567
276453810 801234567
276458013 801234567
276458130 801234567
276458301 801234567
276480135 801234567
276480351 801234567
276480513 801234567
276481053 801234567
276481305 801234567
276481530 801234567
276483015 801234567
276483150 801234567
276483501 801234567
276485031 801234567
276485103 801234567
276485310 801234567
276501384 801234567
276501438 801234567
276501843 801234567
276503148 801234567
276503481 801234567
276503814 801234567
276504183 801234567
276504318 801234567
276504831 801234567
276508134 801234567
276508341 801234567
276508413 801234567
276510348 801234567
276510483 801234567
276510834 801234567
276513084 801234567
276513408 801234567
276513840 801234567
276514038 801234567
276514380 801234567
276514803 801234567
276518043 801234567
276518304 801234567
276518430 801234567
276530184 801234567
276530418 801234567
276530841 801234567
276531048 801234567
276531480 801234567
276531804 801234567
276534081 801234567
276534108 801234567
276534810 801234567
276538014 801234567
276538140 801234567
276538401 801234567
276540138 801234567
276540381 801234567
276540813 801234567
276541083 801234567
276541308 801234567
276541830 801234567
276543018 801234567
276543180 801234567
276543801 801234567
276548031 801234567
276548103 801234567
276548310 801234567
276580143 801234567
276580314 801234567
276580431 801234567
276581034 801234567
276581340 801234567
276581403 801234567
276583041 801234567
276583104 801234567
276583410 801234567
276584013 801234567
276584130 801234567
276584301 801234567
276801345 801234567
276801453 801234567
276801534 801234567
276803154 801234567
276803415 801234567
276803541 801234567
276804135 801234567
276804351 801234567
276804513 801234567
276805143 801234567
276805314 801234567
276805431 801234567
276810354 801234567
276810435 801234567
276810543 801234567
276813045 801234567
276813450 801234567
276813504 801234567
276814053 801234567
276814305 801234567
276814530 801234567
276815034 801234567
276815340 801234567
276815403 801234567
276830145 801234567
276830451 801234567
276830514 801234567
276831054 801234567
276831405 801234567
276831540 801234567
276834015 801234567
276834150 801234567
276834501 801234567
276835041 801234567
276835104 801234567
276835410 801234567
276840153 801234567
276840315 801234567
276840531 801234567
276841035 801234567
276841350 801234567
276841503 801234567
276843051 801234567
276843105 801234567
276843510 801234567
276845013 801234567
276845130 801234567
276845301 801234567
276850134 801234567
276850341 801234567
276850413 801234567
276851043 801234567
276851304 801234567
276851430 801234567
276853014 801234567
276853140 801234567
276853401 801234567
276854031 801234567
276854103 801234567
276854310 801234567
278013456 801234567
278013564 801234567
278013645 801234567
278014365 801234567
278014536 801234567
278014653 801234567
278015346 801234567
278015463 801234567
278015634 801234567
278016354 801234567
278016435 801234567
278016543 801234567
278031465 801234567
278031546 801234567
278031654 801234567
278034156 801234567
278034561 801234567
278034615 801234567
278035164 801234567
278035416 801234567
278035641 801234567
278036145 801234567
278036451 801234567
278036514 801234567
278041356 801234567
278041563 801234567
278041635 801234567
278043165 801234567
278043516 801234567
278043651 801234567
278045136 801234567
278045361 801234567
278045613 801234567
278046153 801234567
278046315 801234567
278046531 801234567
278051364 801234567
278051436 801234567
278051643 801234567
278053146 801234567
278053461 801234567
278053614 801234567
278054163 801234567
278054316 801234567
278054631 801234567
278056134 801234567
278056341 801234567
278056413 801234567
278061345 801234567
278061453 801234567
278061534 801234567
278063154 801234567
278063415 801234567
278063541 801234567
278064135 801234567
278064351 801234567
278064513 801234567
278065143 801234567
278065314 801234567
278065431 801234567
278103465 801234567
278103546 801234567
278103654 801234567
278104356 801234567
278104563 801234567
278104635 801234567
278105364 801234567
278105436 801234567
278105643 801234567
278106345 801234567
278106453 801234567
278106534 801234567
278130456 801234567
278130564 801234567
278130645 801234567
278134065 801234567
278134506 801234567
278134650 801234567
278135046 801234567
278135460 801234567
278135604 801234567
278136054 801234567
278136405 801234567
278136540 801234567
278140365 801234567
278140536 801234567
278140653 801234567
278143056 801234567
278143560 801234567
278143605 801234567
278145063 801234567
278145306 801234567
278145630 801234567
278146035 801234567
278146350 801234567
278146503 801234567
278150346 801234567
278150463 801234567
278150634 801234567
278153064 801234567
278153406 801234567
278153640 801234567
278154036 801234567
278154360 801234567
278154603 801234567
278156043 801234567
278156304 801234567
278156430 801234567
278160354 801234567
278160435 801234567
278160543 801234567
278163045 801234567
278163450 801234567
278163504 801234567
278164053 801234567
278164305 801234567
278164530 801234567
278165034 801234567
278165340 801234567
278165403 801234567
278301456 801234567
278301564 801234567
278301645 801234567
278304165 801234567
278304516 801234567
278304651 801234567
278305146 801234567
278305461 801234567
278305614 801234567
278306154 801234567
278306415 801234567
278306541 801234567
278310465 801234567
278310546 801234567
278310654 801234567
278314056 801234567
278314560 801234567
278314605 801234567
278315064 801234567
278315406 801234567
278315640 801234567
278316045 801234567
278316450 801234567
278316504 801234567
278340156 801234567
278340561 801234567
278340615 801234567
278341065 801234567
278341506 801234567
278341650 801234567
278345016 801234567
278345160 801234567
278345601 801234567
278346051 801234567
278346105 801234567
278346510 801234567
278350164 801234567
278350416 801234567
278350641 801234567
278351046 801234567
278351460 801234567
278351604 801234567
278354061 801234567
278354106 801234567
278354610 801234567
278356014 801234567
278356140 801234567
278356401 801234567
278360145 801234567
278360451 801234567
278360514 801234567
278361054 801234567
278361405 801234567
278361540 801234567
278364015 801234567
278364150 801234567
278364501 801234567
278365041 801234567
278365104 801234567
278365410 801234567
278401365 801234567
278401536 801234567
278401653 801234567
278403156 801234567
278403561 801234567
278403615 801234567
278405163 801234567
278405316 801234567
278405631 801234567
278406135 801234567
278406351 801234567
278406513 801234567
278410356 801234567
278410563 801234567
278410635 801234567
278413065 801234567
278413506 801234567
278413650 801234567
278415036 801234567
278415360 801234567
278415603 801234567
278416053 801234567
278416305 801234567
278416530 801234567
278430165 801234567
278430516 801234567
278430651 801234567
278431056 801234567
278431560 801234567
278431605 801234567
278435061 801234567
278435106 801234567
278435610 801234567
278436015 801234567
278436150 801234567
278436501 801234567
278450136 801234567
278450361 801234567
278450613 801234567
278451063 801234567
278451306 801234567
278451630 801234567
278453016 801234567
278453160 801234567
278453601 801234567
278456031 801234567
278456103 801234567
278456310 801234567
278460153 801234567
278460315 801234567
278460531 801234567
278461035 801234567
278461350 801234567
278461503 801234567
278463051 801234567
278463105 801234567
278463510 801234567
278465013 801234567
278465130 801234567
278465301 801234567
278501346 801234567
278501463 801234567
278501634 801234567
278503164 801234567
278503416 801234567
278503641 801234567
278504136 801234567
278504361 801234567
278504613 801234567
278506143 801234567
278506314 801234567
278506431 801234567
278510364 801234567
278510436 801234567
278510643 801234567
278513046 801234567
278513460 801234567
278513604 801234567
278514063 801234567
278514306 801234567
278514630 801234567
278516034 801234567
278516340 801234567
278516403 801234567
278530146 801234567
278530461 801234567
278530614 801234567
278531064 801234567
278531406 801234567
278531640 801234567
278534016 801234567
278534160 801234567
278534601 801234567
278536041 801234567
278536104 801234567
278536410 801234567
278540163 801234567
278540316 801234567
278540631 801234567
278541036 801234567
278541360 801234567
278541603 801234567
278543061 801234567
278543106 801234567
