456238710 801234567
456270183 801234567
456270318 801234567
456270831 801234567
456271038 801234567
456271380 801234567
456271803 801234567
456273081 801234567
456273108 801234567
456273810 801234567
456278013 801234567
456278130 801234567
456278301 801234567
456280137 801234567
456280371 801234567
456280713 801234567
456281073 801234567
456281307 801234567
456281730 801234567
456283017 801234567
456283170 801234567
456283701 801234567
456287031 801234567
456287103 801234567
456287310 801234567
456301287 801234567
456301728 801234567
456301872 801234567
456302178 801234567
456302781 801234567
456302817 801234567
456307182 801234567
456307218 801234567
456307821 801234567
456308127 801234567
456308271 801234567
456308712 801234567
456310278 801234567
456310782 801234567
456310827 801234567
456312087 801234567
456312708 801234567
456312870 801234567
456317028 801234567
456317280 801234567
456317802 801234567
456318072 801234567
456318207 801234567
456318720 801234567
456320187 801234567
456320718 801234567
456320871 801234567
456321078 801234567
456321780 801234567
456321807 801234567
456327081 801234567
456327108 801234567
456327810 801234567
456328017 801234567
456328170 801234567
456328701 801234567
456370128 801234567
456370281 801234567
456370812 801234567
456371082 801234567
456371208 801234567
456371820 801234567
456372018 801234567
456372180 801234567
456372801 801234567
456378021 801234567
456378102 801234567
456378210 801234567
456380172 801234567
456380217 801234567
456380721 801234567
456381027 801234567
456381270 801234567
456381702 801234567
456382071 801234567
456382107 801234567
456382710 801234567
456387012 801234567
456387120 801234567
456387201 801234567
456701238 801234567
456701382 801234567
456701823 801234567
456702183 801234567
456702318 801234567
456702831 801234567
456703128 801234567
456703281 801234567
456703812 801234567
456708132 801234567
456708213 801234567
456708321 801234567
456710283 801234567
456710328 801234567
456710832 801234567
456712038 801234567
456712380 801234567
456712803 801234567
456713082 801234567
456713208 801234567
456713820 801234567
456718023 801234567
456718230 801234567
456718302 801234567
456720138 801234567
456720381 801234567
456720813 801234567
456721083 801234567
456721308 801234567
456721830 801234567
456723018 801234567
456723180 801234567
456723801 801234567
456728031 801234567
456728103 801234567
456728310 801234567
456730182 801234567
456730218 801234567
456730821 801234567
456731028 801234567
456731280 801234567
456731802 801234567
456732081 801234567
456732108 801234567
456732810 801234567
456738012 801234567
456738120 801234567
456738201 801234567
456780123 801234567
456780231 801234567
456780312 801234567
456781032 801234567
456781203 801234567
456781320 801234567
456782013 801234567
456782130 801234567
456782301 801234567
456783021 801234567
456783102 801234567
456783210 801234567
456801273 801234567
456801327 801234567
456801732 801234567
456802137 801234567
456802371 801234567
456802713 801234567
456803172 801234567
456803217 801234567
456803721 801234567
456807123 801234567
456807231 801234567
456807312 801234567
456810237 801234567
456810372 801234567
456810723 801234567
456812073 801234567
456812307 801234567
456812730 801234567
456813027 801234567
456813270 801234567
456813702 801234567
456817032 801234567
456817203 801234567
456817320 801234567
456820173 801234567
456820317 801234567
456820731 801234567
456821037 801234567
456821370 801234567
456821703 801234567
456823071 801234567
456823107 801234567
456823710 801234567
456827013 801234567
456827130 801234567
456827301 801234567
456830127 801234567
456830271 801234567
456830712 801234567
456831072 801234567
456831207 801234567
456831720 801234567
456832017 801234567
456832170 801234567
456832701 801234567
456837021 801234567
456837102 801234567
456837210 801234567
456870132 801234567
456870213 801234567
456870321 801234567
456871023 801234567
456871230 801234567
456871302 801234567
456872031 801234567
456872103 801234567
456872310 801234567
456873012 801234567
456873120 801234567
456873201 801234567
457012386 801234567
457012638 801234567
457012863 801234567
457013268 801234567
457013682 801234567
457013826 801234567
457016283 801234567
457016328 801234567
457016832 801234567
457018236 801234567
457018362 801234567
457018623 801234567
457021368 801234567
457021683 801234567
457021836 801234567
457023186 801234567
457023618 801234567
457023861 801234567
457026138 801234567
457026381 801234567
457026813 801234567
457028163 801234567
457028316 801234567
457028631 801234567
457031286 801234567
457031628 801234567
457031862 801234567
457032168 801234567
457032681 801234567
457032816 801234567
457036182 801234567
457036218 801234567
457036821 801234567
457038126 801234567
457038261 801234567
457038612 801234567
457061238 801234567
457061382 801234567
457061823 801234567
457062183 801234567
457062318 801234567
457062831 801234567
457063128 801234567
457063281 801234567
457063812 801234567
457068132 801234567
457068213 801234567
457068321 801234567
457081263 801234567
457081326 801234567
457081632 801234567
457082136 801234567
457082361 801234567
457082613 801234567
457083162 801234567
457083216 801234567
457083621 801234567
457086123 801234567
457086231 801234567
457086312 801234567
457102368 801234567
457102683 801234567
457102836 801234567
457103286 801234567
457103628 801234567
457103862 801234567
457106238 801234567
457106382 801234567
457106823 801234567
457108263 801234567
457108326 801234567
457108632 801234567
457120386 801234567
457120638 801234567
457120863 801234567
457123068 801234567
457123680 801234567
457123806 801234567
457126083 801234567
457126308 801234567
457126830 801234567
457128036 801234567
457128360 801234567
457128603 801234567
457130268 801234567
457130682 801234567
457130826 801234567
457132086 801234567
457132608 801234567
457132860 801234567
457136028 801234567
457136280 801234567
457136802 801234567
457138062 801234567
457138206 801234567
457138620 801234567
457160283 801234567
457160328 801234567
457160832 801234567
457162038 801234567
457162380 801234567
457162803 801234567
457163082 801234567
457163208 801234567
457163820 801234567
457168023 801234567
457168230 801234567
457168302 801234567
457180236 801234567
457180362 801234567
457180623 801234567
457182063 801234567
457182306 801234567
457182630 801234567
457183026 801234567
457183260 801234567
457183602 801234567
457186032 801234567
457186203 801234567
457186320 801234567
457201386 801234567
457201638 801234567
457201863 801234567
457203168 801234567
457203681 801234567
457203816 801234567
457206183 801234567
457206318 801234567
457206831 801234567
457208136 801234567
457208361 801234567
457208613 801234567
457210368 801234567
457210683 801234567
457210836 801234567
457213086 801234567
457213608 801234567
457213860 801234567
457216038 801234567
457216380 801234567
457216803 801234567
457218063 801234567
457218306 801234567
457218630 801234567
457230186 801234567
457230618 801234567
457230861 801234567
457231068 801234567
457231680 801234567
457231806 801234567
457236081 801234567
457236108 801234567
457236810 801234567
457238016 801234567
457238160 801234567
457238601 801234567
457260138 801234567
457260381 801234567
457260813 801234567
457261083 801234567
457261308 801234567
457261830 801234567
457263018 801234567
457263180 801234567
457263801 801234567
457268031 801234567
457268103 801234567
457268310 801234567
457280163 801234567
457280316 801234567
457280631 801234567
457281036 801234567
457281360 801234567
457281603 801234567
457283061 801234567
457283106 801234567
457283610 801234567
457286013 801234567
457286130 801234567
457286301 801234567
457301268 801234567
457301682 801234567
457301826 801234567
457302186 801234567
457302618 801234567
457302861 801234567
457306128 801234567
457306281 801234567
457306812 801234567
457308162 801234567
457308216 801234567
457308621 801234567
457310286 801234567
457310628 801234567
457310862 801234567
457312068 801234567
457312680 801234567
457312806 801234567
457316082 801234567
457316208 801234567
457316820 801234567
457318026 801234567
457318260 801234567
457318602 801234567
457320168 801234567
457320681 801234567
457320816 801234567
457321086 801234567
457321608 801234567
457321860 801234567
457326018 801234567
457326180 801234567
457326801 801234567
457328061 801234567
457328106 801234567
457328610 801234567
457360182 801234567
457360218 801234567
457360821 801234567
457361028 801234567
457361280 801234567
457361802 801234567
457362081 801234567
457362108 801234567
457362810 801234567
457368012 801234567
457368120 801234567
457368201 801234567
457380126 801234567
457380261 801234567
457380612 801234567
457381062 801234567
457381206 801234567
457381620 801234567
457382016 801234567
457382160 801234567
457382601 801234567
457386021 801234567
457386102 801234567
457386210 801234567
457601283 801234567
457601328 801234567
457601832 801234567
457602138 801234567
457602381 801234567
457602813 801234567
457603182 801234567
457603218 801234567
457603821 801234567
457608123 801234567
457608231 801234567
457608312 801234567
457610238 801234567
457610382 801234567
457610823 801234567
457612083 801234567
457612308 801234567
457612830 801234567
457613028 801234567
457613280 801234567
457613802 801234567
457618032 801234567
457618203 801234567
457618320 801234567
457620183 801234567
457620318 801234567
457620831 801234567
457621038 801234567
457621380 801234567
457621803 801234567
457623081 801234567
457623108 801234567
457623810 801234567
457628013 801234567
457628130 801234567
457628301 801234567
457630128 801234567
457630281 801234567
457630812 801234567
457631082 801234567
457631208 801234567
457631820 801234567
457632018 801234567
457632180 801234567
457632801 801234567
457638021 801234567
457638102 801234567
457638210 801234567
457680132 801234567
457680213 801234567
457680321 801234567
457681023 801234567
457681230 801234567
457681302 801234567
