086137245 801234567
086137452 801234567
086137524 801234567
086142357 801234567
086142573 801234567
086142735 801234567
086143275 801234567
086143527 801234567
086143752 801234567
086145237 801234567
086145372 801234567
086145723 801234567
086147253 801234567
086147325 801234567
086147532 801234567
086152374 801234567
086152437 801234567
086152743 801234567
086153247 801234567
086153472 801234567
086153724 801234567
086154273 801234567
086154327 801234567
086154732 801234567
086157234 801234567
086157342 801234567
086157423 801234567
086172345 801234567
086172453 801234567
086172534 801234567
086173254 801234567
086173425 801234567
086173542 801234567
086174235 801234567
086174352 801234567
086174523 801234567
086175243 801234567
086175324 801234567
086175432 801234567
086213475 801234567
086213547 801234567
086213754 801234567
086214357 801234567
086214573 801234567
086214735 801234567
086215374 801234567
086215437 801234567
086215743 801234567
086217345 801234567
086217453 801234567
086217534 801234567
086231457 801234567
086231574 801234567
086231745 801234567
086234175 801234567
086234517 801234567
086234751 801234567
086235147 801234567
086235471 801234567
086235714 801234567
086237154 801234567
086237415 801234567
086237541 801234567
086241375 801234567
086241537 801234567
086241753 801234567
086243157 801234567
086243571 801234567
086243715 801234567
086245173 801234567
086245317 801234567
086245731 801234567
086247135 801234567
086247351 801234567
086247513 801234567
086251347 801234567
086251473 801234567
086251734 801234567
086253174 801234567
086253417 801234567
086253741 801234567
086254137 801234567
086254371 801234567
086254713 801234567
086257143 801234567
086257314 801234567
086257431 801234567
086271354 801234567
086271435 801234567
086271543 801234567
086273145 801234567
086273451 801234567
086273514 801234567
086274153 801234567
086274315 801234567
086274531 801234567
086275134 801234567
086275341 801234567
086275413 801234567
086312457 801234567
086312574 801234567
086312745 801234567
086314275 801234567
086314527 801234567
086314752 801234567
086315247 801234567
086315472 801234567
086315724 801234567
086317254 801234567
086317425 801234567
086317542 801234567
086321475 801234567
086321547 801234567
086321754 801234567
086324157 801234567
086324571 801234567
086324715 801234567
086325174 801234567
086325417 801234567
086325741 801234567
086327145 801234567
086327451 801234567
086327514 801234567
086341257 801234567
086341572 801234567
086341725 801234567
086342175 801234567
086342517 801234567
086342751 801234567
086345127 801234567
086345271 801234567
086345712 801234567
086347152 801234567
086347215 801234567
086347521 801234567
086351274 801234567
086351427 801234567
086351742 801234567
086352147 801234567
086352471 801234567
086352714 801234567
086354172 801234567
086354217 801234567
086354721 801234567
086357124 801234567
086357241 801234567
086357412 801234567
086371245 801234567
086371452 801234567
086371524 801234567
086372154 801234567
086372415 801234567
086372541 801234567
086374125 801234567
086374251 801234567
086374512 801234567
086375142 801234567
086375214 801234567
086375421 801234567
086412375 801234567
086412537 801234567
086412753 801234567
086413257 801234567
086413572 801234567
086413725 801234567
086415273 801234567
086415327 801234567
086415732 801234567
086417235 801234567
086417352 801234567
086417523 801234567
086421357 801234567
086421573 801234567
086421735 801234567
086423175 801234567
086423517 801234567
086423751 801234567
086425137 801234567
086425371 801234567
086425713 801234567
086427153 801234567
086427315 801234567
086427531 801234567
086431275 801234567
086431527 801234567
086431752 801234567
086432157 801234567
086432571 801234567
086432715 801234567
086435172 801234567
086435217 801234567
086435721 801234567
086437125 801234567
086437251 801234567
086437512 801234567
086451237 801234567
086451372 801234567
086451723 801234567
086452173 801234567
086452317 801234567
086452731 801234567
086453127 801234567
086453271 801234567
086453712 801234567
086457132 801234567
086457213 801234567
086457321 801234567
086471253 801234567
086471325 801234567
086471532 801234567
086472135 801234567
086472351 801234567
086472513 801234567
086473152 801234567
086473215 801234567
086473521 801234567
086475123 801234567
086475231 801234567
086475312 801234567
086512347 801234567
086512473 801234567
086512734 801234567
086513274 801234567
086513427 801234567
086513742 801234567
086514237 801234567
086514372 801234567
086514723 801234567
086517243 801234567
086517324 801234567
086517432 801234567
086521374 801234567
086521437 801234567
086521743 801234567
086523147 801234567
086523471 801234567
086523714 801234567
086524173 801234567
086524317 801234567
086524731 801234567
086527134 801234567
086527341 801234567
086527413 801234567
086531247 801234567
086531472 801234567
086531724 801234567
086532174 801234567
086532417 801234567
086532741 801234567
086534127 801234567
086534271 801234567
086534712 801234567
086537142 801234567
086537214 801234567
086537421 801234567
086541273 801234567
086541327 801234567
086541732 801234567
086542137 801234567
086542371 801234567
086542713 801234567
086543172 801234567
086543217 801234567
086543721 801234567
086547123 801234567
086547231 801234567
086547312 801234567
086571234 801234567
086571342 801234567
086571423 801234567
086572143 801234567
086572314 801234567
086572431 801234567
086573124 801234567
086573241 801234567
086573412 801234567
086574132 801234567
086574213 801234567
086574321 801234567
086712354 801234567
086712435 801234567
086712543 801234567
086713245 801234567
086713452 801234567