12354 12345
12435 12345
12453 12345
12534 12345
12543 12345
13245 12345
13254 12345
13425 12345
13452 12345
13524 12345
13542 12345
14235 12345
14253 12345
14325 12345
14352 12345
14523 12345
14532 12345
15234 12345
15243 12345
15324 12345
15342 12345
15423 12345
15432 12345
21345 12345
21354 12345
21435 12345
21453 12345
21534 12345
21543 12345
23145 12345
23154 12345
23415 12345
23451 12345
23514 12345
23541 12345
24135 12345
24153 12345
24315 12345
24351 12345
24513 12345
24531 12345
25134 12345
25143 12345
25314 12345
25341 12345
25413 12345
25431 12345
31245 12345
31254 12345
31425 12345
31452 12345
31524 12345
31542 12345
32145 12345
32154 12345
32415 12345
32451 12345
32514 12345
32541 12345
34125 12345
34152 12345
34215 12345
34251 12345
34512 12345
34521 12345
35124 12345
35142 12345
35214 12345
35241 12345
35412 12345
35421 12345
41235 12345
41253 12345
41325 12345
41352 12345
41523 12345
41532 12345
42135 12345
42153 12345
42315 12345
42351 12345
42513 12345
42531 12345
43125 12345
43152 12345
43215 12345
43251 12345
43512 12345
43521 12345
45123 12345
45132 12345
45213 12345
45231 12345
45312 12345
45321 12345
51234 12345
51243 12345
51324 12345
51342 12345
51423 12345
51432 12345
52134 12345
52143 12345
52314 12345
52341 12345
52413 12345
52431 12345
53124 12345
53142 12345
53214 12345
53241 12345
53412 12345
53421 12345
54123 12345
54132 12345
54213 12345
54231 12345
54312 12345
54321 12345