123465 123456
123546 123456
123564 123456
123645 123456
123654 123456
124356 123456
124365 123456
124536 123456
124563 123456
124635 123456
124653 123456
125346 123456
125364 123456
125436 123456
125463 123456
125634 123456
125643 123456
126345 123456
126354 123456
126435 123456
126453 123456
126534 123456
126543 123456
132456 123456
132465 123456
132546 123456
132564 123456
132645 123456
132654 123456
134256 123456
134265 123456
134526 123456
134562 123456
134625 123456
134652 123456
135246 123456
135264 123456
135426 123456
135462 123456
135624 123456
135642 123456
136245 123456
136254 123456
136425 123456
136452 123456
136524 123456
136542 123456
142356 123456
142365 123456
142536 123456
142563 123456
142635 123456
142653 123456
143256 123456
143265 123456
143526 123456
143562 123456
143625 123456
143652 123456
145236 123456
145263 123456
145326 123456
145362 123456
145623 123456
145632 123456
146235 123456
146253 123456
146325 123456
146352 123456
146523 123456
146532 123456
152346 123456
152364 123456
152436 123456
152463 123456
152634 123456
152643 123456
153246 123456
153264 123456
153426 123456
153462 123456
153624 123456
153642 123456
154236 123456
154263 123456
154326 123456
154362 123456
154623 123456
154632 123456
156234 123456
156243 123456
156324 123456
156342 123456
156423 123456
156432 123456
162345 123456
162354 123456
162435 123456
162453 123456
162534 123456
162543 123456
163245 123456
163254 123456
163425 123456
163452 123456
163524 123456
163542 123456
164235 123456
164253 123456
164325 123456
164352 123456
164523 123456
164532 123456
165234 123456
165243 123456
165324 123456
165342 123456
165423 123456
165432 123456
213456 123456
213465 123456
213546 123456
213564 123456
213645 123456
213654 123456
214356 123456
214365 123456
214536 123456
214563 123456
214635 123456
214653 123456
215346 123456
215364 123456
215436 123456
215463 123456
215634 123456
215643 123456
216345 123456
216354 123456
216435 123456
216453 123456
216534 123456
216543 123456
231456 123456
231465 123456
231546 123456
231564 123456
231645 123456
231654 123456
234156 123456
234165 123456
234516 123456
234561 123456
234615 123456
234651 123456
235146 123456
235164 123456
235416 123456
235461 123456
235614 123456
235641 123456
236145 123456
236154 123456
236415 123456
236451 123456
236514 123456
236541 123456
241356 123456
241365 123456
241536 123456
241563 123456
241635 123456
241653 123456
243156 123456
243165 123456
243516 123456
243561 123456
243615 123456
243651 123456
245136 123456
245163 123456
245316 123456
245361 123456
245613 123456
245631 123456
246135 123456
246153 123456
246315 123456
246351 123456
246513 123456
246531 123456
251346 123456
251364 123456
251436 123456
251463 123456
251634 123456
251643 123456
253146 123456
253164 123456
253416 123456
253461 123456
253614 123456
253641 123456
254136 123456
254163 123456
254316 123456
254361 123456
254613 123456
254631 123456
256134 123456
256143 123456
256314 123456
256341 123456
256413 123456
256431 123456
261345 123456
261354 123456
261435 123456
261453 123456
261534 123456
261543 123456
263145 123456
263154 123456
263415 123456
263451 123456
263514 123456
263541 123456
264135 123456
264153 123456
264315 123456
264351 123456
264513 123456
264531 123456
265134 123456
265143 123456
265314 123456
265341 123456
265413 123456
265431 123456
312456 123456
312465 123456
312546 123456
312564 123456
312645 123456
312654 123456
314256 123456
314265 123456
314526 123456
314562 123456
314625 123456
314652 123456
315246 123456
315264 123456
315426 123456
315462 123456
315624 123456
315642 123456
316245 123456
316254 123456
316425 123456
316452 123456
316524 123456
316542 123456
321456 123456
321465 123456
321546 123456
321564 123456
321645 123456
321654 123456
324156 123456
324165 123456
324516 123456
324561 123456
324615 123456
324651 123456
325146 123456
325164 123456
325416 123456
325461 123456
325614 123456
325641 123456
326145 123456
326154 123456
326415 123456
326451 123456
326514 123456
326541 123456
341256 123456
341265 123456
341526 123456
341562 123456
341625 123456
341652 123456
342156 123456
342165 123456
342516 123456
342561 123456
342615 123456
342651 123456
345126 123456
345162 123456
345216 123456
345261 123456
345612 123456
345621 123456
346125 123456
346152 123456
346215 123456
346251 123456
346512 123456
346521 123456
351246 123456
351264 123456
351426 123456
351462 123456
351624 123456
351642 123456
352146 123456
352164 123456
352416 123456
352461 123456
352614 123456
352641 123456
354126 123456
354162 123456
354216 123456
354261 123456
354612 123456
354621 123456
356124 123456
356142 123456
356214 123456
356241 123456
356412 123456
356421 123456
361245 123456
361254 123456
361425 123456
361452 123456
361524 123456
361542 123456
362145 123456
362154 123456
362415 123456
362451 123456
362514 123456
362541 123456
364125 123456
364152 123456
364215 123456
364251 123456
364512 123456
364521 123456
365124 123456
365142 123456
365214 123456
365241 123456
365412 123456
365421 123456
412356 123456
412365 123456
412536 123456
412563 123456
412635 123456
412653 123456
413256 123456
413265 123456
413526 123456
413562 123456
413625 123456
413652 123456
415236 123456
415263 123456
415326 123456
415362 123456
415623 123456
415632 123456
416235 123456
416253 123456
416325 123456
416352 123456
416523 123456
416532 123456
421356 123456
421365 123456
421536 123456
421563 123456
421635 123456
421653 123456
423156 123456
423165 123456
423516 123456
423561 123456
423615 123456
423651 123456
425136 123456
425163 123456
425316 123456
425361 123456
425613 123456
425631 123456
426135 123456
426153 123456
426315 123456
426351 123456
426513 123456
426531 123456
431256 123456
431265 123456
431526 123456
431562 123456
431625 123456
431652 123456
432156 123456
432165 123456
432516 123456
432561 123456
432615 123456
432651 123456
435126 123456
435162 123456
435216 123456
435261 123456
435612 123456
435621 123456
436125 123456
436152 123456
436215 123456
436251 123456
436512 123456
436521 123456
451236 123456
451263 123456
451326 123456
451362 123456
451623 123456
451632 123456
452136 123456
452163 123456
452316 123456
452361 123456
452613 123456
452631 123456
453126 123456
453162 123456
453216 123456
453261 123456
453612 123456
453621 123456
456123 123456
456132 123456
456213 123456
456231 123456
456312 123456
456321 123456
461235 123456
461253 123456
461325 123456
461352 123456
461523 123456
461532 123456
462135 123456
462153 123456
462315 123456
462351 123456
462513 123456
462531 123456
463125 123456
463152 123456
463215 123456
463251 123456
463512 123456
463521 123456
465123 123456
465132 123456
465213 123456
465231 123456
465312 123456
465321 123456
512346 123456
512364 123456
512436 123456
512463 123456
512634 123456
512643 123456
513246 123456
513264 123456
513426 123456
513462 123456
513624 123456
513642 123456
514236 123456
514263 123456
514326 123456
514362 123456
514623 123456
514632 123456
516234 123456
516243 123456
516324 123456
516342 123456
516423 123456
516432 123456
521346 123456
521364 123456
521436 123456
521463 123456
521634 123456
521643 123456
523146 123456
523164 123456
523416 123456
523461 123456
523614 123456
523641 123456
524136 123456
524163 123456
524316 123456
524361 123456
524613 123456
524631 123456
526134 123456
526143 123456
526314 123456
526341 123456
526413 123456
526431 123456
531246 123456
531264 123456
531426 123456
531462 123456
531624 123456
531642 123456
532146 123456
532164 123456
532416 123456
532461 123456
532614 123456
532641 123456
534126 123456
534162 123456
534216 123456
534261 123456
534612 123456
534621 123456
536124 123456
536142 123456
536214 123456
536241 123456
536412 123456
536421 123456
541236 123456
541263 123456
541326 123456
541362 123456
541623 123456
541632 123456
542136 123456
542163 123456
542316 123456
542361 123456
542613 123456
542631 123456
543126 123456
543162 123456
543216 123456
543261 123456
543612 123456
543621 123456
546123 123456
546132 123456
546213 123456
546231 123456
546312 123456
546321 123456
561234 123456
561243 123456
561324 123456
561342 123456
561423 123456
561432 123456
562134 123456
562143 123456
562314 123456
562341 123456
562413 123456
562431 123456
563124 123456
563142 123456
563214 123456
563241 123456
563412 123456
563421 123456
564123 123456
564132 123456
564213 123456
564231 123456
564312 123456
564321 123456
612345 123456
612354 123456
612435 123456
612453 123456
612534 123456
612543 123456
613245 123456
613254 123456
613425 123456
613452 123456
613524 123456
613542 123456
614235 123456
614253 123456
614325 123456
614352 123456
614523 123456
614532 123456
615234 123456
615243 123456
615324 123456
615342 123456
615423 123456
615432 123456
621345 123456
621354 123456
621435 123456
621453 123456
621534 123456
621543 123456
623145 123456
623154 123456
623415 123456
623451 123456
623514 123456
623541 123456
624135 123456
624153 123456
624315 123456
624351 123456
624513 123456
624531 123456
625134 123456
625143 123456
625314 123456
625341 123456
625413 123456
625431 123456
631245 123456
631254 123456
631425 123456
631452 123456
631524 123456
631542 123456
632145 123456
632154 123456
632415 123456
632451 123456
632514 123456
632541 123456
634125 123456
634152 123456
634215 123456
634251 123456
634512 123456
634521 123456
635124 123456
635142 123456
635214 123456
635241 123456
635412 123456
635421 123456
641235 123456
641253 123456
641325 123456
641352 123456
641523 123456
641532 123456
642135 123456
642153 123456
642315 123456
642351 123456
642513 123456
642531 123456
643125 123456
643152 123456
643215 123456
643251 123456
643512 123456
643521 123456
645123 123456
645132 123456
645213 123456
645231 123456
645312 123456
645321 123456
651234 123456
651243 123456
651324 123456
651342 123456
651423 123456
651432 123456
652134 123456
652143 123456
652314 123456
652341 123456
652413 123456
652431 123456
653124 123456
653142 123456
653214 123456
653241 123456
653412 123456
653421 123456
654123 123456
654132 123456
654213 123456
654231 123456
654312 123456
654321 123456