1234576 1234567
1234657 1234567
1234675 1234567
1234756 1234567
1234765 1234567
1235467 1234567
1235476 1234567
1235647 1234567
1235674 1234567
1235746 1234567
1235764 1234567
1236457 1234567
1236475 1234567
1236547 1234567
1236574 1234567
1236745 1234567
1236754 1234567
1237456 1234567
1237465 1234567
1237546 1234567
1237564 1234567
1237645 1234567
1237654 1234567
1243567 1234567
1243576 1234567
1243657 1234567
1243675 1234567
1243756 1234567
1243765 1234567
1245367 1234567
1245376 1234567
1245637 1234567
1245673 1234567
1245736 1234567
1245763 1234567
1246357 1234567
1246375 1234567
1246537 1234567
1246573 1234567
1246735 1234567
1246753 1234567
1247356 1234567
1247365 1234567
1247536 1234567
1247563 1234567
1247635 1234567
1247653 1234567
1253467 1234567
1253476 1234567
1253647 1234567
1253674 1234567
1253746 1234567
1253764 1234567
1254367 1234567
1254376 1234567
1254637 1234567
1254673 1234567
1254736 1234567
1254763 1234567
1256347 1234567
1256374 1234567
1256437 1234567
1256473 1234567
1256734 1234567
1256743 1234567
1257346 1234567
1257364 1234567
1257436 1234567
1257463 1234567
1257634 1234567
1257643 1234567
1263457 1234567
1263475 1234567
1263547 1234567
1263574 1234567
1263745 1234567
1263754 1234567
1264357 1234567
1264375 1234567
1264537 1234567
1264573 1234567
1264735 1234567
1264753 1234567
1265347 1234567
1265374 1234567
1265437 1234567
1265473 1234567
1265734 1234567
1265743 1234567
1267345 1234567
1267354 1234567
1267435 1234567
1267453 1234567
1267534 1234567
1267543 1234567
1273456 1234567
1273465 1234567
1273546 1234567
1273564 1234567
1273645 1234567
1273654 1234567
1274356 1234567
1274365 1234567
1274536 1234567
1274563 1234567
1274635 1234567
1274653 1234567
1275346 1234567
1275364 1234567
1275436 1234567
1275463 1234567
1275634 1234567
1275643 1234567
1276345 1234567
1276354 1234567
1276435 1234567
1276453 1234567
1276534 1234567
1276543 1234567
1324567 1234567
1324576 1234567
1324657 1234567
1324675 1234567
1324756 1234567
1324765 1234567
1325467 1234567
1325476 1234567
1325647 1234567
1325674 1234567
1325746 1234567
1325764 1234567
1326457 1234567
1326475 1234567
1326547 1234567
1326574 1234567
1326745 1234567
1326754 1234567
1327456 1234567
1327465 1234567
1327546 1234567
1327564 1234567
1327645 1234567
1327654 1234567
1342567 1234567
1342576 1234567
1342657 1234567
1342675 1234567
1342756 1234567
1342765 1234567
1345267 1234567
1345276 1234567
1345627 1234567
1345672 1234567
1345726 1234567
1345762 1234567
1346257 1234567
1346275 1234567
1346527 1234567
1346572 1234567
1346725 1234567
1346752 1234567
1347256 1234567
1347265 1234567
1347526 1234567
1347562 1234567
1347625 1234567
1347652 1234567
1352467 1234567
1352476 1234567
1352647 1234567
1352674 1234567
1352746 1234567
1352764 1234567
1354267 1234567
1354276 1234567
1354627 1234567
1354672 1234567
1354726 1234567
1354762 1234567
1356247 1234567
1356274 1234567
1356427 1234567
1356472 1234567
1356724 1234567
1356742 1234567
1357246 1234567
1357264 1234567
1357426 1234567
1357462 1234567
1357624 1234567
1357642 1234567
1362457 1234567
1362475 1234567
1362547 1234567
1362574 1234567
1362745 1234567
1362754 1234567
1364257 1234567
1364275 1234567
1364527 1234567
1364572 1234567
1364725 1234567
1364752 1234567
1365247 1234567
1365274 1234567
1365427 1234567
1365472 1234567
1365724 1234567
1365742 1234567
1367245 1234567
1367254 1234567
1367425 1234567
1367452 1234567
1367524 1234567
1367542 1234567
1372456 1234567
1372465 1234567
1372546 1234567
1372564 1234567
1372645 1234567
1372654 1234567
1374256 1234567
1374265 1234567
1374526 1234567
1374562 1234567
1374625 1234567
1374652 1234567
1375246 1234567
1375264 1234567
1375426 1234567
1375462 1234567
1375624 1234567
1375642 1234567
1376245 1234567
1376254 1234567
1376425 1234567
1376452 1234567
1376524 1234567
1376542 1234567
1423567 1234567
1423576 1234567
1423657 1234567
1423675 1234567
1423756 1234567
1423765 1234567
1425367 1234567
1425376 1234567
1425637 1234567
1425673 1234567
1425736 1234567
1425763 1234567
1426357 1234567
1426375 1234567
1426537 1234567
1426573 1234567
1426735 1234567
1426753 1234567
1427356 1234567
1427365 1234567
1427536 1234567
1427563 1234567
1427635 1234567
1427653 1234567
1432567 1234567
1432576 1234567
1432657 1234567
1432675 1234567
1432756 1234567
1432765 1234567
1435267 1234567
1435276 1234567
1435627 1234567
1435672 1234567
1435726 1234567
1435762 1234567
1436257 1234567
1436275 1234567
1436527 1234567
1436572 1234567
1436725 1234567
1436752 1234567
1437256 1234567
1437265 1234567
1437526 1234567
1437562 1234567
1437625 1234567
1437652 1234567
1452367 1234567
1452376 1234567
1452637 1234567
1452673 1234567
1452736 1234567
1452763 1234567
1453267 1234567
1453276 1234567
1453627 1234567
1453672 1234567
1453726 1234567
1453762 1234567
1456237 1234567
1456273 1234567
1456327 1234567
1456372 1234567
1456723 1234567
1456732 1234567
1457236 1234567
1457263 1234567
1457326 1234567
1457362 1234567
1457623 1234567
1457632 1234567
1462357 1234567
1462375 1234567
1462537 1234567
1462573 1234567
1462735 1234567
1462753 1234567
1463257 1234567
1463275 1234567
1463527 1234567
1463572 1234567
1463725 1234567
1463752 1234567
1465237 1234567
1465273 1234567
1465327 1234567
1465372 1234567
1465723 1234567
1465732 1234567
1467235 1234567
1467253 1234567
1467325 1234567
1467352 1234567
1467523 1234567
1467532 1234567
1472356 1234567
1472365 1234567
1472536 1234567
1472563 1234567
1472635 1234567
1472653 1234567
1473256 1234567
1473265 1234567
1473526 1234567
1473562 1234567
1473625 1234567
1473652 1234567
1475236 1234567
1475263 1234567
1475326 1234567
1475362 1234567
1475623 1234567
1475632 1234567
1476235 1234567
1476253 1234567
1476325 1234567
1476352 1234567
1476523 1234567
1476532 1234567
1523467 1234567
1523476 1234567
1523647 1234567
1523674 1234567
1523746 1234567
1523764 1234567
1524367 1234567
1524376 1234567
1524637 1234567
1524673 1234567
1524736 1234567
1524763 1234567
1526347 1234567
1526374 1234567
1526437 1234567
1526473 1234567
1526734 1234567
1526743 1234567
1527346 1234567
1527364 1234567
1527436 1234567
1527463 1234567
1527634 1234567
1527643 1234567
1532467 1234567
1532476 1234567
1532647 1234567
1532674 1234567
1532746 1234567
1532764 1234567
1534267 1234567
1534276 1234567
1534627 1234567
1534672 1234567
1534726 1234567
1534762 1234567
1536247 1234567
1536274 1234567
1536427 1234567
1536472 1234567
1536724 1234567
1536742 1234567
1537246 1234567
1537264 1234567
1537426 1234567
1537462 1234567
1537624 1234567
1537642 1234567
1542367 1234567
1542376 1234567
1542637 1234567
1542673 1234567
1542736 1234567
1542763 1234567
1543267 1234567
1543276 1234567
1543627 1234567
1543672 1234567
1543726 1234567
1543762 1234567
1546237 1234567
1546273 1234567
1546327 1234567
1546372 1234567
1546723 1234567
1546732 1234567
1547236 1234567
1547263 1234567
1547326 1234567
1547362 1234567
1547623 1234567
1547632 1234567
1562347 1234567
1562374 1234567
1562437 1234567
1562473 1234567
1562734 1234567
1562743 1234567
1563247 1234567
1563274 1234567
1563427 1234567
1563472 1234567
1563724 1234567
1563742 1234567
1564237 1234567
1564273 1234567
1564327 1234567
1564372 1234567
1564723 1234567
1564732 1234567
1567234 1234567
1567243 1234567
1567324 1234567
1567342 1234567
1567423 1234567
1567432 1234567
1572346 1234567
1572364 1234567
1572436 1234567
1572463 1234567
1572634 1234567
1572643 1234567
1573246 1234567
1573264 1234567
1573426 1234567
1573462 1234567
1573624 1234567
1573642 1234567
1574236 1234567
1574263 1234567
1574326 1234567
1574362 1234567
1574623 1234567
1574632 1234567
1576234 1234567
1576243 1234567
1576324 1234567
1576342 1234567
1576423 1234567
1576432 1234567
1623457 1234567
1623475 1234567
1623547 1234567
1623574 1234567
1623745 1234567
1623754 1234567
1624357 1234567
1624375 1234567
1624537 1234567
1624573 1234567
1624735 1234567
1624753 1234567
1625347 1234567
1625374 1234567
1625437 1234567
1625473 1234567
1625734 1234567
1625743 1234567
1627345 1234567
1627354 1234567
1627435 1234567
1627453 1234567
1627534 1234567
1627543 1234567
1632457 1234567
1632475 1234567
1632547 1234567
1632574 1234567
1632745 1234567
1632754 1234567
1634257 1234567
1634275 1234567
1634527 1234567
1634572 1234567
1634725 1234567
1634752 1234567
1635247 1234567
1635274 1234567
1635427 1234567
1635472 1234567
1635724 1234567
1635742 1234567
1637245 1234567
1637254 1234567
1637425 1234567
1637452 1234567
1637524 1234567
1637542 1234567
1642357 1234567
1642375 1234567
1642537 1234567
1642573 1234567
1642735 1234567
1642753 1234567
1643257 1234567
1643275 1234567
1643527 1234567
1643572 1234567
1643725 1234567
1643752 1234567
1645237 1234567
1645273 1234567
1645327 1234567
1645372 1234567
1645723 1234567
1645732 1234567
1647235 1234567
1647253 1234567
1647325 1234567
1647352 1234567
1647523 1234567
1647532 1234567
1652347 1234567
1652374 1234567
1652437 1234567
1652473 1234567
1652734 1234567
1652743 1234567
1653247 1234567
1653274 1234567
1653427 1234567
1653472 1234567
1653724 1234567
1653742 1234567
1654237 1234567
1654273 1234567
1654327 1234567
1654372 1234567
1654723 1234567
1654732 1234567
1657234 1234567
1657243 1234567
1657324 1234567
1657342 1234567
1657423 1234567
1657432 1234567
1672345 1234567
1672354 1234567
1672435 1234567
1672453 1234567
1672534 1234567
1672543 1234567
1673245 1234567
1673254 1234567
1673425 1234567
1673452 1234567
1673524 1234567
1673542 1234567
1674235 1234567
1674253 1234567
1674325 1234567
1674352 1234567
1674523 1234567
1674532 1234567
1675234 1234567
1675243 1234567
1675324 1234567
1675342 1234567
1675423 1234567
1675432 1234567
1723456 1234567
1723465 1234567
1723546 1234567
1723564 1234567
1723645 1234567
1723654 1234567
1724356 1234567
1724365 1234567
1724536 1234567
1724563 1234567
1724635 1234567
1724653 1234567
1725346 1234567
1725364 1234567
1725436 1234567
1725463 1234567
1725634 1234567
1725643 1234567
1726345 1234567
1726354 1234567
1726435 1234567
1726453 1234567
1726534 1234567
1726543 1234567
1732456 1234567
1732465 1234567
1732546 1234567
1732564 1234567
1732645 1234567
1732654 1234567
1734256 1234567
1734265 1234567
1734526 1234567
1734562 1234567
1734625 1234567
1734652 1234567
1735246 1234567
1735264 1234567
1735426 1234567
1735462 1234567
1735624 1234567
1735642 1234567
1736245 1234567
1736254 1234567
1736425 1234567
1736452 1234567
1736524 1234567
1736542 1234567
1742356 1234567
1742365 1234567
1742536 1234567
1742563 1234567
1742635 1234567
1742653 1234567
1743256 1234567
1743265 1234567
1743526 1234567
1743562 1234567
1743625 1234567
1743652 1234567
1745236 1234567
1745263 1234567
1745326 1234567
1745362 1234567
1745623 1234567
1745632 1234567
1746235 1234567
1746253 1234567
1746325 1234567
1746352 1234567
1746523 1234567
1746532 1234567
1752346 1234567
1752364 1234567
1752436 1234567
1752463 1234567
1752634 1234567
1752643 1234567
1753246 1234567
1753264 1234567
1753426 1234567
1753462 1234567
1753624 1234567
1753642 1234567
1754236 1234567
1754263 1234567
1754326 1234567
1754362 1234567
1754623 1234567
1754632 1234567
1756234 1234567
1756243 1234567
1756324 1234567
1756342 1234567
1756423 1234567
1756432 1234567
1762345 1234567
1762354 1234567
1762435 1234567
1762453 1234567
1762534 1234567
1762543 1234567
1763245 1234567
1763254 1234567
1763425 1234567
1763452 1234567
1763524 1234567
1763542 1234567
1764235 1234567
1764253 1234567
1764325 1234567
1764352 1234567
1764523 1234567
1764532 1234567
1765234 1234567
1765243 1234567
1765324 1234567
1765342 1234567
1765423 1234567
1765432 1234567
2134567 1234567
2134576 1234567
2134657 1234567
2134675 1234567
2134756 1234567
2134765 1234567
2135467 1234567
2135476 1234567
2135647 1234567
2135674 1234567
2135746 1234567
2135764 1234567
2136457 1234567
2136475 1234567
2136547 1234567
2136574 1234567
2136745 1234567
2136754 1234567
2137456 1234567
2137465 1234567
2137546 1234567
2137564 1234567
2137645 1234567
2137654 1234567
2143567 1234567
2143576 1234567
2143657 1234567
2143675 1234567
2143756 1234567
2143765 1234567
2145367 1234567
2145376 1234567
2145637 1234567
2145673 1234567
2145736 1234567
2145763 1234567
2146357 1234567
2146375 1234567
2146537 1234567
2146573 1234567
2146735 1234567
2146753 1234567
2147356 1234567
2147365 1234567
2147536 1234567
2147563 1234567
2147635 1234567
2147653 1234567
2153467 1234567
2153476 1234567
2153647 1234567
2153674 1234567
2153746 1234567
2153764 1234567
2154367 1234567
2154376 1234567
2154637 1234567
2154673 1234567
2154736 1234567
2154763 1234567
2156347 1234567
2156374 1234567
2156437 1234567
2156473 1234567
2156734 1234567
2156743 1234567
2157346 1234567
2157364 1234567
2157436 1234567
2157463 1234567
2157634 1234567
2157643 1234567
2163457 1234567
2163475 1234567
2163547 1234567
2163574 1234567
2163745 1234567
2163754 1234567
2164357 1234567
2164375 1234567
2164537 1234567
2164573 1234567
2164735 1234567
2164753 1234567
2165347 1234567
2165374 1234567
2165437 1234567
2165473 1234567
2165734 1234567
2165743 1234567
2167345 1234567
2167354 1234567
2167435 1234567
2167453 1234567
2167534 1234567
2167543 1234567
2173456 1234567
2173465 1234567
2173546 1234567
2173564 1234567
2173645 1234567
2173654 1234567
2174356 1234567
2174365 1234567
2174536 1234567
2174563 1234567
2174635 1234567
2174653 1234567
2175346 1234567
2175364 1234567
2175436 1234567
2175463 1234567
2175634 1234567
2175643 1234567
2176345 1234567
2176354 1234567
2176435 1234567
2176453 1234567
2176534 1234567
2176543 1234567
2314567 1234567
2314576 1234567
2314657 1234567
2314675 1234567
2314756 1234567
2314765 1234567
2315467 1234567
2315476 1234567
2315647 1234567
2315674 1234567
2315746 1234567
2315764 1234567
2316457 1234567
2316475 1234567
2316547 1234567
2316574 1234567
2316745 1234567
2316754 1234567
2317456 1234567
2317465 1234567
2317546 1234567
2317564 1234567
2317645 1234567
2317654 1234567
2341567 1234567
2341576 1234567
2341657 1234567
2341675 1234567
2341756 1234567
2341765 1234567
2345167 1234567
2345176 1234567
2345617 1234567
2345671 1234567
2345716 1234567
2345761 1234567
2346157 1234567
2346175 1234567
2346517 1234567
2346571 1234567
2346715 1234567
2346751 1234567
2347156 1234567
2347165 1234567
2347516 1234567
2347561 1234567
2347615 1234567
2347651 1234567
2351467 1234567
2351476 1234567
2351647 1234567
2351674 1234567
2351746 1234567
2351764 1234567
2354167 1234567
2354176 1234567
2354617 1234567
2354671 1234567
2354716 1234567
2354761 1234567
2356147 1234567
2356174 1234567
2356417 1234567
2356471 1234567
2356714 1234567
2356741 1234567
2357146 1234567
2357164 1234567
2357416 1234567
2357461 1234567
2357614 1234567
2357641 1234567
2361457 1234567
2361475 1234567
2361547 1234567
2361574 1234567
2361745 1234567
2361754 1234567
2364157 1234567
2364175 1234567
2364517 1234567
2364571 1234567
2364715 1234567
2364751 1234567
2365147 1234567
2365174 1234567
2365417 1234567
2365471 1234567
2365714 1234567
2365741 1234567
2367145 1234567
2367154 1234567
2367415 1234567
2367451 1234567
2367514 1234567
2367541 1234567
2371456 1234567
2371465 1234567
2371546 1234567
2371564 1234567
2371645 1234567
2371654 1234567
2374156 1234567
2374165 1234567
2374516 1234567
2374561 1234567
2374615 1234567
2374651 1234567
2375146 1234567
2375164 1234567
2375416 1234567
2375461 1234567
2375614 1234567
2375641 1234567
2376145 1234567
2376154 1234567
2376415 1234567
2376451 1234567
2376514 1234567
2376541 1234567
2413567 1234567
2413576 1234567
2413657 1234567
2413675 1234567
2413756 1234567
2413765 1234567
2415367 1234567
2415376 1234567
2415637 1234567
2415673 1234567
2415736 1234567
2415763 1234567
2416357 1234567
2416375 1234567
2416537 1234567
2416573 1234567
2416735 1234567
2416753 1234567
2417356 1234567
2417365 1234567
2417536 1234567
2417563 1234567
2417635 1234567
2417653 1234567
2431567 1234567
2431576 1234567
2431657 1234567
2431675 1234567
2431756 1234567
2431765 1234567
2435167 1234567
2435176 1234567
2435617 1234567
2435671 1234567
2435716 1234567
2435761 1234567
2436157 1234567
2436175 1234567
2436517 1234567
2436571 1234567
2436715 1234567
2436751 1234567
2437156 1234567
2437165 1234567
2437516 1234567
2437561 1234567
2437615 1234567
2437651 1234567
2451367 1234567
2451376 1234567
2451637 1234567
2451673 1234567
2451736 1234567
2451763 1234567
2453167 1234567
2453176 1234567
2453617 1234567
2453671 1234567
2453716 1234567
2453761 1234567
2456137 1234567
2456173 1234567
2456317 1234567
2456371 1234567
2456713 1234567
2456731 1234567
2457136 1234567
2457163 1234567
2457316 1234567
2457361 1234567
2457613 1234567
2457631 1234567
2461357 1234567
2461375 1234567
2461537 1234567
2461573 1234567
2461735 1234567
2461753 1234567
2463157 1234567
2463175 1234567
2463517 1234567
2463571 1234567
2463715 1234567
2463751 1234567
2465137 1234567
2465173 1234567
2465317 1234567
2465371 1234567
2465713 1234567
2465731 1234567
2467135 1234567
2467153 1234567
2467315 1234567
2467351 1234567
2467513 1234567
2467531 1234567
2471356 1234567
2471365 1234567
2471536 1234567
2471563 1234567
2471635 1234567
2471653 1234567
2473156 1234567
2473165 1234567
2473516 1234567
2473561 1234567
2473615 1234567
2473651 1234567
2475136 1234567
2475163 1234567
2475316 1234567
2475361 1234567
2475613 1234567
2475631 1234567
2476135 1234567
2476153 1234567
2476315 1234567
2476351 1234567
2476513 1234567
2476531 1234567
2513467 1234567
2513476 1234567
2513647 1234567
2513674 1234567
2513746 1234567
2513764 1234567
2514367 1234567
2514376 1234567
2514637 1234567
2514673 1234567
2514736 1234567
2514763 1234567
2516347 1234567
2516374 1234567
2516437 1234567
2516473 1234567
2516734 1234567
2516743 1234567
2517346 1234567
2517364 1234567
2517436 1234567
2517463 1234567
2517634 1234567
2517643 1234567
2531467 1234567
2531476 1234567
2531647 1234567
2531674 1234567
2531746 1234567
2531764 1234567
2534167 1234567
2534176 1234567
2534617 1234567
2534671 1234567
2534716 1234567
2534761 1234567
2536147 1234567
2536174 1234567
2536417 1234567
2536471 1234567
2536714 1234567
2536741 1234567
2537146 1234567
2537164 1234567
2537416 1234567
2537461 1234567
2537614 1234567
2537641 1234567
2541367 1234567
2541376 1234567
2541637 1234567
2541673 1234567
2541736 1234567
2541763 1234567
2543167 1234567
2543176 1234567
2543617 1234567
2543671 1234567
2543716 1234567
2543761 1234567
2546137 1234567
2546173 1234567
2546317 1234567
2546371 1234567
2546713 1234567
2546731 1234567
2547136 1234567
2547163 1234567
2547316 1234567
2547361 1234567
2547613 1234567
2547631 1234567
2561347 1234567
2561374 1234567
2561437 1234567
2561473 1234567
2561734 1234567
2561743 1234567
2563147 1234567
2563174 1234567
2563417 1234567
2563471 1234567
2563714 1234567
2563741 1234567
2564137 1234567
2564173 1234567
2564317 1234567
2564371 1234567
2564713 1234567
2564731 1234567
2567134 1234567
2567143 1234567
2567314 1234567
2567341 1234567
2567413 1234567
2567431 1234567
2571346 1234567
2571364 1234567
2571436 1234567
2571463 1234567
2571634 1234567
2571643 1234567
2573146 1234567
2573164 1234567
2573416 1234567
2573461 1234567
2573614 1234567
2573641 1234567
2574136 1234567
2574163 1234567
2574316 1234567
2574361 1234567
2574613 1234567
2574631 1234567
2576134 1234567
2576143 1234567
2576314 1234567
2576341 1234567
2576413 1234567
2576431 1234567
2613457 1234567
2613475 1234567
2613547 1234567
2613574 1234567
2613745 1234567
2613754 1234567
2614357 1234567
2614375 1234567
2614537 1234567
2614573 1234567
2614735 1234567
2614753 1234567
2615347 1234567
2615374 1234567
2615437 1234567
2615473 1234567
2615734 1234567
2615743 1234567
2617345 1234567
2617354 1234567
2617435 1234567
2617453 1234567
2617534 1234567
2617543 1234567
2631457 1234567
2631475 1234567
2631547 1234567
2631574 1234567
2631745 1234567
2631754 1234567
2634157 1234567
2634175 1234567
2634517 1234567
2634571 1234567
2634715 1234567
2634751 1234567
2635147 1234567
2635174 1234567
2635417 1234567
2635471 1234567
2635714 1234567
2635741 1234567
2637145 1234567
2637154 1234567
2637415 1234567
2637451 1234567
2637514 1234567
2637541 1234567
2641357 1234567
2641375 1234567
2641537 1234567
2641573 1234567
2641735 1234567
2641753 1234567
2643157 1234567
2643175 1234567
2643517 1234567
2643571 1234567
2643715 1234567
2643751 1234567
2645137 1234567
2645173 1234567
2645317 1234567
2645371 1234567
2645713 1234567
2645731 1234567
2647135 1234567
2647153 1234567
2647315 1234567
2647351 1234567
2647513 1234567
2647531 1234567
2651347 1234567
2651374 1234567
2651437 1234567
2651473 1234567
2651734 1234567
2651743 1234567
2653147 1234567
2653174 1234567
2653417 1234567
2653471 1234567
2653714 1234567
2653741 1234567
2654137 1234567
2654173 1234567
2654317 1234567
2654371 1234567
2654713 1234567
2654731 1234567
2657134 1234567
2657143 1234567
2657314 1234567
2657341 1234567
2657413 1234567
2657431 1234567
2671345 1234567
2671354 1234567
2671435 1234567
2671453 1234567
2671534 1234567
2671543 1234567
2673145 1234567
2673154 1234567
2673415 1234567
2673451 1234567
2673514 1234567
2673541 1234567
2674135 1234567
2674153 1234567
2674315 1234567
2674351 1234567
2674513 1234567
2674531 1234567
2675134 1234567
2675143 1234567
2675314 1234567
2675341 1234567
2675413 1234567
2675431 1234567
2713456 1234567
2713465 1234567
2713546 1234567
2713564 1234567
2713645 1234567
2713654 1234567
2714356 1234567
2714365 1234567
2714536 1234567
2714563 1234567
2714635 1234567
2714653 1234567
2715346 1234567
2715364 1234567
2715436 1234567
2715463 1234567
2715634 1234567
2715643 1234567
2716345 1234567
2716354 1234567
2716435 1234567
2716453 1234567
2716534 1234567
2716543 1234567
2731456 1234567
2731465 1234567
2731546 1234567
2731564 1234567
2731645 1234567
2731654 1234567
2734156 1234567
2734165 1234567
2734516 1234567
2734561 1234567
2734615 1234567
2734651 1234567
2735146 1234567
2735164 1234567
2735416 1234567
2735461 1234567
2735614 1234567
2735641 1234567
2736145 1234567
2736154 1234567
2736415 1234567
2736451 1234567
2736514 1234567
2736541 1234567
2741356 1234567
2741365 1234567
2741536 1234567
2741563 1234567
2741635 1234567
2741653 1234567
2743156 1234567
2743165 1234567
2743516 1234567
2743561 1234567
2743615 1234567
2743651 1234567
2745136 1234567
2745163 1234567
2745316 1234567
2745361 1234567
2745613 1234567
2745631 1234567
2746135 1234567
2746153 1234567
2746315 1234567
2746351 1234567
2746513 1234567
2746531 1234567
2751346 1234567
2751364 1234567
2751436 1234567
2751463 1234567
2751634 1234567
2751643 1234567
2753146 1234567
2753164 1234567
2753416 1234567
2753461 1234567
2753614 1234567
2753641 1234567
2754136 1234567
2754163 1234567
2754316 1234567
2754361 1234567
2754613 1234567
2754631 1234567
2756134 1234567
2756143 1234567
2756314 1234567
2756341 1234567
2756413 1234567
2756431 1234567
2761345 1234567
2761354 1234567
2761435 1234567
2761453 1234567
2761534 1234567
2761543 1234567
2763145 1234567
2763154 1234567
2763415 1234567
2763451 1234567
2763514 1234567
2763541 1234567
2764135 1234567
2764153 1234567
2764315 1234567
2764351 1234567
2764513 1234567
2764531 1234567
2765134 1234567
2765143 1234567
2765314 1234567
2765341 1234567
2765413 1234567
2765431 1234567
3124567 1234567
3124576 1234567
3124657 1234567
3124675 1234567
3124756 1234567
3124765 1234567
3125467 1234567
3125476 1234567
3125647 1234567
3125674 1234567
3125746 1234567
3125764 1234567
3126457 1234567
3126475 1234567
3126547 1234567
3126574 1234567
3126745 1234567
3126754 1234567
3127456 1234567
3127465 1234567
3127546 1234567
3127564 1234567
3127645 1234567
3127654 1234567
3142567 1234567
3142576 1234567
3142657 1234567
3142675 1234567
3142756 1234567
3142765 1234567
3145267 1234567
3145276 1234567
3145627 1234567
3145672 1234567
3145726 1234567
3145762 1234567
3146257 1234567
3146275 1234567
3146527 1234567
3146572 1234567
3146725 1234567
3146752 1234567
3147256 1234567
3147265 1234567
3147526 1234567
3147562 1234567
3147625 1234567
3147652 1234567
3152467 1234567
3152476 1234567
3152647 1234567
3152674 1234567
3152746 1234567
3152764 1234567
3154267 1234567
3154276 1234567
3154627 1234567
3154672 1234567
3154726 1234567
3154762 1234567
3156247 1234567
3156274 1234567
3156427 1234567
3156472 1234567
3156724 1234567
3156742 1234567
3157246 1234567
3157264 1234567
3157426 1234567
3157462 1234567
3157624 1234567
3157642 1234567
3162457 1234567
3162475 1234567
3162547 1234567
3162574 1234567
3162745 1234567
3162754 1234567
3164257 1234567
3164275 1234567
3164527 1234567
3164572 1234567
3164725 1234567
3164752 1234567
3165247 1234567
3165274 1234567
3165427 1234567
3165472 1234567
3165724 1234567
3165742 1234567
3167245 1234567
3167254 1234567
3167425 1234567
3167452 1234567
3167524 1234567
3167542 1234567
3172456 1234567
3172465 1234567
3172546 1234567
3172564 1234567
3172645 1234567
3172654 1234567
3174256 1234567
3174265 1234567
3174526 1234567
3174562 1234567
3174625 1234567
3174652 1234567
3175246 1234567
3175264 1234567
3175426 1234567
3175462 1234567
3175624 1234567
3175642 1234567
3176245 1234567
3176254 1234567
3176425 1234567
3176452 1234567
3176524 1234567
3176542 1234567
3214567 1234567
3214576 1234567
3214657 1234567
3214675 1234567
3214756 1234567
3214765 1234567
3215467 1234567
3215476 1234567
3215647 1234567
3215674 1234567
3215746 1234567
3215764 1234567
3216457 1234567
3216475 1234567
3216547 1234567
3216574 1234567
3216745 1234567
3216754 1234567
3217456 1234567
3217465 1234567
3217546 1234567
3217564 1234567
3217645 1234567
3217654 1234567
3241567 1234567
3241576 1234567
3241657 1234567
3241675 1234567
3241756 1234567
3241765 1234567
3245167 1234567
3245176 1234567
3245617 1234567
3245671 1234567
3245716 1234567
3245761 1234567
3246157 1234567
3246175 1234567
3246517 1234567
3246571 1234567
3246715 1234567
3246751 1234567
3247156 1234567
3247165 1234567
3247516 1234567
3247561 1234567
3247615 1234567
3247651 1234567
3251467 1234567
3251476 1234567
3251647 1234567
3251674 1234567
3251746 1234567
3251764 1234567
3254167 1234567
3254176 1234567
3254617 1234567
3254671 1234567
3254716 1234567
3254761 1234567
3256147 1234567
3256174 1234567
3256417 1234567
3256471 1234567
3256714 1234567
3256741 1234567
3257146 1234567
3257164 1234567
3257416 1234567
3257461 1234567
3257614 1234567
3257641 1234567
3261457 1234567
3261475 1234567
3261547 1234567
3261574 1234567
3261745 1234567
3261754 1234567
3264157 1234567
3264175 1234567
3264517 1234567
3264571 1234567
3264715 1234567
3264751 1234567
3265147 1234567
3265174 1234567
3265417 1234567
3265471 1234567
3265714 1234567
3265741 1234567
3267145 1234567
3267154 1234567
3267415 1234567
3267451 1234567
3267514 1234567
3267541 1234567
3271456 1234567
3271465 1234567
3271546 1234567
3271564 1234567
3271645 1234567
3271654 1234567
3274156 1234567
3274165 1234567
3274516 1234567
3274561 1234567
3274615 1234567
3274651 1234567
3275146 1234567
3275164 1234567
3275416 1234567
3275461 1234567
3275614 1234567
3275641 1234567
3276145 1234567
3276154 1234567
3276415 1234567
3276451 1234567
3276514 1234567
3276541 1234567
3412567 1234567
3412576 1234567
3412657 1234567
3412675 1234567
3412756 1234567
3412765 1234567
3415267 1234567
3415276 1234567
3415627 1234567
3415672 1234567
3415726 1234567
3415762 1234567
3416257 1234567
3416275 1234567
3416527 1234567
3416572 1234567
3416725 1234567
3416752 1234567
3417256 1234567
3417265 1234567
3417526 1234567
3417562 1234567
3417625 1234567
3417652 1234567
3421567 1234567
3421576 1234567
3421657 1234567
3421675 1234567
3421756 1234567
3421765 1234567
3425167 1234567
3425176 1234567
3425617 1234567
3425671 1234567
3425716 1234567
3425761 1234567
3426157 1234567
3426175 1234567
3426517 1234567
3426571 1234567
3426715 1234567
3426751 1234567
3427156 1234567
3427165 1234567
3427516 1234567
3427561 1234567
3427615 1234567
3427651 1234567
3451267 1234567
3451276 1234567
3451627 1234567
3451672 1234567
3451726 1234567
3451762 1234567
3452167 1234567
3452176 1234567
3452617 1234567
3452671 1234567
3452716 1234567
3452761 1234567
3456127 1234567
3456172 1234567
3456217 1234567
3456271 1234567
3456712 1234567
3456721 1234567
3457126 1234567
3457162 1234567
3457216 1234567
3457261 1234567
3457612 1234567
3457621 1234567
3461257 1234567
3461275 1234567
3461527 1234567
3461572 1234567
3461725 1234567
3461752 1234567
3462157 1234567
3462175 1234567
3462517 1234567
3462571 1234567
3462715 1234567
3462751 1234567
3465127 1234567
3465172 1234567
3465217 1234567
3465271 1234567
3465712 1234567
3465721 1234567
3467125 1234567
3467152 1234567
3467215 1234567
3467251 1234567
3467512 1234567
3467521 1234567
3471256 1234567
3471265 1234567
3471526 1234567
3471562 1234567
3471625 1234567
3471652 1234567
3472156 1234567
3472165 1234567
3472516 1234567
3472561 1234567
3472615 1234567
3472651 1234567
3475126 1234567
3475162 1234567
3475216 1234567
3475261 1234567
3475612 1234567
3475621 1234567
3476125 1234567
3476152 1234567
3476215 1234567
3476251 1234567
3476512 1234567
3476521 1234567
3512467 1234567
3512476 1234567
3512647 1234567
3512674 1234567
3512746 1234567
3512764 1234567
3514267 1234567
3514276 1234567
3514627 1234567
3514672 1234567
3514726 1234567
3514762 1234567
3516247 1234567
3516274 1234567
3516427 1234567
3516472 1234567
3516724 1234567
3516742 1234567
3517246 1234567
3517264 1234567
3517426 1234567
3517462 1234567
3517624 1234567
3517642 1234567
3521467 1234567
3521476 1234567
3521647 1234567
3521674 1234567
3521746 1234567
3521764 1234567
3524167 1234567
3524176 1234567
3524617 1234567
3524671 1234567
3524716 1234567
3524761 1234567
3526147 1234567
3526174 1234567
3526417 1234567
3526471 1234567
3526714 1234567
3526741 1234567
3527146 1234567
3527164 1234567
3527416 1234567
3527461 1234567
3527614 1234567
3527641 1234567
3541267 1234567
3541276 1234567
3541627 1234567
3541672 1234567
3541726 1234567
3541762 1234567
3542167 1234567
3542176 1234567
3542617 1234567
3542671 1234567
3542716 1234567
3542761 1234567
3546127 1234567
3546172 1234567
3546217 1234567
3546271 1234567
3546712 1234567
3546721 1234567
3547126 1234567
3547162 1234567
3547216 1234567
3547261 1234567
3547612 1234567
3547621 1234567
3561247 1234567
3561274 1234567
3561427 1234567
3561472 1234567
3561724 1234567
3561742 1234567
3562147 1234567
3562174 1234567
3562417 1234567
3562471 1234567
3562714 1234567
3562741 1234567
3564127 1234567
3564172 1234567
3564217 1234567
3564271 1234567
3564712 1234567
3564721 1234567
3567124 1234567
3567142 1234567
3567214 1234567
3567241 1234567
3567412 1234567
3567421 1234567
3571246 1234567
3571264 1234567
3571426 1234567
3571462 1234567
3571624 1234567
3571642 1234567
3572146 1234567
3572164 1234567
3572416 1234567
3572461 1234567
3572614 1234567
3572641 1234567
3574126 1234567
3574162 1234567
3574216 1234567
3574261 1234567
3574612 1234567
3574621 1234567
3576124 1234567
3576142 1234567
3576214 1234567
3576241 1234567
3576412 1234567
3576421 1234567
3612457 1234567
3612475 1234567
3612547 1234567
3612574 1234567
3612745 1234567
3612754 1234567
3614257 1234567
3614275 1234567
3614527 1234567
3614572 1234567
3614725 1234567
3614752 1234567
3615247 1234567
3615274 1234567
3615427 1234567
3615472 1234567
3615724 1234567
3615742 1234567
3617245 1234567
3617254 1234567
3617425 1234567
3617452 1234567
3617524 1234567
3617542 1234567
3621457 1234567
3621475 1234567
3621547 1234567
3621574 1234567
3621745 1234567
3621754 1234567
3624157 1234567
3624175 1234567
3624517 1234567
3624571 1234567
3624715 1234567
3624751 1234567
3625147 1234567
3625174 1234567
3625417 1234567
3625471 1234567
3625714 1234567
3625741 1234567
3627145 1234567
3627154 1234567
3627415 1234567
3627451 1234567
3627514 1234567
3627541 1234567
3641257 1234567
3641275 1234567
3641527 1234567
3641572 1234567
3641725 1234567
3641752 1234567
3642157 1234567
3642175 1234567
3642517 1234567
3642571 1234567
3642715 1234567
3642751 1234567
3645127 1234567
3645172 1234567
3645217 1234567
3645271 1234567
3645712 1234567
3645721 1234567
3647125 1234567
3647152 1234567
3647215 1234567
3647251 1234567
3647512 1234567
3647521 1234567
3651247 1234567
3651274 1234567
3651427 1234567
3651472 1234567
3651724 1234567
3651742 1234567
3652147 1234567
3652174 1234567
3652417 1234567
3652471 1234567
3652714 1234567
3652741 1234567
3654127 1234567
3654172 1234567
3654217 1234567
3654271 1234567
3654712 1234567
3654721 1234567
3657124 1234567
3657142 1234567
3657214 1234567
3657241 1234567
3657412 1234567
3657421 1234567
3671245 1234567
3671254 1234567
3671425 1234567
3671452 1234567
3671524 1234567
3671542 1234567
3672145 1234567
3672154 1234567
3672415 1234567
3672451 1234567
3672514 1234567
3672541 1234567
3674125 1234567
3674152 1234567
3674215 1234567
3674251 1234567
3674512 1234567
3674521 1234567
3675124 1234567
3675142 1234567
3675214 1234567
3675241 1234567
3675412 1234567
3675421 1234567
3712456 1234567
3712465 1234567
3712546 1234567
3712564 1234567
3712645 1234567
3712654 1234567
3714256 1234567
3714265 1234567
3714526 1234567
3714562 1234567
3714625 1234567
3714652 1234567
3715246 1234567
3715264 1234567
3715426 1234567
3715462 1234567
3715624 1234567
3715642 1234567
3716245 1234567
3716254 1234567
3716425 1234567
3716452 1234567
3716524 1234567
3716542 1234567
3721456 1234567
3721465 1234567
3721546 1234567
3721564 1234567
3721645 1234567
3721654 1234567
3724156 1234567
3724165 1234567
3724516 1234567
3724561 1234567
3724615 1234567
3724651 1234567
3725146 1234567
3725164 1234567
3725416 1234567
3725461 1234567
3725614 1234567
3725641 1234567
3726145 1234567
3726154 1234567
3726415 1234567
3726451 1234567
3726514 1234567
3726541 1234567
3741256 1234567
3741265 1234567
3741526 1234567
3741562 1234567
3741625 1234567
3741652 1234567
3742156 1234567
3742165 1234567
3742516 1234567
3742561 1234567
3742615 1234567
3742651 1234567
3745126 1234567
3745162 1234567
3745216 1234567
3745261 1234567
3745612 1234567
3745621 1234567
3746125 1234567
3746152 1234567
3746215 1234567
3746251 1234567
3746512 1234567
3746521 1234567
3751246 1234567
3751264 1234567
3751426 1234567
3751462 1234567
3751624 1234567
3751642 1234567
3752146 1234567
3752164 1234567
3752416 1234567
3752461 1234567
3752614 1234567
3752641 1234567
3754126 1234567
3754162 1234567
3754216 1234567
3754261 1234567
3754612 1234567
3754621 1234567
3756124 1234567
3756142 1234567
3756214 1234567
3756241 1234567
3756412 1234567
3756421 1234567
3761245 1234567
3761254 1234567
3761425 1234567
3761452 1234567
3761524 1234567
3761542 1234567
3762145 1234567
3762154 1234567
3762415 1234567
3762451 1234567
3762514 1234567
3762541 1234567
3764125 1234567
3764152 1234567
3764215 1234567
3764251 1234567
3764512 1234567
3764521 1234567
3765124 1234567
3765142 1234567
3765214 1234567
3765241 1234567
3765412 1234567
3765421 1234567
4123567 1234567
4123576 1234567
4123657 1234567
4123675 1234567
4123756 1234567
4123765 1234567
4125367 1234567
4125376 1234567
4125637 1234567
4125673 1234567
4125736 1234567
4125763 1234567
4126357 1234567
4126375 1234567
4126537 1234567
4126573 1234567
4126735 1234567
4126753 1234567
4127356 1234567
4127365 1234567
4127536 1234567
4127563 1234567
4127635 1234567
4127653 1234567
4132567 1234567
4132576 1234567
4132657 1234567
4132675 1234567
4132756 1234567
4132765 1234567
4135267 1234567
4135276 1234567
4135627 1234567
4135672 1234567
4135726 1234567
4135762 1234567
4136257 1234567
4136275 1234567
4136527 1234567
4136572 1234567
4136725 1234567
4136752 1234567
4137256 1234567
4137265 1234567
4137526 1234567
4137562 1234567
4137625 1234567
4137652 1234567
4152367 1234567
4152376 1234567
4152637 1234567
4152673 1234567
4152736 1234567
4152763 1234567
4153267 1234567
4153276 1234567
4153627 1234567
4153672 1234567
4153726 1234567
4153762 1234567
4156237 1234567
4156273 1234567
4156327 1234567
4156372 1234567
4156723 1234567
4156732 1234567
4157236 1234567
4157263 1234567
4157326 1234567
4157362 1234567
4157623 1234567
4157632 1234567
4162357 1234567
4162375 1234567
4162537 1234567
4162573 1234567
4162735 1234567
4162753 1234567
4163257 1234567
4163275 1234567
4163527 1234567
4163572 1234567
4163725 1234567
4163752 1234567
4165237 1234567
4165273 1234567
4165327 1234567
4165372 1234567
4165723 1234567
4165732 1234567
4167235 1234567
4167253 1234567
4167325 1234567
4167352 1234567
4167523 1234567
4167532 1234567
4172356 1234567
4172365 1234567
4172536 1234567
4172563 1234567
4172635 1234567
4172653 1234567
4173256 1234567
4173265 1234567
4173526 1234567
4173562 1234567
4173625 1234567
4173652 1234567
4175236 1234567
4175263 1234567
4175326 1234567
4175362 1234567
4175623 1234567
4175632 1234567
4176235 1234567
4176253 1234567
4176325 1234567
4176352 1234567
4176523 1234567
4176532 1234567
4213567 1234567
4213576 1234567
4213657 1234567
4213675 1234567
4213756 1234567
4213765 1234567
4215367 1234567
4215376 1234567
4215637 1234567
4215673 1234567
4215736 1234567
4215763 1234567
4216357 1234567
4216375 1234567
4216537 1234567
4216573 1234567
4216735 1234567
4216753 1234567
4217356 1234567
4217365 1234567
4217536 1234567
4217563 1234567
4217635 1234567
4217653 1234567
4231567 1234567
4231576 1234567
4231657 1234567
4231675 1234567
4231756 1234567
4231765 1234567
4235167 1234567
4235176 1234567
4235617 1234567
4235671 1234567
4235716 1234567
4235761 1234567
4236157 1234567
4236175 1234567
4236517 1234567
4236571 1234567
4236715 1234567
4236751 1234567
4237156 1234567
4237165 1234567
4237516 1234567
4237561 1234567
4237615 1234567
4237651 1234567
4251367 1234567
4251376 1234567
4251637 1234567
4251673 1234567
4251736 1234567
4251763 1234567
4253167 1234567
4253176 1234567
4253617 1234567
4253671 1234567
4253716 1234567
4253761 1234567
4256137 1234567
4256173 1234567
4256317 1234567
4256371 1234567
4256713 1234567
4256731 1234567
4257136 1234567
4257163 1234567
4257316 1234567
4257361 1234567
4257613 1234567
4257631 1234567
4261357 1234567
4261375 1234567
4261537 1234567
4261573 1234567
4261735 1234567
4261753 1234567
4263157 1234567
4263175 1234567
4263517 1234567
4263571 1234567
4263715 1234567
4263751 1234567
4265137 1234567
4265173 1234567
4265317 1234567
4265371 1234567
4265713 1234567
4265731 1234567
4267135 1234567
4267153 1234567
4267315 1234567
4267351 1234567
4267513 1234567
4267531 1234567
4271356 1234567
4271365 1234567
4271536 1234567
4271563 1234567
4271635 1234567
4271653 1234567
4273156 1234567
4273165 1234567
4273516 1234567
4273561 1234567
4273615 1234567
4273651 1234567
4275136 1234567
4275163 1234567
4275316 1234567
4275361 1234567
4275613 1234567
4275631 1234567
4276135 1234567
4276153 1234567
4276315 1234567
4276351 1234567
4276513 1234567
4276531 1234567
4312567 1234567
4312576 1234567
4312657 1234567
4312675 1234567
4312756 1234567
4312765 1234567
4315267 1234567
4315276 1234567
4315627 1234567
4315672 1234567
4315726 1234567
4315762 1234567
4316257 1234567
4316275 1234567
4316527 1234567
4316572 1234567
4316725 1234567
4316752 1234567
4317256 1234567
4317265 1234567
4317526 1234567
4317562 1234567
4317625 1234567
4317652 1234567
4321567 1234567
4321576 1234567
4321657 1234567
4321675 1234567
4321756 1234567
4321765 1234567
4325167 1234567
4325176 1234567
4325617 1234567
4325671 1234567
4325716 1234567
4325761 1234567
4326157 1234567
4326175 1234567
4326517 1234567
4326571 1234567
4326715 1234567
4326751 1234567
4327156 1234567
4327165 1234567
4327516 1234567
4327561 1234567
4327615 1234567
4327651 1234567
4351267 1234567
4351276 1234567
4351627 1234567
4351672 1234567
4351726 1234567
4351762 1234567
4352167 1234567
4352176 1234567
4352617 1234567
4352671 1234567
4352716 1234567
4352761 1234567
4356127 1234567
4356172 1234567
4356217 1234567
4356271 1234567
4356712 1234567
4356721 1234567
4357126 1234567
4357162 1234567
4357216 1234567
4357261 1234567
4357612 1234567
4357621 1234567
4361257 1234567
4361275 1234567
4361527 1234567
4361572 1234567
4361725 1234567
4361752 1234567
4362157 1234567
4362175 1234567
4362517 1234567
4362571 1234567
4362715 1234567
4362751 1234567
4365127 1234567
4365172 1234567
4365217 1234567
4365271 1234567
4365712 1234567
4365721 1234567
4367125 1234567
4367152 1234567
4367215 1234567
4367251 1234567
4367512 1234567
4367521 1234567
4371256 1234567
4371265 1234567
4371526 1234567
4371562 1234567
4371625 1234567
4371652 1234567
4372156 1234567
4372165 1234567
4372516 1234567
4372561 1234567
4372615 1234567
4372651 1234567
4375126 1234567
4375162 1234567
4375216 1234567
4375261 1234567
4375612 1234567
4375621 1234567
4376125 1234567
4376152 1234567
4376215 1234567
4376251 1234567
4376512 1234567
4376521 1234567
4512367 1234567
4512376 1234567
4512637 1234567
4512673 1234567
4512736 1234567
4512763 1234567
4513267 1234567
4513276 1234567
4513627 1234567
4513672 1234567
4513726 1234567
4513762 1234567
4516237 1234567
4516273 1234567
4516327 1234567
4516372 1234567
4516723 1234567
4516732 1234567
4517236 1234567
4517263 1234567
4517326 1234567
4517362 1234567
4517623 1234567
4517632 1234567
4521367 1234567
4521376 1234567
4521637 1234567
4521673 1234567
4521736 1234567
4521763 1234567
4523167 1234567
4523176 1234567
4523617 1234567
4523671 1234567
4523716 1234567
4523761 1234567
4526137 1234567
4526173 1234567
4526317 1234567
4526371 1234567
4526713 1234567
4526731 1234567
4527136 1234567
4527163 1234567
4527316 1234567
4527361 1234567
4527613 1234567
4527631 1234567
4531267 1234567
4531276 1234567
4531627 1234567
4531672 1234567
4531726 1234567
4531762 1234567
4532167 1234567
4532176 1234567
4532617 1234567
4532671 1234567
4532716 1234567
4532761 1234567
4536127 1234567
4536172 1234567
4536217 1234567
4536271 1234567
4536712 1234567
4536721 1234567
4537126 1234567
4537162 1234567
4537216 1234567
4537261 1234567
4537612 1234567
4537621 1234567
4561237 1234567
4561273 1234567
4561327 1234567
4561372 1234567
4561723 1234567
4561732 1234567
4562137 1234567
4562173 1234567
4562317 1234567
4562371 1234567
4562713 1234567
4562731 1234567
4563127 1234567
4563172 1234567
4563217 1234567
4563271 1234567
4563712 1234567
4563721 1234567
4567123 1234567
4567132 1234567
4567213 1234567
4567231 1234567
4567312 1234567
4567321 1234567
4571236 1234567
4571263 1234567
4571326 1234567
4571362 1234567
4571623 1234567
4571632 1234567
4572136 1234567
4572163 1234567
4572316 1234567
4572361 1234567
4572613 1234567
4572631 1234567
4573126 1234567
4573162 1234567
4573216 1234567
4573261 1234567
4573612 1234567
4573621 1234567
4576123 1234567
4576132 1234567
4576213 1234567
4576231 1234567
4576312 1234567
4576321 1234567
4612357 1234567
4612375 1234567
4612537 1234567
4612573 1234567
4612735 1234567
4612753 1234567
4613257 1234567
4613275 1234567
4613527 1234567
4613572 1234567
4613725 1234567
4613752 1234567
4615237 1234567
4615273 1234567
4615327 1234567
4615372 1234567
4615723 1234567
4615732 1234567
4617235 1234567
4617253 1234567
4617325 1234567
4617352 1234567
4617523 1234567
4617532 1234567
4621357 1234567
4621375 1234567
4621537 1234567
4621573 1234567
4621735 1234567
4621753 1234567
4623157 1234567
4623175 1234567
4623517 1234567
4623571 1234567
4623715 1234567
4623751 1234567
4625137 1234567
4625173 1234567
4625317 1234567
4625371 1234567
4625713 1234567
4625731 1234567
4627135 1234567
4627153 1234567
4627315 1234567
4627351 1234567
4627513 1234567
4627531 1234567
4631257 1234567
4631275 1234567
4631527 1234567
4631572 1234567
4631725 1234567
4631752 1234567
4632157 1234567
4632175 1234567
4632517 1234567
4632571 1234567
4632715 1234567
4632751 1234567
4635127 1234567
4635172 1234567
4635217 1234567
4635271 1234567
4635712 1234567
4635721 1234567
4637125 1234567
4637152 1234567
4637215 1234567
4637251 1234567
4637512 1234567
4637521 1234567
4651237 1234567
4651273 1234567
4651327 1234567
4651372 1234567
4651723 1234567
4651732 1234567
4652137 1234567
4652173 1234567
4652317 1234567
4652371 1234567
4652713 1234567
4652731 1234567
4653127 1234567
4653172 1234567
4653217 1234567
4653271 1234567
4653712 1234567
4653721 1234567
4657123 1234567
4657132 1234567
4657213 1234567
4657231 1234567
4657312 1234567
4657321 1234567
4671235 1234567
4671253 1234567
4671325 1234567
4671352 1234567
4671523 1234567
4671532 1234567
4672135 1234567
4672153 1234567
4672315 1234567
4672351 1234567
4672513 1234567
4672531 1234567
4673125 1234567
4673152 1234567
4673215 1234567
4673251 1234567
4673512 1234567
4673521 1234567
4675123 1234567
4675132 1234567
4675213 1234567
4675231 1234567
4675312 1234567
4675321 1234567
4712356 1234567
4712365 1234567
4712536 1234567
4712563 1234567
4712635 1234567
4712653 1234567
4713256 1234567
4713265 1234567
4713526 1234567
4713562 1234567
4713625 1234567
4713652 1234567
4715236 1234567
4715263 1234567
4715326 1234567
4715362 1234567
4715623 1234567
4715632 1234567
4716235 1234567
4716253 1234567
4716325 1234567
4716352 1234567
4716523 1234567
4716532 1234567
4721356 1234567
4721365 1234567
4721536 1234567
4721563 1234567
4721635 1234567
4721653 1234567
4723156 1234567
4723165 1234567
4723516 1234567
4723561 1234567
4723615 1234567
4723651 1234567
4725136 1234567
4725163 1234567
4725316 1234567
4725361 1234567
4725613 1234567
4725631 1234567
4726135 1234567
4726153 1234567
4726315 1234567
4726351 1234567
4726513 1234567
4726531 1234567
4731256 1234567
4731265 1234567
4731526 1234567
4731562 1234567
4731625 1234567
4731652 1234567
4732156 1234567
4732165 1234567
4732516 1234567
4732561 1234567
4732615 1234567
4732651 1234567
4735126 1234567
4735162 1234567
4735216 1234567
4735261 1234567
4735612 1234567
4735621 1234567
4736125 1234567
4736152 1234567
4736215 1234567
4736251 1234567
4736512 1234567
4736521 1234567
4751236 1234567
4751263 1234567
4751326 1234567
4751362 1234567
4751623 1234567
4751632 1234567
4752136 1234567
4752163 1234567
4752316 1234567
4752361 1234567
4752613 1234567
4752631 1234567
4753126 1234567
4753162 1234567
4753216 1234567
4753261 1234567
4753612 1234567
4753621 1234567
4756123 1234567
4756132 1234567
4756213 1234567
4756231 1234567
4756312 1234567
4756321 1234567
4761235 1234567
4761253 1234567
4761325 1234567
4761352 1234567
4761523 1234567
4761532 1234567
4762135 1234567
4762153 1234567
4762315 1234567
4762351 1234567
4762513 1234567
4762531 1234567
4763125 1234567
4763152 1234567
4763215 1234567
4763251 1234567
4763512 1234567
4763521 1234567
4765123 1234567
4765132 1234567
4765213 1234567
4765231 1234567
4765312 1234567
4765321 1234567
5123467 1234567
5123476 1234567
5123647 1234567
5123674 1234567
5123746 1234567
5123764 1234567
5124367 1234567
5124376 1234567
5124637 1234567
5124673 1234567
5124736 1234567
5124763 1234567
5126347 1234567
5126374 1234567
5126437 1234567
5126473 1234567
5126734 1234567
5126743 1234567
5127346 1234567
5127364 1234567
5127436 1234567
5127463 1234567
5127634 1234567
5127643 1234567
5132467 1234567
5132476 1234567
5132647 1234567
5132674 1234567
5132746 1234567
5132764 1234567
5134267 1234567
5134276 1234567
5134627 1234567
5134672 1234567
5134726 1234567
5134762 1234567
5136247 1234567
5136274 1234567
5136427 1234567
5136472 1234567
5136724 1234567
5136742 1234567
5137246 1234567
5137264 1234567
5137426 1234567
5137462 1234567
5137624 1234567
5137642 1234567
5142367 1234567
5142376 1234567
5142637 1234567
5142673 1234567
5142736 1234567
5142763 1234567
5143267 1234567
5143276 1234567
5143627 1234567
5143672 1234567
5143726 1234567
5143762 1234567
5146237 1234567
5146273 1234567
5146327 1234567
5146372 1234567
5146723 1234567
5146732 1234567
5147236 1234567
5147263 1234567
5147326 1234567
5147362 1234567
5147623 1234567
5147632 1234567
5162347 1234567
5162374 1234567
5162437 1234567
5162473 1234567
5162734 1234567
5162743 1234567
5163247 1234567
5163274 1234567
5163427 1234567
5163472 1234567
5163724 1234567
5163742 1234567
5164237 1234567
5164273 1234567
5164327 1234567
5164372 1234567
5164723 1234567
5164732 1234567
5167234 1234567
5167243 1234567
5167324 1234567
5167342 1234567
5167423 1234567
5167432 1234567
5172346 1234567
5172364 1234567
5172436 1234567
5172463 1234567
5172634 1234567
5172643 1234567
5173246 1234567
5173264 1234567
5173426 1234567
5173462 1234567
5173624 1234567
5173642 1234567
5174236 1234567
5174263 1234567
5174326 1234567
5174362 1234567
5174623 1234567
5174632 1234567
5176234 1234567
5176243 1234567
5176324 1234567
5176342 1234567
5176423 1234567
5176432 1234567
5213467 1234567
5213476 1234567
5213647 1234567
5213674 1234567
5213746 1234567
5213764 1234567
5214367 1234567
5214376 1234567
5214637 1234567
5214673 1234567
5214736 1234567
5214763 1234567
5216347 1234567
5216374 1234567
5216437 1234567
5216473 1234567
5216734 1234567
5216743 1234567
5217346 1234567
5217364 1234567
5217436 1234567
5217463 1234567
5217634 1234567
5217643 1234567
5231467 1234567
5231476 1234567
5231647 1234567
5231674 1234567
5231746 1234567
5231764 1234567
5234167 1234567
5234176 1234567
5234617 1234567
5234671 1234567
5234716 1234567
5234761 1234567
5236147 1234567
5236174 1234567
5236417 1234567
5236471 1234567
5236714 1234567
5236741 1234567
5237146 1234567
5237164 1234567
5237416 1234567
5237461 1234567
5237614 1234567
5237641 1234567
5241367 1234567
5241376 1234567
5241637 1234567
5241673 1234567
5241736 1234567
5241763 1234567
5243167 1234567
5243176 1234567
5243617 1234567
5243671 1234567
5243716 1234567
5243761 1234567
5246137 1234567
5246173 1234567
5246317 1234567
5246371 1234567
5246713 1234567
5246731 1234567
5247136 1234567
5247163 1234567
5247316 1234567
5247361 1234567
5247613 1234567
5247631 1234567
5261347 1234567
5261374 1234567
5261437 1234567
5261473 1234567
5261734 1234567
5261743 1234567
5263147 1234567
5263174 1234567
5263417 1234567
5263471 1234567
5263714 1234567
5263741 1234567
5264137 1234567
5264173 1234567
5264317 1234567
5264371 1234567
5264713 1234567
5264731 1234567
5267134 1234567
5267143 1234567
5267314 1234567
5267341 1234567
5267413 1234567
5267431 1234567
5271346 1234567
5271364 1234567
5271436 1234567
5271463 1234567
5271634 1234567
5271643 1234567
5273146 1234567
5273164 1234567
5273416 1234567
5273461 1234567
5273614 1234567
5273641 1234567
5274136 1234567
5274163 1234567
5274316 1234567
5274361 1234567
5274613 1234567
5274631 1234567
5276134 1234567
5276143 1234567
5276314 1234567
5276341 1234567
5276413 1234567
5276431 1234567
5312467 1234567
5312476 1234567
5312647 1234567
5312674 1234567
5312746 1234567
5312764 1234567
5314267 1234567
5314276 1234567
5314627 1234567
5314672 1234567
5314726 1234567
5314762 1234567
5316247 1234567
5316274 1234567
5316427 1234567
5316472 1234567
5316724 1234567
5316742 1234567
5317246 1234567
5317264 1234567
5317426 1234567
5317462 1234567
5317624 1234567
5317642 1234567
5321467 1234567
5321476 1234567
5321647 1234567
5321674 1234567
5321746 1234567
5321764 1234567
5324167 1234567
5324176 1234567
5324617 1234567
5324671 1234567
5324716 1234567
5324761 1234567
5326147 1234567
5326174 1234567
5326417 1234567
5326471 1234567
5326714 1234567
5326741 1234567
5327146 1234567
5327164 1234567
5327416 1234567
5327461 1234567
5327614 1234567
5327641 1234567
5341267 1234567
5341276 1234567
5341627 1234567
5341672 1234567
5341726 1234567
5341762 1234567
5342167 1234567
5342176 1234567
5342617 1234567
5342671 1234567
5342716 1234567
5342761 1234567
5346127 1234567
5346172 1234567
5346217 1234567
5346271 1234567
5346712 1234567
5346721 1234567
5347126 1234567
5347162 1234567
5347216 1234567
5347261 1234567
5347612 1234567
5347621 1234567
5361247 1234567
5361274 1234567
5361427 1234567
5361472 1234567
5361724 1234567
5361742 1234567
5362147 1234567
5362174 1234567
5362417 1234567
5362471 1234567
5362714 1234567
5362741 1234567
5364127 1234567
5364172 1234567
5364217 1234567
5364271 1234567
5364712 1234567
5364721 1234567
5367124 1234567
5367142 1234567
5367214 1234567
5367241 1234567
5367412 1234567
5367421 1234567
5371246 1234567
5371264 1234567
5371426 1234567
5371462 1234567
5371624 1234567
5371642 1234567
5372146 1234567
5372164 1234567
5372416 1234567
5372461 1234567
5372614 1234567
5372641 1234567
5374126 1234567
5374162 1234567
5374216 1234567
5374261 1234567
5374612 1234567
5374621 1234567
5376124 1234567
5376142 1234567
5376214 1234567
5376241 1234567
5376412 1234567
5376421 1234567
5412367 1234567
5412376 1234567
5412637 1234567
5412673 1234567
5412736 1234567
5412763 1234567
5413267 1234567
5413276 1234567
5413627 1234567
5413672 1234567
5413726 1234567
5413762 1234567
5416237 1234567
5416273 1234567
5416327 1234567
5416372 1234567
5416723 1234567
5416732 1234567
5417236 1234567
5417263 1234567
5417326 1234567
5417362 1234567
5417623 1234567
5417632 1234567
5421367 1234567
5421376 1234567
5421637 1234567
5421673 1234567
5421736 1234567
5421763 1234567
5423167 1234567
5423176 1234567
5423617 1234567
5423671 1234567
5423716 1234567
5423761 1234567
5426137 1234567
5426173 1234567
5426317 1234567
5426371 1234567
5426713 1234567
5426731 1234567
5427136 1234567
5427163 1234567
5427316 1234567
5427361 1234567
5427613 1234567
5427631 1234567
5431267 1234567
5431276 1234567
5431627 1234567
5431672 1234567
5431726 1234567
5431762 1234567
5432167 1234567
5432176 1234567
5432617 1234567
5432671 1234567
5432716 1234567
5432761 1234567
5436127 1234567
5436172 1234567
5436217 1234567
5436271 1234567
5436712 1234567
5436721 1234567
5437126 1234567
5437162 1234567
5437216 1234567
5437261 1234567
5437612 1234567
5437621 1234567
5461237 1234567
5461273 1234567
5461327 1234567
5461372 1234567
5461723 1234567
5461732 1234567
5462137 1234567
5462173 1234567
5462317 1234567
5462371 1234567
5462713 1234567
5462731 1234567
5463127 1234567
5463172 1234567
5463217 1234567
5463271 1234567
5463712 1234567
5463721 1234567
5467123 1234567
5467132 1234567
5467213 1234567
5467231 1234567
5467312 1234567
5467321 1234567
5471236 1234567
5471263 1234567
5471326 1234567
5471362 1234567
5471623 1234567
5471632 1234567
5472136 1234567
5472163 1234567
5472316 1234567
5472361 1234567
5472613 1234567
5472631 1234567
5473126 1234567
5473162 1234567
5473216 1234567
5473261 1234567
5473612 1234567
5473621 1234567
5476123 1234567
5476132 1234567
5476213 1234567
5476231 1234567
5476312 1234567
5476321 1234567
5612347 1234567
5612374 1234567
5612437 1234567
5612473 1234567
5612734 1234567
5612743 1234567
5613247 1234567
5613274 1234567
5613427 1234567
5613472 1234567
5613724 1234567
5613742 1234567
5614237 1234567
5614273 1234567
5614327 1234567
5614372 1234567
5614723 1234567
5614732 1234567
5617234 1234567
5617243 1234567
5617324 1234567
5617342 1234567
5617423 1234567
5617432 1234567
5621347 1234567
5621374 1234567
5621437 1234567
5621473 1234567
5621734 1234567
5621743 1234567
5623147 1234567
5623174 1234567
5623417 1234567
5623471 1234567
5623714 1234567
5623741 1234567
5624137 1234567
5624173 1234567
5624317 1234567
5624371 1234567
5624713 1234567
5624731 1234567
5627134 1234567
5627143 1234567
5627314 1234567
5627341 1234567
5627413 1234567
5627431 1234567
5631247 1234567
5631274 1234567
5631427 1234567
5631472 1234567
5631724 1234567
5631742 1234567
5632147 1234567
5632174 1234567
5632417 1234567
5632471 1234567
5632714 1234567
5632741 1234567
5634127 1234567
5634172 1234567
5634217 1234567
5634271 1234567
5634712 1234567
5634721 1234567
5637124 1234567
5637142 1234567
5637214 1234567
5637241 1234567
5637412 1234567
5637421 1234567
5641237 1234567
5641273 1234567
5641327 1234567
5641372 1234567
5641723 1234567
5641732 1234567
5642137 1234567
5642173 1234567
5642317 1234567
5642371 1234567
5642713 1234567
5642731 1234567
5643127 1234567
5643172 1234567
5643217 1234567
5643271 1234567
5643712 1234567
5643721 1234567
5647123 1234567
5647132 1234567
5647213 1234567
5647231 1234567
5647312 1234567
5647321 1234567
5671234 1234567
5671243 1234567
5671324 1234567
5671342 1234567
5671423 1234567
5671432 1234567
5672134 1234567
5672143 1234567
5672314 1234567
5672341 1234567
5672413 1234567
5672431 1234567
5673124 1234567
5673142 1234567
5673214 1234567
5673241 1234567
5673412 1234567
5673421 1234567
5674123 1234567
5674132 1234567
5674213 1234567
5674231 1234567
5674312 1234567
5674321 1234567
5712346 1234567
5712364 1234567
5712436 1234567
5712463 1234567
5712634 1234567
5712643 1234567
5713246 1234567
5713264 1234567
5713426 1234567
5713462 1234567
5713624 1234567
5713642 1234567
5714236 1234567
5714263 1234567
5714326 1234567
5714362 1234567
5714623 1234567
5714632 1234567
5716234 1234567
5716243 1234567
5716324 1234567
5716342 1234567
5716423 1234567
5716432 1234567
5721346 1234567
5721364 1234567
5721436 1234567
5721463 1234567
5721634 1234567
5721643 1234567
5723146 1234567
5723164 1234567
5723416 1234567
5723461 1234567
5723614 1234567
5723641 1234567
5724136 1234567
5724163 1234567
5724316 1234567
5724361 1234567
5724613 1234567
5724631 1234567
5726134 1234567
5726143 1234567
5726314 1234567
5726341 1234567
5726413 1234567
5726431 1234567
5731246 1234567
5731264 1234567
5731426 1234567
5731462 1234567
5731624 1234567
5731642 1234567
5732146 1234567
5732164 1234567
5732416 1234567
5732461 1234567
5732614 1234567
5732641 1234567
5734126 1234567
5734162 1234567
5734216 1234567
5734261 1234567
5734612 1234567
5734621 1234567
5736124 1234567
5736142 1234567
5736214 1234567
5736241 1234567
5736412 1234567
5736421 1234567
5741236 1234567
5741263 1234567
5741326 1234567
5741362 1234567
5741623 1234567
5741632 1234567
5742136 1234567
5742163 1234567
5742316 1234567
5742361 1234567
5742613 1234567
5742631 1234567
5743126 1234567
5743162 1234567
5743216 1234567
5743261 1234567
5743612 1234567
5743621 1234567
5746123 1234567
5746132 1234567
5746213 1234567
5746231 1234567
5746312 1234567
5746321 1234567
5761234 1234567
5761243 1234567
5761324 1234567
5761342 1234567
5761423 1234567
5761432 1234567
5762134 1234567
5762143 1234567
5762314 1234567
5762341 1234567
5762413 1234567
5762431 1234567
5763124 1234567
5763142 1234567
5763214 1234567
5763241 1234567
5763412 1234567
5763421 1234567
5764123 1234567
5764132 1234567
5764213 1234567
5764231 1234567
5764312 1234567
5764321 1234567
6123457 1234567
6123475 1234567
6123547 1234567
6123574 1234567
6123745 1234567
6123754 1234567
6124357 1234567
6124375 1234567
6124537 1234567
6124573 1234567
6124735 1234567
6124753 1234567
6125347 1234567
6125374 1234567
6125437 1234567
6125473 1234567
6125734 1234567
6125743 1234567
6127345 1234567
6127354 1234567
6127435 1234567
6127453 1234567
6127534 1234567
6127543 1234567
6132457 1234567
6132475 1234567
6132547 1234567
6132574 1234567
6132745 1234567
6132754 1234567
6134257 1234567
6134275 1234567
6134527 1234567
6134572 1234567
6134725 1234567
6134752 1234567
6135247 1234567
6135274 1234567
6135427 1234567
6135472 1234567
6135724 1234567
6135742 1234567
6137245 1234567
6137254 1234567
6137425 1234567
6137452 1234567
6137524 1234567
6137542 1234567
6142357 1234567
6142375 1234567
6142537 1234567
6142573 1234567
6142735 1234567
6142753 1234567
6143257 1234567
6143275 1234567
6143527 1234567
6143572 1234567
6143725 1234567
6143752 1234567
6145237 1234567
6145273 1234567
6145327 1234567
6145372 1234567
6145723 1234567
6145732 1234567
6147235 1234567
6147253 1234567
6147325 1234567
6147352 1234567
6147523 1234567
6147532 1234567
6152347 1234567
6152374 1234567
6152437 1234567
6152473 1234567
6152734 1234567
6152743 1234567
6153247 1234567
6153274 1234567
6153427 1234567
6153472 1234567
6153724 1234567
6153742 1234567
6154237 1234567
6154273 1234567
6154327 1234567
6154372 1234567
6154723 1234567
6154732 1234567
6157234 1234567
6157243 1234567
6157324 1234567
6157342 1234567
6157423 1234567
6157432 1234567
6172345 1234567
6172354 1234567
6172435 1234567
6172453 1234567
6172534 1234567
6172543 1234567
6173245 1234567
6173254 1234567
6173425 1234567
6173452 1234567
6173524 1234567
6173542 1234567
6174235 1234567
6174253 1234567
6174325 1234567
6174352 1234567
6174523 1234567
6174532 1234567
6175234 1234567
6175243 1234567
6175324 1234567
6175342 1234567
6175423 1234567
6175432 1234567
6213457 1234567
6213475 1234567
6213547 1234567
6213574 1234567
6213745 1234567
6213754 1234567
6214357 1234567
6214375 1234567
6214537 1234567
6214573 1234567
6214735 1234567
6214753 1234567
6215347 1234567
6215374 1234567
6215437 1234567
6215473 1234567
6215734 1234567
6215743 1234567
6217345 1234567
6217354 1234567
6217435 1234567
6217453 1234567
6217534 1234567
6217543 1234567
6231457 1234567
6231475 1234567
6231547 1234567
6231574 1234567
6231745 1234567
6231754 1234567
6234157 1234567
6234175 1234567
6234517 1234567
6234571 1234567
6234715 1234567
6234751 1234567
6235147 1234567
6235174 1234567
6235417 1234567
6235471 1234567
6235714 1234567
6235741 1234567
6237145 1234567
6237154 1234567
6237415 1234567
6237451 1234567
6237514 1234567
6237541 1234567
6241357 1234567
6241375 1234567
6241537 1234567
6241573 1234567
6241735 1234567
6241753 1234567
6243157 1234567
6243175 1234567
6243517 1234567
6243571 1234567
6243715 1234567
6243751 1234567
6245137 1234567
6245173 1234567
6245317 1234567
6245371 1234567
6245713 1234567
6245731 1234567
6247135 1234567
6247153 1234567
6247315 1234567
6247351 1234567
6247513 1234567
6247531 1234567
6251347 1234567
6251374 1234567
6251437 1234567
6251473 1234567
6251734 1234567
6251743 1234567
6253147 1234567
6253174 1234567
6253417 1234567
6253471 1234567
6253714 1234567
6253741 1234567
6254137 1234567
6254173 1234567
6254317 1234567
6254371 1234567
6254713 1234567
6254731 1234567
6257134 1234567
6257143 1234567
6257314 1234567
6257341 1234567
6257413 1234567
6257431 1234567
6271345 1234567
6271354 1234567
6271435 1234567
6271453 1234567
6271534 1234567
6271543 1234567
6273145 1234567
6273154 1234567
6273415 1234567
6273451 1234567
6273514 1234567
6273541 1234567
6274135 1234567
6274153 1234567
6274315 1234567
6274351 1234567
6274513 1234567
6274531 1234567
6275134 1234567
6275143 1234567
6275314 1234567
6275341 1234567
6275413 1234567
6275431 1234567
6312457 1234567
6312475 1234567
6312547 1234567
6312574 1234567
6312745 1234567
6312754 1234567
6314257 1234567
6314275 1234567
6314527 1234567
6314572 1234567
6314725 1234567
6314752 1234567
6315247 1234567
6315274 1234567
6315427 1234567
6315472 1234567
6315724 1234567
6315742 1234567
6317245 1234567
6317254 1234567
6317425 1234567
6317452 1234567
6317524 1234567
6317542 1234567
6321457 1234567
6321475 1234567
6321547 1234567
6321574 1234567
6321745 1234567
6321754 1234567
6324157 1234567
6324175 1234567
6324517 1234567
6324571 1234567
6324715 1234567
6324751 1234567
6325147 1234567
6325174 1234567
6325417 1234567
6325471 1234567
6325714 1234567
6325741 1234567
6327145 1234567
6327154 1234567
6327415 1234567
6327451 1234567
6327514 1234567
6327541 1234567
6341257 1234567
6341275 1234567
6341527 1234567
6341572 1234567
6341725 1234567
6341752 1234567
6342157 1234567
6342175 1234567
6342517 1234567
6342571 1234567
6342715 1234567
6342751 1234567
6345127 1234567
6345172 1234567
6345217 1234567
6345271 1234567
6345712 1234567
6345721 1234567
6347125 1234567
6347152 1234567
6347215 1234567
6347251 1234567
6347512 1234567
6347521 1234567
6351247 1234567
6351274 1234567
6351427 1234567
6351472 1234567
6351724 1234567
6351742 1234567
6352147 1234567
6352174 1234567
6352417 1234567
6352471 1234567
6352714 1234567
6352741 1234567
6354127 1234567
6354172 1234567
6354217 1234567
6354271 1234567
6354712 1234567
6354721 1234567
6357124 1234567
6357142 1234567
6357214 1234567
6357241 1234567
6357412 1234567
6357421 1234567
6371245 1234567
6371254 1234567
6371425 1234567
6371452 1234567
6371524 1234567
6371542 1234567
6372145 1234567
6372154 1234567
6372415 1234567
6372451 1234567
6372514 1234567
6372541 1234567
6374125 1234567
6374152 1234567
6374215 1234567
6374251 1234567
6374512 1234567
6374521 1234567
6375124 1234567
6375142 1234567
6375214 1234567
6375241 1234567
6375412 1234567
6375421 1234567
6412357 1234567
6412375 1234567
6412537 1234567
6412573 1234567
6412735 1234567
6412753 1234567
6413257 1234567
6413275 1234567
6413527 1234567
6413572 1234567
6413725 1234567
6413752 1234567
6415237 1234567
6415273 1234567
6415327 1234567
6415372 1234567
6415723 1234567
6415732 1234567
6417235 1234567
6417253 1234567
6417325 1234567
6417352 1234567
6417523 1234567
6417532 1234567
6421357 1234567
6421375 1234567
6421537 1234567
6421573 1234567
6421735 1234567
6421753 1234567
6423157 1234567
6423175 1234567
6423517 1234567
6423571 1234567
6423715 1234567
6423751 1234567
6425137 1234567
6425173 1234567
6425317 1234567
6425371 1234567
6425713 1234567
6425731 1234567
6427135 1234567
6427153 1234567
6427315 1234567
6427351 1234567
6427513 1234567
6427531 1234567
6431257 1234567
6431275 1234567
6431527 1234567
6431572 1234567
6431725 1234567
6431752 1234567
6432157 1234567
6432175 1234567
6432517 1234567
6432571 1234567
6432715 1234567
6432751 1234567
6435127 1234567
6435172 1234567
6435217 1234567
6435271 1234567
6435712 1234567
6435721 1234567
6437125 1234567
6437152 1234567
6437215 1234567
6437251 1234567
6437512 1234567
6437521 1234567
6451237 1234567
6451273 1234567
6451327 1234567
6451372 1234567
6451723 1234567
6451732 1234567
6452137 1234567
6452173 1234567
6452317 1234567
6452371 1234567
6452713 1234567
6452731 1234567
6453127 1234567
6453172 1234567
6453217 1234567
6453271 1234567
6453712 1234567
6453721 1234567
6457123 1234567
6457132 1234567
6457231 1234567
6457312 1234567
6457321 1234567
6471235 1234567
6471253 1234567
6471325 1234567
6471352 1234567
6471523 1234567
6471532 1234567
6472135 1234567
6472153 1234567
6472315 1234567
6472351 1234567
6472513 1234567
6472531 1234567
6473125 1234567
6473152 1234567
6473215 1234567
6473251 1234567
6473512 1234567
6473521 1234567
6475123 1234567
6475132 1234567
6475213 1234567
6475231 1234567
6475312 1234567
6475321 1234567
6512347 1234567
6512374 1234567
6512437 1234567
6512473 1234567
6512734 1234567
6512743 1234567
6513247 1234567
6513274 1234567
6513427 1234567
6513472 1234567
6513724 1234567
6513742 1234567
6514237 1234567
6514273 1234567
6514327 1234567
6514372 1234567
6514723 1234567
6514732 1234567
6517234 1234567
6517243 1234567
6517324 1234567
6517342 1234567
6517423 1234567
6517432 1234567
6521347 1234567
6521374 1234567
6521437 1234567
6521473 1234567
6521734 1234567
6521743 1234567
6523147 1234567
6523174 1234567
6523417 1234567
6523471 1234567
6523714 1234567
6523741 1234567
6524137 1234567
6524173 1234567
6524317 1234567
6524371 1234567
6524713 1234567
6524731 1234567
6527134 1234567
6527143 1234567
6527314 1234567
6527341 1234567
6527413 1234567
6527431 1234567
6531247 1234567
6531274 1234567
6531427 1234567
6531472 1234567
6531724 1234567
6531742 1234567
6532147 1234567
6532174 1234567
6532417 1234567
6532471 1234567
6532714 1234567
6532741 1234567
6534127 1234567
6534172 1234567
6534217 1234567
6534271 1234567
6534712 1234567
6534721 1234567
6537124 1234567
6537142 1234567
6537214 1234567
6537241 1234567
6537412 1234567
6537421 1234567
6541237 1234567
6541273 1234567
6541327 1234567
6541372 1234567
6541723 1234567
6541732 1234567
6542137 1234567
6542173 1234567
6542317 1234567
6542371 1234567
6542713 1234567
6542731 1234567
6543127 1234567
6543172 1234567
6543217 1234567
6543271 1234567
6543712 1234567
6543721 1234567
6547123 1234567
6547132 1234567
6547213 1234567
6547231 1234567
6547312 1234567
6547321 1234567
6571234 1234567
6571243 1234567
6571324 1234567
6571342 1234567
6571423 1234567
6571432 1234567
6572134 1234567
6572143 1234567
6572314 1234567
6572341 1234567
6572413 1234567
6572431 1234567
6573124 1234567
6573142 1234567
6573214 1234567
6573241 1234567
6573412 1234567
6573421 1234567
6574123 1234567
6574132 1234567
6574213 1234567
6574231 1234567
6574312 1234567
6574321 1234567
6712345 1234567
6712354 1234567
6712435 1234567
6712453 1234567
6712534 1234567
6712543 1234567
6713245 1234567
6713254 1234567
6713425 1234567
6713452 1234567
6713524 1234567
6713542 1234567
6714235 1234567
6714253 1234567
6714325 1234567
6714352 1234567
6714523 1234567
6714532 1234567
6715234 1234567
6715243 1234567
6715324 1234567
6715342 1234567
6715423 1234567
6715432 1234567
6721345 1234567
6721354 1234567
6721435 1234567
6721453 1234567
6721534 1234567
6721543 1234567
6723145 1234567
6723154 1234567
6723415 1234567
6723451 1234567
6723514 1234567
6723541 1234567
6724135 1234567
6724153 1234567
6724315 1234567
6724351 1234567
6724513 1234567
6724531 1234567
6725134 1234567
6725143 1234567
6725314 1234567
6725341 1234567
6725413 1234567
6725431 1234567
6731245 1234567
6731254 1234567
6731425 1234567
6731452 1234567
6731524 1234567
6731542 1234567
6732145 1234567
6732154 1234567
6732415 1234567
6732451 1234567
6732514 1234567
6732541 1234567
6734125 1234567
6734152 1234567
6734215 1234567
6734251 1234567
6734512 1234567
6734521 1234567
6735124 1234567
6735142 1234567
6735214 1234567
6735241 1234567
6735412 1234567
6735421 1234567
6741235 1234567
6741253 1234567
6741325 1234567
6741352 1234567
6741523 1234567
6741532 1234567
6742135 1234567
6742153 1234567
6742315 1234567
6742351 1234567
6742513 1234567
6742531 1234567
6743125 1234567
6743152 1234567
6743215 1234567
6743251 1234567
6743512 1234567
6743521 1234567
6745123 1234567
6745132 1234567
6745213 1234567
6745231 1234567
6745312 1234567
6745321 1234567
6751234 1234567
6751243 1234567
6751324 1234567
6751342 1234567
6751423 1234567
6751432 1234567
6752134 1234567
6752143 1234567
6752314 1234567
6752341 1234567
6752413 1234567
6752431 1234567
6753124 1234567
6753142 1234567
6753214 1234567
6753241 1234567
6753412 1234567
6753421 1234567
6754123 1234567
6754132 1234567
6754213 1234567
6754231 1234567
6754312 1234567
6754321 1234567
7123456 1234567
7123465 1234567
7123546 1234567
7123564 1234567
7123645 1234567
7123654 1234567
7124356 1234567
7124365 1234567
7124536 1234567
7124563 1234567
7124635 1234567
7124653 1234567
7125346 1234567
7125364 1234567
7125436 1234567
7125463 1234567
7125634 1234567
7125643 1234567
7126345 1234567
7126354 1234567
7126435 1234567
7126453 1234567
7126534 1234567
7126543 1234567
7132456 1234567
7132465 1234567
7132546 1234567
7132564 1234567
7132645 1234567
7132654 1234567
7134256 1234567
7134265 1234567
7134526 1234567
7134562 1234567
7134625 1234567
7134652 1234567
7135246 1234567
7135264 1234567
7135426 1234567
7135462 1234567
7135624 1234567
7135642 1234567
7136245 1234567
7136254 1234567
7136425 1234567
7136452 1234567
7136524 1234567
7136542 1234567
7142356 1234567
7142365 1234567
7142536 1234567
7142563 1234567
7142635 1234567
7142653 1234567
7143256 1234567
7143265 1234567
7143526 1234567
7143562 1234567
7143625 1234567
7143652 1234567
7145236 1234567
7145263 1234567
7145326 1234567
7145362 1234567
7145623 1234567
7145632 1234567
7146235 1234567
7146253 1234567
7146325 1234567
7146352 1234567
7146523 1234567
7146532 1234567
7152346 1234567
7152364 1234567
7152436 1234567
7152463 1234567
7152634 1234567
7152643 1234567
7153246 1234567
7153264 1234567
7153426 1234567
7153462 1234567
7153624 1234567
7153642 1234567
7154236 1234567
7154263 1234567
7154326 1234567
7154362 1234567
7154623 1234567
7154632 1234567
7156234 1234567
7156243 1234567
7156324 1234567
7156342 1234567
7156423 1234567
7156432 1234567
7162345 1234567
7162354 1234567
7162435 1234567
7162453 1234567
7162534 1234567
7162543 1234567
7163245 1234567
7163254 1234567
7163425 1234567
7163452 1234567
7163524 1234567
7163542 1234567
7164235 1234567
7164253 1234567
7164325 1234567
7164352 1234567
7164523 1234567
7164532 1234567
7165234 1234567
7165243 1234567
7165324 1234567
7165342 1234567
7165423 1234567
7165432 1234567
7213456 1234567
7213465 1234567
7213546 1234567
7213564 1234567
7213645 1234567
7213654 1234567
7214356 1234567
7214365 1234567
7214536 1234567
7214563 1234567
7214635 1234567
7214653 1234567
7215346 1234567
7215364 1234567
7215436 1234567
7215463 1234567
7215634 1234567
7215643 1234567
7216345 1234567
7216354 1234567
7216435 1234567
7216453 1234567
7216534 1234567
7216543 1234567
7231456 1234567
7231465 1234567
7231546 1234567
7231564 1234567
7231645 1234567
7231654 1234567
7234156 1234567
7234165 1234567
7234516 1234567
7234561 1234567
7234615 1234567
7234651 1234567
7235146 1234567
7235164 1234567
7235416 1234567
7235461 1234567
7235614 1234567
7235641 1234567
7236145 1234567
7236154 1234567
7236415 1234567
7236451 1234567
7236514 1234567
7236541 1234567
7241356 1234567
7241365 1234567
7241536 1234567
7241563 1234567
7241635 1234567
7241653 1234567
7243156 1234567
7243165 1234567
7243516 1234567
7243561 1234567
7243615 1234567
7243651 1234567
7245136 1234567
7245163 1234567
7245316 1234567
7245361 1234567
7245613 1234567
7245631 1234567
7246135 1234567
7246153 1234567
7246315 1234567
7246351 1234567
7246513 1234567
7246531 1234567
7251346 1234567
7251364 1234567
7251436 1234567
7251463 1234567
7251634 1234567
7251643 1234567
7253146 1234567
7253164 1234567
7253416 1234567
7253461 1234567
7253614 1234567
7253641 1234567
7254136 1234567
7254163 1234567
7254316 1234567
7254361 1234567
7254613 1234567
7254631 1234567
7256134 1234567
7256143 1234567
7256314 1234567
7256341 1234567
7256413 1234567
7256431 1234567
7261345 1234567
7261354 1234567
7261435 1234567
7261453 1234567
7261534 1234567
7261543 1234567
7263145 1234567
7263154 1234567
7263415 1234567
7263451 1234567
7263514 1234567
7263541 1234567
7264135 1234567
7264153 1234567
7264315 1234567
7264351 1234567
7264513 1234567
7264531 1234567
7265134 1234567
7265143 1234567
7265314 1234567
7265341 1234567
7265413 1234567
7265431 1234567
7312456 1234567
7312465 1234567
7312546 1234567
7312564 1234567
7312645 1234567
7312654 1234567
7314256 1234567
7314265 1234567
7314526 1234567
7314562 1234567
7314625 1234567
7314652 1234567
7315246 1234567
7315264 1234567
7315426 1234567
7315462 1234567
7315624 1234567
7315642 1234567
7316245 1234567
7316254 1234567
7316425 1234567
7316452 1234567
7316524 1234567
7316542 1234567
7321456 1234567
7321465 1234567
7321546 1234567
7321564 1234567
7321645 1234567
7321654 1234567
7324156 1234567
7324165 1234567
7324516 1234567
7324561 1234567
7324615 1234567
7324651 1234567
7325146 1234567
7325164 1234567
7325416 1234567
7325461 1234567
7325614 1234567
7325641 1234567
7326145 1234567
7326154 1234567
7326415 1234567
7326451 1234567
7326514 1234567
7326541 1234567
7341256 1234567
7341265 1234567
7341526 1234567
7341562 1234567
7341625 1234567
7341652 1234567
7342156 1234567
7342165 1234567
7342516 1234567
7342561 1234567
7342615 1234567
7342651 1234567
7345126 1234567
7345162 1234567
7345216 1234567
7345261 1234567
7345612 1234567
7345621 1234567
7346125 1234567
7346152 1234567
7346215 1234567
7346251 1234567
7346512 1234567
7346521 1234567
7351246 1234567
7351264 1234567
7351426 1234567
7351462 1234567
7351624 1234567
7351642 1234567
7352146 1234567
7352164 1234567
7352416 1234567
7352461 1234567
7352614 1234567
7352641 1234567
7354126 1234567
7354162 1234567
7354216 1234567
7354261 1234567
7354612 1234567
7354621 1234567
7356124 1234567
7356142 1234567
7356214 1234567
7356241 1234567
7356412 1234567
7356421 1234567
7361245 1234567
7361254 1234567
7361425 1234567
7361452 1234567
7361524 1234567
7361542 1234567
7362145 1234567
7362154 1234567
7362415 1234567
7362451 1234567
7362514 1234567
7362541 1234567
7364125 1234567
7364152 1234567
7364215 1234567
7364251 1234567
7364512 1234567
7364521 1234567
7365124 1234567
7365142 1234567
7365214 1234567
7365241 1234567
7365412 1234567
7365421 1234567
7412356 1234567
7412365 1234567
7412536 1234567
7412563 1234567
7412635 1234567
7412653 1234567
7413256 1234567
7413265 1234567
7413526 1234567
7413562 1234567
7413625 1234567
7413652 1234567
7415236 1234567
7415263 1234567
7415326 1234567
7415362 1234567
7415623 1234567
7415632 1234567
7416235 1234567
7416253 1234567
7416325 1234567
7416352 1234567
7416523 1234567
7416532 1234567
7421356 1234567
7421365 1234567
7421536 1234567
7421563 1234567
7421635 1234567
7421653 1234567
7423156 1234567
7423165 1234567
7423516 1234567
7423561 1234567
7423615 1234567
7423651 1234567
7425136 1234567
7425163 1234567
7425316 1234567
7425361 1234567
7425613 1234567
7425631 1234567
7426135 1234567
7426153 1234567
7426315 1234567
7426351 1234567
7426513 1234567
7426531 1234567
7431256 1234567
7431265 1234567
7431526 1234567
7431562 1234567
7431625 1234567
7431652 1234567
7432156 1234567
7432165 1234567
7432516 1234567
7432561 1234567
7432615 1234567
7432651 1234567
7435126 1234567
7435162 1234567
7435216 1234567
7435261 1234567
7435612 1234567
7435621 1234567
7436125 1234567
7436152 1234567
7436215 1234567
7436251 1234567
7436512 1234567
7436521 1234567
7451236 1234567
7451263 1234567
7451326 1234567
7451362 1234567
7451623 1234567
7451632 1234567
7452136 1234567
7452163 1234567
7452316 1234567
7452361 1234567
7452613 1234567
7452631 1234567
7453126 1234567
7453162 1234567
7453216 1234567
7453261 1234567
7453612 1234567
7453621 1234567
7456123 1234567
7456132 1234567
7456213 1234567
7456231 1234567
7456312 1234567
7456321 1234567
7461235 1234567
7461253 1234567
7461325 1234567
7461352 1234567
7461523 1234567
7461532 1234567
7462135 1234567
7462153 1234567
7462315 1234567
7462351 1234567
7462513 1234567
7462531 1234567
7463125 1234567
7463152 1234567
7463215 1234567
7463251 1234567
7463512 1234567
7463521 1234567
7465123 1234567
7465132 1234567
7465213 1234567
7465231 1234567
7465312 1234567
7465321 1234567
7512346 1234567
7512364 1234567
7512436 1234567
7512463 1234567
7512634 1234567
7512643 1234567
7513246 1234567
7513264 1234567
7513426 1234567
7513462 1234567
7513624 1234567
7513642 1234567
7514236 1234567
7514263 1234567
7514326 1234567
7514362 1234567
7514623 1234567
7514632 1234567
7516234 1234567
7516243 1234567
7516324 1234567
7516342 1234567
7516423 1234567
7516432 1234567
7521346 1234567
7521364 1234567
7521436 1234567
7521463 1234567
7521634 1234567
7521643 1234567
7523146 1234567
7523164 1234567
7523416 1234567
7523461 1234567
7523614 1234567
7523641 1234567
7524136 1234567
7524163 1234567
7524316 1234567
7524361 1234567
7524613 1234567
7524631 1234567
7526134 1234567
7526143 1234567
7526314 1234567
7526341 1234567
7526413 1234567
7526431 1234567
7531246 1234567
7531264 1234567
7531426 1234567
7531462 1234567
7531624 1234567
7531642 1234567
7532146 1234567
7532164 1234567
7532416 1234567
7532461 1234567
7532614 1234567
7532641 1234567
7534126 1234567
7534162 1234567
7534216 1234567
7534261 1234567
7534612 1234567
7534621 1234567
7536124 1234567
7536142 1234567
7536214 1234567
7536241 1234567
7536412 1234567
7536421 1234567
7541236 1234567
7541263 1234567
7541326 1234567
7541362 1234567
7541623 1234567
7541632 1234567
7542136 1234567
7542163 1234567
7542316 1234567
7542361 1234567
7542613 1234567
7542631 1234567
7543126 1234567
7543162 1234567
7543216 1234567
7543261 1234567
7543612 1234567
7543621 1234567
7546123 1234567
7546132 1234567
7546213 1234567
7546231 1234567
7546312 1234567
7546321 1234567
7561234 1234567
7561243 1234567
7561324 1234567
7561342 1234567
7561423 1234567
7561432 1234567
7562134 1234567
7562143 1234567
7562314 1234567
7562341 1234567
7562413 1234567
7562431 1234567
7563124 1234567
7563142 1234567
7563214 1234567
7563241 1234567
7563412 1234567
7563421 1234567
7564123 1234567
7564132 1234567
7564213 1234567
7564231 1234567
7564312 1234567
7564321 1234567
7612345 1234567
7612354 1234567
7612435 1234567
7612453 1234567
7612534 1234567
7612543 1234567
7613245 1234567
7613254 1234567
7613425 1234567
7613452 1234567
7613524 1234567
7613542 1234567
7614235 1234567
7614253 1234567
7614325 1234567
7614352 1234567
7614523 1234567
7614532 1234567
7615234 1234567
7615243 1234567
7615324 1234567
7615342 1234567
7615423 1234567
7615432 1234567
7621345 1234567
7621354 1234567
7621435 1234567
7621453 1234567
7621534 1234567
7621543 1234567
7623145 1234567
7623154 1234567
7623415 1234567
7623451 1234567
7623514 1234567
7623541 1234567
7624135 1234567
7624153 1234567
7624315 1234567
7624351 1234567
7624513 1234567
7624531 1234567
7625134 1234567
7625143 1234567
7625314 1234567
7625341 1234567
7625413 1234567
7625431 1234567
7631245 1234567
7631254 1234567
7631425 1234567
7631452 1234567
7631524 1234567
7631542 1234567
7632145 1234567
7632154 1234567
7632415 1234567
7632451 1234567
7632514 1234567
7632541 1234567
7634125 1234567
7634152 1234567
7634215 1234567
7634251 1234567
7634512 1234567
7634521 1234567
7635124 1234567
7635142 1234567
7635214 1234567
7635241 1234567
7635412 1234567
7635421 1234567
7641235 1234567
7641253 1234567
7641325 1234567
7641352 1234567
7641523 1234567
7641532 1234567
7642135 1234567
7642153 1234567
7642315 1234567
7642351 1234567
7642513 1234567
7642531 1234567
7643125 1234567
7643152 1234567
7643215 1234567
7643251 1234567
7643512 1234567
7643521 1234567
7645123 1234567
7645132 1234567
7645213 1234567
7645231 1234567
7645312 1234567
7645321 1234567
7651234 1234567
7651243 1234567
7651324 1234567
7651342 1234567
7651423 1234567
7651432 1234567
7652134 1234567
7652143 1234567
7652314 1234567
7652341 1234567
7652413 1234567
7652431 1234567
7653124 1234567
7653142 1234567
7653214 1234567
7653241 1234567
7653412 1234567
7653421 1234567
7654123 1234567
7654132 1234567
7654213 1234567
7654231 1234567
7654312 1234567
7654321 1234567